Model Setup for Uniformvirtual {PATIENT_GROUPS} Trained Network:

{NETWORK_TYPE} Network Architecture Parameters
Input channels=22
Hidden channels=128
Output channels=1

Training hyperparameters
Optimizer=AdamW (
Parameter Group 0
    amsgrad: False
    betas: (0.9, 0.999)
    capturable: False
    differentiable: False
    eps: 1e-08
    foreach: None
    fused: None
    lr: 0.001
    maximize: False
    weight_decay: 1e-06
)Training Iterations=50
Learning rate=0.001
Weight decay=1e-06
Optimizer reset frequency=None

Dropout probability (after initial linear layer before NCDE): 0
Training Data Selection Parameters
(If not virtual, the only important params are the groups and whether data was normalized/standardized)
Patient groups=['Control', 'MDD']
Augmentation strategy=Uniform
Noise Magnitude=0.05
Normalized/standardized=StandardizeAll
Number of virtual patients per real patient=100
Label smoothing factor=0
Test Patient Combinations:
Control: (25, 44, 40, 41, 43)
MDD: (37, 24, 6, 54, 21)
Training batch size=200
Training Results:
Runtime=4.079959869384766
Loss over time=[(0, 0.6980432868003845), (1, 0.6828634738922119), (2, 0.6849716305732727), (3, 0.6661068797111511), (4, 0.6671357750892639), (5, 0.6562097072601318), (6, 0.6444171071052551), (7, 0.6255748271942139), (8, 0.6251688003540039), (9, 0.6058891415596008), (10, 0.6204214692115784), (11, 0.5980892777442932), (12, 0.5784367918968201), (13, 0.5776280164718628), (14, 0.5547070503234863), (15, 0.5231971144676208), (16, 0.5525814294815063), (17, 0.5343444347381592), (18, 0.5297296643257141), (19, 0.5117633938789368), (20, 0.4516352117061615), (21, 0.44459542632102966), (22, 0.45035842061042786), (23, 0.5032837986946106), (24, 0.43822965025901794), (25, 0.420370876789093), (26, 0.37910082936286926), (27, 0.41093677282333374), (28, 0.40286681056022644), (29, 0.3826715052127838), (30, 0.42333927750587463), (31, 0.3537035286426544), (32, 0.3618612587451935), (33, 0.3474179208278656), (34, 0.3176753520965576), (35, 0.3865518271923065), (36, 0.3263254165649414), (37, 0.3010876476764679), (38, 0.3107947111129761), (39, 0.2699878215789795), (40, 0.25928521156311035), (41, 0.2974325120449066), (42, 0.26904135942459106), (43, 0.24909347295761108), (44, 0.2728670835494995), (45, 0.22177785634994507), (46, 0.22305189073085785), (47, 0.21276938915252686), (48, 0.18191185593605042), (0, 0.20221538841724396), (1, 0.25975143909454346), (2, 0.18559879064559937), (3, 0.21292977035045624), (4, 0.20166261494159698), (5, 0.17022943496704102), (6, 0.16326698660850525), (7, 0.23261240124702454), (8, 0.14787743985652924), (9, 0.14721858501434326), (10, 0.13371361792087555), (11, 0.1258237659931183), (12, 0.15799708664417267), (13, 0.1988532990217209), (14, 0.14806565642356873), (15, 0.10700578987598419), (16, 0.09679412096738815), (17, 0.16249145567417145), (18, 0.14629274606704712), (19, 0.11475300788879395), (20, 0.13163898885250092), (21, 0.12714356184005737), (22, 0.09194333851337433), (23, 0.13399933278560638), (24, 0.09402795881032944), (25, 0.09601462632417679), (26, 0.1368582397699356), (27, 0.10058492422103882), (28, 0.10345074534416199), (29, 0.09843599051237106), (30, 0.12873782217502594), (31, 0.08542994409799576), (32, 0.09965922683477402), (33, 0.0720372125506401), (34, 0.07546981424093246), (35, 0.09278485178947449), (36, 0.15858255326747894), (37, 0.07292310893535614), (38, 0.11214704811573029), (39, 0.08565833419561386), (40, 0.06328292191028595), (41, 0.08316296339035034), (42, 0.07630777359008789), (43, 0.06909860670566559), (44, 0.09867651015520096), (45, 0.0498821847140789), (46, 0.06680986285209656), (47, 0.07059187442064285), (48, 0.04323052987456322), (0, 0.053751058876514435), (1, 0.03985412418842316), (2, 0.05628751590847969), (3, 0.07349614799022675), (4, 0.09449315071105957), (5, 0.050925113260746), (6, 0.05658069625496864), (7, 0.07713928818702698), (8, 0.03391711786389351), (9, 0.0894472599029541), (10, 0.0655054971575737), (11, 0.07962547987699509), (12, 0.07819120585918427), (13, 0.047632504254579544), (14, 0.04254123568534851), (15, 0.03966408595442772), (16, 0.04981301352381706), (17, 0.06046926602721214), (18, 0.06956381350755692), (19, 0.06512440741062164), (20, 0.035284530371427536), (21, 0.041485853493213654), (22, 0.04222823306918144), (23, 0.02939787693321705), (24, 0.047361694276332855), (25, 0.03189033642411232), (26, 0.04474611580371857), (27, 0.031941454857587814), (28, 0.043227508664131165), (29, 0.03847600147128105), (30, 0.02561049722135067), (31, 0.027531353756785393), (32, 0.025192394852638245), (33, 0.02773953042924404), (34, 0.012917998246848583), (35, 0.015474771149456501), (36, 0.02241089753806591), (37, 0.01317211426794529), (38, 0.027911271899938583), (39, 0.02404654212296009), (40, 0.024630947038531303), (41, 0.0166169423609972), (42, 0.025383463129401207), (43, 0.012106666341423988), (44, 0.018967358395457268), (45, 0.018930288031697273), (46, 0.017381858080625534), (47, 0.0171811506152153), (48, 0.01728164032101631), (0, 0.012903123162686825), (1, 0.015237754210829735), (2, 0.025142595171928406), (3, 0.02585034817457199), (4, 0.018247894942760468), (5, 0.029819970950484276), (6, 0.03917616233229637), (7, 0.014416234567761421), (8, 0.013202952221035957), (9, 0.07151380181312561), (10, 0.013818169943988323), (11, 0.20068950951099396), (12, 0.022828681394457817), (13, 0.27177169919013977), (14, 0.07358705252408981), (15, 0.04982323944568634), (16, 0.11293942481279373), (17, 0.039183855056762695), (18, 0.11182629317045212), (19, 0.04453219473361969), (20, 0.012736794538795948), (21, 0.02243736758828163), (22, 0.02191171608865261), (23, 0.020046887919306755), (24, 0.029187288135290146), (25, 0.022439835593104362), (26, 0.02182089351117611), (27, 0.06322868168354034), (28, 0.00699997553601861), (29, 0.02203615941107273), (30, 0.04811590164899826), (31, 0.03277239575982094), (32, 0.016732515767216682), (33, 0.03199542313814163), (34, 0.016019640490412712), (35, 0.011486326344311237), (36, 0.011628376320004463), (37, 0.011382942087948322), (38, 0.010121602565050125), (39, 0.018642721697688103), (40, 0.01256319135427475), (41, 0.009306096471846104), (42, 0.00927299726754427), (43, 0.0074060894548892975), (44, 0.014639600180089474), (45, 0.005913933739066124), (46, 0.004806989803910255), (47, 0.007615671958774328), (48, 0.011017165146768093), (0, 0.006805616430938244), (1, 0.004583079367876053), (2, 0.00430289376527071), (3, 0.0053940522484481335), (4, 0.004239837639033794), (5, 0.005801413673907518), (6, 0.004901561886072159), (7, 0.003369599813595414), (8, 0.002902998123317957), (9, 0.003723139176145196), (10, 0.0038070392329245806), (11, 0.0050903260707855225), (12, 0.003052147338166833), (13, 0.005215516313910484), (14, 0.002795381937175989), (15, 0.0028746628668159246), (16, 0.0021688942797482014), (17, 0.0035263991449028254), (18, 0.002261257963255048), (19, 0.003599730087444186), (20, 0.002945622196421027), (21, 0.004142220597714186), (22, 0.0028548208065330982), (23, 0.003053068183362484), (24, 0.002198076108470559), (25, 0.0022798520512878895), (26, 0.0017089714528992772), (27, 0.0021502336021512747), (28, 0.002315024845302105), (29, 0.002320054918527603), (30, 0.0036256536841392517), (31, 0.0023367058020085096), (32, 0.0013255944941192865), (33, 0.001480347360484302), (34, 0.003398355795070529), (35, 0.0018444870365783572), (36, 0.001520762569271028), (37, 0.0015790504403412342), (38, 0.0016753801610320807), (39, 0.003478072816506028), (40, 0.002550397999584675), (41, 0.0008600655710324645), (42, 0.002393941394984722), (43, 0.003717453684657812), (44, 0.0009793526260182261), (45, 0.0016868049278855324), (46, 0.003458278486505151), (47, 0.001820821431465447), (48, 0.005002709571272135), (0, 0.0015034520765766501), (1, 0.0020963551942259073), (2, 0.0016683685826137662), (3, 0.0014047095319256186), (4, 0.002232892671599984), (5, 0.0009043679456226528), (6, 0.0027026876341551542), (7, 0.0012372463243082166), (8, 0.0015344958519563079), (9, 0.0013396755093708634), (10, 0.0014920197427272797), (11, 0.0015257693594321609), (12, 0.001461882027797401), (13, 0.0008368283743038774), (14, 0.00083541264757514), (15, 0.002628103131428361), (16, 0.0013265651650726795), (17, 0.0011436103377491236), (18, 0.0009881844744086266), (19, 0.0011059781536459923), (20, 0.0007509995484724641), (21, 0.0010936327744275331), (22, 0.001112685538828373), (23, 0.0016652983613312244), (24, 0.001326515106484294), (25, 0.0012284081894904375), (26, 0.0011620435398072004), (27, 0.001745013170875609), (28, 0.0012053342070430517), (29, 0.0011086564045399427), (30, 0.0019193867919966578), (31, 0.0024561225436627865), (32, 0.0010962955420836806), (33, 0.0012180828489363194), (34, 0.0007908177212812006), (35, 0.0011892123147845268), (36, 0.001268561463803053), (37, 0.0017685064813122153), (38, 0.0013418943854048848), (39, 0.0009702207171358168), (40, 0.0008990310598164797), (41, 0.0007783093024045229), (42, 0.0009412193903699517), (43, 0.0019913790747523308), (44, 0.0013419657479971647), (45, 0.0009138960158452392), (46, 0.0008446872816421092), (47, 0.0012437805999070406), (48, 0.0007595013012178242), (0, 0.0012168082175776362), (1, 0.0005742511712014675), (2, 0.0017216055421158671), (3, 0.0010161061072722077), (4, 0.001133703626692295), (5, 0.0007466076058335602), (6, 0.0005192662938497961), (7, 0.0014829993015155196), (8, 0.00045834865886718035), (9, 0.0007597054354846478), (10, 0.0013287049951031804), (11, 0.0003744938294403255), (12, 0.0006091645918786526), (13, 0.0006528749945573509), (14, 0.0010388322407379746), (15, 0.0008241634350270033), (16, 0.00105603551492095), (17, 0.001102032489143312), (18, 0.000791650265455246), (19, 0.00083528010873124), (20, 0.0007423097849823534), (21, 0.0010575036285445094), (22, 0.0006026216433383524), (23, 0.0006482009775936604), (24, 0.000714232912287116), (25, 0.0007477653562091291), (26, 0.0007046741084195673), (27, 0.0009996354347094893), (28, 0.0006913127144798636), (29, 0.0011060164542868733), (30, 0.0004149462329223752), (31, 0.00046342756832018495), (32, 0.0008197312708944082), (33, 0.0009936172282323241), (34, 0.000553963880520314), (35, 0.000720064272172749), (36, 0.0005205597262829542), (37, 0.00044379985774867237), (38, 0.0007282285369001329), (39, 0.0005614631227217615), (40, 0.0005429061129689217), (41, 0.0006687926361337304), (42, 0.0006010385695844889), (43, 0.00043772280332632363), (44, 0.0009612818248569965), (45, 0.000759631977416575), (46, 0.0005172377568669617), (47, 0.000775184656959027), (48, 0.0005400183727033436), (0, 0.0006199937197379768), (1, 0.0006468747742474079), (2, 0.0008473686757497489), (3, 0.0007421928457915783), (4, 0.0005383993266150355), (5, 0.0004403128114063293), (6, 0.00038886748370714486), (7, 0.0004007644602097571), (8, 0.0003497587749734521), (9, 0.0006504514603875577), (10, 0.0007053462904877961), (11, 0.00036213936982676387), (12, 0.0003169634146615863), (13, 0.00038922083331272006), (14, 0.0008253714186139405), (15, 0.0006709370645694435), (16, 0.0003844276361633092), (17, 0.0006300394306890666), (18, 0.0003784833534155041), (19, 0.0008845917182043195), (20, 0.0005057945963926613), (21, 0.0004644122382160276), (22, 0.0004697163531091064), (23, 0.0003257298085372895), (24, 0.00038485153345391154), (25, 0.0003774078795686364), (26, 0.00040174913010559976), (27, 0.0006821306888014078), (28, 0.0003456941922195256), (29, 0.00046335876686498523), (30, 0.0005374920438043773), (31, 0.0004874750738963485), (32, 0.0008197157876566052), (33, 0.0004042665532324463), (34, 0.00037460579187609255), (35, 0.000434399233199656), (36, 0.0006114422576501966), (37, 0.00036877437378279865), (38, 0.0006292829639278352), (39, 0.0004955613985657692), (40, 0.0005579028511419892), (41, 0.00037601988879032433), (42, 0.0005028874147683382), (43, 0.0003184379602316767), (44, 0.0005609766230918467), (45, 0.0003548785171005875), (46, 0.00044672301737591624), (47, 0.0004417812160681933), (48, 0.00039430029573850334), (0, 0.00035353630664758384), (1, 0.0005231981631368399), (2, 0.000417454750277102), (3, 0.00034120972850359976), (4, 0.000376472802599892), (5, 0.000551645876839757), (6, 0.00030462999711744487), (7, 0.00044940708903595805), (8, 0.00034249445889145136), (9, 0.00041437253821641207), (10, 0.0003519384190440178), (11, 0.000412545952713117), (12, 0.000272983917966485), (13, 0.00034285790752619505), (14, 0.0002616576093714684), (15, 0.0003411469515413046), (16, 0.0005327538237906992), (17, 0.0007369923405349255), (18, 0.0002909769245889038), (19, 0.00026485766284167767), (20, 0.00026057762443087995), (21, 0.00040482424083165824), (22, 0.0003698876535054296), (23, 0.00032128437305800617), (24, 0.00045320435310713947), (25, 0.0003250982263125479), (26, 0.00030519385472871363), (27, 0.0006226773839443922), (28, 0.00043798043043352664), (29, 0.0002561658911872655), (30, 0.0002897277008742094), (31, 0.0002767899713944644), (32, 0.00043360728886909783), (33, 0.00043789256596937776), (34, 0.0005739301559515297), (35, 0.0002630276430863887), (36, 0.00029670458752661943), (37, 0.0003834852541331202), (38, 0.0002048853930318728), (39, 0.00021632196148857474), (40, 0.0002491649647708982), (41, 0.000431178166763857), (42, 0.0001971266174223274), (43, 0.0002871403412427753), (44, 0.00037596537731587887), (45, 0.0003177976468577981), (46, 0.0003216626064386219), (47, 0.00028752931393682957), (48, 0.00023097889788914472), (0, 0.00018260251090396196), (1, 0.00030188710661605), (2, 0.0003557075106073171), (3, 0.0002465442521497607), (4, 0.0002866761642508209), (5, 0.00024034615489654243), (6, 0.00032614331576041877), (7, 0.00026973459171131253), (8, 0.00030155005515553057), (9, 0.00036557912244461477), (10, 0.0002563900488894433), (11, 0.0002405101404292509), (12, 0.0003763725981116295), (13, 0.00045650560059584677), (14, 0.0002642454346641898), (15, 0.00044628442265093327), (16, 0.00040044146589934826), (17, 0.0002615029225125909), (18, 0.00022346703917719424), (19, 0.0002390156005276367), (20, 0.0002260551555082202), (21, 0.00015925857587717474), (22, 0.0002032327902270481), (23, 0.00027813922497443855), (24, 0.00018506810010876507), (25, 0.0002077595127047971), (26, 0.000270866701612249), (27, 0.00030115636764094234), (28, 0.00026313215494155884), (29, 0.00020012760069221258), (30, 0.00020389551355037838), (31, 0.00025990960421040654), (32, 0.0003289666783530265), (33, 0.0002502256247680634), (34, 0.00023753081040922552), (35, 0.00024065077013801783), (36, 0.00021729647414758801), (37, 0.0003452701785136014), (38, 0.0003726479772012681), (39, 0.0002731847926042974), (40, 0.00025659409584477544), (41, 0.00011271333642071113), (42, 0.0002536128740757704), (43, 0.00018175556033384055), (44, 0.00014946494775358588), (45, 0.00018405653827358037), (46, 0.0001795893767848611), (47, 0.00021944183390587568), (48, 0.0001605236902832985), (0, 0.0001999056403292343), (1, 0.00027140972088091075), (2, 0.00017335658776573837), (3, 0.0003172176075167954), (4, 0.00015938334399834275), (5, 0.0002661576436366886), (6, 0.00017285227659158409), (7, 0.0001805830979719758), (8, 0.0002498258836567402), (9, 0.0002748874539975077), (10, 0.00026205391623079777), (11, 0.00018445025489199907), (12, 0.0001760286104399711), (13, 0.0002880666288547218), (14, 0.00016617962683085352), (15, 0.0001996278006117791), (16, 0.00017507975280750543), (17, 0.00021722329256590456), (18, 0.00020065094577148557), (19, 0.00019782729214057326), (20, 0.00016706831229384989), (21, 0.00016335803957190365), (22, 0.00014821438526269048), (23, 0.0002533186925575137), (24, 0.00025799014838412404), (25, 0.0001717023114906624), (26, 0.00021375494543462992), (27, 0.00020971035701222718), (28, 0.00024627603124827147), (29, 0.0001319778384640813), (30, 0.00017214853141922504), (31, 0.00016868482634890825), (32, 0.00017720313917379826), (33, 0.0001676483516348526), (34, 0.00023748054809402674), (35, 0.0001917137997224927), (36, 5.593571768258698e-05), (37, 0.00024000898702070117), (38, 0.00014230278611648828), (39, 0.00022235394862946123), (40, 0.00014995032688602805), (41, 0.00023588883050251752), (42, 0.00015133406850509346), (43, 0.0001419818727299571), (44, 0.00012559833703562617), (45, 0.00014545966405421495), (46, 0.00024595658760517836), (47, 0.00012781319674104452), (48, 0.00014210717927198857), (0, 0.00022156882914714515), (1, 0.00020967863383702934), (2, 0.0001788694062270224), (3, 0.000172259213286452), (4, 0.00015521656314376742), (5, 0.0002816848282236606), (6, 0.00012871008948422968), (7, 0.00021489550999831408), (8, 0.00017265208589378744), (9, 0.00017494022904429585), (10, 0.00010740081052063033), (11, 0.0001610095932846889), (12, 0.0002159377618227154), (13, 9.97942770482041e-05), (14, 0.00020801095524802804), (15, 0.00017790152924135327), (16, 0.00031367503106594086), (17, 0.00032130509498529136), (18, 0.00014249712694436312), (19, 9.555691940477118e-05), (20, 0.00012440705904737115), (21, 0.0001721331791486591), (22, 0.00014451384777203202), (23, 0.00010967440903186798), (24, 0.00016655903891660273), (25, 7.149806333472952e-05), (26, 0.00012936117127537727), (27, 0.00017463776748627424), (28, 0.0001188236492453143), (29, 0.00011663016630336642), (30, 0.00015344975690823048), (31, 0.0002148178464267403), (32, 0.00011703556083375588), (33, 0.00010344933980377391), (34, 0.00013189000310376287), (35, 0.0001627417659619823), (36, 0.00019975673058070242), (37, 0.00015186743985395879), (38, 8.406991400988773e-05), (39, 9.11872775759548e-05), (40, 9.278449579142034e-05), (41, 8.94012555363588e-05), (42, 0.00012131100811529905), (43, 0.00017768722318578511), (44, 8.152156078722328e-05), (45, 0.0001520584337413311), (46, 9.599767508916557e-05), (47, 0.00017839245265349746), (48, 6.483613833552226e-05), (0, 7.535606710007414e-05), (1, 0.00011430278391344473), (2, 9.661406511440873e-05), (3, 0.00018629759142640978), (4, 7.931142317829654e-05), (5, 9.567988308845088e-05), (6, 0.00022148941934574395), (7, 0.00011456763604655862), (8, 9.855888492893428e-05), (9, 0.00011465176066849381), (10, 7.845254731364548e-05), (11, 0.00012181685451650992), (12, 8.2270176790189e-05), (13, 0.00012680715008173138), (14, 7.014808215899393e-05), (15, 0.00011882869875989854), (16, 0.00014186002954375), (17, 0.00015334380441345274), (18, 8.052760676946491e-05), (19, 0.0001455099118174985), (20, 0.00014056033978704363), (21, 0.00010222729906672612), (22, 0.0001044776727212593), (23, 9.674611646914855e-05), (24, 7.881366036599502e-05), (25, 0.00016335197142325342), (26, 0.00021435132657643408), (27, 0.00016674125799909234), (28, 0.00011902575351996347), (29, 0.0001177853555418551), (30, 8.62936649355106e-05), (31, 6.622532237088308e-05), (32, 6.86150451656431e-05), (33, 0.00011691613326547667), (34, 6.971829861868173e-05), (35, 9.59939497988671e-05), (36, 0.00012509309453889728), (37, 7.976117194630206e-05), (38, 0.00021865662711206824), (39, 9.001096623251215e-05), (40, 7.55217915866524e-05), (41, 8.89762959559448e-05), (42, 8.504256402375177e-05), (43, 0.00010152460890822113), (44, 0.00010526555706746876), (45, 0.00014176448166836053), (46, 0.00010400784958619624), (47, 0.00013301103899721056), (48, 6.409710476873443e-05), (0, 0.00013822871551383287), (1, 0.00012665889516938478), (2, 9.172608406515792e-05), (3, 0.00010018741886597127), (4, 9.62022750172764e-05), (5, 6.639008643105626e-05), (6, 4.6340104745468125e-05), (7, 0.00010426222434034571), (8, 4.607387018040754e-05), (9, 0.00010416883742436767), (10, 6.65950428810902e-05), (11, 0.00011602204176597297), (12, 5.6204156862804666e-05), (13, 7.56791268941015e-05), (14, 8.657648868393153e-05), (15, 7.41988915251568e-05), (16, 8.592259109718725e-05), (17, 6.396410753950477e-05), (18, 3.865210965159349e-05), (19, 5.591190347331576e-05), (20, 8.209891529986635e-05), (21, 6.54964751447551e-05), (22, 0.00010330136865377426), (23, 6.76861236570403e-05), (24, 6.55766052659601e-05), (25, 8.795018948148936e-05), (26, 4.185557190794498e-05), (27, 8.626010094303638e-05), (28, 4.730104410555214e-05), (29, 7.122012902982533e-05), (30, 5.5104890634538606e-05), (31, 5.3228213801048696e-05), (32, 4.610934411175549e-05), (33, 5.080363553133793e-05), (34, 4.878465915680863e-05), (35, 4.722748417407274e-05), (36, 6.797897367505357e-05), (37, 5.0808070227503777e-05), (38, 4.894434459856711e-05), (39, 5.780833453172818e-05), (40, 5.9488509577931836e-05), (41, 8.014598279260099e-05), (42, 5.415875421022065e-05), (43, 5.5889217037474737e-05), (44, 8.23280934127979e-05), (45, 6.394643423845991e-05), (46, 3.389174889889546e-05), (47, 4.751111919176765e-05), (48, 4.2204101191600785e-05), (0, 3.9239817851921543e-05), (1, 5.799679638585076e-05), (2, 4.885780799668282e-05), (3, 4.462395372684114e-05), (4, 4.969600195181556e-05), (5, 8.143176091834903e-05), (6, 4.124571569263935e-05), (7, 5.354873792384751e-05), (8, 3.350146289449185e-05), (9, 5.245172360446304e-05), (10, 7.596080104121938e-05), (11, 4.4736549170920625e-05), (12, 4.2832816689042374e-05), (13, 5.4952120990492404e-05), (14, 3.647543417173438e-05), (15, 5.044227873440832e-05), (16, 3.7498237361432984e-05), (17, 3.998623287770897e-05), (18, 4.052209260407835e-05), (19, 3.316468428238295e-05), (20, 2.9952048862469383e-05), (21, 5.5220789363374934e-05), (22, 5.1678223826456815e-05), (23, 2.0222341845510527e-05), (24, 5.0552036555018276e-05), (25, 4.2712981667136773e-05), (26, 5.874221824342385e-05), (27, 2.7075710022472776e-05), (28, 4.217747118673287e-05), (29, 4.634493961930275e-05), (30, 4.2749106796691194e-05), (31, 2.1780882889288478e-05), (32, 3.2502637623110786e-05), (33, 2.9476872441591695e-05), (34, 3.4254524507559836e-05), (35, 2.2794320102548227e-05), (36, 3.914671469829045e-05), (37, 3.3398595405742526e-05), (38, 1.8000591808231547e-05), (39, 3.895005283993669e-05), (40, 2.6126575903617777e-05), (41, 2.9894483304815367e-05), (42, 4.269145938451402e-05), (43, 3.97817711927928e-05), (44, 4.458565672393888e-05), (45, 4.802742842002772e-05), (46, 3.329503670101985e-05), (47, 3.908544749720022e-05), (48, 2.8840107916039415e-05), (0, 2.1732645109295845e-05), (1, 2.1497840862139128e-05), (2, 3.14795870508533e-05), (3, 3.477554128039628e-05), (4, 3.0453955332632177e-05), (5, 4.402265403768979e-05), (6, 2.9546192308771424e-05), (7, 3.5187320463592187e-05), (8, 2.6038631403935142e-05), (9, 3.02924781863112e-05), (10, 4.5536915422417223e-05), (11, 2.371884329477325e-05), (12, 2.7511452572070993e-05), (13, 2.6825184249901213e-05), (14, 2.143848905689083e-05), (15, 2.1306615963112563e-05), (16, 2.6883639293373562e-05), (17, 2.3143882572185248e-05), (18, 4.247986726113595e-05), (19, 2.2387737772078253e-05), (20, 1.7879005099530332e-05), (21, 3.845267929136753e-05), (22, 3.118696258752607e-05), (23, 2.7116895580547862e-05), (24, 3.685354386107065e-05), (25, 3.446653499850072e-05), (26, 2.1118908989592455e-05), (27, 2.7675949240801856e-05), (28, 2.0243931430741213e-05), (29, 2.4742845198488794e-05), (30, 4.415640069055371e-05), (31, 1.1694476597767789e-05), (32, 3.245921107009053e-05), (33, 3.872222441714257e-05), (34, 2.848840995284263e-05), (35, 1.8005313904723153e-05), (36, 4.858650208916515e-05), (37, 2.6348359824623913e-05), (38, 2.7180301913176663e-05), (39, 2.916075027314946e-05), (40, 3.533136623445898e-05), (41, 1.8899492715718225e-05), (42, 2.4117203793139197e-05), (43, 1.8925398762803525e-05), (44, 2.363459498155862e-05), (45, 1.9002456610905938e-05), (46, 2.2049138351576403e-05), (47, 2.3520640752394684e-05), (48, 1.0694620868889615e-05), (0, 1.5687959603383206e-05), (1, 1.2501192031777464e-05), (2, 2.7118518119095825e-05), (3, 2.801710434141569e-05), (4, 2.128734195139259e-05), (5, 2.0084822608623654e-05), (6, 2.3763968783896416e-05), (7, 2.7494497771840543e-05), (8, 1.9752385924221016e-05), (9, 1.3926606698078103e-05), (10, 1.9766550394706428e-05), (11, 2.0183131709927693e-05), (12, 2.109531851601787e-05), (13, 9.217589649779256e-06), (14, 1.5397405149997212e-05), (15, 2.694220529519953e-05), (16, 2.3495078494306654e-05), (17, 3.0458915716735646e-05), (18, 1.7140317140729167e-05), (19, 2.972492075059563e-05), (20, 2.498981120879762e-05), (21, 1.8501496015232988e-05), (22, 2.3446546038030647e-05), (23, 2.152721572201699e-05), (24, 1.904437885968946e-05), (25, 2.521811256883666e-05), (26, 2.273826794407796e-05), (27, 2.1516214474104345e-05), (28, 2.0078621673746966e-05), (29, 2.1681862563127652e-05), (30, 1.8252181689604186e-05), (31, 3.5880282666767016e-05), (32, 1.4678519619337749e-05), (33, 2.370280708419159e-05), (34, 1.989398333535064e-05), (35, 2.3873973987065256e-05), (36, 1.3354937436815817e-05), (37, 1.9607896319939755e-05), (38, 2.1366866349126212e-05), (39, 2.4113487597787753e-05), (40, 1.8430784621159546e-05), (41, 1.9356786651769653e-05), (42, 1.6640929970890284e-05), (43, 2.039795072050765e-05), (44, 1.4999449376773555e-05), (45, 1.3465641131915618e-05), (46, 1.4574700799130369e-05), (47, 1.2812211934942752e-05), (48, 1.8122296751243994e-05), (0, 1.8294160327059217e-05), (1, 2.2268890461418778e-05), (2, 1.6656398656778038e-05), (3, 9.743291229824536e-06), (4, 2.0998581021558493e-05), (5, 2.4024069716688246e-05), (6, 1.2916198102175258e-05), (7, 1.16004512165091e-05), (8, 2.4176011720555834e-05), (9, 1.7691123503027484e-05), (10, 1.943584720720537e-05), (11, 1.6163059626705945e-05), (12, 1.8842341887648217e-05), (13, 1.6115280232043006e-05), (14, 1.379623336106306e-05), (15, 1.2787723790097516e-05), (16, 1.419145155523438e-05), (17, 1.2564561075123493e-05), (18, 1.0361232853028923e-05), (19, 1.893275839393027e-05), (20, 2.2328566046780907e-05), (21, 2.2058557078707963e-05), (22, 1.4437844583881088e-05), (23, 9.603040780348238e-06), (24, 1.4460516467806883e-05), (25, 1.62325468409108e-05), (26, 1.0815474524861202e-05), (27, 1.6454008800792508e-05), (28, 1.95561588043347e-05), (29, 1.04495065897936e-05), (30, 1.885145866253879e-05), (31, 2.0467925423872657e-05), (32, 1.741554842737969e-05), (33, 1.4334774277813267e-05), (34, 1.4692978766106535e-05), (35, 1.0944195310003124e-05), (36, 9.9780681921402e-06), (37, 1.2932242498209234e-05), (38, 1.6153386241057888e-05), (39, 1.0200579708907753e-05), (40, 1.4270470273913816e-05), (41, 1.3109592146065552e-05), (42, 1.555421476950869e-05), (43, 1.587657789059449e-05), (44, 1.82340809260495e-05), (45, 2.2950031052459963e-05), (46, 1.826053994591348e-05), (47, 1.2492855603341013e-05), (48, 1.2082934517820831e-05), (0, 1.6187486835406162e-05), (1, 1.3067462532490026e-05), (2, 8.987989531306084e-06), (3, 1.129987958847778e-05), (4, 1.0259194823447615e-05), (5, 1.503697694715811e-05), (6, 1.2646775758184958e-05), (7, 1.5136391994019505e-05), (8, 1.0982455023622606e-05), (9, 1.2406809219100978e-05), (10, 1.4084146641835105e-05), (11, 1.487225654273061e-05), (12, 1.023767708829837e-05), (13, 1.1577133591345046e-05), (14, 1.2781623809132725e-05), (15, 1.0431048394821119e-05), (16, 1.2303136827540584e-05), (17, 1.1330167581036221e-05), (18, 1.320842420682311e-05), (19, 1.714522295515053e-05), (20, 1.089598208636744e-05), (21, 1.0554806976870168e-05), (22, 1.0352629033150151e-05), (23, 1.508735840616282e-05), (24, 1.5417794202221557e-05), (25, 1.688800512056332e-05), (26, 1.2131936273362953e-05), (27, 1.8381486370344646e-05), (28, 1.3322096492629498e-05), (29, 1.5098914445843548e-05), (30, 1.5170485312410165e-05), (31, 1.2978175618627574e-05), (32, 1.4466251741396263e-05), (33, 6.729555479978444e-06), (34, 1.9001701730303466e-05), (35, 1.2718166544800624e-05), (36, 1.0765885235741735e-05), (37, 1.1458659173513297e-05), (38, 1.2502875506470446e-05), (39, 1.4686940630781464e-05), (40, 1.091638932848582e-05), (41, 1.0329462384106591e-05), (42, 1.0996278433594853e-05), (43, 1.5665253158658743e-05), (44, 1.0146061867999379e-05), (45, 1.6442772903246805e-05), (46, 1.1224063200643286e-05), (47, 1.2098475963284727e-05), (48, 1.251815501746023e-05), (0, 1.0565060620137956e-05), (1, 9.485745067649987e-06), (2, 1.1846634151879698e-05), (3, 1.0742262020357884e-05), (4, 2.151422631868627e-05), (5, 1.4587186342396308e-05), (6, 1.2145083019277081e-05), (7, 1.421750130248256e-05), (8, 1.0620718967402354e-05), (9, 7.0412033892353065e-06), (10, 6.0937932175875176e-06), (11, 1.2710990631603636e-05), (12, 8.47423325467389e-06), (13, 1.2554191016533878e-05), (14, 1.0750365618150681e-05), (15, 1.6638005035929382e-05), (16, 1.1824636203527916e-05), (17, 1.3254893929115497e-05), (18, 8.212765351345297e-06), (19, 8.25745337351691e-06), (20, 8.268521924037486e-06), (21, 1.0289519195794128e-05), (22, 1.2967252587259281e-05), (23, 1.7901353203342296e-05), (24, 1.0395120625616983e-05), (25, 1.2570277249324135e-05), (26, 1.0618720807542559e-05), (27, 8.621718734502792e-06), (28, 1.2988743947062176e-05), (29, 8.772758519626223e-06), (30, 1.0915918210230302e-05), (31, 8.932278433348984e-06), (32, 1.239516041096067e-05), (33, 1.3737269000557717e-05), (34, 1.538514879939612e-05), (35, 1.3408370250544976e-05), (36, 1.1055743925680872e-05), (37, 1.2895030522486195e-05), (38, 5.51560333406087e-06), (39, 1.3892306014895439e-05), (40, 7.947932317620143e-06), (41, 5.671874532708898e-06), (42, 6.734445378242526e-06), (43, 9.34243234951282e-06), (44, 1.0232589374936651e-05), (45, 6.62515458316193e-06), (46, 8.658716069476213e-06), (47, 8.121150131046306e-06), (48, 7.311855370062403e-06), (0, 1.0079003004648257e-05), (1, 1.199254529637983e-05), (2, 7.752792043902446e-06), (3, 1.272530516871484e-05), (4, 7.95297364675207e-06), (5, 6.0515576478792354e-06), (6, 9.993710591515992e-06), (7, 1.2344044080236927e-05), (8, 1.357750534225488e-05), (9, 1.4624239156546537e-05), (10, 1.165406865766272e-05), (11, 1.6286670870613307e-05), (12, 8.425481610174756e-06), (13, 1.1726279808499385e-05), (14, 9.94178481050767e-06), (15, 9.941169992089272e-06), (16, 5.787560894532362e-06), (17, 7.563417511846637e-06), (18, 9.157241038337816e-06), (19, 1.1952673958148807e-05), (20, 8.800845535006374e-06), (21, 1.005482772598043e-05), (22, 1.2932358913531061e-05), (23, 8.502604941895697e-06), (24, 3.354494310769951e-06), (25, 9.587454769643955e-06), (26, 4.8125120883923955e-06), (27, 6.886808023409685e-06), (28, 1.0316766747564543e-05), (29, 6.530447080876911e-06), (30, 1.4490681678580586e-05), (31, 5.46054388905759e-06), (32, 9.23655170481652e-06), (33, 1.1161145266669337e-05), (34, 6.25308302915073e-06), (35, 7.116770575521514e-06), (36, 7.932057087600697e-06), (37, 7.017555162747158e-06), (38, 7.293039743672125e-06), (39, 6.387224402715219e-06), (40, 8.002773029147647e-06), (41, 5.987597432977054e-06), (42, 8.42681674839696e-06), (43, 3.974917490268126e-06), (44, 1.3660648619406857e-05), (45, 8.136843462125398e-06), (46, 9.745105671754573e-06), (47, 1.259184591617668e-05), (48, 7.647217898920644e-06), (0, 8.488717867294326e-06), (1, 8.25480674393475e-06), (2, 6.869869594083866e-06), (3, 6.542907613038551e-06), (4, 5.12149881615187e-06), (5, 8.669693670526613e-06), (6, 9.536170182400383e-06), (7, 1.0954595381917898e-05), (8, 8.537100256944541e-06), (9, 1.0977691999869421e-05), (10, 7.150667443056591e-06), (11, 1.0100728104589507e-05), (12, 9.705618140287697e-06), (13, 7.781811291351914e-06), (14, 6.571594894921873e-06), (15, 1.1890417226823047e-05), (16, 7.009392902546097e-06), (17, 5.298742507875431e-06), (18, 7.316182745853439e-06), (19, 6.383020718203625e-06), (20, 3.6803417060582433e-06), (21, 6.9754642026964575e-06), (22, 1.2575977052620146e-05), (23, 6.061932253942359e-06), (24, 1.0080405445478391e-05), (25, 2.7227786176808877e-06), (26, 8.638925464765634e-06), (27, 5.944328677287558e-06), (28, 7.2756747613311745e-06), (29, 5.266215794108575e-06), (30, 8.292718121083453e-06), (31, 9.602757927495986e-06), (32, 8.086377420113422e-06), (33, 4.025524049211526e-06), (34, 9.615873750590254e-06), (35, 4.443996658665128e-06), (36, 8.706465450813994e-06), (37, 1.1741596608771943e-05), (38, 7.249409009091323e-06), (39, 5.766174126620172e-06), (40, 6.486753136414336e-06), (41, 1.1614669347181916e-05), (42, 5.513948963198345e-06), (43, 6.142312031442998e-06), (44, 5.4613979045825545e-06), (45, 5.076597972220043e-06), (46, 1.1220893611607607e-05), (47, 9.753603080753237e-06), (48, 1.7138327166321687e-05), (0, 6.8130884756101295e-06), (1, 8.275702384707984e-06), (2, 2.9553768854384543e-06), (3, 5.153530310053611e-06), (4, 9.016367584990803e-06), (5, 8.56843325891532e-06), (6, 9.146123375103343e-06), (7, 1.0466202184034046e-05), (8, 8.716900083527435e-06), (9, 6.538877642014995e-06), (10, 8.256943146989215e-06), (11, 6.451765784731833e-06), (12, 5.772464646724984e-06), (13, 6.399275662261061e-06), (14, 1.2578458154166583e-05), (15, 5.308950676408131e-06), (16, 5.8374253057991154e-06), (17, 6.277432930801297e-06), (18, 3.893577286362415e-06), (19, 6.637254045926966e-06), (20, 9.30484566197265e-06), (21, 4.892275228485232e-06), (22, 9.403270269103814e-06), (23, 8.984985470306128e-06), (24, 6.4074497458932456e-06), (25, 7.744777576590423e-06), (26, 6.4285577536793426e-06), (27, 6.916309303051094e-06), (28, 4.790447292180033e-06), (29, 7.075022040226031e-06), (30, 7.734681275906041e-06), (31, 8.970016097009648e-06), (32, 4.705234459834173e-06), (33, 5.992808837618213e-06), (34, 9.955379937309772e-06), (35, 4.207384336041287e-06), (36, 5.588763542618835e-06), (37, 5.545677140617045e-06), (38, 5.5520104069728404e-06), (39, 7.684945558139589e-06), (40, 5.708807748305844e-06), (41, 7.484216894226847e-06), (42, 8.092298230621964e-06), (43, 6.887598829052877e-06), (44, 5.154543941898737e-06), (45, 5.396164851845242e-06), (46, 5.379458343668375e-06), (47, 9.970570317818783e-06), (48, 6.0967613535467535e-06), (0, 6.013818619976519e-06), (1, 7.402648861898342e-06), (2, 5.089080787001876e-06), (3, 7.662325515411794e-06), (4, 3.911822659574682e-06), (5, 7.862251550250221e-06), (6, 6.908604973432375e-06), (7, 4.576077571982751e-06), (8, 9.263850188290235e-06), (9, 6.0112156461400446e-06), (10, 5.87061822443502e-06), (11, 7.813000593159813e-06), (12, 4.5573851821245626e-06), (13, 5.990651061438257e-06), (14, 7.318106327147689e-06), (15, 6.1238733906066045e-06), (16, 1.0929745258181356e-05), (17, 3.381712531336234e-06), (18, 6.578972715942655e-06), (19, 5.881091965420637e-06), (20, 7.663624273845926e-06), (21, 4.038070528622484e-06), (22, 3.498290652714786e-06), (23, 5.455566679302137e-06), (24, 7.406172699120361e-06), (25, 3.761570496862987e-06), (26, 7.398815341730369e-06), (27, 5.958403562544845e-06), (28, 3.549572056726902e-06), (29, 8.251785402535461e-06), (30, 7.757937055430375e-06), (31, 7.76680917624617e-06), (32, 5.704502655135002e-06), (33, 4.919588718621526e-06), (34, 5.750758646172471e-06), (35, 3.6704948342958232e-06), (36, 7.360686595347943e-06), (37, 5.378836704039713e-06), (38, 6.340535946947057e-06), (39, 6.860999747004826e-06), (40, 7.4560184657457285e-06), (41, 3.1912243230181048e-06), (42, 7.960726179589983e-06), (43, 5.162597972230287e-06), (44, 4.451562745089177e-06), (45, 7.905652637418825e-06), (46, 3.903790002368623e-06), (47, 6.693197065033019e-06), (48, 6.340969321172452e-06), (0, 4.7820917643548455e-06), (1, 3.31972842104733e-06), (2, 4.292473022360355e-06), (3, 4.806184733752161e-06), (4, 4.706801064457977e-06), (5, 6.093338470236631e-06), (6, 2.3165857783169486e-06), (7, 5.411919119069353e-06), (8, 7.133332019293448e-06), (9, 5.9488929764484055e-06), (10, 4.080461621924769e-06), (11, 8.787391379883047e-06), (12, 9.17824036150705e-06), (13, 4.0865443224902265e-06), (14, 3.3046262615243904e-06), (15, 4.46769263362512e-06), (16, 4.895132860838203e-06), (17, 4.238299879943952e-06), (18, 8.955700650403742e-06), (19, 4.195172095933231e-06), (20, 4.5522583604906686e-06), (21, 6.7589608079288155e-06), (22, 5.80704318053904e-06), (23, 6.369456968968734e-06), (24, 7.407995781250065e-06), (25, 5.663740466843592e-06), (26, 7.0190062615438364e-06), (27, 5.800279268441955e-06), (28, 4.665170763473725e-06), (29, 3.6389901652000844e-06), (30, 4.569423253997229e-06), (31, 6.7149103415431455e-06), (32, 7.032408575469162e-06), (33, 3.8292464523692615e-06), (34, 6.672141807939624e-06), (35, 6.059881798137212e-06), (36, 4.787576017406536e-06), (37, 4.835080289922189e-06), (38, 4.7763724069227464e-06), (39, 5.423877610155614e-06), (40, 6.526608558488078e-06), (41, 5.0513936002971604e-06), (42, 4.460036507225595e-06), (43, 7.5796542660100386e-06), (44, 5.891934961255174e-06), (45, 4.1564931052562315e-06), (46, 6.743787253071787e-06), (47, 3.700800107253599e-06), (48, 6.720452347508399e-06), (0, 4.1536495700711384e-06), (1, 7.4738381954375654e-06), (2, 4.01555325879599e-06), (3, 4.024836925964337e-06), (4, 4.057747446495341e-06), (5, 3.4260342545167077e-06), (6, 4.5389811020868365e-06), (7, 3.286624632892199e-06), (8, 6.004469469189644e-06), (9, 9.532886906526983e-06), (10, 5.287822659738595e-06), (11, 3.6983528843848035e-06), (12, 5.603066711046267e-06), (13, 5.844248335051816e-06), (14, 6.2034669099375606e-06), (15, 5.084199528937461e-06), (16, 4.436396011442412e-06), (17, 4.971601811121218e-06), (18, 3.6376077332533896e-06), (19, 5.013895133743063e-06), (20, 6.96123015586636e-06), (21, 4.433972208062187e-06), (22, 7.562950031569926e-06), (23, 6.591676083189668e-06), (24, 5.953710115136346e-06), (25, 5.395056177803781e-06), (26, 6.149096861918224e-06), (27, 3.923909844161244e-06), (28, 4.58796330349287e-06), (29, 2.7423773190093925e-06), (30, 4.04533238906879e-06), (31, 4.999225893698167e-06), (32, 5.114795840199804e-06), (33, 3.985773219028488e-06), (34, 4.835960226046154e-06), (35, 6.9089960561541375e-06), (36, 4.733071364171337e-06), (37, 2.443311586830532e-06), (38, 3.2714567623770563e-06), (39, 3.3570427149243187e-06), (40, 4.983221515431069e-06), (41, 5.143239832250401e-06), (42, 6.267965545703191e-06), (43, 4.93050720251631e-06), (44, 3.509768248477485e-06), (45, 4.600421107170405e-06), (46, 5.276224328554235e-06), (47, 2.5605006612750003e-06), (48, 5.1651486501214094e-06), (0, 3.6871015254291706e-06), (1, 4.931306648359168e-06), (2, 3.846022082143463e-06), (3, 8.237114343501162e-06), (4, 5.635623438138282e-06), (5, 3.7110885386937298e-06), (6, 3.904051936842734e-06), (7, 3.0463372695521684e-06), (8, 6.0191941884113476e-06), (9, 3.2368500342272455e-06), (10, 3.388657887626323e-06), (11, 3.4972833873325726e-06), (12, 6.2988178797240835e-06), (13, 5.344000328477705e-06), (14, 3.665312533485121e-06), (15, 4.6990976443339605e-06), (16, 2.955003310489701e-06), (17, 4.69942051495309e-06), (18, 6.9266111495380756e-06), (19, 6.932106316526188e-06), (20, 4.004476068075746e-06), (21, 2.8315687359281583e-06), (22, 4.088736204721499e-06), (23, 5.8867708503385074e-06), (24, 5.922904165345244e-06), (25, 5.048882485425565e-06), (26, 3.878850748151308e-06), (27, 4.635995082935551e-06), (28, 3.725016767930356e-06), (29, 3.546665539033711e-06), (30, 4.771407475345768e-06), (31, 3.6478074889600975e-06), (32, 5.640268682327587e-06), (33, 2.75415686701308e-06), (34, 5.0626204028958455e-06), (35, 3.7605955185426865e-06), (36, 3.058735956074088e-06), (37, 3.921589723177021e-06), (38, 4.296757197153056e-06), (39, 4.80921062262496e-06), (40, 3.4509444049035665e-06), (41, 1.5727746358606964e-06), (42, 3.853161615552381e-06), (43, 3.628590093285311e-06), (44, 5.076760317024309e-06), (45, 4.160407115705311e-06), (46, 4.823416929866653e-06), (47, 6.5476324380142614e-06), (48, 5.042658813181333e-06), (0, 4.129388344153995e-06), (1, 4.370676833787002e-06), (2, 2.559672566349036e-06), (3, 4.047302809340181e-06), (4, 3.2803466183395358e-06), (5, 4.961713784723543e-06), (6, 3.274091341154417e-06), (7, 6.854222192487214e-06), (8, 5.08998573423014e-06), (9, 5.759354280598927e-06), (10, 3.499515059957048e-06), (11, 4.084517058799975e-06), (12, 5.121947651787195e-06), (13, 3.6195622215018375e-06), (14, 5.852726644661743e-06), (15, 4.260059540683869e-06), (16, 4.88021896671853e-06), (17, 4.105821062694304e-06), (18, 3.710182681970764e-06), (19, 2.8401502731867367e-06), (20, 3.485345814624452e-06), (21, 4.544491730484879e-06), (22, 3.165540647387388e-06), (23, 3.4239919841638766e-06), (24, 3.7121590139577165e-06), (25, 4.913520569971297e-06), (26, 2.356282266191556e-06), (27, 4.023652309115278e-06), (28, 2.810193791447091e-06), (29, 3.2094787911773892e-06), (30, 3.4243334994243924e-06), (31, 5.520549620996462e-06), (32, 3.393090764802764e-06), (33, 3.667875489554717e-06), (34, 2.492019802957657e-06), (35, 3.94782864532317e-06), (36, 2.6992049697582843e-06), (37, 6.034552825440187e-06), (38, 4.522015842667315e-06), (39, 4.240557245793752e-06), (40, 7.512287538702367e-06), (41, 1.9275976228527725e-06), (42, 6.612879587919451e-06), (43, 2.6806344521901337e-06), (44, 4.2348528950242326e-06), (45, 2.6396983230370097e-06), (46, 4.57304031442618e-06), (47, 3.3664534839772386e-06), (48, 3.299747959317756e-06), (0, 2.973374876091839e-06), (1, 2.2075907963881036e-06), (2, 2.328841901544365e-06), (3, 3.815902346104849e-06), (4, 3.2228342661255738e-06), (5, 4.523932148003951e-06), (6, 3.0853539101372007e-06), (7, 1.9622270883701276e-06), (8, 2.923060492321383e-06), (9, 3.2931013720371993e-06), (10, 3.8230423342611175e-06), (11, 4.232218998367898e-06), (12, 3.475058747426374e-06), (13, 3.239507577745826e-06), (14, 6.9976695158402435e-06), (15, 4.202589025226189e-06), (16, 3.17282615469594e-06), (17, 4.268572865839815e-06), (18, 6.42432405584259e-06), (19, 2.7186254101252416e-06), (20, 4.55406461696839e-06), (21, 3.4316517485422082e-06), (22, 5.8237187658960465e-06), (23, 3.1896581731416518e-06), (24, 1.8978372509081964e-06), (25, 3.965032647101907e-06), (26, 3.2710511277400656e-06), (27, 6.277632110140985e-06), (28, 4.347476078692125e-06), (29, 4.297986379242502e-06), (30, 4.048210939799901e-06), (31, 4.773692126036622e-06), (32, 4.066141627845354e-06), (33, 3.2011669190978864e-06), (34, 4.513009571383009e-06), (35, 2.5949807422875892e-06), (36, 3.995240149379242e-06), (37, 2.749076202235301e-06), (38, 2.2479994186141994e-06), (39, 3.053306045330828e-06), (40, 4.262577022018377e-06), (41, 3.5464195207168814e-06), (42, 2.65881772065768e-06), (43, 3.3465576052549295e-06), (44, 3.8045022847654764e-06), (45, 2.1276689494698076e-06), (46, 5.0904172894661315e-06), (47, 4.223553787596757e-06), (48, 3.390439587747096e-06), (0, 4.054411419929238e-06), (1, 5.965465788904112e-06), (2, 3.322402790217893e-06), (3, 3.429081516514998e-06), (4, 1.9596518541220576e-06), (5, 5.115829480928369e-06), (6, 3.8986345316516235e-06), (7, 3.7853005778742954e-06), (8, 4.516307853918988e-06), (9, 3.929314971173881e-06), (10, 2.2115375486464472e-06), (11, 2.504753410903504e-06), (12, 1.9544841052265838e-06), (13, 3.547726464603329e-06), (14, 4.46456851932453e-06), (15, 3.0872149636707036e-06), (16, 3.5746336379816057e-06), (17, 3.714101012519677e-06), (18, 1.951220156115596e-06), (19, 5.221273113420466e-06), (20, 2.6715717922343174e-06), (21, 4.761586296808673e-06), (22, 3.849534095934359e-06), (23, 2.954910996777471e-06), (24, 3.4466245324438205e-06), (25, 2.8292311071709264e-06), (26, 3.2306688808603212e-06), (27, 2.9965203793835826e-06), (28, 2.708763986447593e-06), (29, 2.1271707737469114e-06), (30, 2.4782375476206653e-06), (31, 2.28514545597136e-06), (32, 2.576736051196349e-06), (33, 2.7909056825592415e-06), (34, 3.3081232686527073e-06), (35, 3.112460944976192e-06), (36, 4.022272605652688e-06), (37, 3.585957529139705e-06), (38, 2.956419166366686e-06), (39, 4.600068677973468e-06), (40, 2.301125505255186e-06), (41, 3.8542038964806125e-06), (42, 2.887892378566903e-06), (43, 2.193408363382332e-06), (44, 2.921145323853125e-06), (45, 4.010671091236873e-06), (46, 5.338615665095858e-06), (47, 3.9649826248933095e-06), (48, 3.1875956665317062e-06), (0, 2.8852928153355606e-06), (1, 2.524800038372632e-06), (2, 4.48698619948118e-06), (3, 1.7942958265848574e-06), (4, 4.992292360839201e-06), (5, 2.49392473961052e-06), (6, 3.0254709599830676e-06), (7, 5.141037490830058e-06), (8, 3.6368437577039003e-06), (9, 2.6351115138822934e-06), (10, 4.460518084670184e-06), (11, 2.759817107289564e-06), (12, 3.0461906135315076e-06), (13, 2.4411817776126554e-06), (14, 2.8732060854963493e-06), (15, 3.989416200056439e-06), (16, 3.853917405649554e-06), (17, 3.4430745472491253e-06), (18, 2.3495028926845407e-06), (19, 4.538599569059443e-06), (20, 2.3459758722310653e-06), (21, 3.5087409742118325e-06), (22, 4.100783826288534e-06), (23, 3.2039172310760478e-06), (24, 2.2588101273868233e-06), (25, 1.963809836524888e-06), (26, 3.4325680644542444e-06), (27, 3.3910794172697933e-06), (28, 3.3728201742633246e-06), (29, 2.5828610432654386e-06), (30, 2.3915388283057837e-06), (31, 1.7203873312610085e-06), (32, 3.5392120025790064e-06), (33, 4.074614935234422e-06), (34, 3.186522462783614e-06), (35, 3.5578852930484572e-06), (36, 3.4760043945425423e-06), (37, 2.494436103006592e-06), (38, 1.8446103240421508e-06), (39, 2.080025296891108e-06), (40, 5.083931682747789e-06), (41, 2.4314463189512026e-06), (42, 3.5964401376986643e-06), (43, 2.1901710169913713e-06), (44, 3.0031362712179543e-06), (45, 3.6708515835925937e-06), (46, 2.3770171537762508e-06), (47, 2.0118454813200515e-06), (48, 2.909440581788658e-06), (0, 4.832308604818536e-06), (1, 2.7910850803891663e-06), (2, 2.0018514987896197e-06), (3, 3.2033287880040007e-06), (4, 3.48129719895951e-06), (5, 2.102013013427495e-06), (6, 3.871308308589505e-06), (7, 2.106013198499568e-06), (8, 2.6670190891309176e-06), (9, 3.4548284020274878e-06), (10, 4.9073919399234e-06), (11, 1.8474546550351079e-06), (12, 4.782872110808967e-06), (13, 3.649377049441682e-06), (14, 1.8667358290258562e-06), (15, 2.3544300802313956e-06), (16, 3.3284884466411313e-06), (17, 1.9010841469935258e-06), (18, 2.0076984128536424e-06), (19, 3.2962209388642805e-06), (20, 1.7202680737682385e-06), (21, 3.732536242750939e-06), (22, 3.020889153049211e-06), (23, 3.1781598863744875e-06), (24, 2.8051777007931378e-06), (25, 3.5772061437455704e-06), (26, 2.3904428871901473e-06), (27, 2.4449825559713645e-06), (28, 2.9886255106248427e-06), (29, 2.7653022698359564e-06), (30, 4.634854121832177e-06), (31, 2.280499757034704e-06), (32, 3.2807613479235442e-06), (33, 3.432868879826856e-06), (34, 2.3328977931669215e-06), (35, 2.448739905958064e-06), (36, 2.3936895559018012e-06), (37, 3.773875050683273e-06), (38, 3.4690453958319267e-06), (39, 1.3645397984873853e-06), (40, 2.8566335004143184e-06), (41, 2.265379407617729e-06), (42, 1.5688470966779278e-06), (43, 3.2367140647693304e-06), (44, 2.273056225021719e-06), (45, 2.0652159946621396e-06), (46, 2.712458353926195e-06), (47, 3.0385388072318165e-06), (48, 3.417055040699779e-06), (0, 3.4456763842172222e-06), (1, 4.85638520331122e-06), (2, 2.87909301732725e-06), (3, 2.942316996268346e-06), (4, 2.710618900891859e-06), (5, 2.1801447473990265e-06), (6, 2.3001002773526125e-06), (7, 2.8579729587363545e-06), (8, 4.04159300160245e-06), (9, 1.732631631057302e-06), (10, 3.7708564377680887e-06), (11, 2.451567524985876e-06), (12, 2.0253567072359147e-06), (13, 3.1254885470843874e-06), (14, 2.0019133444293402e-06), (15, 2.2006638573657256e-06), (16, 3.3228131997020682e-06), (17, 2.5616350285417866e-06), (18, 3.18806451105047e-06), (19, 2.959225639642682e-06), (20, 1.8990911030414281e-06), (21, 3.07793311549176e-06), (22, 2.0478667011047946e-06), (23, 2.536568899813574e-06), (24, 3.309137355245184e-06), (25, 2.662543920450844e-06), (26, 1.0614662642183248e-06), (27, 3.2160667160496814e-06), (28, 3.590690312194056e-06), (29, 2.769612137853983e-06), (30, 2.19410753743432e-06), (31, 2.490912265784573e-06), (32, 2.545682718846365e-06), (33, 3.081579961872194e-06), (34, 2.4297246454807464e-06), (35, 2.777351255645044e-06), (36, 1.644071630835242e-06), (37, 3.006787665071897e-06), (38, 3.2790665045467904e-06), (39, 3.685808906084276e-06), (40, 2.4466876311635133e-06), (41, 2.2077415451349225e-06), (42, 1.8096330904882052e-06), (43, 2.895884790632408e-06), (44, 1.7919519450515509e-06), (45, 1.7828881482273573e-06), (46, 2.245227960884222e-06), (47, 3.6664089293481084e-06), (48, 3.18571233037801e-06), (0, 2.1034820747445337e-06), (1, 2.7405278615333373e-06), (2, 2.6080558654939523e-06), (3, 3.0243279525166145e-06), (4, 1.837831064221973e-06), (5, 1.545438976791047e-06), (6, 2.545901224948466e-06), (7, 3.020237727469066e-06), (8, 2.039710807366646e-06), (9, 1.5771208836667938e-06), (10, 3.4507545478845714e-06), (11, 2.415803464828059e-06), (12, 1.916569544846425e-06), (13, 3.007610303029651e-06), (14, 2.43538738686766e-06), (15, 1.9940976017096546e-06), (16, 2.0118773136346135e-06), (17, 2.0134639271418564e-06), (18, 2.822690248649451e-06), (19, 2.702813162613893e-06), (20, 2.4276232579723e-06), (21, 2.5086908408411546e-06), (22, 4.268621069059009e-06), (23, 3.0164392228471115e-06), (24, 1.5638812556062476e-06), (25, 2.755286004685331e-06), (26, 4.8868469093577005e-06), (27, 1.3770103350907448e-06), (28, 2.1774706056021387e-06), (29, 2.1131770608917577e-06), (30, 2.5068266040761955e-06), (31, 4.26951964982436e-06), (32, 2.141862069038325e-06), (33, 2.821436510203057e-06), (34, 1.96524479179061e-06), (35, 3.938574536732631e-06), (36, 2.0482468698901357e-06), (37, 1.8469108908902854e-06), (38, 2.6974989850714337e-06), (39, 2.310625632162555e-06), (40, 2.566474677223596e-06), (41, 2.400189032414346e-06), (42, 1.6746548681112472e-06), (43, 2.0934683107043384e-06), (44, 3.1924846553010866e-06), (45, 2.1824509985890472e-06), (46, 1.7958228681891342e-06), (47, 2.4674484393472085e-06), (48, 2.696756837394787e-06), (0, 2.459644065311295e-06), (1, 2.8796910100936657e-06), (2, 1.433202669431921e-06), (3, 2.2228746274777222e-06), (4, 2.1372347873693798e-06), (5, 2.356696768401889e-06), (6, 2.2497717964142794e-06), (7, 2.296390675837756e-06), (8, 2.99346925203281e-06), (9, 3.6849032767349854e-06), (10, 2.5057518087123754e-06), (11, 3.255308229199727e-06), (12, 1.9732290184037993e-06), (13, 2.7663324999593897e-06), (14, 3.470175215625204e-06), (15, 1.7270681382797193e-06), (16, 2.542878746680799e-06), (17, 4.342695774539607e-06), (18, 2.303922428836813e-06), (19, 2.4511850824637804e-06), (20, 3.0508413146890234e-06), (21, 2.1856665171071654e-06), (22, 2.1900305000599474e-06), (23, 1.0275085742250667e-06), (24, 2.9413959055091254e-06), (25, 2.419777501927456e-06), (26, 2.583291006885702e-06), (27, 2.255923391203396e-06), (28, 1.6436586065537995e-06), (29, 3.1493564165430143e-06), (30, 2.5173198991979007e-06), (31, 2.2383228497346863e-06), (32, 1.8611902987686335e-06), (33, 3.2668367566657253e-06), (34, 1.7951088011614047e-06), (35, 2.2152839846967254e-06), (36, 1.4079672610023408e-06), (37, 1.7039005797414575e-06), (38, 2.1160092273930786e-06), (39, 1.7435955896871747e-06), (40, 1.5603322935930919e-06), (41, 1.9443571090960177e-06), (42, 2.0829509139730362e-06), (43, 2.8262543310120236e-06), (44, 1.5854658386160736e-06), (45, 2.5080696559598437e-06), (46, 1.02525950751442e-06), (47, 2.0140353171882452e-06), (48, 2.0470890831347788e-06), (0, 2.7967905680270633e-06), (1, 2.6616212380758952e-06), (2, 1.4594520507671405e-06), (3, 2.70483019448875e-06), (4, 3.2318796456820564e-06), (5, 3.312457920401357e-06), (6, 1.954184199348674e-06), (7, 1.2055402294208761e-06), (8, 1.2208332691443502e-06), (9, 2.5541503418935463e-06), (10, 2.572893208707683e-06), (11, 2.2874764908920042e-06), (12, 2.133794851033599e-06), (13, 1.6889415519472095e-06), (14, 2.684761057025753e-06), (15, 2.451363798172679e-06), (16, 2.540495415814803e-06), (17, 2.471776724632946e-06), (18, 1.7715449303068453e-06), (19, 1.7009948578561307e-06), (20, 1.770562903402606e-06), (21, 1.8684852420847164e-06), (22, 1.7122418967119302e-06), (23, 2.7558085093914997e-06), (24, 1.9211929611628875e-06), (25, 1.8094241340804729e-06), (26, 2.9663467557838885e-06), (27, 1.9559931843105005e-06), (28, 1.1267918580415426e-06), (29, 2.477129783073906e-06), (30, 3.010487716892385e-06), (31, 2.635570353959338e-06), (32, 2.433022473269375e-06), (33, 2.509760633984115e-06), (34, 2.139325943062431e-06), (35, 2.2441536202677526e-06), (36, 3.7862605495320167e-06), (37, 1.4694471701659495e-06), (38, 1.8080040717904922e-06), (39, 2.8396252673701383e-06), (40, 1.8848933223125641e-06), (41, 2.1313023808033904e-06), (42, 1.7963891423278255e-06), (43, 1.1475214023448643e-06), (44, 1.2991638413950568e-06), (45, 1.185572045869776e-06), (46, 2.5571505375410197e-06), (47, 2.2109179553808644e-06), (48, 1.7035182509061997e-06), (0, 2.584110461611999e-06), (1, 3.5119185213261517e-06), (2, 1.7251423969355528e-06), (3, 2.4714308892725967e-06), (4, 1.6258657069556648e-06), (5, 2.988389724123408e-06), (6, 1.0200440101471031e-06), (7, 1.7315495597358677e-06), (8, 1.938698005687911e-06), (9, 8.847916888043983e-07), (10, 1.7916883052748744e-06), (11, 1.722993033581588e-06), (12, 2.200183871536865e-06), (13, 1.7177834479298326e-06), (14, 1.5921524436635082e-06), (15, 2.546373252698686e-06), (16, 1.5959096799633699e-06), (17, 2.5248957626899937e-06), (18, 2.0324357592471642e-06), (19, 1.4560679346686811e-06), (20, 1.8719806575973053e-06), (21, 2.2493636606668588e-06), (22, 1.7073506342057954e-06), (23, 2.8365643629513215e-06), (24, 1.91860362974694e-06), (25, 2.204381644332898e-06), (26, 2.5565866508259205e-06), (27, 3.1827864859224064e-06), (28, 2.0623231193894753e-06), (29, 1.8332627860218054e-06), (30, 1.8899072529166006e-06), (31, 2.0406298517627874e-06), (32, 1.6716771824576426e-06), (33, 1.9685526240209583e-06), (34, 2.069524271064438e-06), (35, 2.1620412553602364e-06), (36, 1.4323298955787322e-06), (37, 2.3170500753622036e-06), (38, 2.3219445210997947e-06), (39, 1.4954774769648793e-06), (40, 1.9448516468401067e-06), (41, 2.076715418297681e-06), (42, 2.2605759113503154e-06), (43, 1.8770862197925453e-06), (44, 2.183428023272427e-06), (45, 1.4099165355219156e-06), (46, 2.049343720500474e-06), (47, 2.765689941952587e-06), (48, 2.09496965908329e-06), (0, 1.8121452285413397e-06), (1, 1.8460136743669864e-06), (2, 2.012576260312926e-06), (3, 2.222909415650065e-06), (4, 1.3951021173852496e-06), (5, 1.9719209376489744e-06), (6, 1.6662756934238132e-06), (7, 1.8923358311440097e-06), (8, 1.2183324997749878e-06), (9, 1.7314887372776866e-06), (10, 1.3811529697704827e-06), (11, 2.07713810596033e-06), (12, 1.8303990145795979e-06), (13, 1.8115550801667268e-06), (14, 2.43122440224397e-06), (15, 2.615320227050688e-06), (16, 2.024032255576458e-06), (17, 1.3435178516374435e-06), (18, 2.4235989712906303e-06), (19, 1.5691955468355445e-06), (20, 2.024929017352406e-06), (21, 1.9137196431984194e-06), (22, 2.0915963432344142e-06), (23, 1.8572792441773345e-06), (24, 2.3550333025923464e-06), (25, 1.7207580640388187e-06), (26, 2.890552650569589e-06), (27, 2.0427592062333133e-06), (28, 3.0672492812300334e-06), (29, 1.7211598333233269e-06), (30, 2.6719371817307547e-06), (31, 1.4345588397191023e-06), (32, 1.279028538192506e-06), (33, 2.0386260075611062e-06), (34, 1.0364984746047412e-06), (35, 1.9395893104956485e-06), (36, 2.79024061455857e-06), (37, 1.4438595599131077e-06), (38, 1.107589582716173e-06), (39, 1.4242993984225905e-06), (40, 1.813612811929488e-06), (41, 1.9540129869710654e-06), (42, 1.7296795249421848e-06), (43, 1.7915923535838374e-06), (44, 2.89360286842566e-06), (45, 2.714395577640971e-06), (46, 1.6148994745890377e-06), (47, 1.6948725942711462e-06), (48, 1.7103179743571673e-06), (0, 1.4943310588932945e-06), (1, 2.4224746084655635e-06), (2, 2.377104920014972e-06), (3, 2.2146130049804924e-06), (4, 1.8121423863703967e-06), (5, 1.8504866829971434e-06), (6, 1.7368187172905891e-06), (7, 1.7792984863262973e-06), (8, 1.3347041658562375e-06), (9, 1.613367089703388e-06), (10, 1.91416120287613e-06), (11, 7.703692972427234e-07), (12, 1.643158952902013e-06), (13, 2.451573664075113e-06), (14, 1.665545596551965e-06), (15, 2.495122544132755e-06), (16, 1.8302911257706e-06), (17, 1.6970478782241116e-06), (18, 1.8981842231369228e-06), (19, 1.678423473094881e-06), (20, 2.1855150862393202e-06), (21, 1.6522541272934177e-06), (22, 1.0842794608834083e-06), (23, 2.20384163185372e-06), (24, 2.312481001354172e-06), (25, 9.397797384735895e-07), (26, 1.428991481589037e-06), (27, 2.0596623926394386e-06), (28, 2.44003240368329e-06), (29, 1.190434659292805e-06), (30, 1.8933340015792055e-06), (31, 1.7612524061405566e-06), (32, 1.4655099676019745e-06), (33, 1.580447474225366e-06), (34, 2.0357606445031706e-06), (35, 1.7391031406077673e-06), (36, 1.3308948609846993e-06), (37, 1.7559516436449485e-06), (38, 1.6410986063419841e-06), (39, 2.4624425805086503e-06), (40, 2.1305925201886566e-06), (41, 1.2784341834048973e-06), (42, 1.120614911087614e-06), (43, 3.047757445528987e-06), (44, 1.1915039976884145e-06), (45, 1.6190439282581792e-06), (46, 1.680721425145748e-06), (47, 2.162424152629683e-06), (48, 1.8675352748687146e-06), (0, 1.5556063317490043e-06), (1, 1.7920522168424213e-06), (2, 2.36387654695136e-06), (3, 1.2448934967324021e-06), (4, 1.2441259968909435e-06), (5, 1.6676717677910347e-06), (6, 1.2160870710431482e-06), (7, 1.5657817584724398e-06), (8, 1.2221942142787157e-06), (9, 1.7943926877705962e-06), (10, 1.4422398635360878e-06), (11, 1.6991758684525848e-06), (12, 2.4479845706082415e-06), (13, 2.226874812549795e-06), (14, 1.4141731980998884e-06), (15, 1.738552782626357e-06), (16, 1.7026194427671726e-06), (17, 1.7508277778688353e-06), (18, 2.287403049194836e-06), (19, 1.6186141920115915e-06), (20, 1.5340788195317145e-06), (21, 1.4488091437669937e-06), (22, 1.9806705040537054e-06), (23, 1.2903666402053204e-06), (24, 2.4359046619792935e-06), (25, 1.7648152379479143e-06), (26, 1.0362707598687848e-06), (27, 1.7715298099574284e-06), (28, 1.2996824807487428e-06), (29, 1.4815718714089599e-06), (30, 1.4470457472270937e-06), (31, 1.8297328097105492e-06), (32, 1.3978137758385856e-06), (33, 1.3071954754195758e-06), (34, 1.9936398985009873e-06), (35, 1.7735432038534782e-06), (36, 1.3265545248941635e-06), (37, 1.5022634443084826e-06), (38, 1.9386006897548214e-06), (39, 2.4249031866929727e-06), (40, 1.9472411167953396e-06), (41, 1.4366420373335131e-06), (42, 1.4007699746798608e-06), (43, 1.4882981531627593e-06), (44, 1.7188425545100472e-06), (45, 1.3319908021003357e-06), (46, 2.9109187380527146e-06), (47, 1.5715519339210005e-06), (48, 2.2208632799447514e-06), (0, 2.0250308807590045e-06), (1, 1.300344024457445e-06), (2, 1.6109904663608177e-06), (3, 2.0593663521140115e-06), (4, 1.8283103599969763e-06), (5, 1.0305176374458824e-06), (6, 9.395973279424652e-07), (7, 1.5446535144292284e-06), (8, 2.6264660846209154e-06), (9, 1.552184244246746e-06), (10, 1.3606971833723946e-06), (11, 2.2323959001369076e-06), (12, 1.0513343795537367e-06), (13, 1.4595078710044618e-06), (14, 1.314277938035957e-06), (15, 1.617157295186189e-06), (16, 1.5696655282226857e-06), (17, 1.412328742844693e-06), (18, 1.3797971405438147e-06), (19, 8.963696700448054e-07), (20, 2.2166846065374557e-06), (21, 1.934382680701674e-06), (22, 1.7397012470610207e-06), (23, 1.3910575944464654e-06), (24, 1.6692609960955451e-06), (25, 2.1143332560313866e-06), (26, 1.5498508219025098e-06), (27, 1.9122605863231e-06), (28, 7.018095971034199e-07), (29, 1.1254689979978139e-06), (30, 1.8458657677911106e-06), (31, 1.5037389857752714e-06), (32, 1.3839600114806672e-06), (33, 1.677164846114465e-06), (34, 1.1988132655460504e-06), (35, 1.765877982506936e-06), (36, 1.661907731431711e-06), (37, 1.1669093282762333e-06), (38, 1.8305426010556403e-06), (39, 1.0112906920767273e-06), (40, 1.6753174350014888e-06), (41, 1.0646283499227138e-06), (42, 2.1081973500258755e-06), (43, 1.952217871803441e-06), (44, 1.502638156125613e-06), (45, 1.3373656884141383e-06), (46, 1.507745423623419e-06), (47, 1.9647777662612498e-06), (48, 2.8442859729693737e-06), (0, 1.6172228924915544e-06), (1, 1.5836044440220576e-06), (2, 1.2506598068284802e-06), (3, 7.99932195150177e-07), (4, 1.3097221653879387e-06), (5, 1.2210474551466177e-06), (6, 1.0712672064983053e-06), (7, 1.4981596905272454e-06), (8, 1.8024765040536295e-06), (9, 1.1825858337033424e-06), (10, 2.155207994292141e-06), (11, 1.3652340840053512e-06), (12, 1.9351571154402336e-06), (13, 1.2321470421738923e-06), (14, 1.4531329952660599e-06), (15, 1.2329672927080537e-06), (16, 1.5034223679322167e-06), (17, 2.5856834326987155e-06), (18, 1.4833962040938786e-06), (19, 1.287890427192906e-06), (20, 1.5408260196636547e-06), (21, 1.4227830433810595e-06), (22, 1.0177810736422543e-06), (23, 1.4993397599027958e-06), (24, 1.983169568120502e-06), (25, 1.1999837852272321e-06), (26, 1.75376703737129e-06), (27, 1.787699829947087e-06), (28, 1.1440081379987532e-06), (29, 1.0211853123109904e-06), (30, 1.6283919421766768e-06), (31, 1.964266402865178e-06), (32, 1.535281739961647e-06), (33, 1.365075263493054e-06), (34, 1.5202333543129498e-06), (35, 1.546394969409448e-06), (36, 1.9940564470743993e-06), (37, 1.8593751747175702e-06), (38, 2.083853132717195e-06), (39, 1.3351990446608397e-06), (40, 1.6735275494283997e-06), (41, 1.0042091389550478e-06), (42, 1.8300280544281122e-06), (43, 1.5366937304861494e-06), (44, 1.4209676919563208e-06), (45, 8.732744163353345e-07), (46, 1.4037746041140053e-06), (47, 1.068046799446165e-06), (48, 1.658872633925057e-06), (0, 1.6219191820709966e-06), (1, 1.1903363201781758e-06), (2, 1.565707748341083e-06), (3, 1.974080987565685e-06), (4, 2.1838745851709973e-06), (5, 1.3639578355650883e-06), (6, 1.2365189832053147e-06), (7, 2.1325058696675114e-06), (8, 1.4285670886238222e-06), (9, 1.3772220199825824e-06), (10, 7.961163532854698e-07), (11, 1.951086687768111e-06), (12, 1.0855434311451972e-06), (13, 1.2479185897973366e-06), (14, 8.70740620939614e-07), (15, 1.2783442571162595e-06), (16, 1.1032442444047774e-06), (17, 1.5039145182527136e-06), (18, 1.7198614159497083e-06), (19, 2.1102935079397867e-06), (20, 1.3124387123752967e-06), (21, 1.9479484762996435e-06), (22, 2.1526732325582998e-06), (23, 9.98946688923752e-07), (24, 1.7745638842825429e-06), (25, 1.0958024176943582e-06), (26, 1.4642378118878696e-06), (27, 1.5414849485750892e-06), (28, 1.0024855328083504e-06), (29, 1.135847924160771e-06), (30, 8.797345572020276e-07), (31, 1.8667042240849696e-06), (32, 1.5860132407397032e-06), (33, 1.7980736402023467e-06), (34, 1.0485741768206935e-06), (35, 8.732850460546615e-07), (36, 1.759962515279767e-06), (37, 1.432972794646048e-06), (38, 8.497115118188958e-07), (39, 1.3369522093853448e-06), (40, 8.083222837740323e-07), (41, 1.8673360955290264e-06), (42, 1.3621664720631088e-06), (43, 1.4293640333562507e-06), (44, 1.6462670373584842e-06), (45, 1.5033543832032592e-06), (46, 1.3154613043298014e-06), (47, 7.686506364734669e-07), (48, 1.3012108865950722e-06), (0, 1.5883830428720103e-06), (1, 9.097111615119502e-07), (2, 8.294318263324385e-07), (3, 1.26762813579262e-06), (4, 1.2863447409472428e-06), (5, 1.0917455028902623e-06), (6, 1.1594451052587829e-06), (7, 1.7402265939381323e-06), (8, 1.1666502359730657e-06), (9, 1.2580796919792192e-06), (10, 1.836738647398306e-06), (11, 1.8340842871111818e-06), (12, 1.047086698235944e-06), (13, 1.682195716057322e-06), (14, 9.997909273806727e-07), (15, 1.1952721479246975e-06), (16, 9.680909442977281e-07), (17, 1.6306590850945213e-06), (18, 9.355928796139779e-07), (19, 1.1680028819682775e-06), (20, 1.8647516526471009e-06), (21, 9.840024404184078e-07), (22, 1.996468427023501e-06), (23, 1.353340053356078e-06), (24, 2.354528760406538e-06), (25, 6.928436846465047e-07), (26, 1.0167304935748689e-06), (27, 1.4535194168274757e-06), (28, 1.1077222552557942e-06), (29, 1.5308396541513503e-06), (30, 8.326689453497238e-07), (31, 9.52784034780052e-07), (32, 2.185086714234785e-06), (33, 9.921153605318977e-07), (34, 1.7026651448759367e-06), (35, 9.44399971558596e-07), (36, 1.0243601309412043e-06), (37, 1.7636349411986885e-06), (38, 1.7278126733799581e-06), (39, 9.501036970505083e-07), (40, 9.124884172706516e-07), (41, 1.4029438943907735e-06), (42, 1.5148202692216728e-06), (43, 1.0621170076774433e-06), (44, 9.689745184005005e-07), (45, 1.037978108797688e-06), (46, 2.2002247987984447e-06), (47, 2.1332646156224655e-06), (48, 1.1551601346582174e-06), (0, 1.5689173551436397e-06), (1, 1.504644160377211e-06), (2, 1.8851881122827763e-06), (3, 1.679332967796654e-06), (4, 3.764575069453713e-07), (5, 7.796469390086713e-07), (6, 1.0235228273813846e-06), (7, 1.3493128108166275e-06), (8, 8.799889315014298e-07), (9, 1.3809169558953727e-06), (10, 1.1767223213610123e-06), (11, 1.9505102955008624e-06), (12, 9.399788041264401e-07), (13, 1.2204277481941972e-06), (14, 1.1427723620727193e-06), (15, 1.239233370142756e-06), (16, 1.2810052112399717e-06), (17, 8.290321602544282e-07), (18, 1.3485765748555423e-06), (19, 9.375742138217902e-07), (20, 1.5350145758930012e-06), (21, 1.0427218057884602e-06), (22, 1.6023586795199662e-06), (23, 1.1921732721020817e-06), (24, 8.325093858729815e-07), (25, 9.389349884258991e-07), (26, 1.6469123238493921e-06), (27, 1.477646037528757e-06), (28, 7.85833663030644e-07), (29, 1.0046574061561842e-06), (30, 1.4170841495797504e-06), (31, 1.3045187188254204e-06), (32, 1.3272042451717425e-06), (33, 8.200741490327346e-07), (34, 1.7399518128513591e-06), (35, 1.199858047584712e-06), (36, 2.3821269223844865e-06), (37, 1.529978476355609e-06), (38, 1.4119189017947065e-06), (39, 1.6919741483434336e-06), (40, 1.6808344298624434e-06), (41, 7.74264208303066e-07), (42, 1.1885583717230475e-06), (43, 1.4894554851707653e-06), (44, 5.312310804583831e-07), (45, 1.4762814544155844e-06), (46, 8.20818456759298e-07), (47, 1.2186548019599286e-06), (48, 1.533832005407021e-06), (0, 7.366497243310732e-07), (1, 8.667851147947658e-07), (2, 1.0654460993464454e-06), (3, 6.526385050165118e-07), (4, 9.368871474180196e-07), (5, 1.2291191069380147e-06), (6, 1.2610324802153627e-06), (7, 1.2782070371031296e-06), (8, 9.456107363803312e-07), (9, 1.3771567637377302e-06), (10, 1.5096389915925101e-06), (11, 9.8455120678409e-07), (12, 1.7129252682934748e-06), (13, 8.993315532279667e-07), (14, 1.1804504538304172e-06), (15, 1.6366658428523806e-06), (16, 1.8248492779093795e-06), (17, 1.4347956494020764e-06), (18, 9.402510272593645e-07), (19, 1.7442922626287327e-06), (20, 1.2364207577775232e-06), (21, 1.4932744534235098e-06), (22, 1.2477504469643463e-06), (23, 6.767714353372867e-07), (24, 1.0044363989436533e-06), (25, 1.4268251788962516e-06), (26, 1.4137460766505683e-06), (27, 6.39809513813816e-07), (28, 1.4078057120059384e-06), (29, 1.7019578990584705e-06), (30, 1.4006614037498366e-06), (31, 1.5504895145568298e-06), (32, 1.5541046423095395e-06), (33, 1.51846495555219e-06), (34, 8.254791623585334e-07), (35, 1.948827048181556e-06), (36, 1.091965714294929e-06), (37, 7.995828354978585e-07), (38, 1.221788124894374e-06), (39, 9.306530159847171e-07), (40, 5.755812253482873e-07), (41, 1.1691815871017752e-06), (42, 8.626495855423855e-07), (43, 9.780853815755108e-07), (44, 1.2513011142800678e-06), (45, 1.3484783494277508e-06), (46, 1.064178263732174e-06), (47, 1.1013376024493482e-06), (48, 1.4070886891204282e-06), (0, 1.2159428024460794e-06), (1, 1.1553855756574194e-06), (2, 1.2530249478004407e-06), (3, 1.0354050345995347e-06), (4, 8.87557348505652e-07), (5, 1.476131728850305e-06), (6, 1.2140874332544627e-06), (7, 7.512824709010602e-07), (8, 7.259407652782102e-07), (9, 7.265051635840791e-07), (10, 1.0516279189687339e-06), (11, 1.5309975651689456e-06), (12, 1.0846755458260304e-06), (13, 1.6062075474110316e-06), (14, 1.0308765467925696e-06), (15, 1.24932205380901e-06), (16, 1.0062422006740235e-06), (17, 1.0690978342609014e-06), (18, 9.933621640811907e-07), (19, 1.550372644487652e-06), (20, 1.5963087207637727e-06), (21, 1.376194290969579e-06), (22, 1.5259647625498474e-06), (23, 1.2620242841876461e-06), (24, 1.2527849548860104e-06), (25, 9.801449323276756e-07), (26, 9.37950403567811e-07), (27, 8.538689826309565e-07), (28, 9.160773402072664e-07), (29, 1.2001817140117055e-06), (30, 9.886432508210419e-07), (31, 1.2525280226327595e-06), (32, 1.3348667380341794e-06), (33, 1.2809261988877552e-06), (34, 1.1224408353882609e-06), (35, 1.146391582551587e-06), (36, 6.38086135040794e-07), (37, 9.167955568045727e-07), (38, 8.117069114632613e-07), (39, 1.1944904372285237e-06), (40, 9.874706847767811e-07), (41, 1.6313651940436102e-06), (42, 1.044913688019733e-06), (43, 1.4525660390063422e-06), (44, 1.009507855087577e-06), (45, 9.693310403235955e-07), (46, 1.0735678870332777e-06), (47, 1.0563852583800326e-06), (48, 1.4457377801591065e-06), (0, 1.4568105370926787e-06), (1, 5.108705067868868e-07), (2, 1.5578543752781115e-06), (3, 7.055696755742247e-07), (4, 1.0582663207969745e-06), (5, 1.3499005717676482e-06), (6, 1.0685301958801574e-06), (7, 1.2395181556712487e-06), (8, 1.1983091781075927e-06), (9, 1.422920036020514e-06), (10, 1.1873153198393993e-06), (11, 1.3056983334536199e-06), (12, 9.917789611790795e-07), (13, 8.43650639126281e-07), (14, 7.541589184256736e-07), (15, 9.759694421518361e-07), (16, 9.367678899252496e-07), (17, 8.878512858245813e-07), (18, 1.366653691547981e-06), (19, 8.518092613485351e-07), (20, 9.454204814574041e-07), (21, 1.5948641021168442e-06), (22, 1.040318579725863e-06), (23, 1.1963031738559948e-06), (24, 1.2828393209929345e-06), (25, 1.597775508344057e-06), (26, 6.469954882959428e-07), (27, 1.3869099575458677e-06), (28, 1.247218051503296e-06), (29, 1.0680304285415332e-06), (30, 8.852275072968041e-07), (31, 1.0370902145950822e-06), (32, 7.36630624942336e-07), (33, 1.2354267937553232e-06), (34, 1.4079657830734504e-06), (35, 1.9101173620583722e-06), (36, 5.229717316979077e-07), (37, 1.0213868790742708e-06), (38, 1.286671363232017e-06), (39, 8.958724606600299e-07), (40, 8.203878110180085e-07), (41, 8.840411283017602e-07), (42, 9.00666009329143e-07), (43, 8.531525281796348e-07), (44, 1.0923354238911998e-06), (45, 6.82497216075717e-07), (46, 8.150946655405278e-07), (47, 1.358013946628489e-06), (48, 1.3097699138597818e-06), (0, 1.3374030913837487e-06), (1, 1.3505632523447275e-06), (2, 9.354779990644602e-07), (3, 9.977061381505337e-07), (4, 1.2475154562707758e-06), (5, 6.822621685387276e-07), (6, 1.7014250488500693e-06), (7, 1.2388995855872054e-06), (8, 7.298270929823047e-07), (9, 1.0193828074989142e-06), (10, 1.1203279655092047e-06), (11, 7.358833613579918e-07), (12, 1.224918378284201e-06), (13, 1.406343471899163e-06), (14, 1.1167586535520968e-06), (15, 9.99168037196796e-07), (16, 7.477361236851721e-07), (17, 7.808835675859882e-07), (18, 1.5790293446116266e-06), (19, 1.2823255701732705e-06), (20, 6.42985924059758e-07), (21, 1.1855456705234246e-06), (22, 7.426971819768369e-07), (23, 1.0132297347809072e-06), (24, 1.2766087138516014e-06), (25, 1.1024046671082033e-06), (26, 1.1190670647920342e-06), (27, 7.8340582376768e-07), (28, 1.421970978299214e-06), (29, 1.1402194104448427e-06), (30, 1.1590306030484498e-06), (31, 9.757492307471693e-07), (32, 1.014172312352457e-06), (33, 1.0521944204811007e-06), (34, 6.457463541664765e-07), (35, 1.277180217584828e-06), (36, 1.2790206938007032e-06), (37, 8.351728411071235e-07), (38, 9.003484819913865e-07), (39, 1.2135188853790169e-06), (40, 8.41926464545395e-07), (41, 7.31014154098375e-07), (42, 1.262701402993116e-06), (43, 1.0391217983851675e-06), (44, 7.812572562215792e-07), (45, 4.794055143975129e-07), (46, 7.897942850831896e-07), (47, 9.500565738562727e-07), (48, 1.1370117363185273e-06), (0, 1.1200800145161338e-06), (1, 1.1638446721917717e-06), (2, 8.383851763937855e-07), (3, 8.26557425170904e-07), (4, 7.494241458516626e-07), (5, 1.5822338355064858e-06), (6, 1.4239105894375825e-06), (7, 1.0085777830681764e-06), (8, 1.1952265595027711e-06), (9, 1.142657310992945e-06), (10, 8.142926617438206e-07), (11, 5.26903477293672e-07), (12, 1.0260714589094277e-06), (13, 7.688124128435447e-07), (14, 9.540078735881252e-07), (15, 1.1066007346016704e-06), (16, 9.94719130176236e-07), (17, 1.3963723404231132e-06), (18, 1.2687338539763005e-06), (19, 6.485963126579009e-07), (20, 1.1238450952077983e-06), (21, 9.966094012270332e-07), (22, 9.355941301691928e-07), (23, 1.2244214531165198e-06), (24, 4.5850529772906157e-07), (25, 6.528247240566998e-07), (26, 8.662219670441118e-07), (27, 1.6176190911210142e-06), (28, 8.014947638912417e-07), (29, 8.316339403791062e-07), (30, 6.32774742825859e-07), (31, 6.572871598109487e-07), (32, 1.5069202845552354e-06), (33, 6.373606993292924e-07), (34, 1.5335132275140495e-06), (35, 6.70122460633138e-07), (36, 9.701068393042078e-07), (37, 8.791293453214166e-07), (38, 1.0986975667037768e-06), (39, 8.670111810715753e-07), (40, 1.018815623865521e-06), (41, 9.774831823960994e-07), (42, 8.581471888646774e-07), (43, 6.491654289675353e-07), (44, 6.033853878761875e-07), (45, 1.057803842741123e-06), (46, 1.2542473086796235e-06), (47, 1.5775872270751279e-06), (48, 5.446824502541858e-07)]