Model Setup for Uniformvirtual {PATIENT_GROUPS} Trained Network:

ANN Network Architecture Parameters
Input channels=22
Hidden channels=32
Output channels=1

Training hyperparameters
Optimizer=AdamW (
Parameter Group 0
    amsgrad: False
    betas: (0.9, 0.999)
    capturable: False
    differentiable: False
    eps: 1e-08
    foreach: None
    fused: None
    lr: 0.001
    maximize: False
    weight_decay: 1e-06
)Training Iterations=200
Learning rate=0.001
Weight decay=1e-06
Optimizer reset frequency=None

Dropout probability (after initial linear layer before NCDE): 0.0
Training Data Selection Parameters
(If not virtual, the only important params are the groups and whether data was normalized/standardized)
Patient groups=['Control', 'Atypical']
Augmentation strategy=Uniform
Noise Magnitude=0.05
Normalized/standardized=None
Number of virtual patients per real patient=100
Label smoothing factor=0
Test Patient Combinations:
Control: (0, 9, 3, 7, 4)
MDD: (0, 7, 12, 8, 11)
Training batch size=200
Training Results:
Runtime=1.3267550468444824
Loss over time=[(0, 0.9068797826766968), (1, 0.9123066067695618), (2, 0.8380795121192932), (3, 0.7861772179603577), (4, 0.775156557559967), (5, 0.7127337455749512), (6, 0.7024247646331787), (7, 0.6707322597503662), (8, 0.6505132913589478), (9, 0.6872689723968506), (0, 0.6432904005050659), (1, 0.6455506086349487), (2, 0.6390154957771301), (3, 0.6467249393463135), (4, 0.6487407684326172), (5, 0.6277114152908325), (6, 0.6429829597473145), (7, 0.63117915391922), (8, 0.6183805465698242), (9, 0.6384943127632141), (0, 0.6088106036186218), (1, 0.6374839544296265), (2, 0.6124030351638794), (3, 0.6036200523376465), (4, 0.5798531770706177), (5, 0.5864908695220947), (6, 0.569688081741333), (7, 0.5811246633529663), (8, 0.5583441257476807), (9, 0.5801413059234619), (0, 0.5588642954826355), (1, 0.5384273529052734), (2, 0.5653321146965027), (3, 0.5474860668182373), (4, 0.5552771091461182), (5, 0.55245441198349), (6, 0.5364558696746826), (7, 0.5210376381874084), (8, 0.5723142027854919), (9, 0.56880122423172), (0, 0.5239637494087219), (1, 0.5192092657089233), (2, 0.493348628282547), (3, 0.4681628942489624), (4, 0.48794087767601013), (5, 0.5137805938720703), (6, 0.5150968432426453), (7, 0.5043784976005554), (8, 0.5035555958747864), (9, 0.4895229637622833), (0, 0.47341275215148926), (1, 0.4580043852329254), (2, 0.46216094493865967), (3, 0.45007163286209106), (4, 0.4667668640613556), (5, 0.47304511070251465), (6, 0.4888373613357544), (7, 0.4801504909992218), (8, 0.4550308883190155), (9, 0.4622562825679779), (0, 0.4363943040370941), (1, 0.4557323455810547), (2, 0.433504194021225), (3, 0.43020695447921753), (4, 0.4408370852470398), (5, 0.41787368059158325), (6, 0.41951870918273926), (7, 0.4617956578731537), (8, 0.43688106536865234), (9, 0.39314696192741394), (0, 0.4182818531990051), (1, 0.4280796945095062), (2, 0.41833099722862244), (3, 0.41833779215812683), (4, 0.392429381608963), (5, 0.40792161226272583), (6, 0.39119967818260193), (7, 0.3389773666858673), (8, 0.4057043790817261), (9, 0.39139580726623535), (0, 0.4214804172515869), (1, 0.4071179926395416), (2, 0.37790682911872864), (3, 0.3819701373577118), (4, 0.4029308557510376), (5, 0.32082599401474), (6, 0.3319305181503296), (7, 0.34147289395332336), (8, 0.3425482213497162), (9, 0.3605717718601227), (0, 0.3769643008708954), (1, 0.32751575112342834), (2, 0.33623963594436646), (3, 0.3474583327770233), (4, 0.3328505754470825), (5, 0.3556205630302429), (6, 0.3536872863769531), (7, 0.2932063639163971), (8, 0.338057279586792), (9, 0.354999303817749), (0, 0.3233189284801483), (1, 0.3327440619468689), (2, 0.2994960844516754), (3, 0.3321206569671631), (4, 0.28458258509635925), (5, 0.30054137110710144), (6, 0.35881558060646057), (7, 0.320893794298172), (8, 0.28562426567077637), (9, 0.3159027099609375), (0, 0.2766967713832855), (1, 0.3055351674556732), (2, 0.3123205304145813), (3, 0.3010447025299072), (4, 0.2609112858772278), (5, 0.2849636971950531), (6, 0.2990368604660034), (7, 0.2906121015548706), (8, 0.31124064326286316), (9, 0.263962060213089), (0, 0.24673640727996826), (1, 0.26535651087760925), (2, 0.29257529973983765), (3, 0.28282660245895386), (4, 0.2571622133255005), (5, 0.25677818059921265), (6, 0.2978200614452362), (7, 0.26984965801239014), (8, 0.260470449924469), (9, 0.2520340085029602), (0, 0.2741605341434479), (1, 0.22307491302490234), (2, 0.25928425788879395), (3, 0.23045657575130463), (4, 0.23972107470035553), (5, 0.2708953619003296), (6, 0.23280613124370575), (7, 0.24849484860897064), (8, 0.2582046687602997), (9, 0.20635248720645905), (0, 0.2819487452507019), (1, 0.23005811870098114), (2, 0.21820753812789917), (3, 0.22612255811691284), (4, 0.250793993473053), (5, 0.22311773896217346), (6, 0.21953308582305908), (7, 0.19915902614593506), (8, 0.1946210414171219), (9, 0.16756242513656616), (0, 0.20858153700828552), (1, 0.17311860620975494), (2, 0.18290390074253082), (3, 0.22937895357608795), (4, 0.19839230179786682), (5, 0.21750718355178833), (6, 0.18299059569835663), (7, 0.2256278097629547), (8, 0.19856631755828857), (9, 0.20917019248008728), (0, 0.19687387347221375), (1, 0.1740386188030243), (2, 0.1902182549238205), (3, 0.1904478669166565), (4, 0.1964685469865799), (5, 0.17895719408988953), (6, 0.17436428368091583), (7, 0.17257457971572876), (8, 0.17561905086040497), (9, 0.1473359614610672), (0, 0.17731580138206482), (1, 0.14362868666648865), (2, 0.15758772194385529), (3, 0.15208876132965088), (4, 0.16032731533050537), (5, 0.17402201890945435), (6, 0.1533767580986023), (7, 0.15551428496837616), (8, 0.16818930208683014), (9, 0.208163782954216), (0, 0.14101019501686096), (1, 0.15770165622234344), (2, 0.1317066103219986), (3, 0.13994528353214264), (4, 0.1430361568927765), (5, 0.1654013693332672), (6, 0.1623418629169464), (7, 0.1477983146905899), (8, 0.1367434859275818), (9, 0.14703422784805298), (0, 0.13212580978870392), (1, 0.1519320160150528), (2, 0.13845708966255188), (3, 0.12442240118980408), (4, 0.11649835854768753), (5, 0.12599533796310425), (6, 0.13206513226032257), (7, 0.12915271520614624), (8, 0.13069657981395721), (9, 0.16427646577358246), (0, 0.11541690677404404), (1, 0.12781941890716553), (2, 0.13371635973453522), (3, 0.11749955266714096), (4, 0.13704197108745575), (5, 0.10653910040855408), (6, 0.11106909811496735), (7, 0.11638783663511276), (8, 0.13107526302337646), (9, 0.10063471645116806), (0, 0.11112961173057556), (1, 0.1190238669514656), (2, 0.11693549901247025), (3, 0.13119983673095703), (4, 0.10596442967653275), (5, 0.09150370955467224), (6, 0.0989237055182457), (7, 0.10316409915685654), (8, 0.10769149661064148), (9, 0.10653546452522278), (0, 0.10126033425331116), (1, 0.0879489928483963), (2, 0.098060242831707), (3, 0.10012611746788025), (4, 0.11069614440202713), (5, 0.0892103835940361), (6, 0.09958406537771225), (7, 0.10709424316883087), (8, 0.1012861430644989), (9, 0.08470407128334045), (0, 0.08820006251335144), (1, 0.08892875909805298), (2, 0.09575231373310089), (3, 0.08818923681974411), (4, 0.08452418446540833), (5, 0.0904504656791687), (6, 0.10484815388917923), (7, 0.07809320092201233), (8, 0.08709118515253067), (9, 0.09209739416837692), (0, 0.0845477283000946), (1, 0.08600304275751114), (2, 0.07772918790578842), (3, 0.07255308330059052), (4, 0.0845489427447319), (5, 0.08975719660520554), (6, 0.07953374087810516), (7, 0.08645312488079071), (8, 0.07097059488296509), (9, 0.08925176411867142), (0, 0.06757762283086777), (1, 0.08354436606168747), (2, 0.06477507203817368), (3, 0.08218538016080856), (4, 0.0856660008430481), (5, 0.06882180273532867), (6, 0.062120046466588974), (7, 0.08332893997430801), (8, 0.08058780431747437), (9, 0.06794347614049911), (0, 0.06691643595695496), (1, 0.06824089586734772), (2, 0.07568525522947311), (3, 0.08143219351768494), (4, 0.06301708519458771), (5, 0.05997514724731445), (6, 0.06713279336690903), (7, 0.07156243920326233), (8, 0.06675596535205841), (9, 0.055853839963674545), (0, 0.06530427932739258), (1, 0.060127876698970795), (2, 0.05471120774745941), (3, 0.0694725289940834), (4, 0.0571548268198967), (5, 0.06329841911792755), (6, 0.056319430470466614), (7, 0.05985137075185776), (8, 0.05789818614721298), (9, 0.05230138823390007), (0, 0.05491875484585762), (1, 0.048863932490348816), (2, 0.05641588568687439), (3, 0.057492394000291824), (4, 0.058250971138477325), (5, 0.051540862768888474), (6, 0.0572044663131237), (7, 0.05417482554912567), (8, 0.03989057242870331), (9, 0.03914647921919823), (0, 0.04292130097746849), (1, 0.0571637824177742), (2, 0.0496293306350708), (3, 0.04485880956053734), (4, 0.04519954323768616), (5, 0.04754230007529259), (6, 0.04876058176159859), (7, 0.03786429017782211), (8, 0.04120679199695587), (9, 0.03957235440611839), (0, 0.038031212985515594), (1, 0.03954469785094261), (2, 0.04521937295794487), (3, 0.03702254593372345), (4, 0.043706055730581284), (5, 0.03925907239317894), (6, 0.03511620685458183), (7, 0.040611397475004196), (8, 0.040880702435970306), (9, 0.03598814457654953), (0, 0.037461649626493454), (1, 0.03547395393252373), (2, 0.03695179522037506), (3, 0.03677947446703911), (4, 0.03228490427136421), (5, 0.03540833294391632), (6, 0.036496926099061966), (7, 0.03561349958181381), (8, 0.03483394905924797), (9, 0.028722066432237625), (0, 0.03396611660718918), (1, 0.03183262050151825), (2, 0.03628099709749222), (3, 0.029953856021165848), (4, 0.028234897181391716), (5, 0.03322184085845947), (6, 0.03305418789386749), (7, 0.028590701520442963), (8, 0.03211040794849396), (9, 0.029971571639180183), (0, 0.03334708884358406), (1, 0.031649231910705566), (2, 0.02863374538719654), (3, 0.031033940613269806), (4, 0.029635414481163025), (5, 0.028712505474686623), (6, 0.026614565402269363), (7, 0.026655249297618866), (8, 0.023876624181866646), (9, 0.02707180567085743), (0, 0.028046252205967903), (1, 0.027416374534368515), (2, 0.0263658594340086), (3, 0.02948411926627159), (4, 0.02512231096625328), (5, 0.027364758774638176), (6, 0.025162314996123314), (7, 0.024057207629084587), (8, 0.024237031117081642), (9, 0.023983413353562355), (0, 0.026320088654756546), (1, 0.02320965565741062), (2, 0.026257086545228958), (3, 0.026306206360459328), (4, 0.02390197664499283), (5, 0.024752609431743622), (6, 0.023557474836707115), (7, 0.021743543446063995), (8, 0.02147729881107807), (9, 0.02283082716166973), (0, 0.02191605046391487), (1, 0.023583319038152695), (2, 0.024131713435053825), (3, 0.0240019503980875), (4, 0.021257348358631134), (5, 0.021440166980028152), (6, 0.020852379500865936), (7, 0.018834762275218964), (8, 0.022193357348442078), (9, 0.022968953475356102), (0, 0.02020193822681904), (1, 0.02087395451962948), (2, 0.020618831738829613), (3, 0.02054906077682972), (4, 0.01956489495933056), (5, 0.02040281519293785), (6, 0.016447000205516815), (7, 0.02118576690554619), (8, 0.02172696776688099), (9, 0.02256031520664692), (0, 0.020399972796440125), (1, 0.02182113565504551), (2, 0.018994607031345367), (3, 0.017036352306604385), (4, 0.018524503335356712), (5, 0.023949438706040382), (6, 0.016093166545033455), (7, 0.01802501268684864), (8, 0.015847623348236084), (9, 0.01655714586377144), (0, 0.017912115901708603), (1, 0.016124829649925232), (2, 0.01933419145643711), (3, 0.015497270971536636), (4, 0.020175723358988762), (5, 0.017100859433412552), (6, 0.01708086207509041), (7, 0.018621528521180153), (8, 0.01637776754796505), (9, 0.016865186393260956), (0, 0.018377400934696198), (1, 0.018612107262015343), (2, 0.018094226717948914), (3, 0.014891935512423515), (4, 0.014147734269499779), (5, 0.016658853739500046), (6, 0.014770163223147392), (7, 0.015083118341863155), (8, 0.016860684379935265), (9, 0.016184382140636444), (0, 0.016004476696252823), (1, 0.01493825949728489), (2, 0.01603909209370613), (3, 0.01742441952228546), (4, 0.015463124960660934), (5, 0.016747336834669113), (6, 0.013903537765145302), (7, 0.013590969145298004), (8, 0.014940492808818817), (9, 0.011437748558819294), (0, 0.015873512253165245), (1, 0.01401878334581852), (2, 0.016550157219171524), (3, 0.014582782983779907), (4, 0.014391317032277584), (5, 0.01366748008877039), (6, 0.013003028929233551), (7, 0.014461644925177097), (8, 0.012710061855614185), (9, 0.012018515728414059), (0, 0.013335909694433212), (1, 0.01399142760783434), (2, 0.013829112984240055), (3, 0.011833413504064083), (4, 0.013560564257204533), (5, 0.014775149524211884), (6, 0.014017272740602493), (7, 0.012507043778896332), (8, 0.013023081235587597), (9, 0.012092266231775284), (0, 0.012988286092877388), (1, 0.013257462531328201), (2, 0.011338945478200912), (3, 0.012209346517920494), (4, 0.012538300827145576), (5, 0.013838143087923527), (6, 0.011727485805749893), (7, 0.01299662608653307), (8, 0.01177256926894188), (9, 0.012397154234349728), (0, 0.010952533222734928), (1, 0.01192169263958931), (2, 0.013937976211309433), (3, 0.01183485146611929), (4, 0.011360350996255875), (5, 0.011160732246935368), (6, 0.012760203331708908), (7, 0.010278616100549698), (8, 0.011124777607619762), (9, 0.01297728531062603), (0, 0.011216554790735245), (1, 0.011531004682183266), (2, 0.012100986205041409), (3, 0.012339348904788494), (4, 0.010574468411505222), (5, 0.012189352884888649), (6, 0.011096904054284096), (7, 0.009801702573895454), (8, 0.010304535739123821), (9, 0.008609907701611519), (0, 0.01135046686977148), (1, 0.01055560726672411), (2, 0.009864389896392822), (3, 0.011349265463650227), (4, 0.0101486686617136), (5, 0.010437068529427052), (6, 0.010514462366700172), (7, 0.0106047997251153), (8, 0.009980930015444756), (9, 0.009774666279554367), (0, 0.010302199050784111), (1, 0.008870277553796768), (2, 0.011173542588949203), (3, 0.010935542173683643), (4, 0.0082037802785635), (5, 0.010444080457091331), (6, 0.008702189661562443), (7, 0.010098554193973541), (8, 0.010606026276946068), (9, 0.010201739147305489), (0, 0.01035875454545021), (1, 0.008572498336434364), (2, 0.009153241291642189), (3, 0.008476427756249905), (4, 0.010408864356577396), (5, 0.010836562141776085), (6, 0.009907679632306099), (7, 0.008258197456598282), (8, 0.009792353957891464), (9, 0.007656576577574015), (0, 0.009329007007181644), (1, 0.01003621332347393), (2, 0.008487246930599213), (3, 0.008835693821310997), (4, 0.008713269606232643), (5, 0.008827085606753826), (6, 0.008445932529866695), (7, 0.009650944732129574), (8, 0.009306500665843487), (9, 0.006764812860637903), (0, 0.007936284877359867), (1, 0.009637278504669666), (2, 0.009406949393451214), (3, 0.008965834975242615), (4, 0.008240056224167347), (5, 0.007955541834235191), (6, 0.008702551946043968), (7, 0.007999544031918049), (8, 0.00782688893377781), (9, 0.008706091903150082), (0, 0.008024747483432293), (1, 0.008676372468471527), (2, 0.009984302334487438), (3, 0.00793443899601698), (4, 0.008609644137322903), (5, 0.007906702347099781), (6, 0.007460709195584059), (7, 0.007228551432490349), (8, 0.007627902086824179), (9, 0.0074098967015743256), (0, 0.008075172081589699), (1, 0.007201866712421179), (2, 0.008243606425821781), (3, 0.00677688280120492), (4, 0.007166656665503979), (5, 0.007935254834592342), (6, 0.007713980041444302), (7, 0.007800145540386438), (8, 0.0091902706772089), (9, 0.006917987018823624), (0, 0.007145380601286888), (1, 0.008292067795991898), (2, 0.006409934256225824), (3, 0.00799615029245615), (4, 0.006710269954055548), (5, 0.008344343863427639), (6, 0.007627361454069614), (7, 0.006713478360325098), (8, 0.007956290617585182), (9, 0.006129503715783358), (0, 0.008083664812147617), (1, 0.0070496476255357265), (2, 0.007527057081460953), (3, 0.0072429911233484745), (4, 0.0071558053605258465), (5, 0.006799405440688133), (6, 0.006939110811799765), (7, 0.006258264183998108), (8, 0.007032173685729504), (9, 0.006313260179013014), (0, 0.00709083816036582), (1, 0.005862736608833075), (2, 0.006544861942529678), (3, 0.006836379878222942), (4, 0.006995400879532099), (5, 0.00684270728379488), (6, 0.007397491484880447), (7, 0.006971669849008322), (8, 0.006894799880683422), (9, 0.0057589467614889145), (0, 0.00724163418635726), (1, 0.006579008884727955), (2, 0.006398073397576809), (3, 0.005696249194443226), (4, 0.0073177809827029705), (5, 0.007354477420449257), (6, 0.006129717919975519), (7, 0.0058150445111095905), (8, 0.006047307979315519), (9, 0.00628209812566638), (0, 0.005928254220634699), (1, 0.006002617068588734), (2, 0.00639520026743412), (3, 0.006833441089838743), (4, 0.006124902982264757), (5, 0.006740146316587925), (6, 0.005226485896855593), (7, 0.006221876014024019), (8, 0.006337127182632685), (9, 0.006696043070405722), (0, 0.006257612258195877), (1, 0.006793883629143238), (2, 0.005842327605932951), (3, 0.005902966950088739), (4, 0.0062048365361988544), (5, 0.0054615880362689495), (6, 0.005964161362498999), (7, 0.006350542884320021), (8, 0.00554725993424654), (9, 0.004982586484402418), (0, 0.0058891368098556995), (1, 0.005791130010038614), (2, 0.006036424543708563), (3, 0.0058532459661364555), (4, 0.006397057790309191), (5, 0.0058977543376386166), (6, 0.005680606234818697), (7, 0.005876495037227869), (8, 0.0048253401182591915), (9, 0.004808762110769749), (0, 0.0058621917851269245), (1, 0.005201761610805988), (2, 0.00547423679381609), (3, 0.005239829886704683), (4, 0.005282449536025524), (5, 0.004721899516880512), (6, 0.0061827655881643295), (7, 0.005692061968147755), (8, 0.006229518447071314), (9, 0.005360906012356281), (0, 0.004991677589714527), (1, 0.005140594206750393), (2, 0.0061070118099451065), (3, 0.004781404975801706), (4, 0.004961563739925623), (5, 0.005299244076013565), (6, 0.005874491296708584), (7, 0.005192776210606098), (8, 0.005329266656190157), (9, 0.0058392370119690895), (0, 0.005067735444754362), (1, 0.005810290575027466), (2, 0.005010944791138172), (3, 0.004529885482043028), (4, 0.005319082643836737), (5, 0.005447298288345337), (6, 0.005212245974689722), (7, 0.004612560849636793), (8, 0.005386375822126865), (9, 0.004725353792309761), (0, 0.004693735856562853), (1, 0.0049437712877988815), (2, 0.004521464463323355), (3, 0.005050851497799158), (4, 0.005266127176582813), (5, 0.005104346666485071), (6, 0.005141535773873329), (7, 0.005086639430373907), (8, 0.0054312702268362045), (9, 0.0035132565535604954), (0, 0.005171868950128555), (1, 0.004590469412505627), (2, 0.004620711784809828), (3, 0.004358289297670126), (4, 0.0047490717843174934), (5, 0.004596583545207977), (6, 0.0045523266308009624), (7, 0.005285750143229961), (8, 0.004995633848011494), (9, 0.004884473048150539), (0, 0.004369674250483513), (1, 0.004822635557502508), (2, 0.004085395485162735), (3, 0.0047552501782774925), (4, 0.0051929159089922905), (5, 0.004498168360441923), (6, 0.004402381367981434), (7, 0.004850022494792938), (8, 0.004387015476822853), (9, 0.004878650419414043), (0, 0.004457405768334866), (1, 0.00433265371248126), (2, 0.004060085862874985), (3, 0.00422551529482007), (4, 0.004778833594173193), (5, 0.005207890644669533), (6, 0.004945581778883934), (7, 0.0038014238234609365), (8, 0.004196109715849161), (9, 0.004690250847488642), (0, 0.0034132024738937616), (1, 0.004084392916411161), (2, 0.004267930518835783), (3, 0.004566543269902468), (4, 0.004561892710626125), (5, 0.00464469101279974), (6, 0.004465239588171244), (7, 0.004182191099971533), (8, 0.0038493028841912746), (9, 0.005754843819886446), (0, 0.004030062351375818), (1, 0.0041011618450284), (2, 0.004343828186392784), (3, 0.004363297019153833), (4, 0.003965325187891722), (5, 0.0045403121039271355), (6, 0.004176540300250053), (7, 0.004237930756062269), (8, 0.004128633067011833), (9, 0.0034160807263106108), (0, 0.004169128835201263), (1, 0.0044664121232926846), (2, 0.003751621348783374), (3, 0.0036275049205869436), (4, 0.0043587158434093), (5, 0.004050716292113066), (6, 0.0037940603215247393), (7, 0.0041684978641569614), (8, 0.004124749917536974), (9, 0.0035957428626716137), (0, 0.004374203272163868), (1, 0.0038895374163985252), (2, 0.003818559693172574), (3, 0.0038415289018303156), (4, 0.003570682369172573), (5, 0.0037625653203576803), (6, 0.004054537508636713), (7, 0.0037940354086458683), (8, 0.004327625501900911), (9, 0.003395260078832507), (0, 0.0030818344093859196), (1, 0.004115750081837177), (2, 0.0032975715585052967), (3, 0.004195204470306635), (4, 0.004228603560477495), (5, 0.004060681909322739), (6, 0.0036519693676382303), (7, 0.00390565930865705), (8, 0.0034721556585282087), (9, 0.0039199297316372395), (0, 0.003969317302107811), (1, 0.0038270330987870693), (2, 0.0037775766104459763), (3, 0.0040403674356639385), (4, 0.0034159398637712), (5, 0.0036460000555962324), (6, 0.003094339044764638), (7, 0.003846920095384121), (8, 0.0034904733765870333), (9, 0.0035475301556289196), (0, 0.0035208009649068117), (1, 0.0035653053782880306), (2, 0.003369706217199564), (3, 0.003581282217055559), (4, 0.003775279503315687), (5, 0.0034622186794877052), (6, 0.004195628222078085), (7, 0.0030804043635725975), (8, 0.003505545202642679), (9, 0.0035194656811654568), (0, 0.003205446293577552), (1, 0.003140736138448119), (2, 0.003534796880558133), (3, 0.003972046077251434), (4, 0.003737210063263774), (5, 0.0037555992603302), (6, 0.0034326291643083096), (7, 0.0029576749075204134), (8, 0.003317815251648426), (9, 0.0035461867228150368), (0, 0.0032516345381736755), (1, 0.003193385899066925), (2, 0.0033954186365008354), (3, 0.003799675963819027), (4, 0.002795153297483921), (5, 0.003378772409632802), (6, 0.0033443239517509937), (7, 0.003217661054804921), (8, 0.0037352461367845535), (9, 0.0035584724973887205), (0, 0.0032303165644407272), (1, 0.0032586941961199045), (2, 0.003517656121402979), (3, 0.003323939396068454), (4, 0.0033886698074638844), (5, 0.0033349189907312393), (6, 0.0030830102041363716), (7, 0.0033319471403956413), (8, 0.003051896346732974), (9, 0.0029080705717206), (0, 0.002802671166136861), (1, 0.0029604763258248568), (2, 0.003352205501869321), (3, 0.003336919005960226), (4, 0.003007749328389764), (5, 0.00337186804972589), (6, 0.0034368226770311594), (7, 0.0029193079099059105), (8, 0.0032532736659049988), (9, 0.0033289894927293062), (0, 0.003174453042447567), (1, 0.002784535987302661), (2, 0.003276258008554578), (3, 0.0031427231151610613), (4, 0.00288582150824368), (5, 0.0031680860556662083), (6, 0.0029530504252761602), (7, 0.0030077099800109863), (8, 0.0033412021584808826), (9, 0.0030683951918035746), (0, 0.003255561925470829), (1, 0.0030143288895487785), (2, 0.003090951358899474), (3, 0.0030348170548677444), (4, 0.0026894723996520042), (5, 0.00305692246183753), (6, 0.0030626824591308832), (7, 0.0027367437724024057), (8, 0.0030761081725358963), (9, 0.0029222078155726194), (0, 0.0025820136070251465), (1, 0.0024853781796991825), (2, 0.003031992819160223), (3, 0.0029199805576354265), (4, 0.0030723130330443382), (5, 0.0031797713600099087), (6, 0.003318018512800336), (7, 0.0027890591882169247), (8, 0.0030686580576002598), (9, 0.0025335841346532106), (0, 0.0034350836649537086), (1, 0.002422719495370984), (2, 0.002733543748036027), (3, 0.0031393617391586304), (4, 0.0029658458661288023), (5, 0.0030324605759233236), (6, 0.0020024164114147425), (7, 0.0028132006991654634), (8, 0.00308249588124454), (9, 0.002722415840253234), (0, 0.0029815465677529573), (1, 0.0027109691873192787), (2, 0.0026970726903527975), (3, 0.002663921331986785), (4, 0.002721006516367197), (5, 0.0028725063893944025), (6, 0.0030932568479329348), (7, 0.0025219684466719627), (8, 0.0026891527231782675), (9, 0.002672380767762661), (0, 0.002827384974807501), (1, 0.0028909179382026196), (2, 0.0027730269357562065), (3, 0.0027951477095484734), (4, 0.002730001462623477), (5, 0.002577790291979909), (6, 0.0027927979826927185), (7, 0.0022794860415160656), (8, 0.0025318237021565437), (9, 0.002829785691574216), (0, 0.00305889337323606), (1, 0.00254691275767982), (2, 0.002488280413672328), (3, 0.002500442322343588), (4, 0.0028519947081804276), (5, 0.0025719990953803062), (6, 0.002463420620188117), (7, 0.0024521821178495884), (8, 0.002584489295259118), (9, 0.0029142936691641808), (0, 0.002633407013490796), (1, 0.0027889003977179527), (2, 0.002408078406006098), (3, 0.0025287119206041098), (4, 0.0030427786987274885), (5, 0.002291945042088628), (6, 0.0024241663049906492), (7, 0.002492771716788411), (8, 0.002380943391472101), (9, 0.002724235877394676), (0, 0.0029378191102296114), (1, 0.002860546810552478), (2, 0.002204091753810644), (3, 0.002396699972450733), (4, 0.002565394388511777), (5, 0.0023572943173348904), (6, 0.0025498250033706427), (7, 0.0023421950172632933), (8, 0.0023656196426600218), (9, 0.0023577571846544743), (0, 0.002268821932375431), (1, 0.002376632299274206), (2, 0.0023323737550526857), (3, 0.00230544270016253), (4, 0.0024184775538742542), (5, 0.0025510918349027634), (6, 0.0026418271008878946), (7, 0.002453482709825039), (8, 0.0025891694240272045), (9, 0.002458530245348811), (0, 0.002466798759996891), (1, 0.0024444202426820993), (2, 0.002267882227897644), (3, 0.0022677206434309483), (4, 0.0023865969851613045), (5, 0.0023985907901078463), (6, 0.002377453725785017), (7, 0.0026100685354322195), (8, 0.002296950900927186), (9, 0.002198147587478161), (0, 0.0023757931776344776), (1, 0.0023243650794029236), (2, 0.0026215780526399612), (3, 0.0021423413418233395), (4, 0.002202125731855631), (5, 0.0019232445629313588), (6, 0.0023394504096359015), (7, 0.0022847794461995363), (8, 0.0025019238237291574), (9, 0.002726583508774638), (0, 0.002347462112084031), (1, 0.0021528301294893026), (2, 0.002254805527627468), (3, 0.00231737457215786), (4, 0.0020069261081516743), (5, 0.002407684223726392), (6, 0.002159134251996875), (7, 0.0020481878891587257), (8, 0.0027800912503153086), (9, 0.00220753182657063), (0, 0.0021033212542533875), (1, 0.0022179903462529182), (2, 0.0022543570958077908), (3, 0.0024001069832593203), (4, 0.002572223311290145), (5, 0.0020349761471152306), (6, 0.002114665461704135), (7, 0.0021221572533249855), (8, 0.0022224178537726402), (9, 0.0020740197505801916), (0, 0.002214857144281268), (1, 0.002569850068539381), (2, 0.0020938285160809755), (3, 0.0018816313240677118), (4, 0.0020709792152047157), (5, 0.0019413987174630165), (6, 0.0021293412428349257), (7, 0.002258200431242585), (8, 0.002386142499744892), (9, 0.0021046390756964684), (0, 0.0023213359527289867), (1, 0.002244560979306698), (2, 0.002357648918405175), (3, 0.002092807088047266), (4, 0.0019818253349512815), (5, 0.0020241783931851387), (6, 0.0020750677213072777), (7, 0.0017768548568710685), (8, 0.0022169933654367924), (9, 0.0020997629035264254), (0, 0.0021033703815191984), (1, 0.0018163450295105577), (2, 0.001697866595350206), (3, 0.002331305993720889), (4, 0.0020592359360307455), (5, 0.002033182652667165), (6, 0.0022347557824105024), (7, 0.002114825649186969), (8, 0.0021559493616223335), (9, 0.0022784166503697634), (0, 0.0019696287345141172), (1, 0.002094938652589917), (2, 0.0019994177855551243), (3, 0.0017946739681065083), (4, 0.002231291029602289), (5, 0.0019970980938524008), (6, 0.0020570592023432255), (7, 0.002032466698437929), (8, 0.002024879213422537), (9, 0.002125160302966833), (0, 0.0020631193183362484), (1, 0.0015920527512207627), (2, 0.0017624774482101202), (3, 0.0022357888519763947), (4, 0.0020796735771000385), (5, 0.002069784328341484), (6, 0.0017349037807434797), (7, 0.0021179034374654293), (8, 0.002199542475864291), (9, 0.0019682906568050385), (0, 0.0018803323619067669), (1, 0.0017217163695022464), (2, 0.0019042391795665026), (3, 0.002027239417657256), (4, 0.0018505367916077375), (5, 0.0020145252346992493), (6, 0.002037163358181715), (7, 0.001809949753805995), (8, 0.002012926386669278), (9, 0.0023590419441461563), (0, 0.0019144149264320731), (1, 0.001986975548788905), (2, 0.0016980560030788183), (3, 0.002197305904701352), (4, 0.0019563056994229555), (5, 0.002073034644126892), (6, 0.0017530047334730625), (7, 0.0017290664836764336), (8, 0.0019941802602261305), (9, 0.0015042158775031567), (0, 0.0020288140513002872), (1, 0.0017612198134884238), (2, 0.0018507195636630058), (3, 0.0017365487292408943), (4, 0.001898094080388546), (5, 0.0019605730194598436), (6, 0.001845537219196558), (7, 0.0018500862643122673), (8, 0.0019146075937896967), (9, 0.0016574976034462452), (0, 0.001756921992637217), (1, 0.0018414206570014358), (2, 0.001906544086523354), (3, 0.0018608629470691085), (4, 0.001974973129108548), (5, 0.0017976223025470972), (6, 0.001845194143243134), (7, 0.0018658830085769296), (8, 0.001549743814393878), (9, 0.0018268739804625511), (0, 0.001875493791885674), (1, 0.0019545245449990034), (2, 0.0015026313485577703), (3, 0.0018834139918908477), (4, 0.0018979482119902968), (5, 0.0017367707332596183), (6, 0.001745107932947576), (7, 0.0016343555180355906), (8, 0.0018219191115349531), (9, 0.0018122625770047307), (0, 0.0016830804524943233), (1, 0.0018050200305879116), (2, 0.0016724057495594025), (3, 0.0017923308769240975), (4, 0.0018464328022673726), (5, 0.0017458624206483364), (6, 0.0015328682493418455), (7, 0.001703105284832418), (8, 0.0018652863800525665), (9, 0.0019565459806472063), (0, 0.0016808798536658287), (1, 0.0018892505904659629), (2, 0.001759246690198779), (3, 0.0017134473891928792), (4, 0.0017669593216851354), (5, 0.0016788081265985966), (6, 0.0017041665269061923), (7, 0.0016206742729991674), (8, 0.0016519613564014435), (9, 0.0016577551141381264), (0, 0.0016936464235186577), (1, 0.00145617441739887), (2, 0.0017475117929279804), (3, 0.0016224103746935725), (4, 0.0016338047571480274), (5, 0.0017877077916637063), (6, 0.0017497469671070576), (7, 0.00182034308090806), (8, 0.0016585263656452298), (9, 0.0015821893466636539), (0, 0.001609420171007514), (1, 0.0014536664821207523), (2, 0.0017669769003987312), (3, 0.001780648366548121), (4, 0.0017809792188927531), (5, 0.0017123110592365265), (6, 0.0015714250039309263), (7, 0.0015964616322889924), (8, 0.0016859136521816254), (9, 0.0014004389522597194), (0, 0.0016834819689393044), (1, 0.0017334978329017758), (2, 0.0015453154919669032), (3, 0.0015454716049134731), (4, 0.0014900368405506015), (5, 0.001740222331136465), (6, 0.001623758696950972), (7, 0.0014846372650936246), (8, 0.0016538433264940977), (9, 0.0017114999936893582), (0, 0.0014643269823864102), (1, 0.0017061621183529496), (2, 0.0015153149142861366), (3, 0.0015601895283907652), (4, 0.0016825380735099316), (5, 0.0016104133101180196), (6, 0.0016645063878968358), (7, 0.001468535978347063), (8, 0.0014535709051415324), (9, 0.001860918360762298), (0, 0.0019113272428512573), (1, 0.0013205541763454676), (2, 0.0015039271675050259), (3, 0.0015646549873054028), (4, 0.0015665978426113725), (5, 0.0015924526378512383), (6, 0.0017098597018048167), (7, 0.0013190365862101316), (8, 0.0014653196558356285), (9, 0.0016409442760050297), (0, 0.001731212018057704), (1, 0.001592249027453363), (2, 0.0016376068815588951), (3, 0.001593304448761046), (4, 0.0015499431174248457), (5, 0.001551934634335339), (6, 0.001414911006577313), (7, 0.0012988978996872902), (8, 0.0013762376038357615), (9, 0.0014988139737397432), (0, 0.001475163851864636), (1, 0.0015050342772156), (2, 0.001696780789643526), (3, 0.0016360831214115024), (4, 0.001554059679619968), (5, 0.0014658563304692507), (6, 0.001489971880801022), (7, 0.0013592169852927327), (8, 0.0013798953732475638), (9, 0.0013294718228280544), (0, 0.0015050065703690052), (1, 0.0014820200158283114), (2, 0.0013775834813714027), (3, 0.0013943298254162073), (4, 0.001503686304204166), (5, 0.0014653530670329928), (6, 0.0014575269306078553), (7, 0.00152926507871598), (8, 0.001569308340549469), (9, 0.0013510982971638441), (0, 0.001264370046555996), (1, 0.001355823827907443), (2, 0.0013618505327031016), (3, 0.001426944974809885), (4, 0.0015329208690673113), (5, 0.0014642361784353852), (6, 0.0017675567651167512), (7, 0.0014069682219997048), (8, 0.0014408208662644029), (9, 0.001373490085825324), (0, 0.0013675601221621037), (1, 0.0013596761273220181), (2, 0.0014471046160906553), (3, 0.00147940160240978), (4, 0.00161356118042022), (5, 0.0013021889608353376), (6, 0.001481267623603344), (7, 0.0013188585871830583), (8, 0.0013566758716478944), (9, 0.0014858267968520522), (0, 0.001264158054254949), (1, 0.0013760701986029744), (2, 0.0013384930789470673), (3, 0.0016152184689417481), (4, 0.0012953807599842548), (5, 0.0012570045655593276), (6, 0.0015472382074221969), (7, 0.0014729391550645232), (8, 0.0012981211766600609), (9, 0.0015132478438317776), (0, 0.0014493390917778015), (1, 0.0014088994357734919), (2, 0.001401252462528646), (3, 0.0014046750729903579), (4, 0.0014616549015045166), (5, 0.0013883349020034075), (6, 0.0012926601339131594), (7, 0.0011540860868990421), (8, 0.0013890278059989214), (9, 0.0012829108163714409), (0, 0.0013253429206088185), (1, 0.0013045750092715025), (2, 0.001301543670706451), (3, 0.0014330291887745261), (4, 0.0013715088134631515), (5, 0.001368601806461811), (6, 0.0012475547846406698), (7, 0.0013071978464722633), (8, 0.001380041940137744), (9, 0.0014381889486685395), (0, 0.0012514539994299412), (1, 0.0014202462043613195), (2, 0.001381468609906733), (3, 0.0013501086505129933), (4, 0.0012344606220722198), (5, 0.001296828966587782), (6, 0.0012268153950572014), (7, 0.0011393071617931128), (8, 0.0015714782057330012), (9, 0.0013318125857040286), (0, 0.0013008994283154607), (1, 0.0011015244526788592), (2, 0.0014185276813805103), (3, 0.0014287899248301983), (4, 0.0014362644869834185), (5, 0.0012050892692059278), (6, 0.001358622219413519), (7, 0.0011216127313673496), (8, 0.0013299532001838088), (9, 0.0012408497277647257), (0, 0.0010931517463177443), (1, 0.0013158575166016817), (2, 0.0012527208309620619), (3, 0.0012729917652904987), (4, 0.0013142275856807828), (5, 0.0014336886815726757), (6, 0.0013315783580765128), (7, 0.0011170688085258007), (8, 0.0012222343357279897), (9, 0.0015077716670930386), (0, 0.0012361358385533094), (1, 0.0012775248615071177), (2, 0.0012214644812047482), (3, 0.0012080121086910367), (4, 0.0013010065304115415), (5, 0.001199247082695365), (6, 0.0013620833633467555), (7, 0.0012882852461189032), (8, 0.0011372171575203538), (9, 0.0013471245765686035), (0, 0.001171488780528307), (1, 0.0011829015566036105), (2, 0.0013177625369280577), (3, 0.001235330943018198), (4, 0.0014878890942782164), (5, 0.0012694564647972584), (6, 0.0011952853528782725), (7, 0.001075299340300262), (8, 0.001159526640549302), (9, 0.0012168000685051084), (0, 0.001251542242243886), (1, 0.0012469117064028978), (2, 0.0012644772650673985), (3, 0.0010224359575659037), (4, 0.0014316720189526677), (5, 0.001122951158322394), (6, 0.0011128219775855541), (7, 0.0012359109241515398), (8, 0.0012036706320941448), (9, 0.0012284638360142708), (0, 0.0012408503098413348), (1, 0.0012149724643677473), (2, 0.001187278889119625), (3, 0.001438354840502143), (4, 0.0010912725701928139), (5, 0.0011197361163794994), (6, 0.0011508166790008545), (7, 0.0011199645232409239), (8, 0.0011714600259438157), (9, 0.0011654916452243924), (0, 0.0011527439346536994), (1, 0.0013164286501705647), (2, 0.001259674783796072), (3, 0.0012589782709255815), (4, 0.0011055838549509645), (5, 0.0011866390705108643), (6, 0.00108846346847713), (7, 0.0011914371279999614), (8, 0.001100801513530314), (9, 0.0009419937268830836), (0, 0.001191711169667542), (1, 0.0012794059002771974), (2, 0.001157416612841189), (3, 0.0011998442932963371), (4, 0.0012130497489124537), (5, 0.0010940092615783215), (6, 0.0010443917708471417), (7, 0.001162359258159995), (8, 0.0010243700817227364), (9, 0.00116929248906672), (0, 0.0010447271633893251), (1, 0.001122389454394579), (2, 0.00116546091157943), (3, 0.001094356644898653), (4, 0.0011560431448742747), (5, 0.0011582043953239918), (6, 0.0009764187852852046), (7, 0.0011083469726145267), (8, 0.0011977996909990907), (9, 0.0014962614513933659), (0, 0.001115648658014834), (1, 0.0012170174159109592), (2, 0.0011415163753554225), (3, 0.0010781754972413182), (4, 0.0010732426308095455), (5, 0.0011927734594792128), (6, 0.001216814504005015), (7, 0.0011026767315343022), (8, 0.0010157121578231454), (9, 0.0009008126799017191), (0, 0.0011786986142396927), (1, 0.001239407924003899), (2, 0.0010769133223220706), (3, 0.0010177356889471412), (4, 0.0011336109600961208), (5, 0.000995444948785007), (6, 0.0010777669958770275), (7, 0.0010479727061465383), (8, 0.0010901537025347352), (9, 0.0011545433662831783), (0, 0.0010360042797401547), (1, 0.0012011009966954589), (2, 0.0011471443576738238), (3, 0.0011747847311198711), (4, 0.0011387178674340248), (5, 0.0010239316616207361), (6, 0.0010323929600417614), (7, 0.0010549724102020264), (8, 0.0010289428755640984), (9, 0.0008643242181278765), (0, 0.0009996892185881734), (1, 0.0011391903972253203), (2, 0.0010534642497077584), (3, 0.0010287297191098332), (4, 0.0011890617897734046), (5, 0.001078061992302537), (6, 0.0010244608856737614), (7, 0.0011541596613824368), (8, 0.0009522815817035735), (9, 0.000977216404862702), (0, 0.001023019547574222), (1, 0.0010236568050459027), (2, 0.0011173103703185916), (3, 0.001126526272855699), (4, 0.0010310086654499173), (5, 0.0010640376713126898), (6, 0.0010035603772848845), (7, 0.0009555581491440535), (8, 0.0010201766854152083), (9, 0.001183006213977933), (0, 0.0010110215516760945), (1, 0.0011231793323531747), (2, 0.0010184085695073009), (3, 0.000997206661850214), (4, 0.0010037290630862117), (5, 0.0010426141088828444), (6, 0.0008936776430346072), (7, 0.0011041261022910476), (8, 0.0011091988999396563), (9, 0.0009999638423323631), (0, 0.0010409537935629487), (1, 0.001030180137604475), (2, 0.0009544440545141697), (3, 0.0010664056753739715), (4, 0.0010334806283935905), (5, 0.001002213335596025), (6, 0.0010022439528256655), (7, 0.000858460960444063), (8, 0.0011405693367123604), (9, 0.0010469809640198946), (0, 0.000886193651240319), (1, 0.0009701789822429419), (2, 0.0009384640143252909), (3, 0.0011922131525352597), (4, 0.0009606999228708446), (5, 0.0009737798827700317), (6, 0.0008951861527748406), (7, 0.0011486418079584837), (8, 0.000982398632913828), (9, 0.0011085012229159474), (0, 0.0008597570704296231), (1, 0.0010141379898414016), (2, 0.0011117681860923767), (3, 0.0010312305530533195), (4, 0.0010137780336663127), (5, 0.0009187582181766629), (6, 0.000990352244116366), (7, 0.0010541795054450631), (8, 0.0009527988149784505), (9, 0.0008273959974758327), (0, 0.0010559364454820752), (1, 0.0009038240532390773), (2, 0.0010040883207693696), (3, 0.0010269328486174345), (4, 0.0008634086116217077), (5, 0.0008872611215338111), (6, 0.0010171099565923214), (7, 0.0009096210706047714), (8, 0.0010258519323542714), (9, 0.0010488630505278707), (0, 0.0008821455994620919), (1, 0.0008695770520716906), (2, 0.0009943448239937425), (3, 0.0009839896811172366), (4, 0.0010064106900244951), (5, 0.0008513038628734648), (6, 0.0010768737411126494), (7, 0.000966954103205353), (8, 0.0009994630236178637), (9, 0.0009000027785077691), (0, 0.0009790626354515553), (1, 0.000983942998573184), (2, 0.0008463779231533408), (3, 0.0009580994956195354), (4, 0.0009341241675429046), (5, 0.0009492959943599999), (6, 0.0009973959531635046), (7, 0.0009953328408300877), (8, 0.0008198129944503307), (9, 0.0009710164158605039), (0, 0.0008867111755535007), (1, 0.0009389011538587511), (2, 0.0008695412543602288), (3, 0.0009917909046635032), (4, 0.0010219744872301817), (5, 0.0008781091310083866), (6, 0.0008878170046955347), (7, 0.0009923179168254137), (8, 0.0008745068334974349), (9, 0.0009507635259069502), (0, 0.0008639233419671655), (1, 0.0009926811326295137), (2, 0.0011924173450097442), (3, 0.0008782033110037446), (4, 0.0009069975349120796), (5, 0.0009284027037210763), (6, 0.0008590237121097744), (7, 0.0008381340885534883), (8, 0.0007589115994051099), (9, 0.0009443875169381499), (0, 0.0008512588683515787), (1, 0.0008786942926235497), (2, 0.0008946124580688775), (3, 0.0009068537037819624), (4, 0.0008979426347650588), (5, 0.0009083175100386143), (6, 0.0008728659013286233), (7, 0.001005662721581757), (8, 0.000886830675881356), (9, 0.0009183466318063438), (0, 0.0010248858015984297), (1, 0.0009359170217067003), (2, 0.0007536725606769323), (3, 0.0009383604628965259), (4, 0.0008145035826601088), (5, 0.0008040503598749638), (6, 0.0008615675615146756), (7, 0.0009055302361957729), (8, 0.0008428480941802263), (9, 0.0011218662839382887), (0, 0.0009134955471381545), (1, 0.0008853412582539022), (2, 0.0008216879796236753), (3, 0.000854086596518755), (4, 0.0008280639303848147), (5, 0.0009055502596311271), (6, 0.0008808130514807999), (7, 0.0008792806183919311), (8, 0.0008518681861460209), (9, 0.0010030162520706654), (0, 0.000955990282818675), (1, 0.0008157291449606419), (2, 0.0007697998080402613), (3, 0.0009430731297470629), (4, 0.0009490205557085574), (5, 0.0008210769155994058), (6, 0.0008868168224580586), (7, 0.0009031179361045361), (8, 0.0007138915243558586), (9, 0.0008890738827176392), (0, 0.0008118333062157035), (1, 0.0009406698518432677), (2, 0.0009486495982855558), (3, 0.0008886466966941953), (4, 0.00083155557513237), (5, 0.0008737043826840818), (6, 0.0008155434625223279), (7, 0.0008858256042003632), (8, 0.0007570257876068354), (9, 0.0006655801553279161), (0, 0.0008645345806144178), (1, 0.0007949123391881585), (2, 0.0008001584792509675), (3, 0.0008582277805544436), (4, 0.0008277741726487875), (5, 0.000755744578782469), (6, 0.0009075401467271149), (7, 0.0008704394567757845), (8, 0.000838573498185724), (9, 0.000906625296920538), (0, 0.0008445698185823858), (1, 0.0008514763321727514), (2, 0.0007725637406110764), (3, 0.0008354024030268192), (4, 0.0008572895894758403), (5, 0.0008196851122193038), (6, 0.0007980854716151953), (7, 0.0008796990150585771), (8, 0.0008278143359348178), (9, 0.0007560047670267522), (0, 0.0008339456398971379), (1, 0.0008630585507489741), (2, 0.0007048989064060152), (3, 0.0008410279406234622), (4, 0.000863327702973038), (5, 0.0008482048870064318), (6, 0.0007371497340500355), (7, 0.0007843190687708557), (8, 0.0009545024950057268), (9, 0.0006509211380034685), (0, 0.0008302452624775469), (1, 0.0007462314679287374), (2, 0.0007690433994866908), (3, 0.0007543708197772503), (4, 0.0008238072623498738), (5, 0.0008003254188224673), (6, 0.0008222386823035777), (7, 0.0008761701174080372), (8, 0.0008638242725282907), (9, 0.0007212329073809087), (0, 0.0008451331523247063), (1, 0.0008031459292396903), (2, 0.0008070681360550225), (3, 0.0007598178926855326), (4, 0.000696882838383317), (5, 0.0008559566922485828), (6, 0.0008310919511131942), (7, 0.0007519779610447586), (8, 0.0008099321858026087), (9, 0.0007687450270168483), (0, 0.0008089934126473963), (1, 0.0007470122072845697), (2, 0.0007276649703271687), (3, 0.0008064804133027792), (4, 0.000774331041611731), (5, 0.0007914825691841543), (6, 0.0008570626378059387), (7, 0.0008884591516107321), (8, 0.0006835926324129105), (9, 0.000716057198587805), (0, 0.0007451798301190138), (1, 0.0008074934594333172), (2, 0.0007036195020191371), (3, 0.0007610704633407295), (4, 0.00084814423462376), (5, 0.0008860626840032637), (6, 0.0008049924508668482), (7, 0.0007459389162249863), (8, 0.0006605178932659328), (9, 0.0007620122050866485), (0, 0.0006486563361249864), (1, 0.000813826103694737), (2, 0.0008488191524520516), (3, 0.0007354317349381745), (4, 0.0007044811500236392), (5, 0.0007822687039151788), (6, 0.0007208289462141693), (7, 0.0007349193328991532), (8, 0.0008340312633663416), (9, 0.0008423053659498692), (0, 0.0007521816878579557), (1, 0.0008321322966367006), (2, 0.0007933808374218643), (3, 0.0007137345382943749), (4, 0.0007544223917648196), (5, 0.0007266856846399605), (6, 0.0007044367375783622), (7, 0.0007406574441120028), (8, 0.0007949014543555677), (9, 0.0006727527361363173), (0, 0.0007381481118500233), (1, 0.0007568768924102187), (2, 0.0007478311890736222), (3, 0.0007691491628065705), (4, 0.0007234952063299716), (5, 0.0006609995034523308), (6, 0.0007647813763469458), (7, 0.0007470984128303826), (8, 0.0007515233010053635), (9, 0.0007895319140516222), (0, 0.0008497038506902754), (1, 0.0007433536811731756), (2, 0.0008071616175584495), (3, 0.0006269030272960663), (4, 0.0006945502245798707), (5, 0.0006384902517311275), (6, 0.0007590566528961062), (7, 0.0007194217760115862), (8, 0.0007944919634610415), (9, 0.0006568735698238015), (0, 0.0006912552053108811), (1, 0.0007525859982706606), (2, 0.0006541423499584198), (3, 0.0006826847675256431), (4, 0.0007225918816402555), (5, 0.0006552358972840011), (6, 0.0007605699356645346), (7, 0.0007622487028129399), (8, 0.0007657265523448586), (9, 0.0008458952070213854), (0, 0.0007280115969479084), (1, 0.0006673347670584917), (2, 0.0006908542709425092), (3, 0.0007334171095862985), (4, 0.0006976186414249241), (5, 0.000757923349738121), (6, 0.0006952800322324038), (7, 0.0006896560080349445), (8, 0.0007516726618632674), (9, 0.0007382832700386643), (0, 0.0006417603581212461), (1, 0.0007992866449058056), (2, 0.0006976285367272794), (3, 0.0007322137244045734), (4, 0.0007042184588499367), (5, 0.0006300782551988959), (6, 0.0006449611391872168), (7, 0.0007104277610778809), (8, 0.0007929946295917034), (9, 0.0006811933708377182), (0, 0.0007453684229403734), (1, 0.0006171197164803743), (2, 0.0005854900809936225), (3, 0.0007491013966500759), (4, 0.0006970575195737183), (5, 0.0007050305721350014), (6, 0.0007364318007603288), (7, 0.0007482005166821182), (8, 0.0006269006989896297), (9, 0.0007936787442304194), (0, 0.0006804083823226392), (1, 0.0006683120154775679), (2, 0.0006731759640388191), (3, 0.0007460585329681635), (4, 0.0006237209308892488), (5, 0.0007240741979330778), (6, 0.0006579531473107636), (7, 0.0007261389982886612), (8, 0.0006793676293455064), (9, 0.0006889995420351624), (0, 0.0007047620601952076), (1, 0.0006951827090233564), (2, 0.0006361419800668955), (3, 0.0006670631701126695), (4, 0.0006715594208799303), (5, 0.0006734441267326474), (6, 0.000765472068451345), (7, 0.0007032922003418207), (8, 0.0005592121160589159), (9, 0.0007292856462299824), (0, 0.0006961944745853543), (1, 0.0007568512228317559), (2, 0.0006154576549306512), (3, 0.000687780324369669), (4, 0.0006918899598531425), (5, 0.0006987854721955955), (6, 0.0006792108761146665), (7, 0.0005542971775867045), (8, 0.000683011778164655), (9, 0.0005896906368434429), (0, 0.0007077644113451242), (1, 0.0006442377925850451), (2, 0.000658441917039454), (3, 0.0007640842231921852), (4, 0.0006015109829604626), (5, 0.0007232563802972436), (6, 0.0005528130568563938), (7, 0.0007050136337056756), (8, 0.0006255388725548983), (9, 0.0005916817463003099), (0, 0.0007434340077452362), (1, 0.0006361296982504427), (2, 0.0006200014613568783), (3, 0.0006683847168460488), (4, 0.0006917444407008588), (5, 0.000569246883969754), (6, 0.000677023024763912), (7, 0.000590550946071744), (8, 0.0006942826439626515), (9, 0.000619085447397083), (0, 0.0006712437607347965), (1, 0.0006134904688224196), (2, 0.0006476247799582779), (3, 0.0005398275679908693), (4, 0.0006444096798077226), (5, 0.0007065305835567415), (6, 0.0007167330477386713), (7, 0.0006532944971695542), (8, 0.0006033240351825953), (9, 0.0006570916157215834), (0, 0.0007053216686472297), (1, 0.0006249369471333921), (2, 0.0006979479803703725), (3, 0.000612397852819413), (4, 0.0006025299662724137), (5, 0.0006598166655749083), (6, 0.0005589104257524014), (7, 0.00064866803586483), (8, 0.0006465021288022399), (9, 0.0005828333087265491), (0, 0.0006224477547220886), (1, 0.0006346896989271045), (2, 0.0005478734383359551), (3, 0.000633834395557642), (4, 0.0006160875782370567), (5, 0.0007062248769216239), (6, 0.0006235433975234628), (7, 0.0005660899914801121), (8, 0.0006958421436138451), (9, 0.0006549542304128408), (0, 0.0006166111561469734), (1, 0.0005977229448035359), (2, 0.000563196197617799), (3, 0.0005705837975256145), (4, 0.000584546709433198), (5, 0.000644705374725163), (6, 0.0006120963953435421), (7, 0.0007098359055817127), (8, 0.000638755620457232), (9, 0.0007250078488141298), (0, 0.0004986274871043861), (1, 0.0005832590977661312), (2, 0.0005958967958576977), (3, 0.000644609855953604), (4, 0.0006612386787310243), (5, 0.0005946772289462388), (6, 0.0006302977562882006), (7, 0.0006639666389673948), (8, 0.0006222735391929746), (9, 0.0006676338380202651), (0, 0.0006470473599620163), (1, 0.0005587157211266458), (2, 0.0006337498780339956), (3, 0.0006200907519087195), (4, 0.0005582761368714273), (5, 0.0005775764002464712), (6, 0.0006202043732628226), (7, 0.0006280691013671458), (8, 0.0005853226175531745), (9, 0.0006595489103347063), (0, 0.0006681428640149534), (1, 0.0006578204920515418), (2, 0.000632415700238198), (3, 0.0005917299422435462), (4, 0.000568817718885839), (5, 0.0006524790078401566), (6, 0.0006196944741532207), (7, 0.000492845952976495), (8, 0.0005741233471781015), (9, 0.00046286359429359436), (0, 0.000506123760715127), (1, 0.0005783926462754607), (2, 0.000657815660815686), (3, 0.0006422356236726046), (4, 0.0005444384878501296), (5, 0.0006031579687260091), (6, 0.0006065963534638286), (7, 0.0005544161540456116), (8, 0.0006281741079874337), (9, 0.0005976267857477069), (0, 0.0005742720095440745), (1, 0.0005556818214245141), (2, 0.0005961653660051525), (3, 0.0006233483436517417), (4, 0.000593326985836029), (5, 0.0005512309726327658), (6, 0.00069265509955585), (7, 0.0005482407286763191), (8, 0.0005298092146404088), (9, 0.000578804814722389), (0, 0.0006152763380669057), (1, 0.0005678227753378451), (2, 0.0005948335747234523), (3, 0.0005734513397328556), (4, 0.0005917514208704233), (5, 0.0005154713871888816), (6, 0.0005184344481676817), (7, 0.0006110101821832359), (8, 0.0005815573967993259), (9, 0.0006371428025886416), (0, 0.0005102819413878024), (1, 0.0006007755291648209), (2, 0.0005619744188152254), (3, 0.0005895630456507206), (4, 0.0005496149533428252), (5, 0.000623865460511297), (6, 0.0005731529090553522), (7, 0.0005376807530410588), (8, 0.0005923432763665915), (9, 0.0005692840204574168), (0, 0.0005746579845435917), (1, 0.0005989652709104121), (2, 0.000544151640497148), (3, 0.0005312903667800128), (4, 0.0005291063571348786), (5, 0.0006331013864837587), (6, 0.0005637508584186435), (7, 0.0005683101480826735), (8, 0.0005197591381147504), (9, 0.0005939718103036284), (0, 0.0006553113926202059), (1, 0.0005846371641382575), (2, 0.0005236733122728765), (3, 0.0005387625424191356), (4, 0.0005852135363966227), (5, 0.0005648124497383833), (6, 0.0005256208823993802), (7, 0.0005611894885078073), (8, 0.00048772909212857485), (9, 0.00054117850959301), (0, 0.000606382847763598), (1, 0.00046538689639419317), (2, 0.0006500725285150111), (3, 0.0005490104667842388), (4, 0.0005351761938072741), (5, 0.0005325592937879264), (6, 0.0005709732649847865), (7, 0.0005489892791956663), (8, 0.0005433879559859633), (9, 0.00046760812983848155), (0, 0.0005340151838026941), (1, 0.0004417777818161994), (2, 0.0005744704394601285), (3, 0.0006125018699094653), (4, 0.0005957458051852882), (5, 0.0005735678714700043), (6, 0.00047441147034987807), (7, 0.0005014125490561128), (8, 0.0005791345611214638), (9, 0.0005755978636443615), (0, 0.0005225315690040588), (1, 0.0005286422092467546), (2, 0.0005517138633877039), (3, 0.0006096682627685368), (4, 0.0005008929874747992), (5, 0.0005099893314763904), (6, 0.0005208142683841288), (7, 0.0006416395772248507), (8, 0.00048773735761642456), (9, 0.0004847310483455658), (0, 0.0005211593816056848), (1, 0.0005473187193274498), (2, 0.0005312138819135725), (3, 0.0005273132119327784), (4, 0.0005365473916754127), (5, 0.0005242320476099849), (6, 0.0006414354429580271), (7, 0.000486623786855489), (8, 0.0004899650812149048), (9, 0.0005023680860176682), (0, 0.0005139964632689953), (1, 0.0005499778199009597), (2, 0.0005205094930715859), (3, 0.0004991469322703779), (4, 0.0005227039800956845), (5, 0.0005529838963411748), (6, 0.0005007317522540689), (7, 0.0005594177055172622), (8, 0.00048439946840517223), (9, 0.0005907409940846264), (0, 0.00046879638102836907), (1, 0.0005216846475377679), (2, 0.0005063021089881659), (3, 0.0005513111245818436), (4, 0.0004714560927823186), (5, 0.000461839372292161), (6, 0.0005569445202127099), (7, 0.000594333978369832), (8, 0.0005362713127397001), (9, 0.0005465348367579281), (0, 0.0004885573871433735), (1, 0.0004996409988962114), (2, 0.00045932631473988295), (3, 0.000548947136849165), (4, 0.0005126756150275469), (5, 0.0005446980358101428), (6, 0.000597588368691504), (7, 0.0004911197465844452), (8, 0.0005356055917218328), (9, 0.000418283132603392), (0, 0.0004873113939538598), (1, 0.00046326089068315923), (2, 0.0004275504034012556), (3, 0.0005508428439497948), (4, 0.0004961955710314214), (5, 0.0005320171476341784), (6, 0.0005411839811131358), (7, 0.000425215665018186), (8, 0.0006184374797157943), (9, 0.0005787017289549112), (0, 0.0005423008697107434), (1, 0.0005154723185114563), (2, 0.0004800792667083442), (3, 0.0005079780239611864), (4, 0.0005405660485848784), (5, 0.0005171375814825296), (6, 0.00047738946159370244), (7, 0.0004522780072875321), (8, 0.0004819963069166988), (9, 0.0005288048414513469), (0, 0.0005530925700441003), (1, 0.0004665238375309855), (2, 0.0004971073940396309), (3, 0.00048588623758405447), (4, 0.0005363936070352793), (5, 0.00047188237658701837), (6, 0.0004807762161362916), (7, 0.0004688929475378245), (8, 0.00045313575537875295), (9, 0.0006220400100573897), (0, 0.0004902433720417321), (1, 0.0004623575950972736), (2, 0.0005377315101213753), (3, 0.00047161628026515245), (4, 0.0004509957798290998), (5, 0.0004772621323354542), (6, 0.0004941221559420228), (7, 0.0004915394820272923), (8, 0.0005081752315163612), (9, 0.0005766994436271489), (0, 0.00045066222082823515), (1, 0.0004888675175607204), (2, 0.0004622068954631686), (3, 0.00048581368173472583), (4, 0.0004988406435586512), (5, 0.000521428941283375), (6, 0.0004490575229283422), (7, 0.000527910073287785), (8, 0.000518514309078455), (9, 0.00043418630957603455), (0, 0.0005535546224564314), (1, 0.00048362024244852364), (2, 0.0004910479765385389), (3, 0.0005085876910015941), (4, 0.0004607386072166264), (5, 0.00042160795419476926), (6, 0.0005003797123208642), (7, 0.0004778737493325025), (8, 0.00041586835868656635), (9, 0.0005127404583618045), (0, 0.0004884295049123466), (1, 0.0005250450340099633), (2, 0.0004113480681553483), (3, 0.00045943923760205507), (4, 0.000503611983731389), (5, 0.00048171670641750097), (6, 0.0004317273269407451), (7, 0.000486190925585106), (8, 0.00046524222125299275), (9, 0.0005325913662090898), (0, 0.0004641461418941617), (1, 0.0005201954045332968), (2, 0.0004974384210072458), (3, 0.00047099433140829206), (4, 0.00046074800775386393), (5, 0.0004943114472553134), (6, 0.00044562091352418065), (7, 0.00043648917926475406), (8, 0.00044643375440500677), (9, 0.00046720090904273093), (0, 0.00044923851964995265), (1, 0.0004375522257760167), (2, 0.0004859122564084828), (3, 0.0005044789868406951), (4, 0.00045948673505336046), (5, 0.00048112947843037546), (6, 0.00045445215073414147), (7, 0.00045013456838205457), (8, 0.0004438494215719402), (9, 0.0005092640640214086), (0, 0.00047664050362072885), (1, 0.0005038109375163913), (2, 0.0004168881569057703), (3, 0.00041477676131762564), (4, 0.0004825702344533056), (5, 0.0004509597201831639), (6, 0.0005181061569601297), (7, 0.0004811941762454808), (8, 0.000438554969150573), (9, 0.0003789088223129511), (0, 0.0004215895023662597), (1, 0.00042405471322126687), (2, 0.00048703630454838276), (3, 0.000450286635896191), (4, 0.0005338285700418055), (5, 0.00042310848948545754), (6, 0.000445099693024531), (7, 0.00041777483420446515), (8, 0.0004771675157826394), (9, 0.0004915217286907136), (0, 0.00039352040039375424), (1, 0.0004761719610542059), (2, 0.0004498817434068769), (3, 0.00046955261495895684), (4, 0.0004421711782924831), (5, 0.0004672360373660922), (6, 0.0004459681804291904), (7, 0.0004989623557776213), (8, 0.0004238994442857802), (9, 0.00042440072866156697), (0, 0.0004790368548128754), (1, 0.000445439713075757), (2, 0.0004172789631411433), (3, 0.0004810862592421472), (4, 0.00046842574374750257), (5, 0.000434662913903594), (6, 0.0004629177856259048), (7, 0.0004629530303645879), (8, 0.00040413811802864075), (9, 0.00035683027817867696)]