Model Setup for {PATIENT_GROUPS} Trained Network:

NODE Network Architecture Parameters
Input channels=2
Hidden channels=11
Output channels=2

Training hyperparameters
Optimizer=AdamW (
Parameter Group 0
    amsgrad: False
    betas: (0.9, 0.999)
    capturable: False
    differentiable: False
    eps: 1e-08
    foreach: None
    fused: None
    lr: 0.001
    maximize: False
    weight_decay: 1e-06
)Training Iterations=100
Learning rate=0.001
Weight decay=1e-06
Optimizer reset frequency=None

Dropout probability (after initial linear layer before NCDE): 0.0
Training Data Selection Parameters
(If not virtual, the only important params are the groups and whether data was normalized/standardized)
Patient groups=['Control', 'MDD']
Augmentation strategy=Uniform
Noise Magnitude=0.05
Normalized/standardized=StandardizeAll
Number of virtual patients per real patient=100
Label smoothing factor=0
Test Patient Combinations:
Control: (12, 18, 34, 42, 21)
MDD: (43, 3, 19, 7, 1)
Training batch size=5
Training Results:
Runtime=19.95846390724182
Loss over time=[(0, 5.851861000061035), (1, 8.508371353149414), (2, 2.549398183822632), (3, 5.466852188110352), (4, 3.487276792526245), (5, 7.766099452972412), (6, 7.615138053894043), (7, 4.8244218826293945), (8, 6.410024166107178), (9, 6.551379203796387), (10, 2.1776678562164307), (11, 3.1337203979492188), (12, 6.159781455993652), (13, 1.8671690225601196), (14, 7.405180931091309), (15, 0.00011836757039418444), (16, 1.2631380558013916), (17, 5.07805061340332), (18, 5.925407886505127), (19, 0.0004417707386892289), (0, 0.0004301536246202886), (1, 3.585810422897339), (2, 1.4161137342453003), (3, 1.406715750694275), (4, 2.7792820930480957), (5, 4.217568874359131), (6, 3.096945285797119), (7, 0.9637501835823059), (8, 1.1979625225067139), (9, 2.8801448345184326), (10, 4.735164165496826), (11, 4.593523025512695), (12, 5.398367404937744), (13, 1.5900604724884033), (14, 2.4824626445770264), (15, 3.854628801345825), (16, 2.4201016426086426), (17, 0.7249894142150879), (18, 1.766179084777832), (19, 0.02935268171131611), (0, 0.8214093446731567), (1, 2.4369568824768066), (2, 2.345374345779419), (3, 3.786375045776367), (4, 0.7534207105636597), (5, 2.1566269397735596), (6, 1.403092622756958), (7, 1.707998514175415), (8, 1.0922960042953491), (9, 1.2368919849395752), (10, 0.6556439995765686), (11, 1.2031782865524292), (12, 1.460081696510315), (13, 1.5261471271514893), (14, 1.533379316329956), (15, 1.0117542743682861), (16, 1.6773040294647217), (17, 0.95134437084198), (18, 1.2904187440872192), (19, 0.09678530693054199), (0, 0.9782514572143555), (1, 1.428485631942749), (2, 0.515303373336792), (3, 0.8152286410331726), (4, 0.5199521780014038), (5, 1.1995891332626343), (6, 0.14247509837150574), (7, 1.9578279256820679), (8, 0.4809800088405609), (9, 0.8878509402275085), (10, 1.4069786071777344), (11, 1.0252764225006104), (12, 0.7906760573387146), (13, 1.379479169845581), (14, 1.2520335912704468), (15, 1.0384641885757446), (16, 1.0249828100204468), (17, 0.7297999262809753), (18, 0.5389531254768372), (19, 0.6663959622383118), (0, 0.9167762994766235), (1, 0.5231472849845886), (2, 1.1236730813980103), (3, 0.7432860136032104), (4, 0.9068636894226074), (5, 0.5275639295578003), (6, 0.7104388475418091), (7, 0.694009006023407), (8, 0.858171284198761), (9, 0.7022931575775146), (10, 0.35512977838516235), (11, 0.5242495536804199), (12, 1.1778939962387085), (13, 1.0051970481872559), (14, 0.9417508840560913), (15, 1.054305076599121), (16, 0.8144949078559875), (17, 0.34565621614456177), (18, 0.8337725400924683), (19, 0.8020517230033875), (0, 0.9408151507377625), (1, 0.6275831460952759), (2, 0.9534673690795898), (3, 1.0361535549163818), (4, 0.678009033203125), (5, 0.6603666543960571), (6, 0.5624988675117493), (7, 0.9294202923774719), (8, 0.619659960269928), (9, 0.6554083824157715), (10, 0.804760754108429), (11, 0.7847594022750854), (12, 0.5600064992904663), (13, 0.6799032092094421), (14, 0.6440518498420715), (15, 0.4909677505493164), (16, 0.7425410747528076), (17, 0.7208328247070312), (18, 0.8306261301040649), (19, 0.7781813740730286), (0, 0.7237998843193054), (1, 0.626573920249939), (2, 0.7759796977043152), (3, 0.8163145780563354), (4, 0.9355686902999878), (5, 0.6168927550315857), (6, 0.6325176954269409), (7, 0.7589199542999268), (8, 0.6251497864723206), (9, 0.9194294810295105), (10, 0.6856059432029724), (11, 0.7050917744636536), (12, 0.4623122811317444), (13, 0.9357987642288208), (14, 0.7917157411575317), (15, 0.7505936622619629), (16, 0.4733729362487793), (17, 0.7310028672218323), (18, 0.6412101984024048), (19, 1.2672213315963745), (0, 0.5544793009757996), (1, 0.8041016459465027), (2, 0.6846927404403687), (3, 0.9168240427970886), (4, 0.8036255836486816), (5, 0.5770166516304016), (6, 0.6771646738052368), (7, 0.7152630686759949), (8, 0.6306405663490295), (9, 0.8817869424819946), (10, 0.6749321222305298), (11, 0.6328960657119751), (12, 0.917950451374054), (13, 0.5697156190872192), (14, 0.7955551147460938), (15, 0.6809217929840088), (16, 0.971017062664032), (17, 0.8582718968391418), (18, 0.6830074787139893), (19, 0.5548569560050964), (0, 0.709308385848999), (1, 0.6057101488113403), (2, 0.6923559308052063), (3, 0.5542972087860107), (4, 0.7152058482170105), (5, 0.5437667965888977), (6, 0.7227765321731567), (7, 0.7133074402809143), (8, 0.8920903205871582), (9, 0.8228508234024048), (10, 0.6326287388801575), (11, 0.780895471572876), (12, 0.7180919051170349), (13, 1.134869933128357), (14, 0.9000503420829773), (15, 0.8394646644592285), (16, 0.5851200222969055), (17, 0.6308259963989258), (18, 0.6426770091056824), (19, 0.8936150074005127), (0, 0.6198557615280151), (1, 0.5145755410194397), (2, 0.5484407544136047), (3, 0.734610915184021), (4, 0.7705232501029968), (5, 0.5981040000915527), (6, 0.8586305379867554), (7, 0.7702001333236694), (8, 0.5315746665000916), (9, 0.8315209150314331), (10, 0.9134233593940735), (11, 0.9510473012924194), (12, 0.5866708755493164), (13, 0.7201577425003052), (14, 0.6762137413024902), (15, 0.906607449054718), (16, 1.036264181137085), (17, 0.8291333913803101), (18, 0.6705166697502136), (19, 0.349873423576355), (0, 0.5984104871749878), (1, 0.6745612025260925), (2, 1.271128535270691), (3, 0.7433922290802002), (4, 0.5577232241630554), (5, 0.5541728734970093), (6, 1.007270336151123), (7, 0.8241666555404663), (8, 0.7767256498336792), (9, 0.6798697710037231), (10, 0.7075545191764832), (11, 0.6566726565361023), (12, 0.655539870262146), (13, 0.7075721025466919), (14, 0.7113258242607117), (15, 0.7151407599449158), (16, 0.8008860349655151), (17, 0.6115439534187317), (18, 0.6775908470153809), (19, 0.7025656700134277), (0, 0.7547239661216736), (1, 0.796204686164856), (2, 0.6653536558151245), (3, 0.7447088956832886), (4, 0.8619219064712524), (5, 0.7854840159416199), (6, 0.5109502077102661), (7, 0.3880835473537445), (8, 0.7284060716629028), (9, 0.7861393094062805), (10, 0.9208732843399048), (11, 0.6560354232788086), (12, 0.9234684705734253), (13, 1.0543501377105713), (14, 0.38960331678390503), (15, 0.7739975452423096), (16, 0.6965660452842712), (17, 0.6698449850082397), (18, 0.8066145181655884), (19, 0.6657270789146423), (0, 0.4824365973472595), (1, 0.5436627268791199), (2, 0.5255683660507202), (3, 0.8359425663948059), (4, 0.8134800791740417), (5, 0.7252467274665833), (6, 0.8707689046859741), (7, 0.8725870251655579), (8, 0.8991340398788452), (9, 0.7369416952133179), (10, 0.5818786025047302), (11, 0.573661208152771), (12, 0.7136964201927185), (13, 0.7432907819747925), (14, 0.8334032893180847), (15, 0.8712579607963562), (16, 0.7226535081863403), (17, 0.5718451738357544), (18, 0.8296599388122559), (19, 0.8051382899284363), (0, 0.4784924387931824), (1, 0.8449994325637817), (2, 0.5541254878044128), (3, 0.9433588981628418), (4, 0.5875164270401001), (5, 0.8261968493461609), (6, 0.6020222902297974), (7, 0.7738488912582397), (8, 0.7733339071273804), (9, 0.7236197590827942), (10, 0.7336829900741577), (11, 0.9625369906425476), (12, 0.7430998086929321), (13, 0.6867461800575256), (14, 0.6572090983390808), (15, 0.5998553037643433), (16, 0.9814714193344116), (17, 0.7341784238815308), (18, 0.6870347857475281), (19, 0.732316255569458), (0, 0.6962717175483704), (1, 0.7093995213508606), (2, 0.43648117780685425), (3, 0.5651054978370667), (4, 0.6996235847473145), (5, 0.7131443023681641), (6, 0.6811076998710632), (7, 0.7711561918258667), (8, 0.684848427772522), (9, 0.5733426809310913), (10, 0.992559552192688), (11, 0.6971542835235596), (12, 0.9149786829948425), (13, 0.6954732537269592), (14, 0.9081704020500183), (15, 0.736583411693573), (16, 0.8295577764511108), (17, 0.5984340906143188), (18, 0.8035452961921692), (19, 1.0722389221191406), (0, 0.9490164518356323), (1, 0.8234640955924988), (2, 1.0680564641952515), (3, 0.661731481552124), (4, 0.6224669218063354), (5, 0.5951204299926758), (6, 0.6524882912635803), (7, 0.8337888717651367), (8, 0.6792396306991577), (9, 0.6004947423934937), (10, 0.6479824185371399), (11, 0.7284333109855652), (12, 0.9274714589118958), (13, 0.7734631896018982), (14, 0.7502503991127014), (15, 0.622728705406189), (16, 0.5375563502311707), (17, 0.5903006792068481), (18, 0.8586457371711731), (19, 0.4648308753967285), (0, 0.6835073232650757), (1, 0.9042984247207642), (2, 0.5839287042617798), (3, 0.4875664710998535), (4, 0.813866138458252), (5, 0.7844259738922119), (6, 0.9489682912826538), (7, 0.6274226307868958), (8, 0.6561862230300903), (9, 0.7674638032913208), (10, 0.7314881086349487), (11, 1.1973644495010376), (12, 0.731960654258728), (13, 0.6174896955490112), (14, 0.8484501838684082), (15, 0.7048684358596802), (16, 0.5965546369552612), (17, 0.6970504522323608), (18, 0.6132537722587585), (19, 0.457747220993042), (0, 0.7981387376785278), (1, 0.7864420413970947), (2, 0.6667034029960632), (3, 0.6085116267204285), (4, 0.8253160715103149), (5, 0.598560631275177), (6, 0.605852484703064), (7, 0.8986532092094421), (8, 1.1469281911849976), (9, 0.7862358093261719), (10, 0.6654742956161499), (11, 0.865655779838562), (12, 0.6882607936859131), (13, 0.4758869707584381), (14, 0.6417829394340515), (15, 0.6228927373886108), (16, 0.6476336717605591), (17, 0.8862320780754089), (18, 0.6303594708442688), (19, 0.5436545014381409), (0, 0.7104430794715881), (1, 0.6378659605979919), (2, 0.5706334710121155), (3, 0.8391925692558289), (4, 0.7368672490119934), (5, 1.0037384033203125), (6, 0.7301815152168274), (7, 0.6062562465667725), (8, 1.1333645582199097), (9, 0.5442071557044983), (10, 0.6090934872627258), (11, 0.9234679341316223), (12, 0.6737555265426636), (13, 0.6734727621078491), (14, 0.7206804156303406), (15, 0.6171711683273315), (16, 0.48333224654197693), (17, 0.8937106132507324), (18, 0.6491395235061646), (19, 0.8874689936637878), (0, 0.6107620000839233), (1, 0.482582151889801), (2, 0.9242666363716125), (3, 0.8182870149612427), (4, 0.6698071956634521), (5, 0.6239640712738037), (6, 0.48015522956848145), (7, 0.6554204821586609), (8, 0.6484148502349854), (9, 0.7869580984115601), (10, 0.9028040766716003), (11, 0.6752235889434814), (12, 0.6166830062866211), (13, 1.2070478200912476), (14, 0.7234801054000854), (15, 1.0923694372177124), (16, 0.49260473251342773), (17, 0.681275486946106), (18, 0.7493955492973328), (19, 0.6296913027763367), (0, 0.6279296875), (1, 0.5230727791786194), (2, 0.8893338441848755), (3, 0.903782069683075), (4, 0.6341961622238159), (5, 0.7517532110214233), (6, 0.5880340933799744), (7, 0.76421719789505), (8, 0.8599036335945129), (9, 0.6267549395561218), (10, 0.8008707761764526), (11, 0.6396325826644897), (12, 0.5319353938102722), (13, 0.9614217877388), (14, 0.7875985503196716), (15, 0.7024093270301819), (16, 0.6402701139450073), (17, 0.9640192985534668), (18, 0.9565726518630981), (19, 0.5645373463630676), (0, 0.6069409847259521), (1, 0.8658790588378906), (2, 0.620759129524231), (3, 0.5999044179916382), (4, 0.6805132627487183), (5, 0.5461616516113281), (6, 0.8453370332717896), (7, 0.6535606384277344), (8, 0.6710294485092163), (9, 0.9824355840682983), (10, 0.9151927828788757), (11, 0.6176699995994568), (12, 0.8385729789733887), (13, 0.9596433639526367), (14, 0.6394351720809937), (15, 0.5124480724334717), (16, 0.6849971413612366), (17, 0.9662250280380249), (18, 0.7028066515922546), (19, 0.7154887318611145), (0, 0.8241733312606812), (1, 1.0674870014190674), (2, 0.8956945538520813), (3, 0.7066131830215454), (4, 0.7011086344718933), (5, 0.7065446376800537), (6, 0.5687522888183594), (7, 0.7369675636291504), (8, 0.9490000009536743), (9, 0.8391243815422058), (10, 0.5333327651023865), (11, 0.6198017001152039), (12, 0.6036717891693115), (13, 0.42676645517349243), (14, 0.6640254855155945), (15, 0.47685322165489197), (16, 0.7709844708442688), (17, 0.8267868161201477), (18, 0.8069233894348145), (19, 0.7379117012023926), (0, 0.667306125164032), (1, 1.0484520196914673), (2, 0.7008182406425476), (3, 0.7036072015762329), (4, 0.7544230222702026), (5, 0.9143616557121277), (6, 0.7358540296554565), (7, 0.6397284269332886), (8, 0.6300953030586243), (9, 0.5725603699684143), (10, 0.6248186230659485), (11, 0.7440983653068542), (12, 0.7048349380493164), (13, 0.5194400548934937), (14, 0.9681078195571899), (15, 0.4334205985069275), (16, 0.7098138332366943), (17, 0.8493438959121704), (18, 1.0042316913604736), (19, 0.5742193460464478), (0, 0.6570852398872375), (1, 0.6884220838546753), (2, 0.8807422518730164), (3, 0.5680146813392639), (4, 0.7239426970481873), (5, 0.7956902384757996), (6, 0.5575791597366333), (7, 0.8119913935661316), (8, 0.7254695296287537), (9, 0.7557021379470825), (10, 0.7924377918243408), (11, 0.5544535517692566), (12, 0.8309105634689331), (13, 0.7659653425216675), (14, 0.6921905875205994), (15, 0.6405953168869019), (16, 0.9009422063827515), (17, 0.5686789751052856), (18, 0.9657819867134094), (19, 0.571797788143158), (0, 0.5775186419487), (1, 0.7576197981834412), (2, 0.7267621159553528), (3, 0.8715774416923523), (4, 0.7478340864181519), (5, 0.8816286325454712), (6, 0.8256807327270508), (7, 0.8858505487442017), (8, 0.8329485058784485), (9, 0.5609151124954224), (10, 0.5586625337600708), (11, 0.9159202575683594), (12, 0.6613515019416809), (13, 0.7728101015090942), (14, 0.6884946227073669), (15, 0.5291745066642761), (16, 0.7504134774208069), (17, 0.48029375076293945), (18, 0.5622895359992981), (19, 0.9012404084205627), (0, 0.8227243423461914), (1, 0.9914754033088684), (2, 0.6850694417953491), (3, 0.6162633895874023), (4, 0.613207995891571), (5, 0.8036290407180786), (6, 0.7369719743728638), (7, 0.7686346769332886), (8, 0.6659306287765503), (9, 0.5420156121253967), (10, 0.5984405279159546), (11, 0.6594601273536682), (12, 0.7091449499130249), (13, 0.7040852308273315), (14, 0.5340334177017212), (15, 0.673969566822052), (16, 1.0824339389801025), (17, 0.7450398206710815), (18, 0.7316054105758667), (19, 0.7415047287940979), (0, 0.5718454122543335), (1, 0.6702452898025513), (2, 0.9256561994552612), (3, 0.560956597328186), (4, 1.0291979312896729), (5, 0.5123113989830017), (6, 1.077505350112915), (7, 0.5834701657295227), (8, 0.6536754369735718), (9, 0.5692916512489319), (10, 0.5721884369850159), (11, 0.5419416427612305), (12, 0.677226185798645), (13, 0.6213688254356384), (14, 0.9460236430168152), (15, 0.9292899370193481), (16, 0.691218376159668), (17, 0.8416311144828796), (18, 0.7750442028045654), (19, 0.6561312079429626), (0, 0.7260955572128296), (1, 0.5546092391014099), (2, 0.6939703226089478), (3, 0.6293616890907288), (4, 0.6058475971221924), (5, 0.9364573359489441), (6, 0.8630491495132446), (7, 0.8095957636833191), (8, 0.6742969751358032), (9, 0.7807176113128662), (10, 1.0157039165496826), (11, 0.6833122372627258), (12, 0.7110056281089783), (13, 0.7253158092498779), (14, 0.5929953455924988), (15, 0.7630017995834351), (16, 0.4743111729621887), (17, 0.5391561388969421), (18, 1.0243618488311768), (19, 0.5837492942810059), (0, 0.6697330474853516), (1, 0.5282963514328003), (2, 0.7400541305541992), (3, 0.9949848055839539), (4, 0.9468141794204712), (5, 0.6854336261749268), (6, 0.5408041477203369), (7, 0.4781246781349182), (8, 0.7164764404296875), (9, 0.6066821813583374), (10, 0.6424177885055542), (11, 0.6882871985435486), (12, 0.7944999933242798), (13, 0.8876234292984009), (14, 0.5970386862754822), (15, 0.8782428503036499), (16, 0.6410951018333435), (17, 0.7203996181488037), (18, 0.82121342420578), (19, 0.8591378331184387), (0, 0.7992275953292847), (1, 0.954283595085144), (2, 0.6090964674949646), (3, 0.40262287855148315), (4, 0.8480302691459656), (5, 0.6880367398262024), (6, 0.8129574060440063), (7, 0.8342970013618469), (8, 0.4893478453159332), (9, 0.6402304768562317), (10, 0.8465045094490051), (11, 0.598626971244812), (12, 0.7581674456596375), (13, 0.7615914344787598), (14, 0.7243572473526001), (15, 0.6211365461349487), (16, 0.8447833061218262), (17, 0.8188360333442688), (18, 0.6987912058830261), (19, 0.4791664183139801), (0, 0.6031599640846252), (1, 0.4476235806941986), (2, 0.9626228213310242), (3, 0.9215367436408997), (4, 0.6821804046630859), (5, 0.6129624247550964), (6, 0.6020879149436951), (7, 0.5430432558059692), (8, 0.977674663066864), (9, 0.891864001750946), (10, 0.6809548139572144), (11, 0.8802816271781921), (12, 0.7911159992218018), (13, 0.5897512435913086), (14, 0.7087852358818054), (15, 0.6674060225486755), (16, 0.6458320021629333), (17, 1.0234524011611938), (18, 0.7026756405830383), (19, 0.44687461853027344), (0, 0.6664081811904907), (1, 0.5449738502502441), (2, 0.8576622009277344), (3, 0.6563959121704102), (4, 0.80389404296875), (5, 0.7433775663375854), (6, 0.7753521203994751), (7, 0.8226326107978821), (8, 0.6088412404060364), (9, 0.6177846193313599), (10, 0.9051219820976257), (11, 0.6572893261909485), (12, 0.9119356274604797), (13, 0.4886592924594879), (14, 0.5893044471740723), (15, 0.7936537861824036), (16, 0.6731870174407959), (17, 1.0274323225021362), (18, 0.5901323556900024), (19, 0.7358924746513367), (0, 0.698093056678772), (1, 0.657159149646759), (2, 0.8092503547668457), (3, 0.6118504405021667), (4, 0.7729635834693909), (5, 0.7808529734611511), (6, 0.6545368432998657), (7, 0.7646654844284058), (8, 0.7107330560684204), (9, 0.7463582158088684), (10, 0.6456297039985657), (11, 0.5415876507759094), (12, 0.646457314491272), (13, 0.7249912619590759), (14, 0.7294013500213623), (15, 0.7926203012466431), (16, 0.5714529752731323), (17, 1.2539299726486206), (18, 0.6052082777023315), (19, 0.8138556480407715), (0, 0.5416241884231567), (1, 0.694480299949646), (2, 0.7052621841430664), (3, 0.6056868433952332), (4, 0.7841100692749023), (5, 0.6518114805221558), (6, 0.6329385042190552), (7, 0.7846335172653198), (8, 0.6749643683433533), (9, 0.7523396015167236), (10, 0.5142725110054016), (11, 0.8339346051216125), (12, 0.6477575898170471), (13, 0.8259090185165405), (14, 0.5539899468421936), (15, 0.8778023719787598), (16, 0.5958460569381714), (17, 0.9455631971359253), (18, 0.8129056692123413), (19, 1.021580696105957), (0, 0.9410843849182129), (1, 0.6662207841873169), (2, 0.9584542512893677), (3, 0.6522130966186523), (4, 0.5361233949661255), (5, 0.6261689066886902), (6, 0.6539477705955505), (7, 0.7013408541679382), (8, 0.7461013793945312), (9, 0.8580185174942017), (10, 0.4894108176231384), (11, 0.9894199371337891), (12, 0.6846385598182678), (13, 0.5904322862625122), (14, 1.0947692394256592), (15, 0.6761683225631714), (16, 0.49826425313949585), (17, 0.5860624313354492), (18, 0.798437237739563), (19, 0.7505605220794678), (0, 0.5717952847480774), (1, 0.9431613683700562), (2, 0.43453067541122437), (3, 0.8754472732543945), (4, 0.6658616065979004), (5, 1.0878229141235352), (6, 0.7743174433708191), (7, 0.5313611030578613), (8, 0.7380934357643127), (9, 0.5701133012771606), (10, 0.6923317909240723), (11, 0.9798337817192078), (12, 0.5598121881484985), (13, 0.8302696347236633), (14, 0.551102340221405), (15, 0.6952762007713318), (16, 0.7470706105232239), (17, 0.7353348135948181), (18, 0.8731726408004761), (19, 0.908386766910553), (0, 0.9621056318283081), (1, 0.7773501873016357), (2, 0.8024803400039673), (3, 0.6145862340927124), (4, 1.1818842887878418), (5, 0.7729883790016174), (6, 0.8990619778633118), (7, 0.4913666248321533), (8, 0.6699070930480957), (9, 0.7152862548828125), (10, 0.8520368337631226), (11, 0.8422592282295227), (12, 0.4557998776435852), (13, 0.5614296793937683), (14, 0.5692211389541626), (15, 0.49117621779441833), (16, 0.7840887308120728), (17, 0.6988080739974976), (18, 0.7851648926734924), (19, 0.7912308573722839), (0, 0.7665557861328125), (1, 0.6264455318450928), (2, 0.8523604273796082), (3, 0.7798498868942261), (4, 0.8343249559402466), (5, 0.6574335694313049), (6, 0.6571985483169556), (7, 0.5418964624404907), (8, 0.825282871723175), (9, 0.556831955909729), (10, 0.8342702984809875), (11, 0.7886762022972107), (12, 0.9768447875976562), (13, 0.5705674290657043), (14, 0.7793163657188416), (15, 0.9788749814033508), (16, 0.7143692970275879), (17, 0.7441812753677368), (18, 0.604210376739502), (19, 0.5204159617424011), (0, 0.7765054702758789), (1, 0.7348518967628479), (2, 0.7436800599098206), (3, 0.633384108543396), (4, 0.5484293699264526), (5, 0.6221250295639038), (6, 0.7437659502029419), (7, 0.5888495445251465), (8, 0.7028168439865112), (9, 0.6792812347412109), (10, 0.6218713521957397), (11, 0.6280946135520935), (12, 0.9634791612625122), (13, 0.9264698028564453), (14, 0.8977566957473755), (15, 1.1771643161773682), (16, 0.6271401047706604), (17, 0.4849657416343689), (18, 0.9130679965019226), (19, 0.6467357873916626), (0, 0.6050776243209839), (1, 0.6809552907943726), (2, 0.6526908874511719), (3, 0.6175572276115417), (4, 0.9326440095901489), (5, 0.6283766031265259), (6, 0.560088038444519), (7, 0.9512494802474976), (8, 0.5783743858337402), (9, 0.8005520701408386), (10, 0.8047584295272827), (11, 0.6639237999916077), (12, 0.7519468665122986), (13, 0.6055120229721069), (14, 0.8315774202346802), (15, 1.0490875244140625), (16, 0.6361985206604004), (17, 0.643538773059845), (18, 0.6707209348678589), (19, 1.2281838655471802), (0, 0.5428329706192017), (1, 0.7687711715698242), (2, 0.7666283249855042), (3, 0.7804651260375977), (4, 0.7020370364189148), (5, 1.019875168800354), (6, 0.8127455711364746), (7, 0.8083541989326477), (8, 0.5283304452896118), (9, 0.7549799680709839), (10, 0.7419280409812927), (11, 0.8113743662834167), (12, 0.5742769837379456), (13, 0.960610032081604), (14, 0.6305251717567444), (15, 0.7118006944656372), (16, 0.977593719959259), (17, 0.736447811126709), (18, 0.5565211772918701), (19, 0.35940447449684143), (0, 0.7755523920059204), (1, 0.7257062196731567), (2, 0.6489728689193726), (3, 0.549883246421814), (4, 0.7143014073371887), (5, 0.6074579954147339), (6, 0.7032600045204163), (7, 0.746330738067627), (8, 0.6323800683021545), (9, 1.0816949605941772), (10, 0.8906089663505554), (11, 0.7606548070907593), (12, 0.6007388830184937), (13, 0.9570280313491821), (14, 0.7265782356262207), (15, 0.6887093782424927), (16, 0.9918664693832397), (17, 0.5487929582595825), (18, 0.61045902967453), (19, 0.7346062660217285), (0, 0.766044020652771), (1, 0.70929354429245), (2, 0.6862927675247192), (3, 0.618486225605011), (4, 0.606792688369751), (5, 0.7225285768508911), (6, 0.5735836625099182), (7, 0.5764200687408447), (8, 0.7026378512382507), (9, 0.6896242499351501), (10, 0.5793863534927368), (11, 0.7450670003890991), (12, 1.0796864032745361), (13, 0.8152375221252441), (14, 1.038296103477478), (15, 0.5685270428657532), (16, 0.893764317035675), (17, 0.6493213176727295), (18, 0.882742702960968), (19, 0.8300134539604187), (0, 0.7056821584701538), (1, 0.7647631764411926), (2, 0.6770375370979309), (3, 0.5327630043029785), (4, 0.8721850514411926), (5, 0.9049978256225586), (6, 0.5154036283493042), (7, 0.7640304565429688), (8, 0.7237964272499084), (9, 0.8002025485038757), (10, 0.6413038969039917), (11, 1.1338038444519043), (12, 0.6028271913528442), (13, 0.9259020090103149), (14, 0.780966579914093), (15, 0.8020130395889282), (16, 0.5908557176589966), (17, 0.7218247056007385), (18, 0.4953693747520447), (19, 0.7433538436889648), (0, 1.0625520944595337), (1, 0.7594621777534485), (2, 0.9215556383132935), (3, 0.6390717029571533), (4, 0.5515060424804688), (5, 0.7514702081680298), (6, 1.0715700387954712), (7, 0.5532089471817017), (8, 0.7408353090286255), (9, 0.6703305244445801), (10, 0.5512756109237671), (11, 0.7656833529472351), (12, 0.6193846464157104), (13, 0.9298478960990906), (14, 0.537778913974762), (15, 0.6809759736061096), (16, 0.6776521801948547), (17, 1.0281474590301514), (18, 0.5649002194404602), (19, 0.540885865688324), (0, 0.5549033880233765), (1, 0.7447935342788696), (2, 0.6659911870956421), (3, 0.646967887878418), (4, 0.8179162740707397), (5, 0.6931959390640259), (6, 0.703892707824707), (7, 1.0133721828460693), (8, 0.6480110883712769), (9, 0.4660630226135254), (10, 0.8682605624198914), (11, 1.050855040550232), (12, 0.9261846542358398), (13, 0.7475168704986572), (14, 0.5693877935409546), (15, 0.6173370480537415), (16, 0.6418703198432922), (17, 0.7046353220939636), (18, 0.7465914487838745), (19, 0.9566567540168762), (0, 1.0659153461456299), (1, 0.6839151978492737), (2, 0.6051506400108337), (3, 0.9391883611679077), (4, 0.5076653957366943), (5, 0.9702134132385254), (6, 0.8403893709182739), (7, 0.48433202505111694), (8, 0.887295126914978), (9, 0.7577724456787109), (10, 0.6280128955841064), (11, 0.8639487028121948), (12, 0.7148645520210266), (13, 0.5946444272994995), (14, 0.6224266886711121), (15, 0.6593731045722961), (16, 0.67252516746521), (17, 0.5340689420700073), (18, 0.6976523399353027), (19, 1.1206437349319458), (0, 0.9798336029052734), (1, 0.8789665102958679), (2, 0.8199599385261536), (3, 0.500653088092804), (4, 0.7446619868278503), (5, 0.5475655198097229), (6, 0.6372413635253906), (7, 0.7130755186080933), (8, 0.9122695922851562), (9, 0.5520824790000916), (10, 0.7690353393554688), (11, 0.5908406972885132), (12, 0.7639669179916382), (13, 0.9322799444198608), (14, 1.0500495433807373), (15, 0.5285606980323792), (16, 0.576239287853241), (17, 0.7290269136428833), (18, 0.8143354654312134), (19, 0.6018271446228027), (0, 0.8276025652885437), (1, 0.7402448654174805), (2, 0.5287410020828247), (3, 0.7963067293167114), (4, 0.48478633165359497), (5, 0.7882892489433289), (6, 0.6908829808235168), (7, 0.6596118807792664), (8, 0.8613405227661133), (9, 0.793048083782196), (10, 0.9280649423599243), (11, 0.6951824426651001), (12, 0.7638636827468872), (13, 0.8547455668449402), (14, 0.8115194439888), (15, 0.6512378454208374), (16, 0.700953483581543), (17, 0.63232421875), (18, 0.6650271415710449), (19, 0.8799458146095276), (0, 0.8425199389457703), (1, 0.5494437217712402), (2, 0.6829232573509216), (3, 0.8247286081314087), (4, 0.6579027771949768), (5, 0.8533593416213989), (6, 0.8179441690444946), (7, 0.9564810991287231), (8, 0.7753140926361084), (9, 0.8596700429916382), (10, 0.7222393155097961), (11, 0.5033647418022156), (12, 0.695203423500061), (13, 0.598080039024353), (14, 0.7627685070037842), (15, 0.6838403344154358), (16, 0.9646323323249817), (17, 0.6610395312309265), (18, 0.6727518439292908), (19, 0.5292220711708069), (0, 0.5687910914421082), (1, 0.5238131284713745), (2, 0.5593119263648987), (3, 0.613778293132782), (4, 0.6878992915153503), (5, 0.49635592103004456), (6, 0.7757182121276855), (7, 0.7367827296257019), (8, 0.69514000415802), (9, 1.2148420810699463), (10, 0.7480136752128601), (11, 0.7550756931304932), (12, 0.6926249861717224), (13, 0.6728984713554382), (14, 0.7182496190071106), (15, 0.715368390083313), (16, 0.8314472436904907), (17, 0.7784371376037598), (18, 1.0760877132415771), (19, 0.9018414616584778), (0, 0.6339305639266968), (1, 0.7814695835113525), (2, 1.0333333015441895), (3, 0.7688632607460022), (4, 0.8145171999931335), (5, 0.6398680806159973), (6, 0.5185699462890625), (7, 0.7605219483375549), (8, 0.8494526147842407), (9, 0.528152585029602), (10, 0.56158447265625), (11, 0.6924930810928345), (12, 0.9209479093551636), (13, 0.6505135297775269), (14, 0.5932184457778931), (15, 0.7492645978927612), (16, 1.0134128332138062), (17, 0.7813853621482849), (18, 0.7344046831130981), (19, 0.6263940930366516), (0, 0.6527701616287231), (1, 0.6265513896942139), (2, 0.6801615953445435), (3, 0.5585564374923706), (4, 0.699884295463562), (5, 1.0112956762313843), (6, 1.0721333026885986), (7, 0.7394481301307678), (8, 1.0475471019744873), (9, 0.7732427716255188), (10, 0.6776664853096008), (11, 0.7709075212478638), (12, 0.7583059668540955), (13, 0.6719602346420288), (14, 0.5157591104507446), (15, 0.7123677730560303), (16, 0.7150278687477112), (17, 0.6570163369178772), (18, 0.6657783389091492), (19, 0.6589333415031433), (0, 0.6154688000679016), (1, 0.8902316093444824), (2, 0.61125248670578), (3, 0.5555957555770874), (4, 0.646844744682312), (5, 0.6289427876472473), (6, 0.9794870615005493), (7, 0.5665768384933472), (8, 0.7751690149307251), (9, 0.8064688444137573), (10, 0.5632146596908569), (11, 0.7242437601089478), (12, 0.8548104166984558), (13, 0.9859672784805298), (14, 0.6546779870986938), (15, 0.7321162223815918), (16, 0.7287720441818237), (17, 0.7827872037887573), (18, 0.6659490466117859), (19, 1.055273175239563), (0, 1.010425329208374), (1, 0.8562381863594055), (2, 0.6869935989379883), (3, 1.2345842123031616), (4, 0.523165225982666), (5, 0.5610233545303345), (6, 0.7044792175292969), (7, 0.6735327839851379), (8, 0.7490530014038086), (9, 0.7837865948677063), (10, 0.5106767416000366), (11, 0.6764768362045288), (12, 0.8556340336799622), (13, 0.6884034872055054), (14, 0.8908901214599609), (15, 0.5791954398155212), (16, 0.5793764591217041), (17, 0.6713635325431824), (18, 0.6243622899055481), (19, 0.9034664034843445), (0, 0.9190119504928589), (1, 0.5746539831161499), (2, 0.6831557154655457), (3, 0.8708028793334961), (4, 0.6140882968902588), (5, 0.6646546125411987), (6, 0.7825178503990173), (7, 0.9535654783248901), (8, 0.6519655585289001), (9, 0.7114840745925903), (10, 0.7951940894126892), (11, 0.6248534917831421), (12, 0.773401141166687), (13, 0.7385772466659546), (14, 0.8414554595947266), (15, 0.4251623749732971), (16, 0.8631156086921692), (17, 0.7326897382736206), (18, 0.7633563876152039), (19, 0.6967241764068604), (0, 0.629810631275177), (1, 0.6661663055419922), (2, 0.7649568319320679), (3, 0.7017523050308228), (4, 0.7543945908546448), (5, 0.8665872812271118), (6, 0.7857226133346558), (7, 0.46539753675460815), (8, 0.7973543405532837), (9, 0.8385053873062134), (10, 0.7230600118637085), (11, 0.6928804516792297), (12, 0.5260273218154907), (13, 1.004034161567688), (14, 0.6502910852432251), (15, 0.9415630102157593), (16, 0.664885938167572), (17, 0.9272039532661438), (18, 0.5883653163909912), (19, 0.6879692077636719), (0, 0.5426508188247681), (1, 0.5436899065971375), (2, 0.7127916216850281), (3, 0.7051364183425903), (4, 0.6050992012023926), (5, 0.7599837183952332), (6, 0.8780790567398071), (7, 0.5281415581703186), (8, 0.9253423810005188), (9, 0.7374058961868286), (10, 0.6479508280754089), (11, 0.8019636869430542), (12, 0.7195814847946167), (13, 1.0157814025878906), (14, 0.9395947456359863), (15, 0.5636444091796875), (16, 0.9565153121948242), (17, 0.7978141903877258), (18, 0.6748927235603333), (19, 0.5761352181434631), (0, 0.5027891993522644), (1, 0.7691066265106201), (2, 0.5852522850036621), (3, 0.6270681619644165), (4, 0.8383904695510864), (5, 0.5951443314552307), (6, 0.5085210204124451), (7, 0.6873060464859009), (8, 0.8241698145866394), (9, 1.0231132507324219), (10, 0.6640488505363464), (11, 1.0154021978378296), (12, 0.8071085214614868), (13, 0.6189084053039551), (14, 0.7175778150558472), (15, 0.792790412902832), (16, 0.9088032841682434), (17, 0.8067713975906372), (18, 0.6974567174911499), (19, 0.6866857409477234), (0, 0.5856062769889832), (1, 0.608982503414154), (2, 0.6909160017967224), (3, 0.5243262648582458), (4, 0.7965096235275269), (5, 0.64373379945755), (6, 0.7177497148513794), (7, 0.7056904435157776), (8, 0.9976276159286499), (9, 0.711137592792511), (10, 0.763656735420227), (11, 0.8988655209541321), (12, 0.5528244972229004), (13, 0.7060278058052063), (14, 1.041102409362793), (15, 0.6737918853759766), (16, 0.9079893827438354), (17, 0.6646687984466553), (18, 0.8754045367240906), (19, 0.5585485100746155), (0, 0.6963022947311401), (1, 0.5869816541671753), (2, 0.5813150405883789), (3, 0.616226315498352), (4, 0.5987634062767029), (5, 0.6483586430549622), (6, 0.9811413884162903), (7, 0.6978262662887573), (8, 0.9164838790893555), (9, 0.6789321899414062), (10, 0.6628205180168152), (11, 0.7266669273376465), (12, 0.8568698763847351), (13, 1.0091326236724854), (14, 0.6464834213256836), (15, 0.843195915222168), (16, 0.7597805261611938), (17, 0.7979159951210022), (18, 0.7504183053970337), (19, 0.5768753886222839), (0, 0.6382401585578918), (1, 0.5857384204864502), (2, 0.5184640288352966), (3, 0.8674468994140625), (4, 0.922691822052002), (5, 0.842009425163269), (6, 0.7180849313735962), (7, 0.9457880258560181), (8, 0.9077152013778687), (9, 0.47364550828933716), (10, 0.6745778322219849), (11, 0.7873640656471252), (12, 0.5675850510597229), (13, 0.8097072839736938), (14, 0.610371470451355), (15, 0.9526888728141785), (16, 0.6219736933708191), (17, 0.6310212016105652), (18, 0.741320013999939), (19, 0.9755110144615173), (0, 0.7517924308776855), (1, 0.9050461053848267), (2, 0.8588113784790039), (3, 0.9027460813522339), (4, 0.8604955673217773), (5, 0.8236796259880066), (6, 0.7803800106048584), (7, 0.6423898339271545), (8, 0.5766929388046265), (9, 0.6202028393745422), (10, 0.5480574369430542), (11, 0.44468021392822266), (12, 0.6001649498939514), (13, 0.7774025201797485), (14, 0.6971625685691833), (15, 0.5954370498657227), (16, 1.1472828388214111), (17, 0.51158207654953), (18, 0.8860969543457031), (19, 0.7860618233680725), (0, 0.6241596937179565), (1, 0.5747140645980835), (2, 0.8875393867492676), (3, 0.6490557193756104), (4, 1.0843322277069092), (5, 0.763029932975769), (6, 0.7998343706130981), (7, 0.5637525320053101), (8, 0.959712028503418), (9, 0.6292802691459656), (10, 0.6123144626617432), (11, 0.7083328366279602), (12, 0.8589755892753601), (13, 0.6259311437606812), (14, 0.605637788772583), (15, 0.9360088109970093), (16, 0.6370171904563904), (17, 0.7481992840766907), (18, 0.7810720801353455), (19, 0.5880680680274963), (0, 0.8291436433792114), (1, 0.9416190981864929), (2, 0.591309666633606), (3, 0.7907010912895203), (4, 0.6306302547454834), (5, 1.0705982446670532), (6, 0.7019427418708801), (7, 0.9224451184272766), (8, 0.8258514404296875), (9, 0.6382660865783691), (10, 0.5581331253051758), (11, 0.8497384190559387), (12, 0.5367790460586548), (13, 0.615136981010437), (14, 0.4951705038547516), (15, 0.638204038143158), (16, 0.9433627128601074), (17, 0.7664598226547241), (18, 0.5752764344215393), (19, 0.8016202449798584), (0, 0.5777578353881836), (1, 0.6426001787185669), (2, 1.0315134525299072), (3, 0.6756181716918945), (4, 0.6879975199699402), (5, 0.5479267835617065), (6, 0.6009294986724854), (7, 1.004700779914856), (8, 1.020946741104126), (9, 0.9686940908432007), (10, 0.6552244424819946), (11, 0.5781556963920593), (12, 0.6296765208244324), (13, 0.7464478015899658), (14, 0.7163025140762329), (15, 0.785932183265686), (16, 0.6061248183250427), (17, 0.8183063268661499), (18, 0.708591103553772), (19, 0.6638234257698059), (0, 0.800142765045166), (1, 0.5983570218086243), (2, 0.6741129159927368), (3, 0.7042679786682129), (4, 0.7334946990013123), (5, 0.8774644732475281), (6, 0.6563940644264221), (7, 0.8905969858169556), (8, 0.7344647645950317), (9, 0.5957027673721313), (10, 0.8635387420654297), (11, 1.0816534757614136), (12, 0.6691876649856567), (13, 0.5833209753036499), (14, 0.7683042287826538), (15, 0.7558813095092773), (16, 0.5636962652206421), (17, 0.8141520619392395), (18, 0.6208519339561462), (19, 0.6935922503471375), (0, 0.8415576219558716), (1, 0.6085799932479858), (2, 0.5864874720573425), (3, 0.7264760732650757), (4, 0.7779321074485779), (5, 0.8647996187210083), (6, 0.9817358255386353), (7, 0.7935371994972229), (8, 0.7159963846206665), (9, 0.6474064588546753), (10, 0.7128585577011108), (11, 0.8991273641586304), (12, 0.6172917485237122), (13, 0.9697877764701843), (14, 0.5566874742507935), (15, 0.7242154479026794), (16, 0.6042489409446716), (17, 0.7696241140365601), (18, 0.6147540807723999), (19, 0.6477269530296326), (0, 0.6006249189376831), (1, 0.7892720103263855), (2, 0.9348663091659546), (3, 0.6173260807991028), (4, 0.638546884059906), (5, 0.5194628238677979), (6, 0.6489650011062622), (7, 0.8997949361801147), (8, 0.8177193403244019), (9, 0.804735004901886), (10, 0.6301873326301575), (11, 0.6914259195327759), (12, 0.8365968465805054), (13, 0.6573021411895752), (14, 0.6270228624343872), (15, 0.9693311452865601), (16, 0.564116358757019), (17, 0.7874438166618347), (18, 0.8011460304260254), (19, 0.9430909156799316), (0, 0.640468418598175), (1, 0.6923073530197144), (2, 0.7504691481590271), (3, 0.731113076210022), (4, 0.6992610692977905), (5, 0.8971133232116699), (6, 1.1992876529693604), (7, 0.7797608375549316), (8, 0.8585542440414429), (9, 0.4972725808620453), (10, 0.5931025743484497), (11, 0.8341197967529297), (12, 0.6105742454528809), (13, 0.6703307032585144), (14, 0.7178287506103516), (15, 0.8227551579475403), (16, 0.6405335664749146), (17, 0.8400395512580872), (18, 0.5301138162612915), (19, 0.6612244844436646), (0, 0.675719678401947), (1, 0.6498419046401978), (2, 0.968052864074707), (3, 0.7598223090171814), (4, 0.9102413058280945), (5, 0.8241543769836426), (6, 0.6121721863746643), (7, 0.6493863463401794), (8, 0.564429759979248), (9, 1.096763253211975), (10, 0.7008251547813416), (11, 0.6113983392715454), (12, 1.2311205863952637), (13, 0.5241836905479431), (14, 0.6397274732589722), (15, 0.7529846429824829), (16, 0.5524384379386902), (17, 0.5231110453605652), (18, 0.7559202313423157), (19, 0.665744960308075), (0, 0.8122112154960632), (1, 0.5764185786247253), (2, 0.6219572424888611), (3, 0.7033296823501587), (4, 0.7779785394668579), (5, 0.7172631621360779), (6, 0.8646060228347778), (7, 0.6083561778068542), (8, 0.9396182298660278), (9, 0.6574746370315552), (10, 0.6828417778015137), (11, 0.5874873995780945), (12, 0.7738557457923889), (13, 0.8338696360588074), (14, 0.8249437212944031), (15, 0.9602938890457153), (16, 0.5452583432197571), (17, 0.6251166462898254), (18, 0.7609575986862183), (19, 0.8798370361328125), (0, 0.5852639079093933), (1, 0.5887702703475952), (2, 0.7806539535522461), (3, 0.910275936126709), (4, 0.6283745765686035), (5, 0.9931079149246216), (6, 1.0225343704223633), (7, 0.7844240069389343), (8, 0.7848349809646606), (9, 0.6734082698822021), (10, 0.799996018409729), (11, 0.5998126864433289), (12, 0.6857737302780151), (13, 0.777677059173584), (14, 0.4353927671909332), (15, 0.5659199953079224), (16, 0.7923365831375122), (17, 0.9409465789794922), (18, 0.7168583869934082), (19, 0.5589643716812134), (0, 0.6577541828155518), (1, 0.7950247526168823), (2, 0.5950654745101929), (3, 0.49161314964294434), (4, 0.7073807716369629), (5, 0.7679377794265747), (6, 0.8734382390975952), (7, 0.7416509389877319), (8, 1.09415602684021), (9, 0.8165315389633179), (10, 0.7025137543678284), (11, 0.5855799913406372), (12, 0.6285133957862854), (13, 0.7086343765258789), (14, 0.6689411401748657), (15, 0.7108811140060425), (16, 1.0753241777420044), (17, 0.6393505334854126), (18, 0.5088558197021484), (19, 1.0543222427368164), (0, 0.6382988095283508), (1, 0.6302440762519836), (2, 0.7233110666275024), (3, 0.9311683773994446), (4, 0.7926274538040161), (5, 0.997399628162384), (6, 0.48804378509521484), (7, 0.7968974709510803), (8, 0.6857444047927856), (9, 0.627258837223053), (10, 0.716711699962616), (11, 0.69196617603302), (12, 0.792163610458374), (13, 0.6615763902664185), (14, 0.969401478767395), (15, 0.6586970090866089), (16, 0.9045669436454773), (17, 0.8104956746101379), (18, 0.6369203329086304), (19, 0.4137459695339203), (0, 0.7826219797134399), (1, 0.701743483543396), (2, 1.0144838094711304), (3, 0.868716835975647), (4, 0.9668439626693726), (5, 0.7470062971115112), (6, 0.6042092442512512), (7, 0.8647613525390625), (8, 0.6780043840408325), (9, 0.6937816739082336), (10, 0.7877429723739624), (11, 0.6668344736099243), (12, 0.8146036267280579), (13, 0.5890072584152222), (14, 0.7798553705215454), (15, 0.6194462776184082), (16, 0.45672234892845154), (17, 0.6610285639762878), (18, 0.5914822816848755), (19, 0.8547406792640686), (0, 0.9827805757522583), (1, 0.8158693313598633), (2, 0.7543948888778687), (3, 0.6482744216918945), (4, 0.8225544691085815), (5, 0.6259351372718811), (6, 0.7980431318283081), (7, 0.7147738337516785), (8, 0.4969104826450348), (9, 0.7787915468215942), (10, 0.856322169303894), (11, 0.5652147531509399), (12, 0.6696832776069641), (13, 0.7600505948066711), (14, 0.8035646677017212), (15, 0.848717212677002), (16, 0.8342744708061218), (17, 0.7560316324234009), (18, 0.5725241899490356), (19, 0.4950498044490814), (0, 0.7758547067642212), (1, 0.6453821659088135), (2, 0.7793067693710327), (3, 0.6702741980552673), (4, 0.916934609413147), (5, 1.0005581378936768), (6, 0.7719210982322693), (7, 0.6702730059623718), (8, 0.5387242436408997), (9, 0.587462306022644), (10, 0.7323201894760132), (11, 0.8330551385879517), (12, 0.7167081832885742), (13, 0.7989178895950317), (14, 0.7246322631835938), (15, 0.7766143083572388), (16, 0.6012908220291138), (17, 0.6894718408584595), (18, 0.8632662892341614), (19, 0.5146203637123108), (0, 1.0289219617843628), (1, 0.5793057680130005), (2, 0.9685710072517395), (3, 0.7388213276863098), (4, 0.765694260597229), (5, 0.5477182269096375), (6, 0.731401264667511), (7, 0.6980255842208862), (8, 0.7136326432228088), (9, 0.5865764021873474), (10, 0.7752639055252075), (11, 0.8965415954589844), (12, 0.6324924826622009), (13, 0.6838866472244263), (14, 0.5588691830635071), (15, 0.555057942867279), (16, 0.8703317642211914), (17, 0.8311454653739929), (18, 0.8980655670166016), (19, 0.5690293908119202), (0, 0.7512441277503967), (1, 0.5950055718421936), (2, 0.669967532157898), (3, 0.6786578893661499), (4, 0.5692375898361206), (5, 0.616295337677002), (6, 0.8458971977233887), (7, 0.6441687345504761), (8, 0.7513724565505981), (9, 0.834908664226532), (10, 0.5176830887794495), (11, 0.925745964050293), (12, 0.7966352105140686), (13, 0.7181659936904907), (14, 1.0799221992492676), (15, 0.7049994468688965), (16, 0.6489664912223816), (17, 0.7133405208587646), (18, 0.5686684846878052), (19, 1.284763216972351), (0, 0.7435911893844604), (1, 0.7800533771514893), (2, 0.6798639297485352), (3, 0.7230271100997925), (4, 0.9003456234931946), (5, 0.5488992929458618), (6, 0.6431342959403992), (7, 0.7287329435348511), (8, 0.7589914202690125), (9, 0.5580474138259888), (10, 0.8211265802383423), (11, 0.7559642195701599), (12, 0.6610694527626038), (13, 0.9921441078186035), (14, 0.7561381459236145), (15, 0.8239278793334961), (16, 0.5679637789726257), (17, 0.5570341348648071), (18, 0.9325704574584961), (19, 0.7818583846092224), (0, 0.9272732734680176), (1, 0.6940329670906067), (2, 0.9264607429504395), (3, 0.7412890791893005), (4, 0.8837103843688965), (5, 0.7856284379959106), (6, 0.49194058775901794), (7, 0.7979918718338013), (8, 0.7380775809288025), (9, 0.626975417137146), (10, 0.773320734500885), (11, 0.7796685099601746), (12, 0.5055036544799805), (13, 0.8459785580635071), (14, 0.6342250108718872), (15, 0.6118603944778442), (16, 0.6185986995697021), (17, 0.8124037981033325), (18, 0.5828837156295776), (19, 1.039862036705017), (0, 0.8395800590515137), (1, 0.8323636054992676), (2, 0.872180163860321), (3, 0.7923041582107544), (4, 0.5139512419700623), (5, 0.8026577830314636), (6, 0.7486121654510498), (7, 0.8698288202285767), (8, 0.7545855045318604), (9, 0.8046471476554871), (10, 0.673641562461853), (11, 0.6716766357421875), (12, 0.68342524766922), (13, 0.8626441955566406), (14, 0.6836783289909363), (15, 0.6790615916252136), (16, 0.36757227778434753), (17, 0.7982061505317688), (18, 0.7809020280838013), (19, 0.6170365214347839), (0, 0.6878161430358887), (1, 0.903006374835968), (2, 0.837114155292511), (3, 0.7496883273124695), (4, 0.6342108249664307), (5, 0.5208160281181335), (6, 0.6327031850814819), (7, 0.9097062945365906), (8, 0.707220733165741), (9, 0.7074939608573914), (10, 0.744818925857544), (11, 0.684066891670227), (12, 0.886393666267395), (13, 0.8253265619277954), (14, 1.2097141742706299), (15, 0.5150377154350281), (16, 0.5748100280761719), (17, 0.651797890663147), (18, 0.5848541259765625), (19, 0.7252408862113953), (0, 0.8541590571403503), (1, 0.43929916620254517), (2, 0.689996600151062), (3, 0.8514350056648254), (4, 0.6003394722938538), (5, 0.5850329399108887), (6, 0.7825482487678528), (7, 0.900196373462677), (8, 0.6336365938186646), (9, 0.7296242117881775), (10, 0.7227917313575745), (11, 0.6728244423866272), (12, 0.7367904186248779), (13, 0.8519672155380249), (14, 0.611468493938446), (15, 0.716286301612854), (16, 0.6714801788330078), (17, 1.0044224262237549), (18, 0.8810380697250366), (19, 0.7773392796516418), (0, 0.9278947114944458), (1, 0.855427086353302), (2, 0.703610360622406), (3, 0.569696307182312), (4, 0.6800326704978943), (5, 0.6923335790634155), (6, 0.5482066869735718), (7, 0.5794207453727722), (8, 0.8576704263687134), (9, 0.6912739872932434), (10, 0.6236597299575806), (11, 0.7107377052307129), (12, 0.8058085441589355), (13, 0.49211472272872925), (14, 1.0987417697906494), (15, 1.0990428924560547), (16, 0.7746424674987793), (17, 0.7584505081176758), (18, 0.7132941484451294), (19, 0.3661356270313263), (0, 0.6515950560569763), (1, 0.4513762593269348), (2, 0.7313148379325867), (3, 0.6688436269760132), (4, 0.897543728351593), (5, 0.8226360082626343), (6, 0.6538402438163757), (7, 0.7395160794258118), (8, 0.890367865562439), (9, 0.6526243090629578), (10, 0.7320245504379272), (11, 0.6113952398300171), (12, 0.7746283411979675), (13, 0.8425872921943665), (14, 0.8444689512252808), (15, 0.8717396855354309), (16, 0.6911119222640991), (17, 0.8071550130844116), (18, 0.6661520600318909), (19, 0.668032705783844), (0, 0.7805095911026001), (1, 0.6156846284866333), (2, 0.6235683560371399), (3, 0.85041743516922), (4, 0.9545408487319946), (5, 0.7659185528755188), (6, 0.6293584108352661), (7, 0.7136160135269165), (8, 0.6558070182800293), (9, 0.44625845551490784), (10, 0.9778736233711243), (11, 0.5791968107223511), (12, 0.8910667300224304), (13, 1.1729192733764648), (14, 0.783374011516571), (15, 0.5612531900405884), (16, 0.6596859097480774), (17, 0.5289517641067505), (18, 0.725155770778656), (19, 0.8109736442565918), (0, 0.6700934171676636), (1, 0.5711430311203003), (2, 0.6583927273750305), (3, 0.6970926523208618), (4, 0.8856703042984009), (5, 0.7396745681762695), (6, 0.5516666173934937), (7, 0.557956337928772), (8, 0.7534624934196472), (9, 0.6638697385787964), (10, 0.8629981279373169), (11, 0.9743834733963013), (12, 0.8594783544540405), (13, 0.6600863337516785), (14, 0.8682231903076172), (15, 0.7336332201957703), (16, 0.6683648824691772), (17, 0.8277482986450195), (18, 0.8566964864730835), (19, 0.5685105919837952), (0, 0.7022546529769897), (1, 0.6754264831542969), (2, 0.8897197842597961), (3, 0.6924417614936829), (4, 0.6902598142623901), (5, 0.9750741720199585), (6, 0.7340588569641113), (7, 0.4022562503814697), (8, 0.540929913520813), (9, 0.8748229742050171), (10, 0.9413880109786987), (11, 0.8624632954597473), (12, 0.8496820330619812), (13, 0.736940324306488), (14, 0.7033621668815613), (15, 0.6993497014045715), (16, 0.6475087404251099), (17, 0.5745601058006287), (18, 0.6568672060966492), (19, 0.9206236004829407), (0, 0.9422497749328613), (1, 0.5987171530723572), (2, 0.7487015724182129), (3, 0.7390815019607544), (4, 1.013830542564392), (5, 0.6271021962165833), (6, 0.5884842872619629), (7, 0.6529066562652588), (8, 0.6370320320129395), (9, 0.8020540475845337), (10, 0.6826478242874146), (11, 0.8632774353027344), (12, 0.7283897995948792), (13, 0.6401586532592773), (14, 0.5726223587989807), (15, 0.7543567419052124), (16, 0.6707987785339355), (17, 1.018200397491455), (18, 0.7574695348739624), (19, 0.6060988306999207), (0, 0.7332116961479187), (1, 0.8471676707267761), (2, 0.6266095042228699), (3, 0.7383412718772888), (4, 0.8970106244087219), (5, 0.8532235026359558), (6, 0.5502223968505859), (7, 0.8122774362564087), (8, 0.6418988704681396), (9, 0.7236161231994629), (10, 0.6674945950508118), (11, 0.6881094574928284), (12, 0.6304816007614136), (13, 0.8870318531990051), (14, 0.5865709781646729), (15, 1.0019866228103638), (16, 0.5296786427497864), (17, 0.777398943901062), (18, 0.819092869758606), (19, 0.6505263447761536), (0, 0.5759351849555969), (1, 0.563184380531311), (2, 0.7437759041786194), (3, 0.6405295133590698), (4, 0.7721603512763977), (5, 0.7175946831703186), (6, 0.5369144678115845), (7, 0.5889061093330383), (8, 0.6314939260482788), (9, 0.6624747514724731), (10, 0.8491702079772949), (11, 0.903722882270813), (12, 0.861587405204773), (13, 1.0261937379837036), (14, 0.7593013048171997), (15, 0.6978351473808289), (16, 0.655934751033783), (17, 0.925361156463623), (18, 0.6623154282569885), (19, 1.0455820560455322), (0, 0.6776109933853149), (1, 0.809422492980957), (2, 0.5607684254646301), (3, 0.6643344759941101), (4, 1.0405776500701904), (5, 0.664121687412262), (6, 0.6799353361129761), (7, 0.6139707565307617), (8, 0.5668436884880066), (9, 0.8768939971923828), (10, 0.8059704899787903), (11, 0.7983485460281372), (12, 0.8954991102218628), (13, 0.6114324331283569), (14, 0.9851913452148438), (15, 0.5891942977905273), (16, 0.7079546451568604), (17, 0.600689709186554), (18, 0.8374241590499878), (19, 0.6925935745239258), (0, 0.4506877064704895), (1, 0.6587837934494019), (2, 1.2114931344985962), (3, 0.7912053465843201), (4, 0.7922826409339905), (5, 0.8011536598205566), (6, 0.6271021366119385), (7, 0.9399922490119934), (8, 0.6729905009269714), (9, 0.8585675358772278), (10, 0.5643055438995361), (11, 0.8609615564346313), (12, 0.563312828540802), (13, 0.8352023959159851), (14, 0.7347434759140015), (15, 0.8012924194335938), (16, 0.7545087933540344), (17, 0.5369266271591187), (18, 0.5681755542755127), (19, 0.6300880908966064), (0, 0.5452412366867065), (1, 0.6560283899307251), (2, 0.8663953542709351), (3, 0.8496288061141968), (4, 0.937008261680603), (5, 0.7789427638053894), (6, 0.7937043309211731), (7, 0.7056179046630859), (8, 0.6597785353660583), (9, 0.5447627305984497), (10, 0.6648180484771729), (11, 0.7855408787727356), (12, 0.7738879919052124), (13, 1.146496295928955), (14, 0.7725895643234253), (15, 0.7112863063812256), (16, 0.5482343435287476), (17, 0.8465366363525391), (18, 0.5064570903778076), (19, 0.5146417021751404), (0, 0.6892409324645996), (1, 0.6118344068527222), (2, 0.7274972796440125), (3, 0.7319539785385132), (4, 0.8262182474136353), (5, 1.1121927499771118), (6, 0.5347143411636353), (7, 0.9003162384033203), (8, 0.8872803449630737), (9, 0.6201151013374329), (10, 0.8131527900695801), (11, 0.6920436024665833), (12, 0.6220008730888367), (13, 0.7152079939842224), (14, 0.6876326203346252), (15, 0.5711986422538757), (16, 0.7793527841567993), (17, 0.6544402837753296), (18, 0.8387376070022583), (19, 0.6443494558334351), (0, 0.6550142168998718), (1, 0.6114877462387085), (2, 0.6018882989883423), (3, 0.6489487886428833), (4, 0.6315046548843384), (5, 0.8358365893363953), (6, 0.7231363654136658), (7, 0.8170002102851868), (8, 0.7584649324417114), (9, 0.604699969291687), (10, 0.8809647560119629), (11, 0.5629030466079712), (12, 0.7696759104728699), (13, 0.9976745843887329), (14, 0.6464731097221375), (15, 0.9154696464538574), (16, 0.9598598480224609), (17, 0.5786324739456177), (18, 0.6266719102859497), (19, 0.9590553641319275), (0, 0.8237916231155396), (1, 0.7835409641265869), (2, 0.7383678555488586), (3, 1.0339540243148804), (4, 0.6491928696632385), (5, 0.66490638256073), (6, 0.8001807928085327), (7, 0.5618852376937866), (8, 0.6475514769554138), (9, 0.764460563659668), (10, 0.5574401617050171), (11, 0.6406165361404419), (12, 0.6947923898696899), (13, 0.7291631698608398), (14, 0.6304019093513489), (15, 0.7693309783935547), (16, 0.6314406394958496), (17, 0.7151910066604614), (18, 0.7718585729598999), (19, 1.3227887153625488)]