Model Setup for {PATIENT_GROUPS} Trained Network:

{NETWORK_TYPE} Network Architecture Parameters
Input channels=2
Hidden channels=128
Output channels=2

Training hyperparameters
Optimizer=AdamW (
Parameter Group 0
    amsgrad: False
    betas: (0.9, 0.999)
    capturable: False
    differentiable: False
    eps: 1e-08
    foreach: None
    fused: None
    lr: 0.006
    maximize: False
    weight_decay: 0.0
)Training Iterations=1400
Learning rate=0.006
Weight decay=0.0
Optimizer reset frequency=None

Dropout probability (after initial linear layer before NCDE): 0.5
Training Data Selection Parameters
(If not virtual, the only important params are the groups and whether data was normalized/standardized)
Patient groups=['Control']
Augmentation strategy=Uniform
Noise Magnitude=0.05
Normalized/standardized=StandardizeAll
Number of virtual patients per real patient=100
Label smoothing factor=0
Test Patient Combinations:
Control: None
MDD: None
Training batch size=1
Training Results:
Runtime=244.5648820400238
Loss over time=[(0, 1.307823117477537), (0, 1.1147020910790115), (0, 0.8713064866607216), (0, 0.7006229620852308), (0, 0.6330707835812909), (0, 0.6117549866248457), (0, 0.6037798366515097), (0, 0.6031266627863275), (0, 0.6008367834865092), (0, 0.6013735112345487), (0, 0.6013207102845322), (0, 0.6003342019357771), (0, 0.6016810127973323), (0, 0.6003069994952186), (0, 0.601219971964411), (0, 0.6008705639663554), (0, 0.6004665536152163), (0, 0.6011716838004498), (0, 0.6002919650194259), (0, 0.6010091361648435), (0, 0.6005308764560429), (0, 0.6005848003286731), (0, 0.6007388402314201), (0, 0.6003529859650691), (0, 0.6007838138886489), (0, 0.6003311600191821), (0, 0.6006471515448057), (0, 0.6004218367685632), (0, 0.6004623034606635), (0, 0.6005364643383868), (0, 0.6003230586278848), (0, 0.6005588401819913), (0, 0.6002998724321956), (0, 0.6005035433380784), (0, 0.6003282035792694), (0, 0.600432289249571), (0, 0.6003534199345212), (0, 0.6003709658100758), (0, 0.6003801801196782), (0, 0.6003222384688818), (0, 0.6003839529178067), (0, 0.6003028037093284), (0, 0.6003752202518938), (0, 0.6002896583834386), (0, 0.6003636165978432), (0, 0.6002859116487212), (0, 0.6003466606102622), (0, 0.6002838406403901), (0, 0.6003342419721958), (0, 0.6002814973834156), (0, 0.6003212866448414), (0, 0.6002797545813263), (0, 0.6003123953970427), (0, 0.6002767537907174), (0, 0.6003036225862936), (0, 0.6002743337406998), (0, 0.6002972774234737), (0, 0.6002717674487127), (0, 0.6002905393925532), (0, 0.6002697777491128), (0, 0.6002849425208162), (0, 0.6002685897825427), (0, 0.6002788232134914), (0, 0.6002677041794803), (0, 0.6002731228507282), (0, 0.6002675424068386), (0, 0.6002676973354102), (0, 0.6002670556134235), (0, 0.6002629235931835), (0, 0.6002660254109616), (0, 0.600259534552023), (0, 0.6002640352215292), (0, 0.6002574695492155), (0, 0.6002608049543453), (0, 0.6002565202841778), (0, 0.6002570802096443), (0, 0.6002559833291655), (0, 0.6002536457831008), (0, 0.6002548493632281), (0, 0.6002512171016922), (0, 0.6002525942241793), (0, 0.6002498941661796), (0, 0.6002496575418751), (0, 0.6002489327874468), (0, 0.6002469365326328), (0, 0.6002473725123662), (0, 0.6002450851120619), (0, 0.6002449566901653), (0, 0.600243818798509), (0, 0.6002424106745743), (0, 0.6002422518748246), (0, 0.6002404842988097), (0, 0.6002400203398315), (0, 0.6002390219540735), (0, 0.6002376892678304), (0, 0.6002372612446186), (0, 0.6002358564547388), (0, 0.6002350137914063), (0, 0.6002342201156403), (0, 0.6002328873366527), (0, 0.6002321990242736), (0, 0.6002311265743254), (0, 0.6002299909600975), (0, 0.6002292364606268), (0, 0.6002280630308122), (0, 0.6002270583122375), (0, 0.6002261917893884), (0, 0.6002250164997359), (0, 0.6002240558579843), (0, 0.6002231028080423), (0, 0.6002219507763279), (0, 0.6002209833005763), (0, 0.6002199796018354), (0, 0.60021884514916), (0, 0.6002178502048813), (0, 0.6002168196344955), (0, 0.6002156919517447), (0, 0.6002146631678005), (0, 0.6002136172554697), (0, 0.6002124899060873), (0, 0.6002114258985037), (0, 0.6002103676917299), (0, 0.6002092397969819), (0, 0.6002081412690677), (0, 0.6002070670762321), (0, 0.6002059406893466), (0, 0.6002048120253032), (0, 0.6002037137387153), (0, 0.6002025891714066), (0, 0.600201440335271), (0, 0.6002003103494596), (0, 0.6001991806071069), (0, 0.6001980221669865), (0, 0.6001968610343176), (0, 0.600195711426361), (0, 0.6001945511725514), (0, 0.6001933718544786), (0, 0.6001921935290929), (0, 0.6001910191661071), (0, 0.6001898328647998), (0, 0.6001886337618364), (0, 0.6001874330306926), (0, 0.6001862329437482), (0, 0.6001850225043117), (0, 0.6001838025877743), (0, 0.6001825759277506), (0, 0.600181347968141), (0, 0.6001801141987971), (0, 0.6001788710213181), (0, 0.6001776192674538), (0, 0.6001763628264676), (0, 0.6001751020237323), (0, 0.6001738341595133), (0, 0.600172557690493), (0, 0.6001712727771312), (0, 0.6001699813068089), (0, 0.6001686837894158), (0, 0.6001673813940599), (0, 0.6001660687625338), (0, 0.6001647474484401), (0, 0.6001634178544102), (0, 0.6001620801802783), (0, 0.6001607348036573), (0, 0.600159381578385), (0, 0.6001580201391516), (0, 0.6001566501558169), (0, 0.6001552712379388), (0, 0.6001538832962876), (0, 0.6001524861253275), (0, 0.6001510797234612), (0, 0.6001496639584925), (0, 0.600148238800737), (0, 0.6001468041684572), (0, 0.6001453600820089), (0, 0.6001439067091024), (0, 0.600142444531425), (0, 0.6001409749082135), (0, 0.60013950092766), (0, 0.6001380305180292), (0, 0.6001365830732198), (0, 0.6001352091604516), (0, 0.6001340458501254), (0, 0.600133463560904), (0, 0.6001345706628484), (0, 0.6001403334690477), (0, 0.6001601742969309), (0, 0.6002119919131684), (0, 0.6003483953920831), (0, 0.6005107586174083), (0, 0.6007557738479932), (0, 0.6004903914365919), (0, 0.6002154244759423), (0, 0.6001254822155107), (0, 0.6002967618396878), (0, 0.6004445314955947), (0, 0.6002354888303307), (0, 0.6001109011583541), (0, 0.600213669680666), (0, 0.6002727288041911), (0, 0.6001880841287867), (0, 0.6001047623511361), (0, 0.6001758198023303), (0, 0.600230546213301), (0, 0.6001361230787862), (0, 0.6001041481754892), (0, 0.6001673121409017), (0, 0.6001597664162065), (0, 0.6001027854510111), (0, 0.6001036260759881), (0, 0.6001394316218397), (0, 0.6001258683753664), (0, 0.6000882310524271), (0, 0.600102052736188), (0, 0.6001232493555522), (0, 0.6000978431593345), (0, 0.6000802755598142), (0, 0.6000961781902249), (0, 0.6000997688723783), (0, 0.600080973845619), (0, 0.6000742022462653), (0, 0.6000852107964063), (0, 0.6000845312720945), (0, 0.6000698559941253), (0, 0.6000676224203475), (0, 0.6000748070275722), (0, 0.6000707503842683), (0, 0.6000608142141716), (0, 0.6000597415803983), (0, 0.6000633927128883), (0, 0.6000601014672047), (0, 0.6000526896987691), (0, 0.6000512451480501), (0, 0.6000531338630223), (0, 0.600050239385149), (0, 0.6000446219349348), (0, 0.6000424282103737), (0, 0.6000428934589908), (0, 0.6000410071314598), (0, 0.6000365130994532), (0, 0.6000336003443246), (0, 0.6000329900762291), (0, 0.6000315642758705), (0, 0.6000281660366281), (0, 0.6000248489951417), (0, 0.6000231714787373), (0, 0.6000218831420081), (0, 0.6000193621750906), (0, 0.6000161338914514), (0, 0.6000135845270423), (0, 0.6000118576800767), (0, 0.600009906600672), (0, 0.6000071667054079), (0, 0.600004244346756), (0, 0.6000018277518406), (0, 0.5999997928603927), (0, 0.5999975363741621), (0, 0.5999948260779736), (0, 0.5999920155300381), (0, 0.5999894770414064), (0, 0.5999871668280883), (0, 0.599984767065266), (0, 0.5999821023971909), (0, 0.5999793028670491), (0, 0.5999765902952755), (0, 0.5999740278275421), (0, 0.5999714918859036), (0, 0.599968839027854), (0, 0.5999660460669644), (0, 0.5999632044716638), (0, 0.5999604076294586), (0, 0.5999576705046926), (0, 0.5999549357660794), (0, 0.5999521367738244), (0, 0.5999492555303415), (0, 0.5999463195249369), (0, 0.5999433737840688), (0, 0.5999404411407748), (0, 0.5999375151378676), (0, 0.5999345720544146), (0, 0.5999315877656852), (0, 0.5999285554320721), (0, 0.5999254793867398), (0, 0.5999223743219063), (0, 0.599919250321541), (0, 0.5999161130892445), (0, 0.5999129618595139), (0, 0.5999097905656747), (0, 0.5999065946658674), (0, 0.599903368820226), (0, 0.5999001125514007), (0, 0.5998968242347623), (0, 0.5998935065978872), (0, 0.5998901593507683), (0, 0.5998867854406682), (0, 0.5998833841466116), (0, 0.5998799577421394), (0, 0.5998765051312928), (0, 0.599873028539223), (0, 0.5998695275106046), (0, 0.599866005126518), (0, 0.5998624634561196), (0, 0.5998589112293732), (0, 0.5998553587934259), (0, 0.5998518336985076), (0, 0.5998483833878253), (0, 0.5998451080249709), (0, 0.5998422302584373), (0, 0.5998401804972197), (0, 0.5998400765397522), (0, 0.5998438733376368), (0, 0.5998576918779547), (0, 0.5998897294144147), (0, 0.5999736652490348), (0, 0.6001161522592203), (0, 0.6004431647656062), (0, 0.6005865732004397), (0, 0.6007198073699466), (0, 0.6001117232815623), (0, 0.5997970711798483), (0, 0.5999911030700885), (0, 0.6001776603593533), (0, 0.6000404255379216), (0, 0.599786865981878), (0, 0.5999300907625295), (0, 0.6000725257651714), (0, 0.5998366705333461), (0, 0.5998079880817033), (0, 0.5999638980573923), (0, 0.5998464469495105), (0, 0.5997659762204706), (0, 0.5998695585293912), (0, 0.5998261106208779), (0, 0.5997491249199469), (0, 0.59980816542245), (0, 0.599799205721625), (0, 0.5997380925244445), (0, 0.5997680480087149), (0, 0.5997737671546454), (0, 0.5997281066441923), (0, 0.5997396805086456), (0, 0.5997511108606569), (0, 0.5997183150450497), (0, 0.5997179786632596), (0, 0.5997306622274876), (0, 0.5997085220035905), (0, 0.5997004457503206), (0, 0.5997115753190297), (0, 0.5996983822133074), (0, 0.5996858233325866), (0, 0.599693281209337), (0, 0.5996873188403348), (0, 0.5996733341125019), (0, 0.5996757054340024), (0, 0.5996747321885368), (0, 0.5996622238868469), (0, 0.5996592708563747), (0, 0.599660374304407), (0, 0.5996515132597493), (0, 0.5996445991963966), (0, 0.5996447200550491), (0, 0.5996400384338354), (0, 0.5996319001834262), (0, 0.5996290136376003), (0, 0.5996269264871689), (0, 0.5996203995448183), (0, 0.5996146631335082), (0, 0.5996123390444913), (0, 0.5996084115799595), (0, 0.5996021178720189), (0, 0.5995976859283438), (0, 0.5995947861993026), (0, 0.5995901068457785), (0, 0.5995844712879929), (0, 0.5995803393310163), (0, 0.5995768850560285), (0, 0.5995722166890287), (0, 0.59956697315124), (0, 0.5995626876678422), (0, 0.5995589287758392), (0, 0.5995544652686243), (0, 0.5995494745854629), (0, 0.5995449106044318), (0, 0.5995408788632782), (0, 0.5995366677068273), (0, 0.5995319659932649), (0, 0.5995272095406067), (0, 0.5995228065472905), (0, 0.5995186221781229), (0, 0.599514281051046), (0, 0.5995096748669138), (0, 0.5995050134346676), (0, 0.5995005222346287), (0, 0.5994961896685759), (0, 0.5994918679095094), (0, 0.5994874448162617), (0, 0.5994829074537047), (0, 0.5994783347649605), (0, 0.5994738075074452), (0, 0.5994693548253471), (0, 0.5994649579999398), (0, 0.5994605799900121), (0, 0.5994561927142451), (0, 0.5994517847002254), (0, 0.5994473558244267), (0, 0.5994429233835576), (0, 0.5994385010205221), (0, 0.5994340945095499), (0, 0.5994297380953236), (0, 0.5994254563533302), (0, 0.5994213198987126), (0, 0.5994174827008474), (0, 0.5994142715229819), (0, 0.599412557902827), (0, 0.5994141911227248), (0, 0.5994248948167862), (0, 0.599456313706089), (0, 0.5995511508950778), (0, 0.5997661242929845), (0, 0.6003638851214134), (0, 0.6009153269251507), (0, 0.6016331405558275), (0, 0.600005894364917), (0, 0.5994048771019926), (0, 0.6001868631184247), (0, 0.5999776053004621), (0, 0.5993797858273994), (0, 0.5997138287418592), (0, 0.5996986387831652), (0, 0.5993703034950698), (0, 0.5996229581544872), (0, 0.5994854438828324), (0, 0.5994051291981727), (0, 0.5995555098744395), (0, 0.5993674873910758), (0, 0.5994742785893883), (0, 0.5994371849536823), (0, 0.5993714111779387), (0, 0.5994636194283413), (0, 0.5993483563186488), (0, 0.599411297049881), (0, 0.5993775896366804), (0, 0.5993494881722466), (0, 0.5993932602676705), (0, 0.599326820327149), (0, 0.5993713191744432), (0, 0.5993395545262286), (0, 0.5993316842256917), (0, 0.5993512000140777), (0, 0.5993107716052379), (0, 0.5993371596036899), (0, 0.5993145863922386), (0, 0.5993104192978296), (0, 0.5993201060763947), (0, 0.5992948432366261), (0, 0.5993092766257698), (0, 0.5992957913991034), (0, 0.5992890557554446), (0, 0.5992960379460208), (0, 0.5992784620230036), (0, 0.5992833850433503), (0, 0.5992780505436203), (0, 0.5992682974748367), (0, 0.5992730047579693), (0, 0.5992625069912582), (0, 0.5992601205862326), (0, 0.5992600315651546), (0, 0.599250472372258), (0, 0.5992509729479494), (0, 0.5992471394177854), (0, 0.599240262345229), (0, 0.5992406713916828), (0, 0.5992353142667292), (0, 0.5992304644116696), (0, 0.5992299075723214), (0, 0.5992244263503177), (0, 0.5992205496037981), (0, 0.5992191781112584), (0, 0.5992141070880161), (0, 0.5992104854122279), (0, 0.5992086431875877), (0, 0.5992041125321741), (0, 0.5992003932132842), (0, 0.5991982807780191), (0, 0.5991943353210508), (0, 0.5991904177929878), (0, 0.599188023038609), (0, 0.5991846888527468), (0, 0.5991806976208833), (0, 0.5991778662375556), (0, 0.5991750295852428), (0, 0.5991712864049811), (0, 0.5991679434089826), (0, 0.5991652195277872), (0, 0.5991620193498929), (0, 0.5991584654293162), (0, 0.5991553872718418), (0, 0.599152549782408), (0, 0.5991493363677921), (0, 0.599145961355621), (0, 0.599142901845575), (0, 0.5991400150634553), (0, 0.5991369227436003), (0, 0.5991336705923463), (0, 0.5991305533736251), (0, 0.5991276218155028), (0, 0.599124667483563), (0, 0.5991215754453012), (0, 0.5991184426499699), (0, 0.5991154049778152), (0, 0.5991124690593915), (0, 0.5991095421624073), (0, 0.5991065558016878), (0, 0.5991035219255046), (0, 0.599100497710215), (0, 0.599097523490042), (0, 0.5990945986485983), (0, 0.599091698325055), (0, 0.5990887949850291), (0, 0.5990858781076616), (0, 0.5990829492447604), (0, 0.5990800181084972), (0, 0.5990770920248827), (0, 0.5990741749743157), (0, 0.5990712700445205), (0, 0.5990683776467741), (0, 0.5990654954039539), (0, 0.5990626228666972), (0, 0.5990597590218966), (0, 0.5990569052015383), (0, 0.5990540638477218), (0, 0.5990512435902159), (0, 0.599048461768887), (0, 0.5990457672998825), (0, 0.5990432934683012), (0, 0.5990413886407757), (0, 0.5990410999769501), (0, 0.5990452952991202), (0, 0.5990637156772896), (0, 0.5991216982284541), (0, 0.5993216305752709), (0, 0.5998220494337835), (0, 0.6014255388539582), (0, 0.6018578744313058), (0, 0.6021850707913236), (0, 0.5991425262249249), (0, 0.6004578887898107), (0, 0.6015471137587065), (0, 0.59904473849961), (0, 0.6013432197353269), (0, 0.599620838444251), (0, 0.6001338645230668), (0, 0.5996699417517385), (0, 0.5996897550219789), (0, 0.5995433933613997), (0, 0.5996308986354024), (0, 0.5992747677281455), (0, 0.5996409726241044), (0, 0.5991027894499261), (0, 0.5995892611090646), (0, 0.5990741184896282), (0, 0.5994164977575316), (0, 0.5991897715470634), (0, 0.5991828582527626), (0, 0.5993056177751055), (0, 0.5990559279218609), (0, 0.5992730009981365), (0, 0.5990999712854161), (0, 0.5991320198998978), (0, 0.5991843392301969), (0, 0.599045445040386), (0, 0.5991672404264651), (0, 0.5990757283113525), (0, 0.5990785713663902), (0, 0.5991230203353665), (0, 0.599034504989426), (0, 0.5990997156345329), (0, 0.5990591641838099), (0, 0.5990428763755894), (0, 0.5990791982573327), (0, 0.5990231671783615), (0, 0.599053882559486), (0, 0.5990388114508275), (0, 0.5990179016779528), (0, 0.5990426833622748), (0, 0.599008358760984), (0, 0.5990206174571407), (0, 0.5990153813172899), (0, 0.5989974832238348), (0, 0.5990121422459892), (0, 0.5989909216083159), (0, 0.5989951185490279), (0, 0.5989921885405076), (0, 0.5989792390059597), (0, 0.5989869146667426), (0, 0.598972889443266), (0, 0.598974275226639), (0, 0.5989707982371539), (0, 0.5989622124603604), (0, 0.5989653379479902), (0, 0.5989552413442681), (0, 0.5989557501841978), (0, 0.5989510720251058), (0, 0.5989457792248917), (0, 0.5989457099035663), (0, 0.5989382267932046), (0, 0.5989381146813817), (0, 0.5989326536444616), (0, 0.5989296444727282), (0, 0.5989271908412246), (0, 0.5989219960544087), (0, 0.5989208179910466), (0, 0.5989155474310534), (0, 0.5989136426309801), (0, 0.598909714116571), (0, 0.5989064416027114), (0, 0.5989038276119433), (0, 0.598899679118981), (0, 0.59889755987212), (0, 0.5988934152035721), (0, 0.5988910482564846), (0, 0.5988874277622127), (0, 0.5988844931758147), (0, 0.598881463083746), (0, 0.5988780918994542), (0, 0.5988754143720801), (0, 0.5988718778614857), (0, 0.598869256736443), (0, 0.5988658107874749), (0, 0.5988630652099584), (0, 0.5988598190292622), (0, 0.598856883741472), (0, 0.5988538381747177), (0, 0.5988507574173669), (0, 0.5988478483658994), (0, 0.5988446894088478), (0, 0.5988418337607873), (0, 0.5988386671362509), (0, 0.5988358090962995), (0, 0.5988326734361878), (0, 0.5988297764507842), (0, 0.5988266879441722), (0, 0.5988237458776776), (0, 0.5988207044871303), (0, 0.5988177187981281), (0, 0.5988147108975054), (0, 0.5988116948525819), (0, 0.5988087065481925), (0, 0.5988056693872342), (0, 0.5988026871930784), (0, 0.5987996400354484), (0, 0.5987966549630579), (0, 0.5987935983674757), (0, 0.5987906046431897), (0, 0.5987875459119869), (0, 0.5987845377171902), (0, 0.5987814748506766), (0, 0.5987784512044138), (0, 0.598775383720209), (0, 0.5987723441131938), (0, 0.5987692697005157), (0, 0.5987662132814158), (0, 0.5987631303485529), (0, 0.5987600575627343), (0, 0.5987569639848629), (0, 0.5987538743444462), (0, 0.5987507685087781), (0, 0.5987476617746904), (0, 0.5987445413589471), (0, 0.5987414173673736), (0, 0.598738281638707), (0, 0.5987351395275462), (0, 0.5987319867640853), (0, 0.5987288259491614), (0, 0.5987256550289163), (0, 0.5987224749218091), (0, 0.5987192847332964), (0, 0.5987160844569398), (0, 0.5987128721057119), (0, 0.598709650875714), (0, 0.5987064193834215), (0, 0.5987031758849788), (0, 0.5986999216985107), (0, 0.5986966565995154), (0, 0.5986933789408523), (0, 0.59869009212711), (0, 0.5986867909811053), (0, 0.5986834764002094), (0, 0.5986801506317675), (0, 0.5986768119891023), (0, 0.5986734604940316), (0, 0.5986700958020125), (0, 0.5986667177003971), (0, 0.5986633259539208), (0, 0.598659920478661), (0, 0.5986565009123015), (0, 0.5986530659979004), (0, 0.598649618870415), (0, 0.5986461559546699), (0, 0.5986426781963782), (0, 0.5986391851897794), (0, 0.5986356769609547), (0, 0.5986321526108982), (0, 0.5986286131298393), (0, 0.598625057486615), (0, 0.5986214868749538), (0, 0.598617899434265), (0, 0.5986142952314872), (0, 0.5986106740020257), (0, 0.5986070354955474), (0, 0.5986033791777821), (0, 0.5985997071675361), (0, 0.5985960144634024), (0, 0.5985923048090952), (0, 0.5985885769091072), (0, 0.5985848305835519), (0, 0.5985810661040728), (0, 0.5985772810893186), (0, 0.5985734775259005), (0, 0.5985696572675452), (0, 0.5985658143969231), (0, 0.5985619515078823), (0, 0.5985580682519885), (0, 0.5985541644526046), (0, 0.598550238999563), (0, 0.5985462930040806), (0, 0.5985423261560509), (0, 0.598538337721095), (0, 0.5985343273293474), (0, 0.59853029477087), (0, 0.5985262396833443), (0, 0.5985221619220721), (0, 0.598518061188935), (0, 0.5985139372406668), (0, 0.5985097897724603), (0, 0.5985056185399653), (0, 0.5985014232147893), (0, 0.5984972034425226), (0, 0.5984929593615445), (0, 0.5984886895649943), (0, 0.5984843952268075), (0, 0.5984800738050914), (0, 0.5984757288132014), (0, 0.5984713577247485), (0, 0.5984669600578889), (0, 0.5984625362002558), (0, 0.5984580835686711), (0, 0.5984536045618963), (0, 0.5984491001631492), (0, 0.5984445665861583), (0, 0.598440003288087), (0, 0.5984354139703464), (0, 0.598430795802314), (0, 0.5984261491402356), (0, 0.5984214725299729), (0, 0.598416766575625), (0, 0.5984120311621925), (0, 0.598407265970311), (0, 0.5984024705835617), (0, 0.5983976457570636), (0, 0.5983927899850054), (0, 0.5983879034976003), (0, 0.5983829860966591), (0, 0.5983780376411519), (0, 0.5983730577270111), (0, 0.5983680457930303), (0, 0.5983630027860194), (0, 0.5983579269068734), (0, 0.5983528206816836), (0, 0.5983476838930577), (0, 0.5983425108495188), (0, 0.5983373087112537), (0, 0.59833207296651), (0, 0.5983268045772063), (0, 0.5983215035411191), (0, 0.5983161697428103), (0, 0.59831080347842), (0, 0.5983054044452806), (0, 0.5982999727991382), (0, 0.5982945085376088), (0, 0.5982890123567951), (0, 0.5982834832601721), (0, 0.5982779218436616), (0, 0.5982723282554935), (0, 0.5982667026763061), (0, 0.598261045287484), (0, 0.5982553549243849), (0, 0.5982496337108908), (0, 0.5982438816374083), (0, 0.5982380980299193), (0, 0.5982322845172179), (0, 0.5982264406518387), (0, 0.5982205668383016), (0, 0.5982146634915453), (0, 0.5982087310236687), (0, 0.5982027698787235), (0, 0.5981967804756076), (0, 0.5981907632793514), (0, 0.5981847187694144), (0, 0.5981786474349169), (0, 0.598172549922948), (0, 0.5981664272066435), (0, 0.5981602790494126), (0, 0.5981541063305102), (0, 0.5981479133348857), (0, 0.5981416960282468), (0, 0.5981354550888667), (0, 0.5981291919744471), (0, 0.5981229113940277), (0, 0.5981166100683555), (0, 0.5981102893167529), (0, 0.5981039501884543), (0, 0.5980975935218986), (0, 0.59809122025765), (0, 0.5980848314442425), (0, 0.5980784280887462), (0, 0.5980720108903944), (0, 0.5980655808945532), (0, 0.5980591393291854), (0, 0.5980526871927908), (0, 0.5980462254750135), (0, 0.5980397551857612), (0, 0.5980332773222063), (0, 0.5980267929171866), (0, 0.5980203030119224), (0, 0.598013808658209), (0, 0.5980073109118194), (0, 0.5980008108430037), (0, 0.5979943095535322), (0, 0.597987808172961), (0, 0.5979813077684908), (0, 0.5979748094062939), (0, 0.5979683140870896), (0, 0.5979618236491778), (0, 0.5979553385052024), (0, 0.5979488598960395), (0, 0.5979423888661253), (0, 0.5979359265186606), (0, 0.5979294739444769), (0, 0.5979230322262378), (0, 0.5979166024390938), (0, 0.5979101856488224), (0, 0.5979037836004223), (0, 0.5978973955985141), (0, 0.5978910237123545), (0, 0.5978846687396578), (0, 0.5978783304471615), (0, 0.5978720122168556), (0, 0.5978657140283704), (0, 0.5978594368226202), (0, 0.5978531814574312), (0, 0.5978469501231687), (0, 0.5978407408719137), (0, 0.5978345558534376), (0, 0.5978283961654094), (0, 0.5978222621915177), (0, 0.597816154850216), (0, 0.5978100748515242), (0, 0.5978040228647932), (0, 0.5977979995080754), (0, 0.5977920054256936), (0, 0.5977860411688327), (0, 0.59778010543374), (0, 0.597774202019123), (0, 0.5977683310092624), (0, 0.5977624911629075), (0, 0.5977566836063999), (0, 0.5977509082624152), (0, 0.5977451665845752), (0, 0.5977394577922966), (0, 0.5977337827891684), (0, 0.5977281415621741), (0, 0.5977225348275951), (0, 0.5977169610041707), (0, 0.5977114231890645), (0, 0.597705920129412), (0, 0.5977004519605017), (0, 0.5976950187936806), (0, 0.5976896201421392), (0, 0.5976842566654574), (0, 0.5976789279438001), (0, 0.5976736349550018), (0, 0.5976683754544253), (0, 0.5976631514066582), (0, 0.59765796107638), (0, 0.5976528053075686), (0, 0.5976476826814994), (0, 0.5976425940046786), (0, 0.5976375386048075), (0, 0.5976325164216639), (0, 0.5976275268278023), (0, 0.5976225694875922), (0, 0.5976176435695674), (0, 0.5976127496320518), (0, 0.5976078865944682), (0, 0.5976030543201271), (0, 0.5975982512277126), (0, 0.5975934777700256), (0, 0.5975887329008126), (0, 0.5975840167427592), (0, 0.5975793274709076), (0, 0.5975746643244985), (0, 0.5975700279895734), (0, 0.5975654189567409), (0, 0.5975608355160279), (0, 0.597556277773386), (0, 0.5975517428250524), (0, 0.5975472292648505), (0, 0.5975427377517427), (0, 0.597538267225726), (0, 0.5975338172435066), (0, 0.5975293873026225), (0, 0.5975249765518518), (0, 0.5975205843614929), (0, 0.5975162097615633), (0, 0.5975118524726486), (0, 0.5975075113878154), (0, 0.5975031847666846), (0, 0.5974988724633592), (0, 0.5974945775024992), (0, 0.5974902938700675), (0, 0.5974860231345092), (0, 0.5974817624477454), (0, 0.5974775190283735), (0, 0.5974732850141188), (0, 0.5974690556765544), (0, 0.5974648401127954), (0, 0.5974606394187526), (0, 0.5974564448135786), (0, 0.5974522597881742), (0, 0.5974480856378365), (0, 0.5974439219186294), (0, 0.5974397683108198), (0, 0.5974356251012432), (0, 0.5974314933499101), (0, 0.5974273732025073), (0, 0.5974232650772936), (0, 0.5974191702334747), (0, 0.5974150894343829), (0, 0.5974110235955004), (0, 0.5974069739040181), (0, 0.5974029418575121), (0, 0.5973989288512066), (0, 0.5973949363620404), (0, 0.5973909657720665), (0, 0.5973870185156867), (0, 0.5973830962473172), (0, 0.597379200692933), (0, 0.5973753339705115), (0, 0.5973714966848278), (0, 0.5973676907670644), (0, 0.5973639179794289), (0, 0.5973601793721021), (0, 0.5973564768639), (0, 0.597352810689182), (0, 0.5973491822757835), (0, 0.5973455924956101), (0, 0.597342041536032), (0, 0.5973385301080788), (0, 0.5973350582898175), (0, 0.5973316261639878), (0, 0.5973282335639887), (0, 0.5973248768328082), (0, 0.5973215620578652), (0, 0.5973182844741418), (0, 0.5973150446255825), (0, 0.5973118411235564), (0, 0.5973086728906712), (0, 0.5973055388801563), (0, 0.5973024377895155), (0, 0.5972993684958994), (0, 0.59729632974862), (0, 0.5972933198784955), (0, 0.5972903388306791), (0, 0.5972873846478465), (0, 0.5972844560773244), (0, 0.5972815521688364), (0, 0.5972786718116896), (0, 0.5972758140103674), (0, 0.597272977869885), (0, 0.5972701624619279), (0, 0.5972673671865196), (0, 0.5972645910297231), (0, 0.597261833585813), (0, 0.5972590942368874), (0, 0.5972563723987604), (0, 0.5972536676807494), (0, 0.5972509796941881), (0, 0.5972483080990995), (0, 0.5972456525915564), (0, 0.5972430129110377), (0, 0.5972403888261237), (0, 0.5972377801358304), (0, 0.5972351866213785), (0, 0.5972326082115266), (0, 0.5972300447325654), (0, 0.5972274960596176), (0, 0.597224962077751), (0, 0.5972224426791106), (0, 0.5972199377667334), (0, 0.5972174472357421), (0, 0.5972149709827479), (0, 0.5972125089143039), (0, 0.5972100609419431), (0, 0.5972076269658196), (0, 0.597205206886575), (0, 0.5972028006020793), (0, 0.5972004080078119), (0, 0.5971980289940997), (0, 0.5971956634396379), (0, 0.5971933112527561), (0, 0.5971909723292842), (0, 0.5971886465582082), (0, 0.597186333830606), (0, 0.5971840340325777), (0, 0.5971817470497296), (0, 0.5971794727665933), (0, 0.5971772110712611), (0, 0.5971749618504906), (0, 0.5971727249915406), (0, 0.5971705003835729), (0, 0.5971682879145951), (0, 0.5971660874423388), (0, 0.597163898913243), (0, 0.5971617222758496), (0, 0.5971595572477182), (0, 0.5971574038114666), (0, 0.5971552618609665), (0, 0.5971531312913565), (0, 0.5971510119966928), (0, 0.5971489037806813), (0, 0.5971468068231568), (0, 0.5971447207576088), (0, 0.597142645551241), (0, 0.5971405810979165), (0, 0.5971385273588441), (0, 0.5971364841714432), (0, 0.5971344514858775), (0, 0.59713242918832), (0, 0.5971304171752476), (0, 0.5971284153528998), (0, 0.5971264236349746), (0, 0.5971244421047556), (0, 0.5971224705973783), (0, 0.5971205088175275), (0, 0.5971185560965656), (0, 0.5971166136491586), (0, 0.5971146807841465), (0, 0.5971127574179026), (0, 0.5971108434244294), (0, 0.5971089388288836), (0, 0.5971070434173904), (0, 0.5971051571923861), (0, 0.5971032800657998), (0, 0.5971014119118409), (0, 0.597099552674153), (0, 0.5970977022734667), (0, 0.5970958606323539), (0, 0.597094027674056), (0, 0.5970922033228239), (0, 0.5970903874959318), (0, 0.5970885801433882), (0, 0.5970867811700715), (0, 0.5970849905086657), (0, 0.5970832080246621), (0, 0.5970814337963785), (0, 0.5970796676559559), (0, 0.5970779095456161), (0, 0.5970761593999724), (0, 0.5970744171514671), (0, 0.5970726828907881), (0, 0.5970709562969181), (0, 0.5970692374295811), (0, 0.5970675263769031), (0, 0.5970658238284483), (0, 0.5970641264293662), (0, 0.5970624392885893), (0, 0.5970607618104001), (0, 0.597059108332577), (0, 0.597057535060435), (0, 0.5970563119184091), (0, 0.597056809040056), (0, 0.5970656339077265), (0, 0.5971182393458417), (0, 0.5973074056649336), (0, 0.5979795195017916), (0, 0.5971011487153073), (0, 0.597368507346407), (0, 0.5981946902406045), (0, 0.5971794736320816), (0, 0.5991596855666295), (0, 0.5980703043825761), (0, 0.5986043328178123), (0, 0.5970807321343746), (0, 0.5987680331761053), (0, 0.5971157317287161), (0, 0.5979434263099525), (0, 0.5976425157044812), (0, 0.5971404596071809), (0, 0.597779638844358), (0, 0.5972087298955562), (0, 0.5973446487231405), (0, 0.5975648224916937), (0, 0.5973075829497678), (0, 0.597193972052769), (0, 0.5974527549236255), (0, 0.5972691379619383), (0, 0.5972039775788667), (0, 0.597348465624084), (0, 0.5973247084457819), (0, 0.5971929781355056), (0, 0.5972338761609184), (0, 0.5973045482276416), (0, 0.5971964643868588), (0, 0.5971924928658273), (0, 0.5972539210462174), (0, 0.5972207011649965), (0, 0.5971590907823532), (0, 0.597194305283141), (0, 0.5972048390772625), (0, 0.5971461756534325), (0, 0.5971566403690323), (0, 0.597177148370545), (0, 0.5971411756207783), (0, 0.5971219646117162), (0, 0.5971454611820675), (0, 0.5971220153874623), (0, 0.5971024534408818), (0, 0.5971185917884868), (0, 0.5971052566209644), (0, 0.5970842284218377), (0, 0.5970955060934062), (0, 0.5970849577304329), (0, 0.5970697031726848), (0, 0.597078234896696), (0, 0.5970685812254698), (0, 0.5970573417347343), (0, 0.5970637660805859), (0, 0.5970534192215614), (0, 0.5970483859482324), (0, 0.5970521508847025), (0, 0.5970423348783716), (0, 0.5970413687535346), (0, 0.5970418841250723), (0, 0.5970340397183257), (0, 0.5970361558901295), (0, 0.5970331421384484), (0, 0.5970288441377923), (0, 0.5970308020222214), (0, 0.5970260633220364), (0, 0.5970255146442092), (0, 0.5970251138893697), (0, 0.5970212797144374), (0, 0.5970221504783716), (0, 0.5970194872107227), (0, 0.5970180826996715), (0, 0.5970178917982382), (0, 0.5970150040051009), (0, 0.5970150169465636), (0, 0.5970130564272709), (0, 0.5970116299304477), (0, 0.5970110283535667), (0, 0.5970087667214575), (0, 0.5970082921418816), (0, 0.5970064849082879), (0, 0.5970052216576336), (0, 0.5970042040218815), (0, 0.5970023579374649), (0, 0.5970015717412657), (0, 0.5969998258957834), (0, 0.5969987064585672), (0, 0.5969973979210161), (0, 0.5969958870184034), (0, 0.5969948581426281), (0, 0.5969932495489322), (0, 0.5969921847671248), (0, 0.5969907470373746), (0, 0.5969894902127154), (0, 0.5969882716823441), (0, 0.5969868730468029), (0, 0.5969857608007314), (0, 0.5969843585833137), (0, 0.596983225493761), (0, 0.596981916048025), (0, 0.5969807050436177), (0, 0.5969795018552418), (0, 0.596978233314167), (0, 0.596977091863283), (0, 0.5969758163892636), (0, 0.5969746833240238), (0, 0.5969734424018678), (0, 0.5969722882526545), (0, 0.5969710950396935), (0, 0.5969699178923942), (0, 0.596968763351814), (0, 0.5969675729678022), (0, 0.5969664399658262), (0, 0.5969652533356191), (0, 0.5969641260974311), (0, 0.59696295484183), (0, 0.5969618260203086), (0, 0.5969606733409578), (0, 0.596959540789673), (0, 0.5969584055709262), (0, 0.5969572719304879), (0, 0.5969561504878805), (0, 0.596955019550583), (0, 0.5969539081937336), (0, 0.5969527830417187), (0, 0.5969516788572827), (0, 0.5969505617560203), (0, 0.5969494633760183), (0, 0.5969483551308166), (0, 0.5969472617840825), (0, 0.5969461627013908), (0, 0.5969450747109246), (0, 0.5969439843388951), (0, 0.5969429017164164), (0, 0.5969418196054054), (0, 0.5969407430440735), (0, 0.5969396687077133), (0, 0.5969385981577602), (0, 0.5969375311529426), (0, 0.5969364671064651), (0, 0.5969354070511135), (0, 0.5969343493486496), (0, 0.5969332959574917), (0, 0.5969322468671081), (0, 0.5969311994190408), (0, 0.5969301542304689), (0, 0.5969291144979917), (0, 0.5969280753672687), (0, 0.5969270397046813), (0, 0.5969260074425132), (0, 0.596924978875975), (0, 0.5969239528969023), (0, 0.5969229304578948), (0, 0.5969219106345958), (0, 0.5969208942422713), (0, 0.5969198806759768), (0, 0.5969188702851288), (0, 0.5969178627081191), (0, 0.5969168581098678), (0, 0.5969158565297324), (0, 0.5969148577338581), (0, 0.5969138619840565), (0, 0.5969128690230058), (0, 0.5969118790561097), (0, 0.5969108916841065), (0, 0.5969099073811587), (0, 0.5969089256805875), (0, 0.596907947041646), (0, 0.5969069709315055), (0, 0.5969059979408039), (0, 0.5969050274164445), (0, 0.5969040598183611), (0, 0.5969030948008227), (0, 0.5969021326681687), (0, 0.5969011731940244), (0, 0.5969002164692632), (0, 0.5968992624430658), (0, 0.5968983110771071), (0, 0.5968973624185361), (0, 0.5968964163753175), (0, 0.5968954730480514), (0, 0.596894532297183), (0, 0.5968935942386979), (0, 0.5968926587568341), (0, 0.5968917260573692), (0, 0.5968907957912698), (0, 0.5968898681351944), (0, 0.5968889430721974), (0, 0.5968880205715185), (0, 0.5968871006616685), (0, 0.596886183294136), (0, 0.5968852685341911), (0, 0.5968843562167374), (0, 0.5968834464868656), (0, 0.596882539239573), (0, 0.5968816344628943), (0, 0.5968807322312444), (0, 0.5968798324532633), (0, 0.596878935140988), (0, 0.5968780402949664), (0, 0.596877147915192), (0, 0.5968762580064516), (0, 0.5968753705177591), (0, 0.596874485440476), (0, 0.5968736027907474), (0, 0.596872722561104), (0, 0.5968718447301534), (0, 0.596870969299924), (0, 0.5968700962588203), (0, 0.5968692255957374), (0, 0.5968683573074635), (0, 0.5968674913824386), (0, 0.5968666278164424), (0, 0.5968657668392652), (0, 0.596864908009666), (0, 0.5968640515152079), (0, 0.5968631973290043), (0, 0.5968623454632378), (0, 0.5968614959065657), (0, 0.5968606486513481), (0, 0.5968598036907745), (0, 0.5968589610157685), (0, 0.5968581206209099), (0, 0.596857282497475), (0, 0.5968564466392011), (0, 0.5968556130391548), (0, 0.5968547816894092), (0, 0.5968539525839944), (0, 0.596853125715044), (0, 0.5968523010762627), (0, 0.5968514786611174), (0, 0.596850658461701), (0, 0.5968498404723295), (0, 0.5968490246861893), (0, 0.5968482110960651), (0, 0.5968473996965818), (0, 0.5968465907024082), (0, 0.5968457836909319), (0, 0.5968449788780078), (0, 0.5968441762532039), (0, 0.5968433756884032), (0, 0.5968425772030552), (0, 0.5968417808926524), (0, 0.5968409868068307), (0, 0.596840195036193), (0, 0.5968394057899506), (0, 0.5968386179879195), (0, 0.5968378328276276), (0, 0.5968370484805718), (0, 0.5968362667295163), (0, 0.5968354876373991), (0, 0.5968347103558792), (0, 0.5968339353376296), (0, 0.5968331625007249), (0, 0.5968323917221038), (0, 0.5968316219534899), (0, 0.5968308553971684), (0, 0.5968300906680291), (0, 0.5968293279845034), (0, 0.5968285673184396), (0, 0.5968278086661638), (0, 0.5968270520318065), (0, 0.5968262974156245), (0, 0.5968255448186661), (0, 0.5968247942291593), (0, 0.5968240456551719), (0, 0.5968233009944169), (0, 0.5968225564631398), (0, 0.5968218139493802), (0, 0.5968210733905376), (0, 0.5968203348117576), (0, 0.5968195982055374), (0, 0.5968188635630575), (0, 0.5968181308730139), (0, 0.5968174001182802), (0, 0.5968166712723607), (0, 0.5968159442570303), (0, 0.5968152190025937), (0, 0.5968144961549243), (0, 0.5968137749336148), (0, 0.5968130560691733), (0, 0.5968123389311318), (0, 0.5968116238611879), (0, 0.5968109105888736), (0, 0.5968101990220052), (0, 0.5968094900045492), (0, 0.596808782646607), (0, 0.5968080768975451), (0, 0.5968073730757766), (0, 0.596806671575231), (0, 0.5968059719769077), (0, 0.5968052738019647), (0, 0.5968045774355587), (0, 0.5968038830611305), (0, 0.5968031905869333), (0, 0.5968024999117203), (0, 0.5968018110486679), (0, 0.5968011243705702), (0, 0.5968004395859342), (0, 0.5967997566933803), (0, 0.5967990758047336), (0, 0.5967983966682037), (0, 0.5967977186766927), (0, 0.5967970425131912), (0, 0.5967963687592843), (0, 0.5967956965130763), (0, 0.5967950256518878), (0, 0.5967943584058064), (0, 0.5967936914908627), (0, 0.5967930263729683), (0, 0.596792363146895), (0, 0.5967917017341613), (0, 0.5967910420678803), (0, 0.5967903842217605), (0, 0.5967897269267645), (0, 0.596789073648707), (0, 0.5967884213191232)]