Model Setup for {PATIENT_GROUPS} Trained Network:

RNN Network Architecture Parameters
Input channels=1
Hidden channels=128
Output channels=4

Training hyperparameters
Optimizer=AdamW (
Parameter Group 0
    amsgrad: False
    betas: (0.9, 0.999)
    capturable: False
    differentiable: False
    eps: 1e-08
    foreach: None
    fused: None
    lr: 0.001
    maximize: False
    weight_decay: 1e-06
)Training Iterations=1000
Learning rate=0.001
Weight decay=1e-06
Optimizer reset frequency=1000

Dropout probability (after initial linear layer before NCDE): 0.0
Training Data Selection Parameters
(If not virtual, the only important params are the groups and whether data was normalized/standardized)
Patient groups=['Control']
Augmentation strategy=Uniform
Noise Magnitude=0.05
Normalized/standardized=None
Number of virtual patients per real patient=1
Label smoothing factor=0
Test Patient Combinations:
Control: None
MDD: None
Training batch size=1
Training Results:
Runtime=4.957032918930054
Loss over time=[(0, 441.7117236038957), (0, 103.34017418724214), (0, 103.01619374082831), (0, 102.69163766726125), (0, 102.3679967548785), (0, 102.04640386695122), (0, 101.72773939388557), (0, 101.41269512051993), (0, 101.1017900460254), (0, 100.79538002718165), (0, 100.49367887195278), (0, 100.19678811294708), (0, 99.90472531209174), (0, 99.61744642222969), (0, 99.33486376924276), (0, 99.05686113052654), (0, 98.78330621088057), (0, 98.51406069631305), (0, 98.24898933154046), (0, 97.98797045526558), (0, 97.73090765787084), (0, 97.47774378955316), (0, 97.22847721726501), (0, 96.98317709869607), (0, 96.74199116291334), (0, 96.50514027845465), (0, 96.27289876526257), (0, 96.04556066557166), (0, 95.8233951451981), (0, 95.60660562385138), (0, 95.39531110215971), (0, 95.18955629934266), (0, 94.98934273948169), (0, 94.79466580261578), (0, 94.60553464789791), (0, 94.42194565594066), (0, 94.24380876010991), (0, 94.07089579162121), (0, 93.90288275268209), (0, 93.73944398726985), (0, 93.58031212946372), (0, 93.42528734023449), (0, 93.27422355724816), (0, 93.12701287851732), (0, 92.98357413859283), (0, 92.84384561435353), (0, 92.70777999438349), (0, 92.57534053458095), (0, 92.44649754221342), (0, 92.32122489022376), (0, 92.19949653996461), (0, 92.08128310622011), (0, 91.96654875065582), (0, 91.85524858038899), (0, 91.74732678642644), (0, 91.64271568382709), (0, 91.54133595535764), (0, 91.44309811989409), (0, 91.34790549425557), (0, 91.25565865338424), (0, 91.1662613968242), (0, 91.07962748063241), (0, 90.99568707460664), (0, 90.91439062942935), (0, 90.8357088780328), (0, 90.75962874489757), (0, 90.68614615428352), (0, 90.6152562783833), (0, 90.54694303285616), (0, 90.48117141764813), (0, 90.41788571875291), (0, 90.35701278391421), (0, 90.29846773265628), (0, 90.24216000478116), (0, 90.18799807171303), (0, 90.13589245722898), (0, 90.08575732738565), (0, 90.03751129632394), (0, 89.99107766992998), (0, 89.94638426268318), (0, 89.9033630967073), (0, 89.86194998236452), (0, 89.82208420478239), (0, 89.78370817071058), (0, 89.74676723503288), (0, 89.71120933869777), (0, 89.67698484455454), (0, 89.6440462250021), (0, 89.6123478461757), (0, 89.58184569783145), (0, 89.55249722426416), (0, 89.52426109766118), (0, 89.49709715064009), (0, 89.47096623152693), (0, 89.44583010458933), (0, 89.42165140938576), (0, 89.3983936202779), (0, 89.37602104247605), (0, 89.35449876743523), (0, 89.3337927183114), (0, 89.31386961699543), (0, 89.29469709494411), (0, 89.2762437075408), (0, 89.25847896170936), (0, 89.24137345691517), (0, 89.224898904139), (0, 89.20902822763962), (0, 89.1937355801959), (0, 89.17899638915247), (0, 89.16478735633214), (0, 89.15108643847238), (0, 89.13787273952686), (0, 89.1251264219066), (0, 89.1128285709291), (0, 89.10096105340797), (0, 89.08950630961002), (0, 89.0784471891758), (0, 89.0677667681009), (0, 89.05744818965417), (0, 89.04747447012285), (0, 89.03782838622739), (0, 89.02849238598726), (0, 89.01944857030826), (0, 89.01067867337706), (0, 89.00216415798731), (0, 88.99388634720603), (0, 88.985826630895), (0, 88.97796666515275), (0, 88.97028867594862), (0, 88.9627757765464), (0, 88.95541231878194), (0, 88.94818428446062), (0, 88.94107963552257), (0, 88.93408872960951), (0, 88.92720471485798), (0, 88.92042390340637), (0, 88.91374610524211), (0, 88.90717478350743), (0, 88.900717060876), (0, 88.89438339146477), (0, 88.8881868313853), (0, 88.88214188615177), (0, 88.87626291536225), (0, 88.87056236389355), (0, 88.86504899784963), (0, 88.85972645648995), (0, 88.85459239858305), (0, 88.84963831392189), (0, 88.84485021259641), (0, 88.84020980731334), (0, 88.83569615896083), (0, 88.83128742510974), (0, 88.82696240198442), (0, 88.82270187191583), (0, 88.81848942257892), (0, 88.81431193660804), (0, 88.8101597067457), (0, 88.80602626660514), (0, 88.80190804127075), (0, 88.7978037896107), (0, 88.79371410017326), (0, 88.78964073312866), (0, 88.78558604565002), (0, 88.78155244767393), (0, 88.7775419589573), (0, 88.77355579887664), (0, 88.76959421988325), (0, 88.76565634540117), (0, 88.76174019978535), (0, 88.75784281898822), (0, 88.75396043982191), (0, 88.75008874826781), (0, 88.74622308424505), (0, 88.74235875499822), (0, 88.738491198197), (0, 88.73461615957484), (0, 88.73072989176339), (0, 88.7268291321106), (0, 88.72291120878293), (0, 88.71897404596193), (0, 88.71501609324912), (0, 88.71103635879497), (0, 88.70703432155385), (0, 88.70300991720585), (0, 88.69896352387968), (0, 88.69489595999482), (0, 88.6908085033825), (0, 88.68670293544038), (0, 88.68258152768891), (0, 88.67844713845153), (0, 88.67430318057403), (0, 88.67015360986967), (0, 88.66600293205892), (0, 88.66185608801193), (0, 88.65771828928725), (0, 88.65359490739323), (0, 88.64949127775539), (0, 88.64541243602076), (0, 88.64136297315687), (0, 88.63734678734704), (0, 88.63336691751705), (0, 88.62942547694357), (0, 88.62552353288923), (0, 88.6216611344624), (0, 88.6178373101768), (0, 88.6140502147136), (0, 88.61029726318641), (0, 88.60657524048975), (0, 88.60288053735641), (0, 88.59920927602619), (0, 88.59555748062645), (0, 88.59192122340079), (0, 88.5882967391997), (0, 88.58468051714141), (0, 88.58106936820825), (0, 88.5774604820496), (0, 88.5738513968235), (0, 88.57024006698923), (0, 88.56662478311189), (0, 88.56300421619724), (0, 88.55937733481426), (0, 88.55574338768432), (0, 88.55210186462197), (0, 88.54845245725464), (0, 88.5447950236565), (0, 88.54112955146839), (0, 88.5374561439666), (0, 88.53377494086273), (0, 88.53008615857966), (0, 88.52639000168816), (0, 88.52268671278983), (0, 88.51897650460758), (0, 88.51525956731386), (0, 88.51153605888858), (0, 88.50780609932994), (0, 88.50406976749102), (0, 88.50032710028268), (0, 88.49657809473408), (0, 88.49282270819829), (0, 88.4890608819241), (0, 88.48529249418034), (0, 88.48151743149592), (0, 88.47773552609999), (0, 88.47394662494337), (0, 88.47015054398487), (0, 88.46634708454279), (0, 88.46253603241368), (0, 88.45871715799905), (0, 88.45489021714575), (0, 88.45105494704104), (0, 88.4472110723346), (0, 88.44335832056754), (0, 88.43949638187999), (0, 88.43562496354896), (0, 88.43174380093384), (0, 88.42785261790046), (0, 88.4239512029898), (0, 88.42003936557705), (0, 88.41611696129542), (0, 88.41218387713387), (0, 88.40824007830041), (0, 88.40428555883003), (0, 88.40032035150742), (0, 88.39634452384534), (0, 88.39235818692542), (0, 88.38836144316744), (0, 88.38435443002392), (0, 88.38033729810185), (0, 88.37631022285224), (0, 88.37227335110923), (0, 88.36822685763131), (0, 88.36417088650711), (0, 88.36010554078958), (0, 88.3560309143758), (0, 88.35194703299338), (0, 88.34785385439906), (0, 88.34375124203369), (0, 88.33963900510649), (0, 88.33551686557543), (0, 88.33138443211814), (0, 88.3272412597284), (0, 88.32308685334559), (0, 88.31892068931356), (0, 88.31474225743334), (0, 88.31055103911562), (0, 88.3063465721377), (0, 88.30212846362326), (0, 88.29789634971179), (0, 88.2936499551119), (0, 88.28938903804692), (0, 88.28511337796557), (0, 88.28082281157586), (0, 88.27651717408506), (0, 88.27219631128091), (0, 88.26786008312952), (0, 88.26350837290461), (0, 88.25914110670291), (0, 88.2547582823204), (0, 88.25036000420847), (0, 88.24594652230007), (0, 88.24151827706582), (0, 88.23707595763592), (0, 88.23262049519757), (0, 88.22815313753738), (0, 88.22367546548311), (0, 88.21918934062901), (0, 88.21469693227436), (0, 88.21020059051061), (0, 88.20570280873869), (0, 88.20120604278576), (0, 88.19671255137176), (0, 88.19222426748034), (0, 88.18774258169773), (0, 88.18326821192217), (0, 88.17880110556771), (0, 88.17434040820841), (0, 88.1698845118159), (0, 88.16543117969677), (0, 88.1609777366345), (0, 88.15652130133546), (0, 88.1520590272485), (0, 88.14758832379353), (0, 88.14310704314305), (0, 88.13861354627055), (0, 88.13410678599166), (0, 88.1295862855598), (0, 88.12505201796375), (0, 88.12050435826576), (0, 88.11594389881535), (0, 88.11137138431837), (0, 88.10678753704345), (0, 88.1021930228122), (0, 88.09758833591869), (0, 88.09297376808183), (0, 88.08834937073541), (0, 88.08371499749734), (0, 88.07907027252934), (0, 88.07441462634348), (0, 88.06974732457995), (0, 88.06506749431654), (0, 88.06037414999695), (0, 88.05566621311893), (0, 88.05094252490811), (0, 88.04620185634269), (0, 88.04144291042583), (0, 88.03666434156894), (0, 88.03186471485782), (0, 88.02704255855875), (0, 88.02219636530899), (0, 88.01732463005784), (0, 88.01242584017278), (0, 88.00749857489932), (0, 88.00254149574793), (0, 87.99755345466902), (0, 87.99253347933043), (0, 87.98748086144134), (0, 87.98239511326308), (0, 87.97727592948928), (0, 87.97212314642671), (0, 87.96693657013316), (0, 87.96171584452485), (0, 87.95646044448671), (0, 87.95116984684421), (0, 87.94584432698032), (0, 87.94048674141334), (0, 87.9351057226925), (0, 87.92972020658385), (0, 87.92436362865577), (0, 87.91908307214331), (0, 87.91392568584199), (0, 87.90890947089574), (0, 87.90399557447495), (0, 87.89909430392576), (0, 87.89411707004315), (0, 87.88903305640882), (0, 87.8838768062453), (0, 87.87871072948317), (0, 87.8735839784104), (0, 87.86851420966474), (0, 87.86349174096235), (0, 87.85849337701003), (0, 87.85349512260534), (0, 87.84847933460422), (0, 87.84343709444332), (0, 87.83836755719136), (0, 87.83327605505455), (0, 87.82817153077656), (0, 87.82306382448898), (0, 87.81796116062526), (0, 87.81286817683906), (0, 87.80778511485165), (0, 87.80270843434582), (0, 87.79763251384979), (0, 87.79255187923107), (0, 87.78746298439803), (0, 87.78236491638911), (0, 87.7772589515347), (0, 87.7721473911008), (0, 87.76703237375435), (0, 87.76191498920971), (0, 87.75679501031678), (0, 87.75167101281127), (0, 87.74654082637502), (0, 87.74140197251148), (0, 87.73625202014554), (0, 87.73108878300611), (0, 87.72591035821632), (0, 87.72071505140458), (0, 87.71550116618715), (0, 87.71026683989616), (0, 87.70500983249285), (0, 87.6997272910247), (0, 87.6944156199598), (0, 87.68907033596876), (0, 87.68368590684041), (0, 87.67825572311055), (0, 87.67277202661526), (0, 87.66722608166307), (0, 87.66160848115902), (0, 87.65590997258492), (0, 87.65012278264597), (0, 87.64424281884638), (0, 87.63827250158344), (0, 87.63222387150336), (0, 87.62612080852257), (0, 87.61999849904339), (0, 87.61389869903181), (0, 87.60786062951536), (0, 87.60190942737196), (0, 87.596045679053), (0, 87.59023828762375), (0, 87.5844197455306), (0, 87.57847954735934), (0, 87.57225150606556), (0, 87.56550112076516), (0, 87.55795951830535), (0, 87.54952612497232), (0, 87.54070966108861), (0, 87.53280717239322), (0, 87.52665133591424), (0, 87.52111116482325), (0, 87.51479595700233), (0, 87.50736893371607), (0, 87.49914951374488), (0, 87.49074359703883), (0, 87.48271577214447), (0, 87.47525529940548), (0, 87.46811110089685), (0, 87.46083457530528), (0, 87.45307823938923), (0, 87.44478492007347), (0, 87.43624858304534), (0, 87.42800854900591), (0, 87.42053366039828), (0, 87.41387891903382), (0, 87.40767540258685), (0, 87.40145715465177), (0, 87.39493341044943), (0, 87.38803911264284), (0, 87.38087607909887), (0, 87.3736339592837), (0, 87.36650947760383), (0, 87.35963595037714), (0, 87.35304636589295), (0, 87.34668381202634), (0, 87.34044598262643), (0, 87.33423471517092), (0, 87.32798842891522), (0, 87.3216909306029), (0, 87.31536191877007), (0, 87.30903832523059), (0, 87.30275529172822), (0, 87.29653295364615), (0, 87.29037209772207), (0, 87.28425792267768), (0, 87.2781685285476), (0, 87.27208364177287), (0, 87.2659902842553), (0, 87.25988387944987), (0, 87.25376535744435), (0, 87.24763608633565), (0, 87.2414927342413), (0, 87.23532358751574), (0, 87.22910681146347), (0, 87.22281009419011), (0, 87.21639042053259), (0, 87.2097925898207), (0, 87.2029455863367), (0, 87.1957569407049), (0, 87.1881063865652), (0, 87.17984078560842), (0, 87.1707739652882), (0, 87.16070775583276), (0, 87.1495277528808), (0, 87.13744508623336), (0, 87.1252991214892), (0, 87.11453565117142), (0, 87.10618766190014), (0, 87.0993285763928), (0, 87.09215474271798), (0, 87.08385629247023), (0, 87.0745778872597), (0, 87.06486390761243), (0, 87.05530160039773), (0, 87.04631981868106), (0, 87.03807592478626), (0, 87.03044108005115), (0, 87.02313475908882), (0, 87.01592618774882), (0, 87.0087402690287), (0, 87.00162616280667), (0, 86.99466131090804), (0, 86.98787308474657), (0, 86.981219694858), (0, 86.97462462209769), (0, 86.96802841314124), (0, 86.96142077095884), (0, 86.95483894754105), (0, 86.94834202167517), (0, 86.94197992020456), (0, 86.93577227105537), (0, 86.92970293548362), (0, 86.92372903655902), (0, 86.91779872664145), (0, 86.91186979443013), (0, 86.90592198804416), (0, 86.89995908163252), (0, 86.8940012829235), (0, 86.88807263413078), (0, 86.88218918618452), (0, 86.87635251720043), (0, 86.87054999823386), (0, 86.8647604227851), (0, 86.85896159503261), (0, 86.85313642899048), (0, 86.84727541853293), (0, 86.84137527976135), (0, 86.83543529448336), (0, 86.82945343059527), (0, 86.82342423113498), (0, 86.81733926597632), (0, 86.81118989255245), (0, 86.80497130372177), (0, 86.79868661368175), (0, 86.79234981817355), (0, 86.78598672319711), (0, 86.77963335946555), (0, 86.77333165719033), (0, 86.76712183088459), (0, 86.76103147202289), (0, 86.75506509168036), (0, 86.74920150830194), (0, 86.74340280822433), (0, 86.7376299471303), (0, 86.73185590440781), (0, 86.72607133068604), (0, 86.72028303312021), (0, 86.71450823074652), (0, 86.70876759345607), (0, 86.70307920677352), (0, 86.69745482444807), (0, 86.6918985979623), (0, 86.68640791330101), (0, 86.68097546202077), (0, 86.67559183576809), (0, 86.67024787284637), (0, 86.66493630218898), (0, 86.65965257468852), (0, 86.65439479456467), (0, 86.64916298437036), (0, 86.6439581364562), (0, 86.63878130441267), (0, 86.63363297592376), (0, 86.62851291772868), (0, 86.62342031613309), (0, 86.61835405105279), (0, 86.6133130470177), (0, 86.60829639958222), (0, 86.60330343408316), (0, 86.59833355303368), (0, 86.59338614818394), (0, 86.58846048021573), (0, 86.58355575476702), (0, 86.57867119851333), (0, 86.57380626158037), (0, 86.56896068634822), (0, 86.56413457116524), (0, 86.55932823125687), (0, 86.55454206973971), (0, 86.54977634859569), (0, 86.54503103530375), (0, 86.54030576965579), (0, 86.53559985671612), (0, 86.53091236764966), (0, 86.52624230784556), (0, 86.5215887091018), (0, 86.51695071806088), (0, 86.51232766884989), (0, 86.50771904510343), (0, 86.50312444935702), (0, 86.49854359861061), (0, 86.49397625893963), (0, 86.48942223218324), (0, 86.48488136504976), (0, 86.48035352419217), (0, 86.47583861528126), (0, 86.47133655743707), (0, 86.46684727093265), (0, 86.46237067924905), (0, 86.4579066815163), (0, 86.45345514685862), (0, 86.44901593213145), (0, 86.44458887134094), (0, 86.44017378835174), (0, 86.4357704970237), (0, 86.4313788196326), (0, 86.42699856823256), (0, 86.42262954572156), (0, 86.41827154182478), (0, 86.4139243302959), (0, 86.40958766954073), (0, 86.40526130044803), (0, 86.40094496691597), (0, 86.39663840424807), (0, 86.3923413470945), (0, 86.38805352973326), (0, 86.38377468517214), (0, 86.37950454746057), (0, 86.37524283312891), (0, 86.37098925469631), (0, 86.36674351370374), (0, 86.36250529976552), (0, 86.35827428921134), (0, 86.35405014451936), (0, 86.34983251777763), (0, 86.34562103372095), (0, 86.34141530475847), (0, 86.33721492550505), (0, 86.33301948040864), (0, 86.32882853145814), (0, 86.32464163963097), (0, 86.32045837209498), (0, 86.31627829482491), (0, 86.3121009961587), (0, 86.30792609298996), (0, 86.30375321743004), (0, 86.29958203362862), (0, 86.29541220295427), (0, 86.29124338058956), (0, 86.28707515840361), (0, 86.28290704067618), (0, 86.27873837433393), (0, 86.27456832652284), (0, 86.27039583305498), (0, 86.26621961288033), (0, 86.26203817445412), (0, 86.25784987071458), (0, 86.25365300023172), (0, 86.24944590281984), (0, 86.24522708946108), (0, 86.24099539807644), (0, 86.23675011975442), (0, 86.23249113954182), (0, 86.22821908529282), (0, 86.22393543553608), (0, 86.21964262633408), (0, 86.21534411569989), (0, 86.2110443784037), (0, 86.20674882611615), (0, 86.20246357662468), (0, 86.1981951110881), (0, 86.19394981609432), (0, 86.18973346615246), (0, 86.18555073031587), (0, 86.18140478942574), (0, 86.17729713681072), (0, 86.17322759058489), (0, 86.1691945005675), (0, 86.16519509161982), (0, 86.16122586813356), (0, 86.15728301115674), (0, 86.15336271487844), (0, 86.14946143906667), (0, 86.1455760703205), (0, 86.14170400351082), (0, 86.13784316534964), (0, 86.13399197215814), (0, 86.13014928948756), (0, 86.12631435658173), (0, 86.1224867100468), (0, 86.11866611326796), (0, 86.11485247047735), (0, 86.11104577756225), (0, 86.10724606125744), (0, 86.10345333602923), (0, 86.09966754999276), (0, 86.095888569023), (0, 86.09211615313704), (0, 86.08834992639501), (0, 86.08458938270452), (0, 86.08083388289785), (0, 86.07708264335554), (0, 86.07333475970856), (0, 86.06958922192257), (0, 86.06584492307138), (0, 86.06210071056667), (0, 86.05835540985314), (0, 86.05460790092263), (0, 86.05085717169212), (0, 86.04710242840092), (0, 86.04334318555277), (0, 86.03957941087394), (0, 86.03581164454714), (0, 86.03204112951933), (0, 86.0282699321929), (0, 86.02450097834826), (0, 86.02073804720438), (0, 86.01698562418075), (0, 86.01324864733209), (0, 86.00953215676034), (0, 86.00584084653698), (0, 86.00217862892862), (0, 85.99854829521915), (0, 85.99495129550563), (0, 85.99138772100761), (0, 85.98785644825156), (0, 85.9843554255474), (0, 85.98088198775659), (0, 85.97743318811888), (0, 85.97400607118041), (0, 85.97059789559353), (0, 85.96720625280027), (0, 85.96382913870875), (0, 85.96046496820658), (0, 85.95711255326292), (0, 85.95377105885476), (0, 85.95043994807874), (0, 85.9471189196367), (0, 85.94380786592373), (0, 85.94050680806467), (0, 85.93721585552393), (0, 85.93393516867852), (0, 85.93066492823945), (0, 85.9274053117935), (0, 85.92415647735315), (0, 85.92091855140738), (0, 85.91769162234687), (0, 85.91447573745063), (0, 85.91127090655382), (0, 85.90807709051184), (0, 85.90489421813379), (0, 85.90172218670777), (0, 85.89856086707843), (0, 85.89541010898135), (0, 85.89226974662259), (0, 85.88913960293519), (0, 85.88601949900533), (0, 85.88290924365626), (0, 85.87980865083901), (0, 85.87671753803498), (0, 85.87363572778168), (0, 85.87056305410013), (0, 85.86749934988292), (0, 85.86444446091102), (0, 85.86139824169997), (0, 85.8583605597594), (0, 85.85533128182564), (0, 85.85231028706416), (0, 85.84929746627401), (0, 85.84629270766713), (0, 85.84329590998574), (0, 85.84030698147676), (0, 85.83732582592471), (0, 85.83435235580201), (0, 85.83138649140726), (0, 85.82842814730756), (0, 85.82547724954594), (0, 85.82253371770655), (0, 85.81959747792982), (0, 85.81666846252871), (0, 85.81374659655772), (0, 85.81083181570726), (0, 85.80792404777706), (0, 85.805023230815), (0, 85.80212929464751), (0, 85.79924217886247), (0, 85.79636181480667), (0, 85.79348814309019), (0, 85.7906210959465), (0, 85.78776061425917), (0, 85.78490663466177), (0, 85.78205908942454), (0, 85.7792179192469), (0, 85.77638305576518), (0, 85.77355443899378), (0, 85.77073200430424), (0, 85.76791568199788), (0, 85.76510541110324), (0, 85.76230112550776), (0, 85.75950275482458), (0, 85.75671023712108), (0, 85.75392350647151), (0, 85.75114249303319), (0, 85.74836713672293), (0, 85.74559737457648), (0, 85.74283314176763), (0, 85.74007438511877), (0, 85.73732105166643), (0, 85.73457309364717), (0, 85.7318304660943), (0, 85.72909314094034), (0, 85.72636109636876), (0, 85.72363432245906), (0, 85.72091282316299), (0, 85.71819661382995), (0, 85.71548573491265), (0, 85.71278024063905), (0, 85.71008020316049), (0, 85.7073857116559), (0, 85.70469687077077), (0, 85.70201379742811), (0, 85.69933661239344), (0, 85.69666544754419), (0, 85.69400042707079), (0, 85.69134166571313), (0, 85.68868926217405), (0, 85.68604329440072), (0, 85.68340381530435), (0, 85.68077085119577), (0, 85.67814440175378), (0, 85.67552444202605), (0, 85.67291092603968), (0, 85.67030379175927), (0, 85.66770296662855), (0, 85.66510837276147), (0, 85.66251993183425), (0, 85.659937569303), (0, 85.65736121719783), (0, 85.65479081568947), (0, 85.65222631424183), (0, 85.64966767118844), (0, 85.64711485292962), (0, 85.64456783293203), (0, 85.64202659013355), (0, 85.63949110721377), (0, 85.63696137307818), (0, 85.63443736898628), (0, 85.63191907878623), (0, 85.62940648306189), (0, 85.62689955729456), (0, 85.62439826965513), (0, 85.62190257901648), (0, 85.61941243689063), (0, 85.61692777325602), (0, 85.61444850667503), (0, 85.61197453805386), (0, 85.60950574861549), (0, 85.60704199812368), (0, 85.6045831259971), (0, 85.60212893697368), (0, 85.59967920979517), (0, 85.59723368894727), (0, 85.59479208361913), (0, 85.59235404945623), (0, 85.58991919266143), (0, 85.58748705652057), (0, 85.58505711384954), (0, 85.58262874154231), (0, 85.5802012158722), (0, 85.57777369361821), (0, 85.57534517745934), (0, 85.57291450199685), (0, 85.57048030336956), (0, 85.56804097397936), (0, 85.56559463651509), (0, 85.56313910452117), (0, 85.56067183103994), (0, 85.55818988486989), (0, 85.55568992573556), (0, 85.55316818841534), (0, 85.55062052362825), (0, 85.54804247869204), (0, 85.54542943936623), (0, 85.542776897355), (0, 85.54008081937475), (0, 85.5373382232459), (0, 85.53454799505866), (0, 85.53171203449556), (0, 85.52883679241232), (0, 85.52593490839013), (0, 85.52302625696116), (0, 85.52013708001245), (0, 85.5172962350232), (0, 85.51452899870195), (0, 85.51185100565338), (0, 85.5092652989148), (0, 85.50676362215056), (0, 85.50433062538431), (0, 85.50194857951189), (0, 85.49960101277738), (0, 85.49727472496127), (0, 85.49496046477037), (0, 85.49265273589913), (0, 85.49034911203464), (0, 85.48804941953932), (0, 85.48575492359029), (0, 85.48346768323366), (0, 85.48119004677928), (0, 85.47892433176109), (0, 85.47667259797389), (0, 85.47443651848592), (0, 85.47221732795188), (0, 85.47001580069067), (0, 85.46783230246743), (0, 85.46566684467653), (0, 85.46351915827917), (0, 85.46138876946853), (0, 85.45927503315909), (0, 85.45717718153183), (0, 85.45509434152136), (0, 85.45302556787135), (0, 85.45096989514848), (0, 85.44892637415009), (0, 85.44689411793784), (0, 85.44487234996534), (0, 85.44286041628452), (0, 85.44085779289938), (0, 85.43886408994145), (0, 85.43687902321292), (0, 85.43490238916546), (0, 85.43293404764111), (0, 85.43097388377053), (0, 85.42902178943955), (0, 85.42707764622271), (0, 85.42514133209893), (0, 85.42321271507458), (0, 85.42129166189436), (0, 85.41937805763608), (0, 85.41747179973875), (0, 85.41557280136675), (0, 85.41368098269852), (0, 85.41179627417155), (0, 85.40991859910767), (0, 85.40804787281435), (0, 85.40618400130715), (0, 85.40432687951763), (0, 85.40247640516453), (0, 85.40063247212449), (0, 85.39879497704864), (0, 85.39696382138182), (0, 85.39513890786773), (0, 85.39332014933365), (0, 85.39150745511604), (0, 85.3897007305678), (0, 85.38789987326876), (0, 85.3861047698649), (0, 85.38431529031122), (0, 85.3825312964253), (0, 85.38075262937585), (0, 85.37897910981019), (0, 85.37721053230756), (0, 85.37544665675695), (0, 85.37368719287564), (0, 85.37193179408285), (0, 85.37018002510573), (0, 85.36843133590577), (0, 85.36668502092978), (0, 85.36494016240556), (0, 85.36319554953855), (0, 85.36144956343436), (0, 85.35970001158925), (0, 85.35794389302283), (0, 85.35617706889242), (0, 85.3543938459347), (0, 85.35258648111535), (0, 85.3507448324402), (0, 85.34885666635232), (0, 85.34690964741743), (0, 85.3448959358708), (0, 85.34281733019685), (0, 85.34068236307671), (0, 85.33848980968469), (0, 85.33622168239395), (0, 85.3338808358519), (0, 85.33154644774689), (0, 85.32934185507467), (0, 85.3272964101048), (0, 85.32531209613903), (0, 85.32328179760154), (0, 85.32117323902798), (0, 85.31902647445068), (0, 85.3169089931689), (0, 85.3148706537054), (0, 85.31292612960445), (0, 85.31106587320306), (0, 85.30927463397155), (0, 85.30753924347557), (0, 85.3058456781564), (0, 85.30417664894681), (0, 85.30251591867852)]