Model Setup for {PATIENT_GROUPS} #{INDIVIDUAL_NUMBER} Trained Network:

RNN Network Architecture Parameters
Input channels=1
Hidden channels=32
Output channels=4

Training hyperparameters
Optimizer=AdamW (
Parameter Group 0
    amsgrad: False
    betas: (0.9, 0.999)
    capturable: False
    differentiable: False
    eps: 1e-08
    foreach: None
    fused: None
    lr: 0.001
    maximize: False
    weight_decay: 1e-06
)
Training Iterations=2000
Learning rate=0.001
Weight decay=1e-06
Optimizer reset frequency=1000

Dropout probability (after initial linear layer before NCDE): 0.0
Training Data Selection Parameters
(If not virtual, the only important params are the groups and whether data was normalized/standardized)
Patient groups=['Control']
Augmentation strategy=None
Noise Magnitude=0.0
Normalized/standardized=None
Number of virtual patients per real patient=0
Label smoothing factor=0
Test Patient Combinations:
Training batch size=1
Training Results:
Runtime=4.094135999679565
Loss over time=[(0, 535.004954005808), (0, 533.8112125495795), (0, 532.6372841396492), (0, 531.4798791061286), (0, 530.3418593563324), (0, 529.2292787123465), (0, 528.148389966682), (0, 527.1030458723151), (0, 526.0936881338214), (0, 525.1180703652303), (0, 524.1724157366899), (0, 523.2523062099215), (0, 522.3536092959373), (0, 521.4728973449203), (0, 520.6075780089599), (0, 519.7556817778053), (0, 518.9155840988003), (0, 518.0858979439614), (0, 517.2654541600585), (0, 516.4532811719134), (0, 515.6484756394256), (0, 514.8500831895203), (0, 514.0570032199513), (0, 513.2681134235978), (0, 512.482433809276), (0, 511.69419091585246), (0, 510.90003216519443), (0, 510.0987083457624), (0, 509.2833028114619), (0, 508.4440657678128), (0, 507.5766480245816), (0, 506.67676431074324), (0, 505.7510892193207), (0, 504.81627552784107), (0, 503.87437236116074), (0, 502.92765740835216), (0, 501.97824111251356), (0, 501.02752371422895), (0, 500.0758496181544), (0, 499.1225449688731), (0, 498.16626887563797), (0, 497.2054254965671), (0, 496.2384612388276), (0, 495.2640542656088), (0, 494.28130260812003), (0, 493.29001238076705), (0, 492.2911079157322), (0, 491.28700833510294), (0, 490.2815468950888), (0, 489.2789711392537), (0, 488.282338834081), (0, 487.29264557383993), (0, 486.30947845733664), (0, 485.33249678603585), (0, 484.36268655428125), (0, 483.40282911510786), (0, 482.45705205032044), (0, 481.5296537176458), (0, 480.6236741058274), (0, 479.7398409354232), (0, 478.87641677380225), (0, 478.02998457920853), (0, 477.1966182408337), (0, 476.3727850228198), (0, 475.55574158297094), (0, 474.7435569676332), (0, 473.93496748544743), (0, 473.12919342029903), (0, 472.32577560245295), (0, 471.5244499984105), (0, 470.7250604028951), (0, 469.92750353507324), (0, 469.1317003059404), (0, 468.3375867042786), (0, 467.5451160927618), (0, 466.75426381731864), (0, 465.9650274508829), (0, 465.17742087667284), (0, 464.3914645055715), (0, 463.6071753975832), (0, 462.82456048641393), (0, 462.0436146261178), (0, 461.26432337089665), (0, 460.4866686505569), (0, 459.71063449685977), (0, 458.93621032307135), (0, 458.16339077030796), (0, 457.3921728499501), (0, 456.62255213222875), (0, 455.8545197936179), (0, 455.0880616740827), (0, 454.32315949356695), (0, 453.5597934352999), (0, 452.79794480064425), (0, 452.0375975840637), (0, 451.27873848036796), (0, 450.52135562192876), (0, 449.7654368551152), (0, 449.01096842676327), (0, 448.2579346250384), (0, 447.50631840712543), (0, 446.7561025920463), (0, 446.00727099646065), (0, 445.25980900958547), (0, 444.51370344290547), (0, 443.7689418543058), (0, 443.0255117569026), (0, 442.2834001079384), (0, 441.54259327719484), (0, 440.80307743567687), (0, 440.0648391134519), (0, 439.32786563262977), (0, 438.5921452276691), (0, 437.85766684647547), (0, 437.1244197813818), (0, 436.3923933370656), (0, 435.661576690329), (0, 434.93195897717237), (0, 434.2035295243754), (0, 433.47627808397084), (0, 432.7501949501202), (0, 432.02527091631964), (0, 431.3014971180688), (0, 430.57886485656127), (0, 429.85736549288447), (0, 429.13699045166254), (0, 428.41773131072114), (0, 427.69957991293603), (0, 426.98252843542565), (0, 426.26656938405466), (0, 425.55169552546516), (0, 424.83789979955804), (0, 424.12517525860477), (0, 423.4135150575917), (0, 422.70291248932915), (0, 421.99336103521887), (0, 421.2848543991151), (0, 420.57738650625186), (0, 419.8709514710721), (0, 419.16554355404367), (0, 418.46115713026353), (0, 417.75778668254685), (0, 417.0554268163167), (0, 416.3540722822036), (0, 415.65371799046994), (0, 414.9543590086263), (0, 414.25599054445627), (0, 413.5586079244947), (0, 412.8622065789402), (0, 412.16678203862284), (0, 411.47232994200675), (0, 410.7788460449594), (0, 410.08632622575016), (0, 409.3947664817894), (0, 408.704162919979), (0, 408.01451174595604), (0, 407.32580925731367), (0, 406.638051842797), (0, 405.9512359857389), (0, 405.26535826789114), (0, 404.58041537027873), (0, 403.89640407006294), (0, 403.2133212358678), (0, 402.5311638208206), (0, 401.8499288563428), (0, 401.16961346624674), (0, 400.4902148762943), (0, 399.81173040825206), (0, 399.1341574598189), (0, 398.45749348320567), (0, 397.7817359765499), (0, 397.1068824936411), (0, 396.43293066557237), (0, 395.759878221281), (0, 395.0877229962153), (0, 394.41646292677666), (0, 393.7460960362481), (0, 393.07662042060554), (0, 392.4080342394254), (0, 391.7403357117744), (0, 391.07352311384534), (0, 390.407594775995), (0, 389.7425490800488), (0, 389.0783844599457), (0, 388.4150994079418), (0, 387.7526924852798), (0, 387.09116233307503), (0, 386.43050767852293), (0, 385.77072733379777), (0, 385.11182018852895), (0, 384.4537851992272), (0, 383.79662137926874), (0, 383.14032779155144), (0, 382.4849035441864), (0, 381.8303477887928), (0, 381.1766597211637), (0, 380.52383858444307), (0, 379.87188367467644), (0, 379.22079434761474), (0, 378.5705700246888), (0, 377.9212101959721), (0, 377.27271441894743), (0, 376.62508231345726), (0, 375.97831355447937), (0, 375.3324078647459), (0, 374.6873650087785), (0, 374.04318478914837), (0, 373.39986704514763), (0, 372.75741165372676), (0, 372.11581853231286), (0, 371.47508764279183), (0, 370.8352189955518), (0, 370.19621265229875), (0, 369.5580687266221), (0, 368.9207873819616), (0, 368.28436882745075), (0, 367.6488133126823), (0, 367.0141211225998), (0, 366.3802925734776), (0, 365.74732801053796), (0, 365.11522780734356), (0, 364.48399236674703), (0, 363.853622122898), (0, 363.22411754356), (0, 362.5954791319029), (0, 361.96770742704325), (0, 361.34080300296773), (0, 360.7147664659426), (0, 360.0895984509383), (0, 359.4652996178102), (0, 358.84187064796237), (0, 358.2193122420016), (0, 357.5976251186097), (0, 356.9768100145554), (0, 356.3568676855154), (0, 355.7377989071954), (0, 355.11960447617724), (0, 354.50228521000696), (0, 353.885841946259), (0, 353.270275540617), (0, 352.65558686427903), (0, 352.0417768011622), (0, 351.42884624538885), (0, 350.8167960994236), (0, 350.205627273026), (0, 349.595340682975), (0, 348.9859372533241), (0, 348.37741791582914), (0, 347.7697836101629), (0, 347.1630352836086), (0, 346.55717389009266), (0, 345.9522003886091), (0, 345.3481157412651), (0, 344.7449209112671), (0, 344.1426168611599), (0, 343.5412045515422), (0, 342.9406849403387), (0, 342.3410589825568), (0, 341.74232763033297), (0, 341.1444918330105), (0, 340.54755253700336), (0, 339.95151068527707), (0, 339.35636721640697), (0, 338.7621230633017), (0, 338.16877915177844), (0, 337.57633639920624), (0, 336.9847957134078), (0, 336.3941579919215), (0, 335.80442412163006), (0, 335.2155949786497), (0, 334.6276714283234), (0, 334.0406543251414), (0, 333.4545445124502), (0, 332.86934282189344), (0, 332.2850500726125), (0, 331.70166707031296), (0, 331.1191946063429), (0, 330.5376334569163), (0, 329.95698438257176), (0, 329.3772481278827), (0, 328.7984254213689), (0, 328.22051697550205), (0, 327.64352348668956), (0, 327.067445635137), (0, 326.4922840845394), (0, 325.91803948161703), (0, 325.3447124555592), (0, 324.7723036174731), (0, 324.2008135599291), (0, 323.6302428566641), (0, 323.06059206245726), (0, 322.49186171313966), (0, 321.92405232567154), (0, 321.35716439820374), (0, 320.7911984100599), (0, 320.2261548216093), (0, 319.6620340740414), (0, 319.09883658909035), (0, 318.5365627687739), (0, 317.9752129952061), (0, 317.41478763052174), (0, 316.85528701691237), (0, 316.2967114767476), (0, 315.7390613127293), (0, 315.1823368080242), (0, 314.62653822633933), (0, 314.0716658119239), (0, 313.5177197895162), (0, 312.96470036427), (0, 312.4126077217058), (0, 311.86144202772215), (0, 311.3112034286848), (0, 310.76189205158494), (0, 310.2135080042416), (0, 309.66605137551016), (0, 309.1195222354642), (0, 308.57392063553255), (0, 308.0292466085902), (0, 307.48550016902243), (0, 306.9426813127899), (0, 306.4007900175233), (0, 305.8598262426647), (0, 305.31978992965946), (0, 304.7806810021841), (0, 304.2424993663882), (0, 303.7052449111253), (0, 303.1689175081571), (0, 302.63351701232256), (0, 302.09904326168487), (0, 301.565496077669), (0, 301.03287526521365), (0, 300.5011806129499), (0, 299.97041189341167), (0, 299.4405688632737), (0, 298.91165126360005), (0, 298.38365882008856), (0, 297.85659124329595), (0, 297.33044822884136), (0, 296.80522945758804), (0, 296.28093459581794), (0, 295.75756329541), (0, 295.2351151940354), (0, 294.7135899153707), (0, 294.19298706932955), (0, 293.673306252301), (0, 293.15454704738323), (0, 292.63670902460495), (0, 292.1197917411292), (0, 291.6037947414418), (0, 291.08871755753285), (0, 290.574559709079), (0, 290.0613207036348), (0, 289.54900003683616), (0, 289.0375971926127), (0, 288.5271116434031), (0, 288.01754285036657), (0, 287.5088902635829), (0, 287.0011533222397), (0, 286.4943314548085), (0, 285.98842407921546), (0, 285.48343060301136), (0, 284.9793504235478), (0, 284.47618292815883), (0, 283.9739274943478), (0, 283.4725834899735), (0, 282.9721502734312), (0, 282.4726271938251), (0, 281.97401359113), (0, 281.47630879634585), (0, 280.979512131648), (0, 280.4836229105371), (0, 279.9886404379932), (0, 279.49456401063065), (0, 279.0013929168562), (0, 278.5091264370241), (0, 278.0177638435853), (0, 277.5273044012302), (0, 277.0377473670228), (0, 276.5490919905314), (0, 276.0613375139546), (0, 275.5744831722492), (0, 275.0885281932588), (0, 274.6034717978432), (0, 274.1193132000067), (0, 273.636051607024), (0, 273.1536862195604), (0, 272.6722162317861), (0, 272.1916408314861), (0, 271.71195920016567), (0, 271.2331705131563), (0, 270.75527393972004), (0, 270.27826864315495), (0, 269.8021537809004), (0, 269.32692850463957), (0, 268.8525919603996), (0, 268.37914328864593), (0, 267.9065816243746), (0, 267.43490609719936), (0, 266.96411583143856), (0, 266.49420994620033), (0, 266.0251875554691), (0, 265.55704776818953), (0, 265.08978968835174), (0, 264.62341241507255), (0, 264.15791504267384), (0, 263.6932966607584), (0, 263.22955635428303), (0, 262.7666932036292), (0, 262.3047062846739), (0, 261.8435946688598), (0, 261.38335742326495), (0, 260.9239936106717), (0, 260.465502289634), (0, 260.00788251454304), (0, 259.55113333568937), (0, 259.0952537993246), (0, 258.64024294772094), (0, 258.1860998192293), (0, 257.7328234483383), (0, 257.2804128657326), (0, 256.82886709835003), (0, 256.3781851694382), (0, 255.92836609860947), (0, 255.4794089018941), (0, 255.03131259179267), (0, 254.58407617732624), (0, 254.13769866408703), (0, 253.69217905428815), (0, 253.24751634681328), (0, 252.80370953726649), (0, 252.36075761801973), (0, 251.91865957826118), (0, 251.47741440404081), (0, 251.0370210783165), (0, 250.59747858099766), (0, 250.15878588899002), (0, 249.72094197623926), (0, 249.28394581377492), (0, 248.84779636975364), (0, 248.4124926095019), (0, 247.97803349555812), (0, 247.54441798771444), (0, 247.11164504305663), (0, 246.6797136160046), (0, 246.2486226583521), (0, 245.81837111930673), (0, 245.38895794552892), (0, 244.96038208117162), (0, 244.53264246791915), (0, 244.10573804502513), (0, 243.67966774935073), (0, 243.25443051540174), (0, 242.8300252753656), (0, 242.40645095914834), (0, 241.98370649441105), (0, 241.56179080660652), (0, 241.1407028190157), (0, 240.72044145278358), (0, 240.30100562695483), (0, 239.88239425850912), (0, 239.46460626239588), (0, 239.0476405515693), (0, 238.6314960370223), (0, 238.21617162782186), (0, 237.80166623114266), (0, 237.38797875230142), (0, 236.97510809479073), (0, 236.56305316031273), (0, 236.15181284881226), (0, 235.74138605850985), (0, 235.33177168593468), (0, 234.92296862595737), (0, 234.51497577182238), (0, 234.10779201518105), (0, 233.70141624612293), (0, 233.29584735320904), (0, 232.8910842235026), (0, 232.48712574260128), (0, 232.0839707946682), (0, 231.6816182624634), (0, 231.28006702737486), (0, 230.87931596944955), (0, 230.4793639674239), (0, 230.08020989875496), (0, 229.6818526396503), (0, 229.28429106509847), (0, 228.8875240488987), (0, 228.49155046369097), (0, 228.09636918098505), (0, 227.701979071191), (0, 227.3083790036475), (0, 226.91556784665144), (0, 226.5235444674867), (0, 226.13230773245309), (0, 225.74185650689452), (0, 225.3521896552276), (0, 224.96330604096923), (0, 224.57520452676528), (0, 224.18788397441782), (0, 223.8013432449131), (0, 223.41558119844848), (0, 223.03059669446), (0, 222.64638859164938), (0, 222.26295574801009), (0, 221.8802970208549), (0, 221.49841126684146), (0, 221.11729734199878), (0, 220.73695410175335), (0, 220.3573804009546), (0, 219.9785750939008), (0, 219.60053703436395), (0, 219.2232650756156), (0, 218.84675807045107), (0, 218.47101487121432), (0, 218.09603432982303), (0, 217.72181529779206), (0, 217.3483566262582), (0, 216.97565716600383), (0, 216.6037157674806), (0, 216.23253128083277), (0, 215.86210255592061), (0, 215.49242844234334), (0, 215.1235077894619), (0, 214.75533944642163), (0, 214.38792226217464), (0, 214.021255085502), (0, 213.65533676503534), (0, 213.29016614927946), (0, 212.9257420866328), (0, 212.5620634254094), (0, 212.19912901385968), (0, 211.83693770019153), (0, 211.4754883325908), (0, 211.11477975924169), (0, 210.7548108283472), (0, 210.39558038814903), (0, 210.03708728694733), (0, 209.6793303731201), (0, 209.32230849514283), (0, 208.96602050160774), (0, 208.61046524124217), (0, 208.25564156292813), (0, 207.90154831571988), (0, 207.5481843488628), (0, 207.1955485118118), (0, 206.84363965424814), (0, 206.49245662609803), (0, 206.14199827754993), (0, 205.79226345907134), (0, 205.44325102142645), (0, 205.09495981569268), (0, 204.74738869327706), (0, 204.40053650593342), (0, 204.05440210577788), (0, 203.70898434530528), (0, 203.36428207740474), (0, 203.02029415537567), (0, 202.67701943294298), (0, 202.33445676427226), (0, 201.9926050039849), (0, 201.65146300717305), (0, 201.31102962941418), (0, 200.97130372678564), (0, 200.63228415587864), (0, 200.2939697738129), (0, 199.95635943824993), (0, 199.61945200740726), (0, 199.28324634007183), (0, 198.94774129561287), (0, 198.6129357339961), (0, 198.27882851579577), (0, 197.94541850220767), (0, 197.6127045550625), (0, 197.28068553683718), (0, 196.94936031066803), (0, 196.61872774036271), (0, 196.28878669041157), (0, 195.9595360260005), (0, 195.6309746130215), (0, 195.3031013180848), (0, 194.9759150085299), (0, 194.64941455243658), (0, 194.32359881863624), (0, 193.99846667672224), (0, 193.67401699706076), (0, 193.35024865080143), (0, 193.02716050988744), (0, 192.7047514470656), (0, 192.38302033589673), (0, 192.06196605076534), (0, 191.7415874668893), (0, 191.42188346032955), (0, 191.1028529079992), (0, 190.78449468767343), (0, 190.46680767799796), (0, 190.14979075849868), (0, 189.83344280958977), (0, 189.5177627125833), (0, 189.20274934969711), (0, 188.88840160406357), (0, 188.57471835973797), (0, 188.2616985017062), (0, 187.9493409158936), (0, 187.63764448917232), (0, 187.32660810936935), (0, 187.01623066527387), (0, 186.70651104664535), (0, 186.39744814422045), (0, 186.0890408497206), (0, 185.7812880558591), (0, 185.47418865634828), (0, 185.16774154590613), (0, 184.8619456202635), (0, 184.55679977617078), (0, 184.25230291140394), (0, 183.948453924772), (0, 183.64525171612254), (0, 183.34269518634824), (0, 183.04078323739313), (0, 182.7395147722586), (0, 182.43888869500918), (0, 182.13890391077882), (0, 181.8395593257758), (0, 181.54085384728933), (0, 181.24278638369432), (0, 180.94535584445725), (0, 180.6485611401413), (0, 180.35240118241163), (0, 180.0568748840404), (0, 179.7619811589121), (0, 179.4677189220283), (0, 179.17408708951237), (0, 178.88108457861458), (0, 178.58871030771638), (0, 178.29696319633553), (0, 178.00584216512976), (0, 177.71534613590222), (0, 177.42547403160475), (0, 177.13622477634289), (0, 176.84759729537979), (0, 176.55959051514), (0, 176.27220336321403), (0, 175.98543476836153), (0, 175.69928366051593), (0, 175.41374897078748), (0, 175.12882963146723), (0, 174.8445245760308), (0, 174.56083273914152), (0, 174.27775305665398), (0, 173.99528446561763), (0, 173.71342590427983), (0, 173.43217631208915), (0, 173.15153462969855), (0, 172.87149979896844), (0, 172.5920707629696), (0, 172.31324646598625), (0, 172.03502585351896), (0, 171.75740787228722), (0, 171.48039147023263), (0, 171.20397559652082), (0, 170.92815920154496), (0, 170.6529412369277), (0, 170.37832065552374), (0, 170.10429641142275), (0, 169.83086745995087), (0, 169.55803275767374), (0, 169.28579126239842), (0, 169.01414193317567), (0, 168.7430837303021), (0, 168.47261561532218), (0, 168.20273655103017), (0, 167.9334455014724), (0, 167.66474143194873), (0, 167.39662330901467), (0, 167.1290901004835), (0, 166.86214077542706), (0, 166.59577430417863), (0, 166.32998965833355), (0, 166.0647858107515), (0, 165.80016173555762), (0, 165.5361164081444), (0, 165.27264880517276), (0, 165.00975790457358), (0, 164.747442685549), (0, 164.48570212857396), (0, 164.2245352153972), (0, 163.96394092904245), (0, 163.70391825380986), (0, 163.4444661752769), (0, 163.18558368029943), (0, 162.9272697570129), (0, 162.66952339483333), (0, 162.41234358445797), (0, 162.15572931786664), (0, 161.8996795883223), (0, 161.64419339037204), (0, 161.38926971984765), (0, 161.1349075738668), (0, 160.8811059508332), (0, 160.6278638504378), (0, 160.37518027365908), (0, 160.1230542227638), (0, 159.87148470130762), (0, 159.62047071413545), (0, 159.3700112673821), (0, 159.12010536847262), (0, 158.87075202612286), (0, 158.6219502503399), (0, 158.37369905242215), (0, 158.12599744496003), (0, 157.87884444183592), (0, 157.63223905822468), (0, 157.3861803105938), (0, 157.14066721670363), (0, 156.8956987956074), (0, 156.6512740676516), (0, 156.407392054476), (0, 156.1640517790135), (0, 155.92125226549086), (0, 155.67899253942775), (0, 155.43727162763759), (0, 155.1960885582272), (0, 154.9554423605965), (0, 154.71533206543901), (0, 154.47575670474126), (0, 154.2367153117828), (0, 153.99820692113607), (0, 153.76023056866623), (0, 153.522785291531), (0, 153.28587012818014), (0, 153.04948411835574), (0, 152.81362630309124), (0, 152.578295724712), (0, 152.34349142683396), (0, 152.10921245436418), (0, 151.87545785350002), (0, 151.64222667172874), (0, 151.4095179578274), (0, 151.1773307618621), (0, 150.94566413518757), (0, 150.714517130447), (0, 150.48388880157123), (0, 150.25377820377827), (0, 150.0241843935729), (0, 149.7951064287462), (0, 149.56654336837465), (0, 149.33849427281976), (0, 149.11095820372762), (0, 148.88393422402797), (0, 148.6574213979336), (0, 148.43141879094009), (0, 148.20592546982454), (0, 147.9809405026453), (0, 147.75646295874125), (0, 147.5324919087309), (0, 147.30902642451156), (0, 147.08606557925904), (0, 146.86360844742637), (0, 146.64165410474345), (0, 146.4202016282158), (0, 146.19925009612422), (0, 145.9787985880237), (0, 145.75884618474257), (0, 145.53939196838166), (0, 145.32043502231366), (0, 145.10197443118184), (0, 144.88400928089956), (0, 144.66653865864907), (0, 144.4495616528807), (0, 144.23307735331204), (0, 144.01708485092684), (0, 143.80158323797406), (0, 143.586571607967), (0, 143.3720490556824), (0, 143.15801467715914), (0, 142.94446756969757), (0, 142.7314068318584), (0, 142.51883156346153), (0, 142.3067408655853), (0, 142.09513384056527), (0, 141.88400959199308), (0, 141.67336722471563), (0, 141.46320584483394), (0, 141.253524559702), (0, 141.04432247792553), (0, 140.83559870936145), (0, 140.62735236511617), (0, 140.41958255754471), (0, 140.21228840024966), (0, 140.00546900807998), (0, 139.79912349712978), (0, 139.5932509847375), (0, 139.38785058948417), (0, 139.18292143119288), (0, 138.9784626309273), (0, 138.77447331099037), (0, 138.57095259492363), (0, 138.36789960750542), (0, 138.16531347475018), (0, 137.9631933239068), (0, 137.76153828345798), (0, 137.56034748311845), (0, 137.35962005383416), (0, 137.15935512778083), (0, 136.95955183836287), (0, 136.7602093202119), (0, 136.561326709186), (0, 136.36290314236786), (0, 136.164937758064), (0, 135.9674296958033), (0, 135.77037809633572), (0, 135.5737821016312), (0, 135.3776408548782), (0, 135.18195350048254), (0, 134.98671918406623), (0, 134.79193705246587), (0, 134.5976062537317), (0, 134.40372593712613), (0, 134.21029525312247), (0, 134.0173133534037), (0, 133.82477939086104), (0, 133.63269251959287), (0, 133.44105189490304), (0, 133.24985667330014), (0, 133.05910601249553), (0, 132.8687990714026), (0, 132.678935010135), (0, 132.48951299000572), (0, 132.30053217352528), (0, 132.111991724401), (0, 131.9238908075352), (0, 131.73622858902388), (0, 131.54900423615587), (0, 131.36221691741085), (0, 131.17586580245856), (0, 130.98995006215696), (0, 130.8044688685514), (0, 130.61942139487283), (0, 130.4348068155368), (0, 130.25062430614184), (0, 130.06687304346823), (0, 129.88355220547678), (0, 129.70066097130723), (0, 129.51819852127707), (0, 129.33616403688012), (0, 129.15455670078518), (0, 128.97337569683464), (0, 128.79262021004334), (0, 128.61228942659676), (0, 128.43238253385022), (0, 128.25289872032707), (0, 128.0738371757175), (0, 127.89519709087726), (0, 127.71697765782618), (0, 127.53917806974675), (0, 127.3617975209831), (0, 127.18483520703917), (0, 127.00829032457762), (0, 126.83216207141835), (0, 126.65644964653745), (0, 126.48115225006534), (0, 126.3062690832857), (0, 126.13179934863415), (0, 125.9577422496968), (0, 125.78409699120874), (0, 125.61086277905302), (0, 125.43803882025897), (0, 125.26562432300099), (0, 125.09361849659716), (0, 124.9220205515079), (0, 124.75082969933457), (0, 124.58004515281819), (0, 124.40966612583794), (0, 124.2396918334099), (0, 124.07012149168578), (0, 123.90095431795122), (0, 123.73218953062495), (0, 123.56382634925694), (0, 123.39586399452747), (0, 123.22830168824538), (0, 123.06113865334703), (0, 122.89437411389477), (0, 122.7280072950757), (0, 122.56203742320022), (0, 122.39646372570073), (0, 122.23128543113035), (0, 122.06650176916142), (0, 121.90211197058434), (0, 121.73811526730606), (0, 121.57451089234888), (0, 121.41129807984899), (0, 121.24847606505524), (0, 121.08604408432764), (0, 120.92400137513629), (0, 120.76234717605979), (0, 120.60108072678409), (0, 120.44020126810095), (0, 120.27970804190689), (0, 120.1196002912016), (0, 119.95987726008681), (0, 119.80053819376487), (0, 119.6415823385374), (0, 119.48300894180406), (0, 119.32481725206121), (0, 119.16700651890045), (0, 119.00957599300766), (0, 118.85252492616124), (0, 118.69585257123111), (0, 118.53955818217737), (0, 118.38364101404882), (0, 118.22810032298185), (0, 118.07293536619896), (0, 117.91814540200772), (0, 117.76372968979915), (0, 117.6096874900467), (0, 117.45601806430483), (0, 117.3027206752077), (0, 117.1497945864679), (0, 116.99723906287531), (0, 116.8450533702954), (0, 116.69323677566865), (0, 116.5417885470084), (0, 116.39070795340038), (0, 116.2399942650009), (0, 116.08964675303581), (0, 115.93966468979923), (0, 115.79004734865214), (0, 115.64079400402125), (0, 115.49190393139766), (0, 115.34337640733574), (0, 115.19521070945162), (0, 115.04740611642221), (0, 114.8999619079837), (0, 114.75287736493051), (0, 114.60615176911395), (0, 114.45978440344092), (0, 114.31377455187277), (0, 114.16812149942409), (0, 114.02282453216127), (0, 113.87788293720156), (0, 113.7332960027114), (0, 113.58906301790574), (0, 113.44518327304642), (0, 113.30165605944111), (0, 113.15848066944201), (0, 113.01565639644464), (0, 112.87318253488658), (0, 112.73105838024652), (0, 112.58928322904259), (0, 112.44785637883167), (0, 112.3067771282078), (0, 112.16604477680097), (0, 112.02565862527622), (0, 111.88561797533227), (0, 111.74592212970023), (0, 111.60657039214259), (0, 111.4675620674518), (0, 111.32889646144946), (0, 111.19057288098463), (0, 111.05259063393311), (0, 110.91494902919595), (0, 110.77764737669854), (0, 110.64068498738918), (0, 110.50406117323796), (0, 110.3677752472358), (0, 110.23182652339308), (0, 110.09621431673837), (0, 109.96093794331769), (0, 109.82599672019296), (0, 109.69138996544103), (0, 109.55711699815244), (0, 109.42317713843022), (0, 109.2895697073891), (0, 109.15629402715383), (0, 109.02334942085845), (0, 108.89073521264493), (0, 108.75845072766224), (0, 108.62649529206502), (0, 108.49486823301245), (0, 108.36356887866741), (0, 108.23259655819497), (0, 108.10195060176149), (0, 107.97163034053342), (0, 107.84163510667636), (0, 107.71196423335374), (0, 107.5826170547257), (0, 107.45359290594811), (0, 107.32489112317144), (0, 107.19651104353969), (0, 107.06845200518914), (0, 106.94071334724742), (0, 106.81329440983228), (0, 106.68619453405067), (0, 106.5594130619974), (0, 106.43294933675435), (0, 106.30680270238923), (0, 106.18097250395445), (0, 106.05545808748612), (0, 105.93025880000296), (0, 105.80537398950536), (0, 105.68080300497385), (0, 105.55654519636883), (0, 105.43259991462864), (0, 105.30896651166918), (0, 105.18564434038242), (0, 105.06263275463553), (0, 104.93993110926982), (0, 104.8175387600997), (0, 104.69545506391151), (0, 104.57367937846264), (0, 104.45221106248044), (0, 104.33104947566106), (0, 104.21019397866861), (0, 104.08964393313397), (0, 103.9693987016538), (0, 103.84945764778966), (0, 103.7298201360666), (0, 103.61048553197269), (0, 103.49145320195744), (0, 103.3727225134312), (0, 103.25429283476393), (0, 103.1361635352842), (0, 103.01833398527833), (0, 102.90080355598923), (0, 102.7835716196153), (0, 102.66663754930991), (0, 102.55000071917961), (0, 102.43366050428399), (0, 102.31761628063397), (0, 102.20186742519131), (0, 102.08641331586738), (0, 101.97125333152213), (0, 101.85638685196332), (0, 101.74181325794531), (0, 101.62753193116824), (0, 101.51354225427698), (0, 101.39984361086012), (0, 101.28643538544915), (0, 101.17331696351734), (0, 101.06048773147872), (0, 100.94794707668741), (0, 100.83569438743635), (0, 100.72372905295637), (0, 100.61205046341553), (0, 100.50065800991777), (0, 100.3895510845022), (0, 100.27872908014214), (0, 100.16819139074403), (0, 100.05793741114665), (0, 99.94796653712001), (0, 99.83827816536461), (0, 99.7288716935103), (0, 99.61974652011553), (0, 99.51090204466627), (0, 99.4023376675751), (0, 99.29405279018036), (0, 99.18604681474511), (0, 99.07831914445643), (0, 98.97086918342406), (0, 98.86369633668009), (0, 98.75680001017749), (0, 98.6501796107894), (0, 98.54383454630843), (0, 98.43776422544528), (0, 98.33196805782832), (0, 98.22644545400239), (0, 98.12119582542786), (0, 98.0162185844801), (0, 97.91151314444797), (0, 97.80707891953365), (0, 97.70291532485103), (0, 97.59902177642533), (0, 97.4953976911919), (0, 97.3920424869957), (0, 97.28895558258984), (0, 97.18613639763531), (0, 97.08358435269957), (0, 96.9812988692562), (0, 96.87927936968337), (0, 96.77752527726365), (0, 96.6760360161826), (0, 96.5748110115282), (0, 96.47384968928982), (0, 96.37315147635756), (0, 96.272715800521), (0, 96.17254209046872), (0, 96.07262977578732), (0, 95.97297828696045), (0, 95.87358705536805), (0, 95.77445551328545), (0, 95.67558309388258), (0, 95.57696923122303), (0, 95.4786133602633), (0, 95.38051491685174), (0, 95.28267333772808), (0, 95.18508806052213), (0, 95.08775852375337), (0, 94.99068416682967), (0, 94.89386443004685), (0, 94.79729875458762), (0, 94.70098658252078), (0, 94.60492735680037), (0, 94.50912052126502), (0, 94.41356552063668), (0, 94.31826180052025), (0, 94.22320880740264), (0, 94.12840598865178), (0, 94.03385279251584), (0, 93.93954866812251), (0, 93.84549306547824), (0, 93.75168543546707), (0, 93.65812522985023), (0, 93.56481190126509), (0, 93.4717449032245), (0, 93.37892369011566), (0, 93.28634771719965), (0, 93.19401644061055), (0, 93.10192931735446), (0, 93.01008580530885), (0, 92.91848536322175), (0, 92.82712745071095), (0, 92.73601152826296), (0, 92.64513705723262), (0, 92.55450349984197), (0, 92.46411031917967), (0, 92.37395697919996), (0, 92.28404294472213), (0, 92.1943676814296), (0, 92.10493065586907), (0, 92.01573133544987), (0, 91.92676918844303), (0, 91.83804368398057), (0, 91.7495542920548), (0, 91.66130048351732), (0, 91.57328173007838), (0, 91.48549750430612), (0, 91.39794727962575), (0, 91.31063053031875), (0, 91.22354673152196), (0, 91.13669535922732), (0, 91.05007589028031), (0, 90.96368780237988), (0, 90.87753057407731), (0, 90.79160368477544), (0, 90.70590661472806), (0, 90.62043884503908), (0, 90.53519985766178), (0, 90.45018913539778), (0, 90.36540616189683), (0, 90.28085042165547), (0, 90.19652140001665), (0, 90.11241858316886), (0, 90.02854145814521), (0, 89.94488951282294), (0, 89.86146223592246), (0, 89.77825911700661), (0, 89.6952796464803), (0, 89.6125233155889), (0, 89.52998961641835), (0, 89.44767804189392), (0, 89.36558808577982), (0, 89.28371924267788), (0, 89.20207100802737), (0, 89.12064287810414), (0, 89.03943435001946), (0, 88.95844492171989), (0, 88.87767409198601), (0, 88.79712136043197), (0, 88.71678622750477), (0, 88.63666819448322), (0, 88.55676676347757), (0, 88.47708143742855), (0, 88.39761172010661), (0, 88.31835711611134), (0, 88.23931713087069), (0, 88.16049127064007), (0, 88.08187904250181), (0, 88.00347995436434), (0, 87.92529351496141), (0, 87.84731923385154), (0, 87.76955662141711), (0, 87.6920051888636), (0, 87.61466444821909), (0, 87.53753391233326), (0, 87.46061309487688), (0, 87.38390151034102), (0, 87.30739867403616), (0, 87.23110410209169), (0, 87.1550173114551), (0, 87.07913781989124), (0, 87.00346514598152), (0, 86.9279988091235), (0, 86.8527383295297), (0, 86.77768322822723), (0, 86.70283302705695), (0, 86.62818724867284), (0, 86.553745416541), (0, 86.47950705493942), (0, 86.40547168895675), (0, 86.33163884449186), (0, 86.25800804825312), (0, 86.18457882775766), (0, 86.11135071133057), (0, 86.03832322810423), (0, 85.96549590801773), (0, 85.8928682818159), (0, 85.8204398810489), (0, 85.74821023807115), (0, 85.67617888604107), (0, 85.60434535891983), (0, 85.53270919147118), (0, 85.46126991926032), (0, 85.39002707865342), (0, 85.31898020681682), (0, 85.24812884171644), (0, 85.17747252211684), (0, 85.1070107875808), (0, 85.03674317846831), (0, 84.96666923593621), (0, 84.89678850193708), (0, 84.82710051921896), (0, 84.75760483132439), (0, 84.6883009825895), (0, 84.619188518144), (0, 84.55026698390967), (0, 84.48153592660012), (0, 84.41299489372014), (0, 84.34464343356461), (0, 84.27648109521819), (0, 84.20850742855451), (0, 84.14072198423519), (0, 84.07312431370956), (0, 84.00571396921377), (0, 83.93849050376996), (0, 83.87145347118582), (0, 83.80460242605372), (0, 83.73793692375), (0, 83.67145652043445), (0, 83.60516077304926), (0, 83.53904923931881), (0, 83.47312147774848), (0, 83.4073770476244), (0, 83.3418155090122), (0, 83.27643642275706), (0, 83.21123935048224), (0, 83.14622385458898), (0, 83.08138949825542), (0, 83.01673584543605), (0, 82.9522624608611), (0, 82.88796891003574), (0, 82.82385475923931), (0, 82.75991957552475), (0, 82.6961629267179), (0, 82.63258438141676), (0, 82.56918350899076), (0, 82.50595987958025), (0, 82.44291306409538), (0, 82.38004263421603), (0, 82.3173481623905), (0, 82.25482922183532), (0, 82.19248538653409), (0, 82.13031623123715), (0, 82.06832133146087), (0, 82.0065002634866), (0, 81.94485260436036), (0, 81.88337793189204), (0, 81.82207582465458), (0, 81.7609458619834), (0, 81.69998762397562), (0, 81.6392006914895), (0, 81.57858464614371), (0, 81.51813907031638), (0, 81.45786354714484), (0, 81.39775766052452), (0, 81.3378209951086), (0, 81.27805313630705), (0, 81.21845367028612), (0, 81.15902218396737), (0, 81.09975826502745), (0, 81.04066150189699), (0, 80.98173148375993), (0, 80.92296780055311), (0, 80.86437004296539), (0, 80.80593780243684), (0, 80.74767067115835), (0, 80.6895682420706), (0, 80.63163010886363), (0, 80.57385586597599), (0, 80.51624510859412), (0, 80.45879743265162), (0, 80.40151243482855), (0, 80.34438971255082), (0, 80.2874288639893), (0, 80.23062948805942), (0, 80.17399118442015), (0, 80.11751355347346), (0, 80.06119619636381), (0, 80.00503871497705), (0, 79.94904071194001), (0, 79.8932017906198), (0, 79.83752155512296), (0, 79.78199961029492), (0, 79.7266355617191), (0, 79.67142901571655), (0, 79.61637957934488), (0, 79.5614868603978), (0, 79.50675046740437), (0, 79.45217000962816), (0, 79.39774509706685), (0, 79.34347534045123), (0, 79.28936035124472), (0, 79.23539974164245), (0, 79.18159312457082), (0, 79.12794011368663), (0, 79.07444032337632), (0, 79.02109336875557), (0, 78.96789886566822), (0, 78.9148564306858), (0, 78.86196568110681), (0, 78.80922623495593), (0, 78.75663771098343), (0, 78.70419972866435), (0, 78.65191190819795), (0, 78.59977387050685), (0, 78.54778523723635), (0, 78.49594563075388), (0, 78.44425467414807), (0, 78.39271199122825), (0, 78.34131720652364), (0, 78.2900699452827), (0, 78.23896983347223), (0, 78.18801649777701), (0, 78.13720956559881), (0, 78.08654866505573), (0, 78.03603342498175), (0, 77.9856634749256), (0, 77.93543844515035), (0, 77.88535796663264), (0, 77.83542167106198), (0, 77.78562919083991), (0, 77.73598015907947), (0, 77.68647420960446), (0, 77.63711097694856), (0, 77.5878900963549), (0, 77.5388112037751), (0, 77.48987393586867), (0, 77.44107793000232), (0, 77.39242282424914), (0, 77.34390825738804), (0, 77.29553386890296), (0, 77.24729929898209), (0, 77.19920418851724), (0, 77.15124817910316), (0, 77.10343091303675), (0, 77.05575203331632), (0, 77.00821118364097), (0, 76.96080800840983), (0, 76.9135421527213), (0, 76.86641326237249), (0, 76.81942098385817), (0, 76.7725649643705), (0, 76.72584485179793), (0, 76.67926029472467), (0, 76.63281094243), (0, 76.58649644488739), (0, 76.54031645276393), (0, 76.49427061741953), (0, 76.44835859090621), (0, 76.40258002596744), (0, 76.35693457603726), (0, 76.31142189523979), (0, 76.26604163838833), (0, 76.22079346098468), (0, 76.17567701921837), (0, 76.13069196996614), (0, 76.0858379707909), (0, 76.04111467994126), (0, 75.99652175635066), (0, 75.95205885963675), (0, 75.90772565010056), (0, 75.8635217887258), (0, 75.8194469371782), (0, 75.77550075780476), (0, 75.7316829136329), (0, 75.6879930683698), (0, 75.64443088640185), (0, 75.6009960327936), (0, 75.55768817328718), (0, 75.51450697430172), (0, 75.47145210293245), (0, 75.42852322694976), (0, 75.38572001479893), (0, 75.34304213559909), (0, 75.30048925914254), (0, 75.25806105589402), (0, 75.21575719698998), (0, 75.17357735423782), (0, 75.13152120011524), (0, 75.08958840776941), (0, 75.04777865101619), (0, 75.00609160433957), (0, 74.96452694289076), (0, 74.92308434248747), (0, 74.88176347961324), (0, 74.84056403141675), (0, 74.79948567571084), (0, 74.75852809097196), (0, 74.71769095633952), (0, 74.6769739516148), (0, 74.63637675726056), (0, 74.5958990544001), (0, 74.55554052481659), (0, 74.51530085095229), (0, 74.47517971590784), (0, 74.43517680344128), (0, 74.39529179796784), (0, 74.35552438455866), (0, 74.31587424894023), (0, 74.27634107749365), (0, 74.23692455725387), (0, 74.19762437590909), (0, 74.15844022179965), (0, 74.11937178391757), (0, 74.08041875190578), (0, 74.0415808160572), (0, 74.00285766731413), (0, 73.96424899726743), (0, 73.92575449815588), (0, 73.88737386286513), (0, 73.84910678492736), (0, 73.8109529585201), (0, 73.7729120784659), (0, 73.73498384023111), (0, 73.69716793992555), (0, 73.65946407430138), (0, 73.62187194075267), (0, 73.58439123731439), (0, 73.5470216626618), (0, 73.50976291610955), (0, 73.47261469761109), (0, 73.4355767077577), (0, 73.39864864777793), (0, 73.36183021953673), (0, 73.32512112553462), (0, 73.28852106890712), (0, 73.25202975342367), (0, 73.21564688348728), (0, 73.17937216413341), (0, 73.14320530102933), (0, 73.1071460004733), (0, 73.07119396939397), (0, 73.03534891534945), (0, 72.99961054652641), (0, 72.9639785717397), (0, 72.92845270043125), (0, 72.89303264266935), (0, 72.85771810914801), (0, 72.82250881118603), (0, 72.78740446072626), (0, 72.75240477033495), (0, 72.71750945320083), (0, 72.68271822313437), (0, 72.64803079456702), (0, 72.61344688255045), (0, 72.57896620275565), (0, 72.54458847147242), (0, 72.51031340560827), (0, 72.4761407226878), (0, 72.44207014085195), (0, 72.40810137885718), (0, 72.37423415607458), (0, 72.34046819248931), (0, 72.30680320869959), (0, 72.27323892591609), (0, 72.23977506596106), (0, 72.20641135126745), (0, 72.17314750487841), (0, 72.13998325044616), (0, 72.10691831223141), (0, 72.07395241510261), (0, 72.04108528453494), (0, 72.00831664660974), (0, 71.97564622801366), (0, 71.94307375603778), (0, 71.91059895857687), (0, 71.87822156412875), (0, 71.84594130179313), (0, 71.81375790127132), (0, 71.7816710928649), (0, 71.74968060747541), (0, 71.71778617660323), (0, 71.68598753234683), (0, 71.65428440740216), (0, 71.62267653506166), (0, 71.59116364921351), (0, 71.55974548434091), (0, 71.52842177552118), (0, 71.497192258425), (0, 71.46605666931562), (0, 71.43501474504814), (0, 71.40406622306843), (0, 71.37321084141277), (0, 71.34244833870659), (0, 71.31177845416398), (0, 71.28120092758678), (0, 71.25071549936374), (0, 71.22032191046982), (0, 71.19001990246528), (0, 71.15980921749492), (0, 71.12968959828729), (0, 71.09966078815387), (0, 71.06972253098822), (0, 71.03987457126527), (0, 71.01011665404042), (0, 70.98044852494877), (0, 70.9508699302043), (0, 70.92138061659904), (0, 70.8919803315024), (0, 70.8626688228601), (0, 70.83344583919369), (0, 70.80431112959928), (0, 70.77526444374725), (0, 70.74630553188109), (0, 70.71743414481675), (0, 70.68865003394163), (0, 70.659952951214), (0, 70.6313426491621), (0, 70.6028188808832), (0, 70.57438140004302), (0, 70.54602996087475), (0, 70.51776431817818), (0, 70.48958422731907), (0, 70.46148944422819), (0, 70.43347972540059), (0, 70.40555482789472), (0, 70.37771450933157), (0, 70.34995852789397), (0, 70.3222866423257), (0, 70.29469861193067), (0, 70.2671941965721), (0, 70.2397731566717), (0, 70.21243525320895), (0, 70.18518024771998), (0, 70.15800790229713), (0, 70.13091797958788), (0, 70.10391024279403), (0, 70.07698445567107), (0, 70.0501403825271), (0, 70.02337778822215), (0, 69.99669643816742), (0, 69.9700960983242), (0, 69.94357653520338), (0, 69.91713751586434), (0, 69.89077880791429), (0, 69.86450017950732), (0, 69.83830139934366), (0, 69.81218223666889), (0, 69.78614246127304), (0, 69.76018184348968), (0, 69.73430015419518), (0, 69.70849716480804), (0, 69.6827726472877), (0, 69.65712637413408), (0, 69.63155811838642), (0, 69.6060676536227), (0, 69.58065475395874), (0, 69.55531919404721), (0, 69.53006074907708), (0, 69.5048791947725), (0, 69.4797743073922), (0, 69.45474586372846), (0, 69.42979364110646), (0, 69.40491741738332), (0, 69.38011697094727), (0, 69.35539208071692), (0, 69.33074252614026), (0, 69.30616808719397), (0, 69.28166854438246), (0, 69.25724367873725), (0, 69.23289327181577), (0, 69.20861710570091), (0, 69.18441496299995), (0, 69.1602866268437), (0, 69.13623188088587), (0, 69.112250509302), (0, 69.08834229678881), (0, 69.06450702856316), (0, 69.04074449036136), (0, 69.0170544684384), (0, 68.99343674956687), (0, 68.9698911210363), (0, 68.94641737065223), (0, 68.9230152867355), (0, 68.89968465812125), (0, 68.87642527415812), (0, 68.8532369247075), (0, 68.83011940014258), (0, 68.80707249134757), (0, 68.78409598971683), (0, 68.76118968715402), (0, 68.73835337607125), (0, 68.71558684938832), (0, 68.69288990053174), (0, 68.67026232343403), (0, 68.64770391253278), (0, 68.62521446276973), (0, 68.60279376959022), (0, 68.58044162894195), (0, 68.55815783727445), (0, 68.53594219153815), (0, 68.51379448918335), (0, 68.49171452815975), (0, 68.46970210691512), (0, 68.44775702439497), (0, 68.42587908004126), (0, 68.40406807379185), (0, 68.3823238060795), (0, 68.36064607783109), (0, 68.33903469046675), (0, 68.31748944589903), (0, 68.29601014653201), (0, 68.27459659526048), (0, 68.25324859546912), (0, 68.2319659510316), (0, 68.2107484663098), (0, 68.18959594615285), (0, 68.16850819589646), (0, 68.14748502136182), (0, 68.12652622885501), (0, 68.10563162516604), (0, 68.0848010175679), (0, 68.06403421381589), (0, 68.04333102214667), (0, 68.02269125127744), (0, 68.00211471040508), (0, 67.98160120920528), (0, 67.96115055783174), (0, 67.94076256691532), (0, 67.9204370475631), (0, 67.90017381135766), (0, 67.87997267035617), (0, 67.85983343708943), (0, 67.8397559245613), (0, 67.81973994624757), (0, 67.79978531609521), (0, 67.77989184852156), (0, 67.76005935841351), (0, 67.74028766112647), (0, 67.72057657248374), (0, 67.70092590877553), (0, 67.68133548675814), (0, 67.66180512365307), (0, 67.64233463714632), (0, 67.62292384538733), (0, 67.60357256698829), (0, 67.58428062102317), (0, 67.565047827027), (0, 67.54587400499497), (0, 67.52675897538148), (0, 67.50770255909943), (0, 67.48870457751931), (0, 67.46976485246834), (0, 67.45088320622969), (0, 67.4320594615415), (0, 67.41329344159614), (0, 67.39458497003932), (0, 67.37593387096929), (0, 67.35733996893592), (0, 67.33880308893986), (0, 67.32032305643173), (0, 67.30189969731126), (0, 67.28353283792644), (0, 67.26522230507263), (0, 67.24696792599174), (0, 67.22876952837153), (0, 67.21062694034437), (0, 67.19253999048689), (0, 67.1745085078187), (0, 67.15653232180182), (0, 67.13861126233971), (0, 67.12074515977648), (0, 67.10293384489593), (0, 67.08517714892088), (0, 67.06747490351219), (0, 67.04982694076789), (0, 67.03223309322252), (0, 67.01469319384609), (0, 66.99720707604321), (0, 66.97977457365246), (0, 66.96239552094538), (0, 66.94506975262568), (0, 66.92779710382831), (0, 66.91057741011872), (0, 66.89341050749195), (0, 66.87629623237189), (0, 66.85923442161024), (0, 66.84222491248585), (0, 66.82526754270376), (0, 66.80836215039444), (0, 66.7915085741129), (0, 66.7747066528378), (0, 66.75795622597074), (0, 66.74125713333522), (0, 66.72460921517605), (0, 66.70801231215825), (0, 66.6914662653664), (0, 66.67497091630365), (0, 66.65852610689102), (0, 66.64213167946649), (0, 66.62578747678408), (0, 66.60949334201315), (0, 66.59324911873749), (0, 66.57705465095447), (0, 66.56090978307417), (0, 66.5448143599187), (0, 66.52876822672116), (0, 66.51277122912484), (0, 66.49682321318255), (0, 66.48092402535558), (0, 66.46507351251293), (0, 66.44927152193046), (0, 66.43351790129017), (0, 66.41781249867923), (0, 66.40215516258907), (0, 66.38654574191477), (0, 66.37098408595408), (0, 66.3554700444066), (0, 66.34000346737292), (0, 66.3245842053539), (0, 66.30921210924967), (0, 66.29388703035895), (0, 66.27860882037805), (0, 66.2633773314002), (0, 66.2481924159147), (0, 66.23305392680591), (0, 66.2179617173526), (0, 66.2029156412271), (0, 66.18791555249443), (0, 66.17296130561137), (0, 66.15805275542581), (0, 66.14318975717586), (0, 66.12837216648892), (0, 66.11359983938097), (0, 66.09887263225573), (0, 66.08419040190371), (0, 66.06955300550162), (0, 66.05496030061123), (0, 66.04041214517885), (0, 66.02590839753425), (0, 66.01144891639004), (0, 65.9970335608407), (0, 65.98266219036178), (0, 65.96833466480922), (0, 65.95405084441825), (0, 65.9398105898028), (0, 65.9256137619546), (0, 65.91146022224244), (0, 65.89734983241111), (0, 65.88328245458085), (0, 65.86925795124634), (0, 65.855276185276), (0, 65.84133701991115), (0, 65.82744031876507), (0, 65.81358594582237), (0, 65.79977376543812), (0, 65.78600364233678), (0, 65.7722754416118), (0, 65.7585890287245), (0, 65.74494426950346), (0, 65.73134103014343), (0, 65.7177791772048), (0, 65.70425857761265), (0, 65.69077909865591), (0, 65.67734060798662), (0, 65.66394297361914), (0, 65.65058606392918), (0, 65.63726974765319), (0, 65.62399389388742), (0, 65.6107583720871), (0, 65.5975630520658), (0, 65.58440780399437), (0, 65.57129249840033), (0, 65.55821700616697), (0, 65.5451811985326), (0, 65.53218494708966), (0, 65.51922812378402), (0, 65.50631060091405), (0, 65.49343225112995), (0, 65.48059294743288), (0, 65.4677925631741), (0, 65.45503097205437), (0, 65.44230804812283), (0, 65.42962366577649), (0, 65.41697769975929), (0, 65.40437002516133), (0, 65.39180051741808), (0, 65.37926905230952), (0, 65.36677550595948), (0, 65.35431975483472), (0, 65.34190167574415), (0, 65.32952114583809), (0, 65.31717804260748), (0, 65.30487224388291), (0, 65.29260362783413), (0, 65.28037207296909), (0, 65.26817745813304), (0, 65.25601966250788), (0, 65.24389856561143), (0, 65.23181404729654), (0, 65.21976598775024), (0, 65.2077542674931), (0, 65.19577876737836), (0, 65.18383936859114), (0, 65.17193595264777), (0, 65.16006840139472), (0, 65.14823659700824), (0, 65.13644042199314), (0, 65.12467975918229), (0, 65.11295449173585), (0, 65.10126450314024), (0, 65.08960967720769), (0, 65.07798989807516), (0, 65.06640505020373), (0, 65.05485501837781), (0, 65.04333968770436), (0, 65.03185894361212), (0, 65.0204126718507), (0, 65.00900075849002), (0, 64.9976230899194), (0, 64.98627955284684), (0, 64.97497003429825), (0, 64.9636944216166), (0, 64.95245260246128), (0, 64.94124446480724), (0, 64.9300698969443), (0, 64.91892878747626), (0, 64.90782102532022), (0, 64.89674649970583), (0, 64.8857051001745), (0, 64.87469671657865), (0, 64.86372123908085), (0, 64.8527785581532), (0, 64.84186856457654), (0, 64.83099114943965), (0, 64.82014620413845), (0, 64.80933362037537), (0, 64.79855329015842), (0, 64.78780510580066), (0, 64.7770889599192), (0, 64.76640474543464), (0, 64.75575235557027), (0, 64.74513168385116), (0, 64.73454262410364), (0, 64.72398507045443), (0, 64.71345891732992), (0, 64.70296405945537), (0, 64.6925003918543), (0, 64.68206780984745), (0, 64.67166620905249), (0, 64.6612954853828), (0, 64.65095553504707), (0, 64.64064625454839), (0, 64.63036754068352), (0, 64.62011929054225), (0, 64.60990140150652), (0, 64.59971377124981), (0, 64.58955629773631), (0, 64.57942887922025), (0, 64.56933141424503), (0, 64.55926380164273), (0, 64.54922594053313), (0, 64.53921773032319), (0, 64.52923907070611), (0, 64.51928986166068), (0, 64.50937000345067), (0, 64.4994793966239), (0, 64.48961794201173), (0, 64.47978554072813), (0, 64.46998209416907), (0, 64.46020750401175), (0, 64.45046167221395), (0, 64.44074450101316), (0, 64.43105589292604), (0, 64.42139575074759), (0, 64.4117639775504), (0, 64.40216047668406), (0, 64.39258515177434), (0, 64.3830379067225), (0, 64.37351864570452), (0, 64.36402727317058), (0, 64.35456369384409), (0, 64.3451278127211), (0, 64.33571953506969), (0, 64.32633876642907), (0, 64.31698541260904), (0, 64.30765937968904), (0, 64.29836057401783), (0, 64.28908890221246), (0, 64.27984427115759), (0, 64.27062658800497), (0, 64.26143576017267), (0, 64.2522716953442), (0, 64.24313430146809), (0, 64.234023486757), (0, 64.22493915968704), (0, 64.21588122899725), (0, 64.20684960368857), (0, 64.19784419302351), (0, 64.18886490652523), (0, 64.17991165397693), (0, 64.17098434542109), (0, 64.16208289115887), (0, 64.15320720174942), (0, 64.14435718800907), (0, 64.1355327610108), (0, 64.12673383208336), (0, 64.11796031281096), (0, 64.10921211503212), (0, 64.10048915083922), (0, 64.09179133257798), (0, 64.08311857284643), (0, 64.07447078449445), (0, 64.06584788062312), (0, 64.05724977458394), (0, 64.04867637997815), (0, 64.04012761065617), (0, 64.03160338071685), (0, 64.02310360450677), (0, 64.01462819661963), (0, 64.00617707189562), (0, 63.99775014542059), (0, 63.98934733252553), (0, 63.98096854878589), (0, 63.972613710020894), (0, 63.9642827322928), (0, 63.955975531906425), (0, 63.947692025408294), (0, 63.939432129586066), (0, 63.93119576146786), (0, 63.92298283832168), (0, 63.91479327765462), (0, 63.9066269972123), (0, 63.898483914978236), (0, 63.89036394917304), (0, 63.88226701825397), (0, 63.874193040914186), (0, 63.86614193608203), (0, 63.8581136229205), (0, 63.85010802082655), (0, 63.84212504943047), (0, 63.83416462859523), (0, 63.82622667841576), (0, 63.818311119218464), (0, 63.8104178715605), (0, 63.80254685622909), (0, 63.79469799424098), (0, 63.78687120684172), (0, 63.77906641550513), (0, 63.77128354193259), (0, 63.76352250805237), (0, 63.755783236019106), (0, 63.748065648213135), (0, 63.74036966723983), (0, 63.732695215929006), (0, 63.72504221733429), (0, 63.717410594732435), (0, 63.70980027162288), (0, 63.70221117172686), (0, 63.69464321898707), (0, 63.687096337566764), (0, 63.67957045184939), (0, 63.67206548643783), (0, 63.66458136615378), (0, 63.65711801603726), (0, 63.6496753613458), (0, 63.64225332755402), (0, 63.63485184035298), (0, 63.627470825649425), (0, 63.62011020956542), (0, 63.61276991843745), (0, 63.60544987881615), (0, 63.59815001746544), (0, 63.590870261362), (0, 63.583610537694724), (0, 63.576370773864056), (0, 63.569150897481414), (0, 63.56195083636862), (0, 63.554770518557206), (0, 63.547609872288014), (0, 63.540468826010326), (0, 63.533347308381565), (0, 63.526245248266534), (0, 63.519162574736725), (0, 63.51209921707009), (0, 63.50505510475006), (0, 63.49803016746521), (0, 63.491024335108506), (0, 63.484037537776956), (0, 63.47706970577079), (0, 63.47012076959297)]