Model Setup for {PATIENT_GROUPS} #{INDIVIDUAL_NUMBER} Trained Network:

RNN Network Architecture Parameters
Input channels=1
Hidden channels=128
Output channels=4

Training hyperparameters
Optimizer=AdamW (
Parameter Group 0
    amsgrad: False
    betas: (0.9, 0.999)
    capturable: False
    differentiable: False
    eps: 1e-08
    foreach: None
    fused: None
    lr: 0.001
    maximize: False
    weight_decay: 1e-06
)
Training Iterations=1000
Learning rate=0.001
Weight decay=1e-06
Optimizer reset frequency=1000

Dropout probability (after initial linear layer before NCDE): 0.0
Training Data Selection Parameters
(If not virtual, the only important params are the groups and whether data was normalized/standardized)
Patient groups=['Control']
Augmentation strategy=None
Noise Magnitude=0.0
Normalized/standardized=None
Number of virtual patients per real patient=0
Label smoothing factor=0
Test Patient Combinations:
Training batch size=1
Training Results:
Runtime=3.339615821838379
Loss over time=[(0, 13.266488876600253), (0, 13.08361990450261), (0, 13.080437303246072), (0, 12.929163406980882), (0, 12.818726545602882), (0, 12.761204358209081), (0, 12.689709924531986), (0, 12.605577664931793), (0, 12.511658088017771), (0, 12.41520828814042), (0, 12.337637860047368), (0, 12.24998499019879), (0, 12.1594534995205), (0, 12.077610039585402), (0, 11.993823595283857), (0, 11.907700041507967), (0, 11.830500919918768), (0, 11.751364505526956), (0, 11.67200740994153), (0, 11.595743066649776), (0, 11.5194559977536), (0, 11.449270819394568), (0, 11.382253175784472), (0, 11.314320572157134), (0, 11.245564013030002), (0, 11.176167931781574), (0, 11.113456173182133), (0, 11.043845254157535), (0, 10.98012014225808), (0, 10.918405124350146), (0, 10.850912260862163), (0, 10.788114660943707), (0, 10.738769964313796), (0, 10.68694755939992), (0, 10.64806892826585), (0, 10.607444637218544), (0, 10.55914043816734), (0, 10.520421899637201), (0, 10.486245358018897), (0, 10.447617603600637), (0, 10.405393568709336), (0, 10.371268064590302), (0, 10.334602906647), (0, 10.294725444737427), (0, 10.258579035966902), (0, 10.224489256646528), (0, 10.185179003627887), (0, 10.153154674081152), (0, 10.116294867837386), (0, 10.081831520220696), (0, 10.048516430460358), (0, 10.01132604035779), (0, 9.9722901114611), (0, 9.939535919342205), (0, 9.903000216849971), (0, 9.86362341145839), (0, 9.831506999429518), (0, 9.793903706616279), (0, 9.760251152268431), (0, 9.72966085232901), (0, 9.693416371352715), (0, 9.656745239070583), (0, 9.623970503676071), (0, 9.585518858205713), (0, 9.553742707190914), (0, 9.521183226435163), (0, 9.486913871133657), (0, 9.45413866641209), (0, 9.421502557202142), (0, 9.387660318391074), (0, 9.354758972968913), (0, 9.3217925458781), (0, 9.288385259056174), (0, 9.255287514074206), (0, 9.222577377859185), (0, 9.18987857620246), (0, 9.156799823783937), (0, 9.122715810019237), (0, 9.090188013450705), (0, 9.054881910656453), (0, 9.0227532921338), (0, 8.989309289406776), (0, 8.956881872107514), (0, 8.923340133068976), (0, 8.891462728457789), (0, 8.85834514639798), (0, 8.824747173360484), (0, 8.791753589203363), (0, 8.757884995073349), (0, 8.725157991505533), (0, 8.69328573110677), (0, 8.658871617000822), (0, 8.626072054493575), (0, 8.59203107373233), (0, 8.562009566688952), (0, 8.527610782710092), (0, 8.497436579241345), (0, 8.460236382071576), (0, 8.430076973426146), (0, 8.395774922539589), (0, 8.363647895744277), (0, 8.328498549077338), (0, 8.296211938872926), (0, 8.262379984809447), (0, 8.230265134222588), (0, 8.196959896915313), (0, 8.162619158490594), (0, 8.131517905754244), (0, 8.096698350202008), (0, 8.06327019152746), (0, 8.033582645396017), (0, 7.995735316206851), (0, 7.970564146414492), (0, 7.939854409401626), (0, 7.9004485006596745), (0, 7.866994777984083), (0, 7.837623377983597), (0, 7.8000134786518), (0, 7.765409260943985), (0, 7.734903118884242), (0, 7.69629888545396), (0, 7.667907893507702), (0, 7.637134558561974), (0, 7.598247135721689), (0, 7.564470695567825), (0, 7.533335319268579), (0, 7.494423247136733), (0, 7.4628498624613835), (0, 7.428635037365574), (0, 7.396201936129586), (0, 7.363809747590601), (0, 7.328121257782016), (0, 7.304172841242184), (0, 7.272918801968867), (0, 7.234288586715357), (0, 7.208912882508632), (0, 7.1805501881867935), (0, 7.14403127916434), (0, 7.108339215907984), (0, 7.0814414892344715), (0, 7.0467822142650585), (0, 7.013911217569081), (0, 6.984039929458259), (0, 6.94686991186095), (0, 6.918840341128769), (0, 6.884284402068791), (0, 6.852807123819447), (0, 6.822786758128505), (0, 6.791828829777764), (0, 6.7583234790168945), (0, 6.7282100984059), (0, 6.695287978752685), (0, 6.664907120019422), (0, 6.632447823766131), (0, 6.60136293398633), (0, 6.569766301090734), (0, 6.5407267210016835), (0, 6.506602427019662), (0, 6.479939373320006), (0, 6.447267350076675), (0, 6.414012984114072), (0, 6.38274002936716), (0, 6.3516753595389135), (0, 6.319745006961761), (0, 6.288253271906331), (0, 6.256115815498109), (0, 6.226000548376504), (0, 6.194203193324221), (0, 6.161113119404371), (0, 6.128949644620519), (0, 6.098677502760635), (0, 6.066033029777505), (0, 6.0360711591343605), (0, 6.003795775110417), (0, 5.971997043042775), (0, 5.940064035876396), (0, 5.909005280076899), (0, 5.877006215019023), (0, 5.845244473346486), (0, 5.813269544248943), (0, 5.782727347285503), (0, 5.750715564630848), (0, 5.718740704652996), (0, 5.686667808093218), (0, 5.656071634944801), (0, 5.623958844510401), (0, 5.592161355356104), (0, 5.560151417874493), (0, 5.529547908840529), (0, 5.497649184208209), (0, 5.4652127025458315), (0, 5.433210662020026), (0, 5.402792098631355), (0, 5.3703654244458034), (0, 5.338952252785287), (0, 5.30619417546185), (0, 5.278053539908055), (0, 5.246803648101263), (0, 5.210818565124883), (0, 5.18715120027805), (0, 5.156507561544809), (0, 5.11880083143337), (0, 5.091125047178801), (0, 5.06377438870505), (0, 5.02885810859175), (0, 4.989459892462078), (0, 4.960135651633291), (0, 4.925797786646706), (0, 4.893958886595368), (0, 4.865001090350223), (0, 4.831747277616182), (0, 4.8007616982147425), (0, 4.769208611489289), (0, 4.737522598070817), (0, 4.705474077461856), (0, 4.675373005969432), (0, 4.6420986973839895), (0, 4.614862326147813), (0, 4.5809033984199), (0, 4.552381649449752), (0, 4.521731423954425), (0, 4.484262908555838), (0, 4.45534603430771), (0, 4.4209085104026), (0, 4.39016478906427), (0, 4.361742438476439), (0, 4.3279490790752595), (0, 4.300714197706697), (0, 4.269806234120436), (0, 4.232454052082219), (0, 4.208783713972455), (0, 4.179118010785272), (0, 4.142427358425322), (0, 4.111103051480511), (0, 4.083151870368869), (0, 4.054502599954425), (0, 4.028756648206167), (0, 4.008326210892674), (0, 3.9812293857105248), (0, 3.9571370425823735), (0, 3.9349984827570457), (0, 3.9094019357740444), (0, 3.8876545491507457), (0, 3.8659127721405695), (0, 3.842358466077147), (0, 3.8259567144056725), (0, 3.8045223246078383), (0, 3.7766558189710335), (0, 3.7585423060769916), (0, 3.738322495695645), (0, 3.7285845256881256), (0, 3.7129975830634434), (0, 3.694387244241599), (0, 3.67989931146772), (0, 3.6674914243986616), (0, 3.653194013700822), (0, 3.6390229007190222), (0, 3.6287886654750214), (0, 3.614436484588586), (0, 3.6024252335505764), (0, 3.5899190921261517), (0, 3.5748863464933325), (0, 3.5632339920734326), (0, 3.5506255519225687), (0, 3.5368113942587076), (0, 3.5300316474109072), (0, 3.518823892582937), (0, 3.502872878492747), (0, 3.504083654264381), (0, 3.5007327700877613), (0, 3.4904602173498107), (0, 3.474013865143213), (0, 3.479506397927444), (0, 3.4787928733470634), (0, 3.4707704087367177), (0, 3.4563033116699327), (0, 3.444141344693821), (0, 3.443476206662914), (0, 3.4356431674705856), (0, 3.4230322416963364), (0, 3.426077301731371), (0, 3.4236482734117906), (0, 3.4138455166767723), (0, 3.3989953147907475), (0, 3.395991888283599), (0, 3.3883826408033806), (0, 3.3821156790154197), (0, 3.381532849553777), (0, 3.373602327011656), (0, 3.3704942234261734), (0, 3.3661848302937654), (0, 3.3553407578926717), (0, 3.352300766382192), (0, 3.3441769179868848), (0, 3.340604613184161), (0, 3.3331973769694163), (0, 3.330323803228744), (0, 3.3230605130111734), (0, 3.3182295460839972), (0, 3.3123650735482784), (0, 3.3072985946220803), (0, 3.3028899620662875), (0, 3.2966368173024283), (0, 3.2920029133392927), (0, 3.2863136127306163), (0, 3.282074568426081), (0, 3.2749925793968258), (0, 3.270595789752766), (0, 3.2646179723295683), (0, 3.259980050567963), (0, 3.2525537885666287), (0, 3.2503341631988936), (0, 3.2427435328589613), (0, 3.2427486034064277), (0, 3.2373356417408945), (0, 3.227291819324049), (0, 3.2216963831594136), (0, 3.2202817885530104), (0, 3.2154214428880428), (0, 3.2059051419745073), (0, 3.200310973992864), (0, 3.1978715953383334), (0, 3.193331572359185), (0, 3.1848721874119965), (0, 3.1796076896854872), (0, 3.1759493259980163), (0, 3.170862896528586), (0, 3.1677453470429064), (0, 3.1651515458709834), (0, 3.163620972296895), (0, 3.1602469619342495), (0, 3.1595819594484973), (0, 3.155908990085393), (0, 3.154738751497818), (0, 3.1532371719174974), (0, 3.151720894340148), (0, 3.14892839878794), (0, 3.1483943445174174), (0, 3.1456699354472284), (0, 3.1416723945411476), (0, 3.1399403712206313), (0, 3.138880320549292), (0, 3.136879953936284), (0, 3.137096558560368), (0, 3.134963957804437), (0, 3.128623239220497), (0, 3.1302897231127136), (0, 3.1314238974379056), (0, 3.1257152056566295), (0, 3.126121878042684), (0, 3.1263254219096837), (0, 3.1233508463519444), (0, 3.121212671955055), (0, 3.1201558161683587), (0, 3.1158654652072033), (0, 3.1174123087548766), (0, 3.118126292619151), (0, 3.111008571439014), (0, 3.1117619634241453), (0, 3.1050577439452463), (0, 3.092419664774768), (0, 3.0781780685460367), (0, 3.0691525430753783), (0, 3.0582090398084123), (0, 3.0494893194573196), (0, 3.050189704570692), (0, 3.051414326180094), (0, 3.0520006405741316), (0, 3.0516655322513078), (0, 3.050868607647894), (0, 3.046444685130749), (0, 3.043916860236448), (0, 3.042863431533603), (0, 3.0361779356221756), (0, 3.033282931048566), (0, 3.0303979781247343), (0, 3.025474420302238), (0, 3.024043302032376), (0, 3.023554678684181), (0, 3.0218408721436245), (0, 3.0192487507435986), (0, 3.017349945117133), (0, 3.014336928493141), (0, 3.01006966519288), (0, 3.0090923221405883), (0, 3.0075168262851273), (0, 3.0047149151209736), (0, 3.0027215042784032), (0, 2.999840855469932), (0, 2.9969382563440212), (0, 2.9837556747128966), (0, 2.968663506443882), (0, 2.951396178254417), (0, 2.9324464231408), (0, 2.9201134826367072), (0, 2.913346824678478), (0, 2.9176157518333534), (0, 2.9217120622599615), (0, 2.9215574553370387), (0, 2.921706542138238), (0, 2.9211958699954685), (0, 2.918875783190013), (0, 2.9132305704108012), (0, 2.9046683983757755), (0, 2.9023589950198416), (0, 2.896287040352073), (0, 2.8946355337647436), (0, 2.889948670372548), (0, 2.8844147412080177), (0, 2.889500379450544), (0, 2.8907440209482056), (0, 2.881580280499951), (0, 2.8859578165352726), (0, 2.8868439795817484), (0, 2.881939108005488), (0, 2.8690907578403713), (0, 2.876400018388366), (0, 2.8810565621523625), (0, 2.877752064194537), (0, 2.8686492521298055), (0, 2.8548260993692405), (0, 2.8631383793441905), (0, 2.865540239256691), (0, 2.859466763357767), (0, 2.8472402825216507), (0, 2.856473282442346), (0, 2.86046792372854), (0, 2.8568665427904896), (0, 2.848119749205078), (0, 2.8346356178262506), (0, 2.843578342034434), (0, 2.847921667359841), (0, 2.8450592711198297), (0, 2.8365176136183754), (0, 2.8269481784072226), (0, 2.8341077571030637), (0, 2.828363935915524), (0, 2.825274733655041), (0, 2.8244201964581372), (0, 2.8228001353308496), (0, 2.8214787859755917), (0, 2.819761546728921), (0, 2.818491390993543), (0, 2.8158063214022095), (0, 2.815982019444825), (0, 2.8106345868723466), (0, 2.8090131878242692), (0, 2.797888684612556), (0, 2.789126508729374), (0, 2.7732801663229205), (0, 2.757888002438656), (0, 2.7453720461974873), (0, 2.734505996437948), (0, 2.7242285217105926), (0, 2.710472713827821), (0, 2.698228724558001), (0, 2.6894582519708834), (0, 2.685426863850892), (0, 2.686202294427846), (0, 2.6872378193288946), (0, 2.684609128130998), (0, 2.678495006699559), (0, 2.6700203713068666), (0, 2.665221505108806), (0, 2.657381874318925), (0, 2.65624539463963), (0, 2.6560839932746867), (0, 2.6562110839629587), (0, 2.656489085930329), (0, 2.6524371364118573), (0, 2.651704125424603), (0, 2.6495918006510037), (0, 2.6440957406649352), (0, 2.640027088160728), (0, 2.6402257260358675), (0, 2.6347083430682448), (0, 2.6322370233089374), (0, 2.630520755576442), (0, 2.6283837115130195), (0, 2.62505009784877), (0, 2.622274649414002), (0, 2.62015234082309), (0, 2.620318238320494), (0, 2.617040033988661), (0, 2.613470633188476), (0, 2.6150023658768573), (0, 2.613954167077046), (0, 2.608771705215936), (0, 2.6083990258050562), (0, 2.6067927282934042), (0, 2.60405528043912), (0, 2.601238101995143), (0, 2.6014034762283647), (0, 2.599329800855519), (0, 2.5957377701048627), (0, 2.594301463996875), (0, 2.594479516939005), (0, 2.591098395147492), (0, 2.5884045281474264), (0, 2.5865232503988707), (0, 2.584970749895499), (0, 2.5837489787210877), (0, 2.5829454282004343), (0, 2.5786505414506267), (0, 2.569551864938424), (0, 2.5601413642550526), (0, 2.5463995320197945), (0, 2.5335517964818948), (0, 2.522875262223418), (0, 2.5130200133427842), (0, 2.496333221788417), (0, 2.47019444800995), (0, 2.435520300241322), (0, 2.396306109690206), (0, 2.3506871698254974), (0, 2.3214344766756487), (0, 2.3031735738357115), (0, 2.285523625502461), (0, 2.256819909567983), (0, 2.2540419887931207), (0, 2.264857272011897), (0, 2.267623392420173), (0, 2.259202154532634), (0, 2.250419721460821), (0, 2.2413450570089206), (0, 2.244277048757926), (0, 2.227599693025175), (0, 2.212244765049037), (0, 2.208416015873479), (0, 2.1976219935978016), (0, 2.18565429516824), (0, 2.1695962852217936), (0, 2.1538092764424257), (0, 2.1332445032763445), (0, 2.1200114741586007), (0, 2.119606766390254), (0, 2.1155613332746848), (0, 2.1089331718340016), (0, 2.1062829385797825), (0, 2.10864963077857), (0, 2.0971326531501107), (0, 2.087050299743467), (0, 2.0802404134214827), (0, 2.0763926132863726), (0, 2.065530390423342), (0, 2.0650605700363465), (0, 2.0465594573744887), (0, 2.05794784512943), (0, 2.0495492921400946), (0, 2.0449726265629957), (0, 2.0354781772742965), (0, 2.0279327331872783), (0, 2.023584257934893), (0, 2.0056897694360765), (0, 1.9959439508433932), (0, 2.0178190283900554), (0, 1.997304494839345), (0, 1.983370233498441), (0, 1.9814890735132704), (0, 1.9636008891677013), (0, 1.9742352506001866), (0, 1.962089100108342), (0, 1.940939447677789), (0, 1.9698026948073704), (0, 1.9495812605488978), (0, 1.9298325177001623), (0, 1.9603227930372351), (0, 1.9209206696316585), (0, 1.9221560106048545), (0, 1.9456103200936548), (0, 1.928742623737642), (0, 1.9071774143054827), (0, 1.920985986302947), (0, 1.9182629860701879), (0, 1.8987377213618748), (0, 1.8987102992135232), (0, 1.8929982826378908), (0, 1.8850692435857082), (0, 1.8804915612053), (0, 1.8717410895373159), (0, 1.8644970148059552), (0, 1.877499958684087), (0, 1.8751632501218458), (0, 1.8704370438745659), (0, 1.8481031336614022), (0, 1.8566346268695662), (0, 1.8513042443656356), (0, 1.8479097939368445), (0, 1.835827000738488), (0, 1.837579790770417), (0, 1.8265735983076479), (0, 1.8266066307958853), (0, 1.8225364536389), (0, 1.8215323755287476), (0, 1.8224710987375499), (0, 1.817376739019978), (0, 1.8069547631937117), (0, 1.800299030582717), (0, 1.8004774368711325), (0, 1.7936586596977024), (0, 1.7895259425542693), (0, 1.7849686117391235), (0, 1.7827568275889796), (0, 1.7760141716228977), (0, 1.7720582638278781), (0, 1.7687244024603281), (0, 1.7627564753891232), (0, 1.7613220269262881), (0, 1.7594925683208378), (0, 1.756983869057546), (0, 1.7522607749919654), (0, 1.748014777557982), (0, 1.7386625187006375), (0, 1.7321246511627681), (0, 1.739482614788934), (0, 1.7315332213824992), (0, 1.725423332994966), (0, 1.720316151999298), (0, 1.7151025116678669), (0, 1.715710536558384), (0, 1.7145016556892871), (0, 1.7097204801823986), (0, 1.699972306130855), (0, 1.698912214316473), (0, 1.6929421305978472), (0, 1.696237874609717), (0, 1.6908963803148371), (0, 1.6811963990479617), (0, 1.6777295745392138), (0, 1.677201635959782), (0, 1.6732011387519883), (0, 1.6695957477750591), (0, 1.662728265765954), (0, 1.6640437121292868), (0, 1.6467755188629458), (0, 1.6465052858003872), (0, 1.6386655179189196), (0, 1.633009918113757), (0, 1.6342729615761968), (0, 1.6256828384528024), (0, 1.6287925466466429), (0, 1.6258282656367173), (0, 1.615864097096002), (0, 1.6095325498078867), (0, 1.6103105794193624), (0, 1.6039536564855768), (0, 1.5992336278953858), (0, 1.5972649603642255), (0, 1.5921784108371293), (0, 1.5834725335981519), (0, 1.5837171110963508), (0, 1.5842829110907395), (0, 1.5707268163297317), (0, 1.56573539119151), (0, 1.5607307528368992), (0, 1.552038748661342), (0, 1.5551745496497302), (0, 1.5454736051223916), (0, 1.5430367732757189), (0, 1.5327042600144383), (0, 1.541906468127167), (0, 1.532661989744017), (0, 1.519635659044057), (0, 1.5292165050249407), (0, 1.5214338748433642), (0, 1.5225337987857017), (0, 1.5122452477833317), (0, 1.510499331024765), (0, 1.4974263977121018), (0, 1.5008411508312425), (0, 1.4862639839033933), (0, 1.4967583522168746), (0, 1.4901432231861127), (0, 1.4728269280033672), (0, 1.4782834617436558), (0, 1.4590342981646571), (0, 1.458648062237262), (0, 1.4541776282559962), (0, 1.4561338275404934), (0, 1.4506212987626772), (0, 1.449978246776343), (0, 1.4358694884657939), (0, 1.434152275042789), (0, 1.4290807316035097), (0, 1.4227577892143584), (0, 1.4295936325925624), (0, 1.4202024946173588), (0, 1.416519416773121), (0, 1.4170574363746933), (0, 1.4115078058854407), (0, 1.403785717523581), (0, 1.4090834749143002), (0, 1.3956559005112041), (0, 1.3923246064098305), (0, 1.39702121888969), (0, 1.3930703510546696), (0, 1.385942954218568), (0, 1.3806022313219302), (0, 1.3748977225762202), (0, 1.3623952825292325), (0, 1.3602254353356342), (0, 1.353143421992673), (0, 1.3547853767574116), (0, 1.3680626438460535), (0, 1.3566841128170888), (0, 1.3544554893772636), (0, 1.3507815613585339), (0, 1.3474518709514012), (0, 1.3457386467099302), (0, 1.3497776593515756), (0, 1.337477973314439), (0, 1.33287160808842), (0, 1.3306200246131825), (0, 1.3346673719277575), (0, 1.3216308107897732), (0, 1.318119684066084), (0, 1.31102489324044), (0, 1.315960096119436), (0, 1.3239707568141512), (0, 1.3071845948921328), (0, 1.300583788660983), (0, 1.3160497497790402), (0, 1.3168305507915243), (0, 1.3051715523719754), (0, 1.2978731228292444), (0, 1.2958232531214477), (0, 1.2791073246450386), (0, 1.2827298025961782), (0, 1.2837107806765402), (0, 1.275683059128281), (0, 1.26374986857619), (0, 1.2637335400730718), (0, 1.266753142942361), (0, 1.2640042077020488), (0, 1.2550681519398286), (0, 1.2485391033491788), (0, 1.2481165280855822), (0, 1.2431112938284248), (0, 1.2248785688732005), (0, 1.2531662025603916), (0, 1.233738945536663), (0, 1.212832020320907), (0, 1.2206167920354951), (0, 1.2151322124454942), (0, 1.2009856225091167), (0, 1.1935914061661341), (0, 1.188106835718893), (0, 1.1864141414287035), (0, 1.1804723657748273), (0, 1.174817700505068), (0, 1.1690807228571343), (0, 1.164840888588497), (0, 1.1610159212411018), (0, 1.1649178741438828), (0, 1.1607094021349291), (0, 1.1461219688291702), (0, 1.1574350069049493), (0, 1.150853830323413), (0, 1.1347872804785344), (0, 1.128048898486598), (0, 1.1475472478182462), (0, 1.1324998060421574), (0, 1.1138247154748222), (0, 1.1083898842142077), (0, 1.1063973059985757), (0, 1.104230391193945), (0, 1.096626912652741), (0, 1.0893031065193572), (0, 1.090451472123441), (0, 1.0793898602369316), (0, 1.075281181688975), (0, 1.0716264825533959), (0, 1.064618200688522), (0, 1.0560956291946568), (0, 1.055158690803662), (0, 1.0614473238593858), (0, 1.0549251298688196), (0, 1.0473410633311346), (0, 1.0462505043253236), (0, 1.0394682178218901), (0, 1.0333534340236454), (0, 1.029756745594137), (0, 1.0210567587735886), (0, 1.0262613808744965), (0, 1.0113885388684758), (0, 1.0064977995656879), (0, 1.0141334453428266), (0, 1.0046985782846733), (0, 0.9961538544462594), (0, 0.9882022994036601), (0, 0.9749007958168504), (0, 0.9790325611210774), (0, 0.981023835518638), (0, 0.9653116873839759), (0, 0.9653459452745274), (0, 0.9618036040254486), (0, 0.9554552941697634), (0, 0.9562060382315024), (0, 0.9522798047064082), (0, 0.9468650413350221), (0, 0.9304774420092274), (0, 0.924482895779593), (0, 0.9208470821455135), (0, 0.9177276809780425), (0, 0.9103795710667021), (0, 0.9161254925716501), (0, 0.9183986091119625), (0, 0.9036987621885805), (0, 0.8872748061973974), (0, 0.8907444179813836), (0, 0.8860289838503397), (0, 0.8625208029074384), (0, 0.8712890312270156), (0, 0.8693100900518471), (0, 0.855327947206177), (0, 0.8543887368698548), (0, 0.8500540693853441), (0, 0.8414561454669162), (0, 0.8443439199778061), (0, 0.8342292527220818), (0, 0.8331164197559023), (0, 0.8367099872297926), (0, 0.8261631537484633), (0, 0.8282889623393954), (0, 0.8220316801176526), (0, 0.8231605659620052), (0, 0.8205545788460495), (0, 0.8082016945614587), (0, 0.8176780409809166), (0, 0.8027363877988742), (0, 0.816465935076211), (0, 0.8152670311186719), (0, 0.7995250355071322), (0, 0.8124323270668097), (0, 0.8064752663204976), (0, 0.7925563554118925), (0, 0.7947241765974153), (0, 0.8050807017965448), (0, 0.7823039806566672), (0, 0.789368965129389), (0, 0.7866798512340871), (0, 0.794612494508392), (0, 0.7901975819709034), (0, 0.778099576373534), (0, 0.7811929057753686), (0, 0.7717005532992197), (0, 0.7594762053293542), (0, 0.759074702967108), (0, 0.7688831692228453), (0, 0.7608088724240515), (0, 0.7505768629590537), (0, 0.7498404708581681), (0, 0.7441234145720077), (0, 0.7340339883612848), (0, 0.7495914950889945), (0, 0.7428072739979872), (0, 0.7466177848628388), (0, 0.7257342400902117), (0, 0.7520565210037484), (0, 0.7522086342170239), (0, 0.7272347855316112), (0, 0.7403211130213678), (0, 0.737645815564099), (0, 0.7271884357732052), (0, 0.730230877845911), (0, 0.7283564035531622), (0, 0.7301670344549536), (0, 0.715079694639331), (0, 0.7169614253150323), (0, 0.7171282482042488), (0, 0.7052745471745248), (0, 0.7059891101287848), (0, 0.7169149619199161), (0, 0.7117413518108662), (0, 0.6980818206737531), (0, 0.6994509440264043), (0, 0.7115182332343118), (0, 0.7023081559969677), (0, 0.6943451728716815), (0, 0.69714639050419), (0, 0.7069104382156439), (0, 0.6942633001390324), (0, 0.680422404250912), (0, 0.6852615896526977), (0, 0.6850988745098702), (0, 0.6725079759914455), (0, 0.6789055375132831), (0, 0.6688776698299006), (0, 0.6813969277887048), (0, 0.6756782166677235), (0, 0.6688069485235775), (0, 0.6832683461302586), (0, 0.6708061514692661), (0, 0.6597099126389644), (0, 0.6648986662725639), (0, 0.6622704510586245), (0, 0.6452144447736108), (0, 0.6520004547031424), (0, 0.6622034226946886), (0, 0.6515194389281339), (0, 0.6613843379164304), (0, 0.6561134625135836), (0, 0.6312556206379999), (0, 0.6505797339273643), (0, 0.6570091792888455), (0, 0.6485795041636564), (0, 0.6608217559749557), (0, 0.6285519545092353), (0, 0.6514278671252407), (0, 0.647472593992983), (0, 0.6578533780969171), (0, 0.6518354358765549), (0, 0.6482879607219254), (0, 0.6502498488173079), (0, 0.6338415942356092), (0, 0.6366596051179112), (0, 0.6197644870109265), (0, 0.6178143404206189), (0, 0.6243153685695966), (0, 0.6116769544659845), (0, 0.6154047531419823), (0, 0.5969132873835081), (0, 0.6108583364850045), (0, 0.6055896671345736), (0, 0.6094412882295913), (0, 0.6124449276883824), (0, 0.6026725805514833), (0, 0.5945189662672355), (0, 0.6090917743786757), (0, 0.6155106126390486), (0, 0.5849967964723075), (0, 0.6023387098634926), (0, 0.6020624943269037), (0, 0.5800113792593073), (0, 0.5867937266199015), (0, 0.5679070198642906), (0, 0.5880050788093995), (0, 0.5799476752886972), (0, 0.5751109485483448), (0, 0.5821770536421154), (0, 0.5693611955027132), (0, 0.5683516920036624), (0, 0.5555241413132443), (0, 0.575891635345142), (0, 0.5691425627585943), (0, 0.563415049627039), (0, 0.5648377793032908), (0, 0.5441093134536402), (0, 0.5443955495376123), (0, 0.5466359006267956), (0, 0.5419949076479832), (0, 0.5425598225727539), (0, 0.5462080307178526), (0, 0.554036674484354), (0, 0.5431792197263011), (0, 0.5588907139112211), (0, 0.5552115250256351), (0, 0.551305775723832), (0, 0.5465592161744169), (0, 0.5427029826214009), (0, 0.5567108649097136), (0, 0.5536796607220598), (0, 0.5510519832109685), (0, 0.5555353438314502), (0, 0.5594019414188848), (0, 0.5437591171267352), (0, 0.5340836825579253), (0, 0.5496846458628284), (0, 0.5463726552874645), (0, 0.5424946942408118), (0, 0.5375516661939493), (0, 0.5334881395982661), (0, 0.5410578072726836), (0, 0.5353743228374125), (0, 0.5414780791024751), (0, 0.5439890190568828), (0, 0.5339757790239869), (0, 0.5367191174463058), (0, 0.5350471975235149), (0, 0.5341679649234503), (0, 0.5394910068402297), (0, 0.5435374956434726), (0, 0.5385529513395404), (0, 0.5467712909905668), (0, 0.5441493084664477), (0, 0.5185846069774103), (0, 0.5355592407422939), (0, 0.5264439283193356), (0, 0.5271783266276774), (0, 0.5242687689000669), (0, 0.5204875580837816), (0, 0.525277745987586), (0, 0.5234477163742063), (0, 0.5223406527145013), (0, 0.5139223051236247), (0, 0.5239800407263775), (0, 0.5233967860463808), (0, 0.5207838477697951), (0, 0.515291044778062), (0, 0.5189264041379176)]