Model Setup for {PATIENT_GROUPS} #{INDIVIDUAL_NUMBER} Trained Network:

RNN Network Architecture Parameters
Input channels=1
Hidden channels=128
Output channels=4

Training hyperparameters
Optimizer=AdamW (
Parameter Group 0
    amsgrad: False
    betas: (0.9, 0.999)
    capturable: False
    differentiable: False
    eps: 1e-08
    foreach: None
    fused: None
    lr: 0.001
    maximize: False
    weight_decay: 1e-06
)
Training Iterations=1000
Learning rate=0.001
Weight decay=1e-06
Optimizer reset frequency=1000

Dropout probability (after initial linear layer before NCDE): 0.0
Training Data Selection Parameters
(If not virtual, the only important params are the groups and whether data was normalized/standardized)
Patient groups=['Control']
Augmentation strategy=None
Noise Magnitude=0.0
Normalized/standardized=Standardize
Number of virtual patients per real patient=0
Label smoothing factor=0
Test Patient Combinations:
Training batch size=1
Training Results:
Runtime=3.45569109916687
Loss over time=[(0, 1.7924205509924693), (0, 1.1498850328896575), (0, 1.0771951416508836), (0, 1.1098820319373375), (0, 1.1204668679513157), (0, 1.1184524692843405), (0, 1.1122990466369793), (0, 1.0981783173803186), (0, 1.0843251036016222), (0, 1.0690420543516954), (0, 1.0434765065735387), (0, 1.014632756327462), (0, 0.9808870733306283), (0, 0.9452625084500996), (0, 0.9439498591378531), (0, 0.9566225852919329), (0, 0.9499581345664287), (0, 0.921800765202428), (0, 0.8897200523485169), (0, 0.8846513480018565), (0, 0.8839465454060568), (0, 0.8787779812623953), (0, 0.8700598593697677), (0, 0.8583351616266245), (0, 0.852741810206748), (0, 0.8558770302327557), (0, 0.8595771117287783), (0, 0.838985583882677), (0, 0.8324945399475543), (0, 0.8298864540670063), (0, 0.8281679796792213), (0, 0.8218544238821952), (0, 0.8112075905948778), (0, 0.8004706742926871), (0, 0.7966303680699975), (0, 0.7993528174542095), (0, 0.7919905918507213), (0, 0.7794317409372153), (0, 0.7733471856393869), (0, 0.7709480160845641), (0, 0.763066644943857), (0, 0.7509241101269237), (0, 0.7449083232395735), (0, 0.7410885411015238), (0, 0.7315909368511814), (0, 0.7220241231156044), (0, 0.71784806072572), (0, 0.7108851155204831), (0, 0.7008953044640862), (0, 0.6942888429098227), (0, 0.6848360209480705), (0, 0.6725624466181358), (0, 0.6645761397204927), (0, 0.6594736593724705), (0, 0.6507269940084695), (0, 0.64415661601928), (0, 0.6355190519782534), (0, 0.628439015658215), (0, 0.6205408511149251), (0, 0.6130549147887145), (0, 0.6042820680662038), (0, 0.5956133783297927), (0, 0.5872124457912294), (0, 0.5776843506832139), (0, 0.5682697385318501), (0, 0.5585383750016575), (0, 0.5513529440636779), (0, 0.5416010358168322), (0, 0.5344887062763094), (0, 0.523769693121667), (0, 0.5143655600169328), (0, 0.5069749433929157), (0, 0.4964512917665689), (0, 0.4856631985783333), (0, 0.4779141466121687), (0, 0.46785488478005854), (0, 0.460119690457368), (0, 0.45188683589686085), (0, 0.4434280559711673), (0, 0.43748038538578465), (0, 0.42710906234121904), (0, 0.42217573943127595), (0, 0.41308422873915823), (0, 0.4069445221102269), (0, 0.396129248931322), (0, 0.39270986625062043), (0, 0.3799865027690055), (0, 0.38170314716626963), (0, 0.3749403036293306), (0, 0.3708548801390984), (0, 0.3719487004651837), (0, 0.36534015113143065), (0, 0.35513636120487074), (0, 0.36111658779588607), (0, 0.3596710234170235), (0, 0.35020917922015155), (0, 0.34782657050610727), (0, 0.3513229820821958), (0, 0.346331786851127), (0, 0.3362244008432588), (0, 0.3286612983218282), (0, 0.33000395491635526), (0, 0.3208318513767241), (0, 0.3152994909082002), (0, 0.31513405505323266), (0, 0.3070326104153789), (0, 0.30454388692284073), (0, 0.30080843051065187), (0, 0.2999113560431555), (0, 0.29627301520698657), (0, 0.2975001200421332), (0, 0.2973858427782521), (0, 0.29544018371155356), (0, 0.2938655458533923), (0, 0.2905846772906263), (0, 0.2879962656203805), (0, 0.28857291115884676), (0, 0.29023560487055233), (0, 0.2891911543864061), (0, 0.28373204264239127), (0, 0.27916847806800654), (0, 0.27886029204891677), (0, 0.279605928298421), (0, 0.2809592949215303), (0, 0.27896368802509175), (0, 0.2758790598146309), (0, 0.2752379011774013), (0, 0.27429498337414737), (0, 0.2738465389493755), (0, 0.2750285069350736), (0, 0.2737999835844378), (0, 0.26974001503057415), (0, 0.2704585115533174), (0, 0.2679485773167709), (0, 0.2676645237749318), (0, 0.2696735336568963), (0, 0.26151171864335965), (0, 0.26395576546803745), (0, 0.2598541191905883), (0, 0.2593214614212179), (0, 0.25657260584539215), (0, 0.25747232681386795), (0, 0.25822670128593717), (0, 0.25060381755367), (0, 0.25158898069952995), (0, 0.2504854489428361), (0, 0.24988739004365396), (0, 0.25091204980412424), (0, 0.2534234343711767), (0, 0.2489260316655052), (0, 0.2532219424026849), (0, 0.2477509302638108), (0, 0.24405525788275664), (0, 0.24664628834539504), (0, 0.2374665376099524), (0, 0.23387831256440522), (0, 0.23366346140672206), (0, 0.23490202163540502), (0, 0.22963675929020683), (0, 0.23492532246385708), (0, 0.22629454487547734), (0, 0.22982320064063805), (0, 0.23348357940201353), (0, 0.22394648526297628), (0, 0.22627018326358342), (0, 0.22691934059244914), (0, 0.22129403786198712), (0, 0.22628498360866867), (0, 0.2238653432776824), (0, 0.22428580563110279), (0, 0.21765154888034477), (0, 0.21213954486092318), (0, 0.21418332857317918), (0, 0.21135629658108845), (0, 0.21251159230376532), (0, 0.21606511447381593), (0, 0.2060147053048247), (0, 0.21096373219353248), (0, 0.20709443477543732), (0, 0.2101186289890478), (0, 0.2064762636999663), (0, 0.20043790730402825), (0, 0.20199723210157902), (0, 0.20853249580630095), (0, 0.206628686632574), (0, 0.21043619435126987), (0, 0.19814347435486368), (0, 0.18982678050895854), (0, 0.19182487953748306), (0, 0.18732310218796333), (0, 0.19272531732751338), (0, 0.19297475585501397), (0, 0.18325021264394134), (0, 0.18464528432058508), (0, 0.18517330388589195), (0, 0.18002201715148597), (0, 0.18742575755702173), (0, 0.19068415430755709), (0, 0.18152282662326796), (0, 0.18270038181488032), (0, 0.1817928765508382), (0, 0.17823722484407054), (0, 0.18114868264721892), (0, 0.181027464055726), (0, 0.1835807508977128), (0, 0.1804047137696997), (0, 0.1820893619617952), (0, 0.18006832995595295), (0, 0.18520898395843113), (0, 0.18096829711015466), (0, 0.1756366837655967), (0, 0.1800622944624099), (0, 0.18429474907181823), (0, 0.17982199027624854), (0, 0.17784079402865102), (0, 0.1825118016588697), (0, 0.17921896877152044), (0, 0.17957638055975006), (0, 0.18643045659964233), (0, 0.18718924629260833), (0, 0.18484713192733898), (0, 0.17789507210009725), (0, 0.17830171985831117), (0, 0.17903818719015996), (0, 0.17614900919041954), (0, 0.1818452091058081), (0, 0.17670010962290367), (0, 0.1801100354639094), (0, 0.17391622338290283), (0, 0.17711314918941148), (0, 0.17710085811659299), (0, 0.17196753267673454), (0, 0.17415756761326756), (0, 0.17904547053057163), (0, 0.18009920732719237), (0, 0.183707479265345), (0, 0.1775447678977728), (0, 0.17924254928950517), (0, 0.1717234464095011), (0, 0.1760151555189865), (0, 0.18481117162039085), (0, 0.18280742500690655), (0, 0.18099051462816085), (0, 0.17698759252234014), (0, 0.1834527920776604), (0, 0.1808562859320707), (0, 0.17407952884666308), (0, 0.1716316853958798), (0, 0.1772112569956192), (0, 0.17208807739696663), (0, 0.18357014571451874), (0, 0.17679038050667756), (0, 0.18474768420796367), (0, 0.17469907115123154), (0, 0.18895983614340098), (0, 0.19008021693020033), (0, 0.17918056931358434), (0, 0.1897373160755356), (0, 0.18977828093931143), (0, 0.17379403519562792), (0, 0.1911784084962886), (0, 0.19155510476645699), (0, 0.1821519379873894), (0, 0.18331871062979502), (0, 0.17484056107056273), (0, 0.1788945670966442), (0, 0.17732314480519965), (0, 0.18792602140425957), (0, 0.17346250591693937), (0, 0.18257245702925384), (0, 0.1790894570450094), (0, 0.17211828380347466), (0, 0.1866164596629253), (0, 0.18961617936140407), (0, 0.1820710418635096), (0, 0.17977541939266145), (0, 0.18106587994363288), (0, 0.18073578724393366), (0, 0.1774463369848704), (0, 0.17854666187305795), (0, 0.17880871160610803), (0, 0.17991095121519377), (0, 0.18354529044741064), (0, 0.17231497595690154), (0, 0.19049438240943656), (0, 0.1878965195040571), (0, 0.1908292560513892), (0, 0.18489911977219084), (0, 0.18407016350996752), (0, 0.19106637186275802), (0, 0.18228591325501642), (0, 0.17705398399728214), (0, 0.17475549047232536), (0, 0.18058812238603303), (0, 0.18649178302673863), (0, 0.1766564689519843), (0, 0.18448524649006015), (0, 0.18328011940136843), (0, 0.1809262592898193), (0, 0.17509521943472742), (0, 0.1793058643230603), (0, 0.17704359592375074), (0, 0.17782095420336946), (0, 0.1777413550342674), (0, 0.17248730302539408), (0, 0.17839652271660003), (0, 0.18090043203483083), (0, 0.17669843917843892), (0, 0.17575440001259654), (0, 0.17352010183517008), (0, 0.17574839714808652), (0, 0.17276565984890435), (0, 0.17368592327767807), (0, 0.17551998224088106), (0, 0.17170418407315344), (0, 0.17315106474378433), (0, 0.17855891718258465), (0, 0.1799798789651793), (0, 0.16975953266769936), (0, 0.1798489762656013), (0, 0.1821316083480957), (0, 0.17417821943859169), (0, 0.17636352096340888), (0, 0.1798773036561201), (0, 0.17222156852104875), (0, 0.1820216790024622), (0, 0.18157641562800195), (0, 0.18105755836038295), (0, 0.17573340153365669), (0, 0.1796218384957546), (0, 0.17314521246233994), (0, 0.17514454444262642), (0, 0.18294328533472107), (0, 0.17037540635963197), (0, 0.17617072897882557), (0, 0.1807760632868767), (0, 0.17085544691032056), (0, 0.1768469142934999), (0, 0.17903633671407404), (0, 0.17497079701071183), (0, 0.17646905788499642), (0, 0.17767536139723072), (0, 0.17823700094838948), (0, 0.17685585962700975), (0, 0.17919724189880293), (0, 0.1711532541600283), (0, 0.17422872072659806), (0, 0.17732432422154973), (0, 0.17274432811970802), (0, 0.17100553649595235), (0, 0.17001115594660227), (0, 0.17484989799981027), (0, 0.17398400339195225), (0, 0.17203418940696485), (0, 0.16894961288728338), (0, 0.17370909498361875), (0, 0.1730504160463448), (0, 0.17675524519299105), (0, 0.1696308472201181), (0, 0.17213154293994676), (0, 0.1713562629527077), (0, 0.17222332209647287), (0, 0.1752919616986265), (0, 0.17677941791011664), (0, 0.17104159394427149), (0, 0.17081826285465565), (0, 0.17806778671310014), (0, 0.18534741916870462), (0, 0.18276304441788), (0, 0.17168670737923186), (0, 0.1756128322886259), (0, 0.17927262800409546), (0, 0.17469963070470354), (0, 0.18151498011266357), (0, 0.18374484336705982), (0, 0.1803575945390133), (0, 0.17832089978732452), (0, 0.181026573569886), (0, 0.17803786745204328), (0, 0.1779166117197037), (0, 0.17646684925868436), (0, 0.16945449766647877), (0, 0.17298128641085644), (0, 0.1772379607232392), (0, 0.1778465573728534), (0, 0.17239971915696603), (0, 0.1757506723786484), (0, 0.17338631096638144), (0, 0.1707625878336595), (0, 0.17451043202979002), (0, 0.17150276147803517), (0, 0.16750912591859146), (0, 0.1708828224640918), (0, 0.1735834440885603), (0, 0.17068312195636937), (0, 0.1683307443120091), (0, 0.18010803372748213), (0, 0.17784839147704395), (0, 0.1753805807902911), (0, 0.17486487680144439), (0, 0.17216912989290573), (0, 0.17777804399467645), (0, 0.1854803608021449), (0, 0.18095244360424279), (0, 0.17423445907007046), (0, 0.17575854433904817), (0, 0.1787538724610474), (0, 0.18134187690965475), (0, 0.17064794205774625), (0, 0.18520933204877676), (0, 0.18391578686219873), (0, 0.1793826340009924), (0, 0.1875648351239117), (0, 0.1794566419692812), (0, 0.19039493468601337), (0, 0.19919730339199504), (0, 0.19355937878077573), (0, 0.18584527420142075), (0, 0.18923811697322662), (0, 0.18484349528876806), (0, 0.17853034114513014), (0, 0.1834994582303916), (0, 0.17898434150212708), (0, 0.17293346767389642), (0, 0.17182716378989793), (0, 0.17138767336677624), (0, 0.17482112683738085), (0, 0.1732968445713239), (0, 0.16959293765084318), (0, 0.1707330411814765), (0, 0.1801078650119706), (0, 0.16892407599261275), (0, 0.18042079444261888), (0, 0.17537775591490445), (0, 0.1799206381616403), (0, 0.18044673943049033), (0, 0.1807504448777455), (0, 0.18196941649572407), (0, 0.17798661744754563), (0, 0.18270798295633875), (0, 0.1712463967451579), (0, 0.18387662232939286), (0, 0.1791531438439105), (0, 0.1754077749090925), (0, 0.17899249386249996), (0, 0.1765952535727973), (0, 0.181059136568309), (0, 0.1769456257180139), (0, 0.1701378967151395), (0, 0.17437104249773522), (0, 0.17341453753135483), (0, 0.17967139339207527), (0, 0.1697532316562665), (0, 0.18099632690513898), (0, 0.1703580175021775), (0, 0.18494377477226343), (0, 0.18620501793611974), (0, 0.17691647928352705), (0, 0.18774134645270002), (0, 0.192453522337017), (0, 0.17371267294771955), (0, 0.18966347262790492), (0, 0.2046055848173688), (0, 0.19945284530750956), (0, 0.17695586466785115), (0, 0.1852776379674432), (0, 0.20518595379366356), (0, 0.19667474888371), (0, 0.17549731809770125), (0, 0.18709191066600356), (0, 0.1988296920181095), (0, 0.18821703470202775), (0, 0.17865116321424995), (0, 0.18502720392736088), (0, 0.18403361989928896), (0, 0.17435919795025664), (0, 0.17455118637947042), (0, 0.17794442977232183), (0, 0.18876239146116014), (0, 0.1842923125935989), (0, 0.1727652959633884), (0, 0.18414797548926728), (0, 0.17641094200626084), (0, 0.18053127934493954), (0, 0.18529680391526793), (0, 0.17108203510345926), (0, 0.1808531428653719), (0, 0.17337078953973065), (0, 0.18531295653795765), (0, 0.18868171622907687), (0, 0.1734983754231924), (0, 0.18196387517577753), (0, 0.18410660529673126), (0, 0.17078554637629037), (0, 0.18313386707097232), (0, 0.1770178499498056), (0, 0.17582345306322356), (0, 0.17970705171226453), (0, 0.17006451637633438), (0, 0.1726327027486497), (0, 0.17684508747629), (0, 0.171545949066999), (0, 0.17449693113837153), (0, 0.17477142473877244), (0, 0.16955191189415283), (0, 0.17820545821415965), (0, 0.1776995942305144), (0, 0.1736642351996177), (0, 0.17305372250143944), (0, 0.18410332846052385), (0, 0.17457686081867024), (0, 0.18102423320545513), (0, 0.1879753716901529), (0, 0.1791666741217893), (0, 0.1842448074159475), (0, 0.1852631767894119), (0, 0.17385347788126218), (0, 0.1914756715370503), (0, 0.19215131061140533), (0, 0.17543722177561144), (0, 0.18342707434082675), (0, 0.18369613692396725), (0, 0.17082922743203816), (0, 0.1779179361452011), (0, 0.17728050837063225), (0, 0.16959803589408695), (0, 0.17553958189718838), (0, 0.17682293270569868), (0, 0.17462962848929145), (0, 0.1702388473080893), (0, 0.17317331714613327), (0, 0.17118328149048453), (0, 0.16765016886041298), (0, 0.17179898506631988), (0, 0.17144333461276468), (0, 0.16862387572716198), (0, 0.17342106724552428), (0, 0.17093083833908262), (0, 0.17255355841048936), (0, 0.1730196984005536), (0, 0.16890721220211496), (0, 0.17278339975253598), (0, 0.17072743044315747), (0, 0.17472886607031007), (0, 0.17393544230686706), (0, 0.1743305978161037), (0, 0.17196236374839685), (0, 0.17406380040938552), (0, 0.174022382998526), (0, 0.17124377898208779), (0, 0.17084517499459143), (0, 0.17189149487343122), (0, 0.16808538738444392), (0, 0.1692513034370773), (0, 0.16845740424664887), (0, 0.16984666456054595), (0, 0.1678182824676557), (0, 0.16930996519268854), (0, 0.17101861568723137), (0, 0.1707681525783538), (0, 0.1687633995823299), (0, 0.16893125158740846), (0, 0.16961127083753527), (0, 0.16918529777436672), (0, 0.1750279554583886), (0, 0.1730823597241953), (0, 0.1755017925452814), (0, 0.17633966624097464), (0, 0.17014826665776756), (0, 0.17143513670027), (0, 0.1723090470128329), (0, 0.171798622390536), (0, 0.17256184499629418), (0, 0.17212359283709708), (0, 0.1745541241494511), (0, 0.17309005095937005), (0, 0.17491437085044534), (0, 0.1738004642464119), (0, 0.1802356667456147), (0, 0.17851155309955388), (0, 0.1761961095952964), (0, 0.18602995923625515), (0, 0.17844907437229643), (0, 0.17407946713448513), (0, 0.18012951942319513), (0, 0.1733348286767964), (0, 0.17701824679325734), (0, 0.17565705540840187), (0, 0.17521715404676186), (0, 0.1818080480634373), (0, 0.17842973343574703), (0, 0.17274708222169144), (0, 0.17913109655713355), (0, 0.17502102290281105), (0, 0.1725266233213531), (0, 0.1730939331157682), (0, 0.1710510600800142), (0, 0.16960696915394902), (0, 0.17632467210095798), (0, 0.1755616453896535), (0, 0.16652229732828805), (0, 0.17404860133438094), (0, 0.17555962161923816), (0, 0.17434893137737445), (0, 0.17047574512145972), (0, 0.1708792367102045), (0, 0.17325972102844503), (0, 0.16682245535690973), (0, 0.17652682894289407), (0, 0.1706533054915609), (0, 0.17930803574067497), (0, 0.17222575956722216), (0, 0.17911297952851707), (0, 0.17897885876251968), (0, 0.17164690194831586), (0, 0.1784191711522907), (0, 0.17037951266670784), (0, 0.17409875700580174), (0, 0.16903807673575916), (0, 0.1659968113673137), (0, 0.17189752014082163), (0, 0.1718538610744823), (0, 0.17491233937988626), (0, 0.17431990234036657), (0, 0.16888278717942154), (0, 0.16850922011945402), (0, 0.17337129339310303), (0, 0.1713365064359746), (0, 0.1745311044869582), (0, 0.17170694869392417), (0, 0.17548298649433228), (0, 0.17638266050855406), (0, 0.1687602180730048), (0, 0.17707347979486007), (0, 0.17348633008448494), (0, 0.17588344700210878), (0, 0.1709589175491446), (0, 0.1739619841557659), (0, 0.17652201395935777), (0, 0.1758120443912973), (0, 0.1816706540136085), (0, 0.17248294186236823), (0, 0.17529601779234777), (0, 0.1811273265022443), (0, 0.16554954077659273), (0, 0.1818851196211477), (0, 0.17838242468722118), (0, 0.18403814042172065), (0, 0.1818354461291953), (0, 0.17885388877657216), (0, 0.18471427566436685), (0, 0.18126914812124545), (0, 0.17598695715901946), (0, 0.18681185011223353), (0, 0.1844745252108024), (0, 0.1759300933157471), (0, 0.18661510312159849), (0, 0.1853697139881294), (0, 0.17435282103127403), (0, 0.18320416389227617), (0, 0.1827924075510228), (0, 0.1719168565931757), (0, 0.17885287520493037), (0, 0.17997749493879023), (0, 0.17543099641676174), (0, 0.1818340194477281), (0, 0.17731322190009524), (0, 0.17331910597901531), (0, 0.17049554957375843), (0, 0.177760964877267), (0, 0.16917195397905394), (0, 0.17611400084682197), (0, 0.17559598827124956), (0, 0.1701048439316101), (0, 0.1739978352174315), (0, 0.16827640584815298), (0, 0.16832507608500635), (0, 0.17275852244985263), (0, 0.17155720743277536), (0, 0.16740460171942712), (0, 0.16641479550773747), (0, 0.16814581539244275), (0, 0.17063675566058734), (0, 0.1694918719483764), (0, 0.169358313977352), (0, 0.16729387757635916), (0, 0.1698774252266259), (0, 0.16950093600947863), (0, 0.16991165931127838), (0, 0.16824734152680895), (0, 0.16861115471327584), (0, 0.16905954815540614), (0, 0.16850970920767033), (0, 0.1707386204507025), (0, 0.16732643024707256), (0, 0.1732693254572569), (0, 0.17086770961911804), (0, 0.17641263549715047), (0, 0.17348096920097128), (0, 0.16995200219538842), (0, 0.17028922784668685), (0, 0.17423136952915314), (0, 0.17943002842549782), (0, 0.17065052960730637), (0, 0.17168448530322428), (0, 0.17648339848469483), (0, 0.17144012525914537), (0, 0.17329536491761116), (0, 0.1703857531015227), (0, 0.17587431544368026), (0, 0.1769519746580166), (0, 0.17734154464865776), (0, 0.173029501922745), (0, 0.17515728388220397), (0, 0.18103761730559997), (0, 0.17539734994343123), (0, 0.1691958014677679), (0, 0.17511581363766854), (0, 0.1755071708035713), (0, 0.1702323475605541), (0, 0.17376700685334626), (0, 0.1747085634057881), (0, 0.168556750842587), (0, 0.17702866052338015), (0, 0.18079889817585604), (0, 0.17707043193601577), (0, 0.1658327367644455), (0, 0.173486514078866), (0, 0.1770231942093853), (0, 0.1705598305115082), (0, 0.16998362216016494), (0, 0.17539993515923663), (0, 0.17053708496737602), (0, 0.1715793569774123), (0, 0.17334944033089114), (0, 0.16828066810672443), (0, 0.1702697919932581), (0, 0.1737972862231247), (0, 0.1692186099223138), (0, 0.17021480297243424), (0, 0.1793045881087624), (0, 0.17506500128522978), (0, 0.17176936955771369), (0, 0.17872957833166744), (0, 0.17075283994149074), (0, 0.18414492443829142), (0, 0.18460605743828606), (0, 0.16753177822466758), (0, 0.178062743969588), (0, 0.17484518148701522), (0, 0.17768040522644435), (0, 0.18081785794237346), (0, 0.17648647439661297), (0, 0.1780682547206915), (0, 0.17168738273556222), (0, 0.18185300628763512), (0, 0.17993294161980108), (0, 0.17357055397163368), (0, 0.17913953050134734), (0, 0.17155740754309032), (0, 0.17961012143490232), (0, 0.18833004989531152), (0, 0.17545785087644472), (0, 0.1736302658904701), (0, 0.1818297625438119), (0, 0.17250676021186173), (0, 0.1762205398267992), (0, 0.1772911707958119), (0, 0.17023565207742525), (0, 0.1750238825343756), (0, 0.16779231542833886), (0, 0.17164338142488625), (0, 0.17051932842079645), (0, 0.17532707331853709), (0, 0.17441040948808778), (0, 0.1662009240203874), (0, 0.1703089090100267), (0, 0.1686941746843992), (0, 0.17107548874451675), (0, 0.16835278616174232), (0, 0.17019806325413367), (0, 0.16706666633315967), (0, 0.16896504656607508), (0, 0.1691279328018952), (0, 0.17214879574925668), (0, 0.16960866735917074), (0, 0.1689264748732148), (0, 0.16593526081286936), (0, 0.1657075124698346), (0, 0.16802408534998914), (0, 0.16532588814760577), (0, 0.16764967035252068), (0, 0.16684538745551108), (0, 0.16814908365108083), (0, 0.16852626919383462), (0, 0.17011712452116912), (0, 0.1671833232198588), (0, 0.1669242842154563), (0, 0.17066360340002226), (0, 0.1735863433601794), (0, 0.17248601605729832), (0, 0.16833272964079715), (0, 0.16584487116892344), (0, 0.17078185808950522), (0, 0.1703675300465241), (0, 0.17234715608852214), (0, 0.17031939944505559), (0, 0.17312244128559154), (0, 0.17049305562319345), (0, 0.17350707864044881), (0, 0.16875499076238637), (0, 0.17138790087742017), (0, 0.1738675860850894), (0, 0.16730251167132165), (0, 0.16633304396692783), (0, 0.1671589706271434), (0, 0.16712392964265718), (0, 0.16653121120703404), (0, 0.16667561043973395), (0, 0.16614468415790204), (0, 0.16572758280019717), (0, 0.16409026119371325), (0, 0.16920580476274547), (0, 0.17099114981742486), (0, 0.166406131816063), (0, 0.1675105988636135), (0, 0.1732285408568614), (0, 0.17164624015102728), (0, 0.16510773962037795), (0, 0.1709180012533857), (0, 0.16752415676985055), (0, 0.1736681109766187), (0, 0.16851441812719542), (0, 0.16898960959512074), (0, 0.16771084209936615), (0, 0.17299392654452486), (0, 0.17586766932455897), (0, 0.17095532885817857), (0, 0.17892716799373554), (0, 0.17090231793826446), (0, 0.17718450626699891), (0, 0.18110188420251638), (0, 0.1666060776288458), (0, 0.18154883090290774), (0, 0.1789687291883525), (0, 0.17437163088445806), (0, 0.17817099577164575), (0, 0.179533584181213), (0, 0.16818952431363915), (0, 0.17767425477099652), (0, 0.17435698149139964), (0, 0.171565769778478), (0, 0.18354974828017595), (0, 0.17808803281798746), (0, 0.17127146840748875), (0, 0.18397386311597153), (0, 0.17476258686055782), (0, 0.17083531542814046), (0, 0.1807426154718723), (0, 0.17574129995551063), (0, 0.17299807296575154), (0, 0.17840854304568626), (0, 0.17631901994035354), (0, 0.18141769413460015), (0, 0.18388914068559872), (0, 0.1717207410034951), (0, 0.17653937059690838), (0, 0.18333235127396486), (0, 0.1719978312614106), (0, 0.17755651149571133), (0, 0.1807979491647735), (0, 0.18197014016093857), (0, 0.18092158982053827), (0, 0.16955358624146283), (0, 0.18092956407816055), (0, 0.19058259710405234), (0, 0.18048750144322528), (0, 0.1728356881922912), (0, 0.18130189594389765), (0, 0.1758601791189528), (0, 0.17060760107131667), (0, 0.18124069180825342), (0, 0.17204395865713634), (0, 0.1678719946585356), (0, 0.1695730845403422), (0, 0.17109631245822132), (0, 0.1720472387307649), (0, 0.16721229965721596), (0, 0.17339712461185525), (0, 0.17390848609725013), (0, 0.16607836552937383), (0, 0.16644529097557537), (0, 0.16641694705020002), (0, 0.17151536329716457), (0, 0.16741975114161778), (0, 0.1726440938347385), (0, 0.17403367333272168), (0, 0.16721284112726675), (0, 0.17074622803678743), (0, 0.16189469601361464), (0, 0.17385604223326298), (0, 0.16797426730310883), (0, 0.17635595359813924), (0, 0.17770307335723082), (0, 0.17097465718883587), (0, 0.17122086342809875), (0, 0.16747469723154637), (0, 0.1680203096674618), (0, 0.17410837861431164), (0, 0.16579082101344583), (0, 0.1785855204627749), (0, 0.1841555315138555), (0, 0.17157411451193982), (0, 0.17495043846190442), (0, 0.1799809766325753), (0, 0.16799588505847857), (0, 0.17543704562286727), (0, 0.183234428899736), (0, 0.17391421079541697), (0, 0.1719219858077878), (0, 0.1816255242123192), (0, 0.17507977872571398), (0, 0.16718695891019203), (0, 0.17140448652506762), (0, 0.16710705863765563), (0, 0.16813114621915012), (0, 0.16462713262190054), (0, 0.16523343401998974), (0, 0.17002635006975358), (0, 0.170090333190619), (0, 0.1675514723549485), (0, 0.17023682515271954), (0, 0.1706300796768495), (0, 0.16317914125817484), (0, 0.17142169805722848), (0, 0.17295120438367478), (0, 0.16927463325793782), (0, 0.16652863509023752), (0, 0.16970627410184688), (0, 0.1723854695690844), (0, 0.16830274505995016), (0, 0.1727103921849304), (0, 0.16809749778576571), (0, 0.1664688257307963), (0, 0.17071693958374123), (0, 0.1704096994086495), (0, 0.1681178549998644), (0, 0.16897337233305665), (0, 0.17071735369401442), (0, 0.1729739149915478), (0, 0.17652770980475205), (0, 0.1673747812670756), (0, 0.17107656524249326), (0, 0.17501680292959426), (0, 0.16462150639961182), (0, 0.17598378240472864), (0, 0.17969098097731653), (0, 0.17220456119806518), (0, 0.17417756676974552), (0, 0.1754756120179438), (0, 0.16535444966948828), (0, 0.17467046086756696), (0, 0.1756834180672743), (0, 0.17157141012758986), (0, 0.1668668644965382), (0, 0.17435733705345174), (0, 0.17412437111751397), (0, 0.1804567935099248), (0, 0.1736017240238859), (0, 0.17195464097187108), (0, 0.1751415299861005), (0, 0.17032605915729712), (0, 0.17363368301665943), (0, 0.17191493450791356), (0, 0.17196808836550528), (0, 0.1789133055973664), (0, 0.18076812328785807), (0, 0.17212852357789554), (0, 0.166970843953828), (0, 0.17514316498205365), (0, 0.17171002998349294), (0, 0.1702420270158364), (0, 0.17129609697415746), (0, 0.1695775153492929), (0, 0.16812294050677873), (0, 0.1687951013099829), (0, 0.1685912337084754), (0, 0.16800591489043692), (0, 0.16762093963258926), (0, 0.16834980571811559), (0, 0.16747728492427977), (0, 0.16554872135748314), (0, 0.165747814559126), (0, 0.16983260284732551), (0, 0.16738419255302828), (0, 0.16230065925074974), (0, 0.16826761457831052), (0, 0.16834040185633298), (0, 0.16844465271419506), (0, 0.16516878552231468)]