Model Setup for {PATIENT_GROUPS} Trained Network:

RNN Network Architecture Parameters
Input channels=1
Hidden channels=128
Output channels=4

Training hyperparameters
Optimizer=AdamW (
Parameter Group 0
    amsgrad: False
    betas: (0.9, 0.999)
    capturable: False
    differentiable: False
    eps: 1e-08
    foreach: None
    fused: None
    lr: 0.0005
    maximize: False
    weight_decay: 1e-06
)Training Iterations=1500
Learning rate=0.0005
Weight decay=1e-06
Optimizer reset frequency=500

Dropout probability (after initial linear layer before NCDE): 0.0
Training Data Selection Parameters
(If not virtual, the only important params are the groups and whether data was normalized/standardized)
Patient groups=['Control']
Augmentation strategy=Uniform
Noise Magnitude=0.0
Normalized/standardized=None
Number of virtual patients per real patient=1
Label smoothing factor=0
Test Patient Combinations:
Control: None
MDD: None
Training batch size=1
Training Results:
Runtime=621.0571320056915
Loss over time=[(0, 625.0348402437855), (0, 620.1409053446372), (0, 613.7915252937637), (0, 605.4675986097257), (0, 596.2062535348766), (0, 586.9464282805159), (0, 578.2632176844434), (0, 570.3827284404011), (0, 563.3268682127334), (0, 557.0168163577238), (0, 551.3418086218619), (0, 546.2079916007968), (0, 541.5414762791956), (0, 537.2805708706105), (0, 533.3725773107933), (0, 529.7750694924223), (0, 526.4564151587587), (0, 523.3922496711807), (0, 520.5596692184511), (0, 517.9336870783644), (0, 515.4874903437615), (0, 513.1942226857058), (0, 511.02854231762416), (0, 508.96764547228986), (0, 506.9919629071204), (0, 505.08575865637584), (0, 503.23763362083963), (0, 501.44045041408236), (0, 499.6904722518682), (0, 497.9857335317173), (0, 496.3237184145464), (0, 494.7003516255053), (0, 493.1104514828682), (0, 491.5486796789457), (0, 490.01029515788554), (0, 488.491501592621), (0, 486.9894845082248), (0, 485.5022874252567), (0, 484.0286258404562), (0, 482.5676926009627), (0, 481.1189852703516), (0, 479.6821722955842), (0, 478.25700277274456), (0, 476.84325476955433), (0, 475.44071187334407), (0, 474.04915690856967), (0, 472.66837395452774), (0, 471.298153119448), (0, 469.9382947444065), (0, 468.5886116156421), (0, 467.24892911571857), (0, 465.9190841041838), (0, 464.5989234027253), (0, 463.288302247005), (0, 461.98708289051416), (0, 460.6951333566206), (0, 459.41232640627777), (0, 458.1385387236691), (0, 456.87365030632674), (0, 455.6175440292832), (0, 454.3701053248986), (0, 453.13122194542115), (0, 451.90078376711676), (0, 450.67868262194884), (0, 449.46481215850696), (0, 448.25906772858747), (0, 447.06134631423157), (0, 445.8715464952796), (0, 444.6895684660147), (0, 443.515314071269), (0, 442.3486868705183), (0, 441.1895921969913), (0, 440.0379371991768), (0, 438.8936308528947), (0, 437.75658393942024), (0, 436.62670900113324), (0, 435.50392028286075), (0, 434.3881336743179), (0, 433.2792666624687), (0, 432.1772383013969), (0, 431.08196919587493), (0, 429.9933814948632), (0, 428.9113988866588), (0, 427.8359465814018), (0, 426.7669512838587), (0, 425.70434114431436), (0, 424.6480457125006), (0, 423.5979958810815), (0, 422.55412384184393), (0, 421.51636304723195), (0, 420.484648193854), (0, 419.45891520174655), (0, 418.43910119936174), (0, 417.4251445026478), (0, 416.4169845872804), (0, 415.41456204571944), (0, 414.41781855351076), (0, 413.4266968284826), (0, 412.44114059969905), (0, 411.4610945864785), (0, 410.4865044793045), (0, 409.5173169173958), (0, 408.55347947523666), (0, 407.59494063185383), (0, 406.64164974671854), (0, 405.6935570302043), (0, 404.75061351202294), (0, 403.8127710167782), (0, 402.87998214473185), (0, 401.95220026090504), (0, 401.0293794688226), (0, 400.11147460006777), (0, 399.19844118959304), (0, 398.2902354546292), (0, 397.38681426683723), (0, 396.4881351435751), (0, 395.59415622418175), (0, 394.7048362560305), (0, 393.8201345878501), (0, 392.94001114138194), (0, 392.06442640968544), (0, 391.1933414329499), (0, 390.3267177824817), (0, 389.4645175505995), (0, 388.6067033323859), (0, 387.75323821835116), (0, 386.90408577315947), (0, 386.0592100429014), (0, 385.21857551923404), (0, 384.3821471403892), (0, 383.54989027651044), (0, 382.72177071128743), (0, 381.8977546353024), (0, 381.07780863705074), (0, 380.2618996930173), (0, 379.4499951476663), (0, 378.64206270883176), (0, 377.8380704344429), (0, 377.0379867215689), (0, 376.2417802964862), (0, 375.44942020086245), (0, 374.6608757902222), (0, 373.8761167070772), (0, 373.09511288609264), (0, 372.3178345332775), (0, 371.54425211941236), (0, 370.7743363688953), (0, 370.0080582471015), (0, 369.2453889496268), (0, 368.486299893366), (0, 367.73076269945625), (0, 366.97874918640485), (0, 366.23023135091677), (0, 365.48518136014), (0, 364.74357153691045), (0, 364.00537434281824), (0, 363.2705623663161), (0, 362.5391083051503), (0, 361.81098494799954), (0, 361.0861651587613), (0, 360.3646218599685), (0, 359.6463280090473), (0, 358.9312565816462), (0, 358.21938055036486), (0, 357.5106728612697), (0, 356.8051064130845), (0, 356.10265403400723), (0, 355.40328845674435), (0, 354.706982297634), (0, 354.01370802927556), (0, 353.3234379606075), (0, 352.63614421291584), (0, 351.9517986978066), (0, 351.2703730981205), (0, 350.5918388522589), (0, 349.91616713683993), (0, 349.24332885546875), (0, 348.57329463501753), (0, 347.90603481880737), (0, 347.24151947215006), (0, 346.579718388695), (0, 345.92060110918686), (0, 345.2641369412943), (0, 344.6102949972525), (0, 343.95904423860253), (0, 343.3103535434581), (0, 342.66419179990004), (0, 342.02052803708386), (0, 341.3793316088128), (0, 340.7405724548178), (0, 340.10422145500576), (0, 339.4702509047074), (0, 338.83863513081815), (0, 338.20935124562834), (0, 337.5823800277666), (0, 336.9577068632813), (0, 336.3353226473446), (0, 335.7152244841345), (0, 335.09741598510715), (0, 334.4819069679758), (0, 333.86871239457554), (0, 333.25785052031904), (0, 332.64934040202735), (0, 332.0431991198408), (0, 331.43943921744335), (0, 330.83806689975836), (0, 330.23908137489354), (0, 329.64247544774577), (0, 329.0482371106359), (0, 328.45635160841783), (0, 327.86680335763305), (0, 327.27957722361975), (0, 326.69465894564786), (0, 326.11203481035784), (0, 325.53169089394027), (0, 324.95361224254555), (0, 324.3777822737674), (0, 323.80418251553607), (0, 323.2327926393651), (0, 322.66359065115535), (0, 322.0965530907539), (0, 321.53165513014727), (0, 320.96887053073635), (0, 320.4081714836243), (0, 319.84952839097156), (0, 319.2929096604378), (0, 318.7382815741283), (0, 318.18560826182676), (0, 317.6348517968054), (0, 317.0859723979348), (0, 316.53892872126244), (0, 315.99367820388994), (0, 315.4501774303924), (0, 314.90838248917265), (0, 314.3682492914192), (0, 313.82973383718445), (0, 313.29279242098556), (0, 312.7573818024485), (0, 312.2234594000843), (0, 311.6909836469954), (0, 311.15991472878125), (0, 310.6302160524096), (0, 310.10185686824576), (0, 309.5748164331682), (0, 309.0490897751985), (0, 308.5246943900798), (0, 308.0016760581133), (0, 307.48011088068097), (0, 306.96010047308846), (0, 306.44175896616093), (0, 305.92519403313054), (0, 305.4104878741034), (0, 304.8976854036487), (0, 304.3867944074292), (0, 303.87779737811985), (0, 303.370669959761), (0, 302.86539890508755), (0, 302.3619938107277), (0, 301.860490403204), (0, 301.3609467130101), (0, 300.86343542067385), (0, 300.36803563829164), (0, 299.87482614920657), (0, 299.3838806980231), (0, 298.89526495096015), (0, 298.40903437439397), (0, 297.9252323578492), (0, 297.44388823570307), (0, 296.9650152187411), (0, 296.4886085162972), (0, 296.0146440332452), (0, 295.5430780085479), (0, 295.0738479085812), (0, 294.6068748224785), (0, 294.1420674865656), (0, 293.67932783366274), (0, 293.21855762535336), (0, 292.759665404135), (0, 292.30257281459564), (0, 291.84721939762824), (0, 291.39356523983025), (0, 290.94159126748707), (0, 290.49129737265974), (0, 290.04269885651047), (0, 289.5958218370178), (0, 289.15069829965284), (0, 288.7073613974781), (0, 288.26584146130034), (0, 287.82616300657253), (0, 287.38834285362174), (0, 286.95238933363805), (0, 286.51830244639893), (0, 286.0860747600712), (0, 285.6556928186137), (0, 285.22713882075743), (0, 284.80039236235905), (0, 284.3754320759295), (0, 283.9522370407376), (0, 283.5307878878899), (0, 283.1110675659829), (0, 282.6930617683389), (0, 282.27675905289476), (0, 281.862150702395), (0, 281.44923038659994), (0, 281.0379936920409), (0, 280.6284375834905), (0, 280.2205598535933), (0, 279.81435860770085), (0, 279.4098318186653), (0, 279.0069769753244), (0, 278.6057908357107), (0, 278.2062692878039), (0, 277.80840730933016), (0, 277.41219901568417), (0, 277.017637778086), (0, 276.62471639162084), (0, 276.23342727194483), (0, 275.8437626596016), (0, 275.4557148138367), (0, 275.06927617970587), (0, 274.68443951668195), (0, 274.3011979828297), (0, 273.9195451729938), (0, 273.5394751119324), (0, 273.16098221259693), (0, 272.7840612052287), (0, 272.4087070510155), (0, 272.0349148504792), (0, 271.6626797563749), (0, 271.2919968996752), (0, 270.92286133457986), (0, 270.55526800431545), (0, 270.189211729063), (0, 269.8246872130717), (0, 269.46168906728417), (0, 269.1002118423009), (0, 268.74025006671366), (0, 268.3817982852158), (0, 268.0248510920565), (0, 267.6694031573621), (0, 267.31544924373105), (0, 266.962984211833), (0, 266.6120030174957), (0, 266.26250070009274), (0, 265.9144723653737), (0, 265.5679131656068), (0, 265.22281827899997), (0, 264.8791828917145), (0, 264.5370021835947), (0, 264.19627131970816), (0, 263.8569854467985), (0, 263.51913969591584), (0, 263.18272918902954), (0, 262.8477490485354), (0, 262.51419440822264), (0, 262.1820604240774), (0, 261.85134228351603), (0, 261.522035211277), (0, 261.19413447273314), (0, 260.8676353735814), (0, 260.5425332569477), (0, 260.2188234976889), (0, 259.8965014965817), (0, 259.5755626735922), (0, 259.2560024623683), (0, 258.93781630550416), (0, 258.62099965229544), (0, 258.30554795788095), (0, 257.9914566838936), (0, 257.6787213005638), (0, 257.3673372891753), (0, 257.0573001448504), (0, 256.7486053785239), (0, 256.4412485184131), (0, 256.13522511032613), (0, 255.8305307174449), (0, 255.5271609187955), (0, 255.22511130785074), (0, 254.9243774904955), (0, 254.62495508351955), (0, 254.32683971318372), (0, 254.03002701484408), (0, 253.73451263296636), (0, 253.44029222125968), (0, 253.1473614439101), (0, 252.85571597641845), (0, 252.56535150654156), (0, 252.27626373505163), (0, 251.98844837616338), (0, 251.70190115724913), (0, 251.4166178187304), (0, 251.13259411338993), (0, 250.84982580554893), (0, 250.56830867029458), (0, 250.28803849308028), (0, 250.00901106896495), (0, 249.7312222026224), (0, 249.45466770821275), (0, 249.17934340960812), (0, 248.90524514050733), (0, 248.6323687445927), (0, 248.36071007584607), (0, 248.0902649983194), (0, 247.82102938623092), (0, 247.55299912380679), (0, 247.28617010483873), (0, 247.0205382327778), (0, 246.75609942030687), (0, 246.4928495894037), (0, 246.23078467130702), (0, 245.96990060650458), (0, 245.71019334471225), (0, 245.4516588452686), (0, 245.19429307706233), (0, 244.9380920185159), (0, 244.68305165772813), (0, 244.42916799237562), (0, 244.1764370295962), (0, 243.92485478584388), (0, 243.67441728681976), (0, 243.4251205673916), (0, 243.1769606713593), (0, 242.92993365158242), (0, 242.68403556980374), (0, 242.43926249674567), (0, 242.19561051206009), (0, 241.9530757043656), (0, 241.71165417118485), (0, 241.47134201888346), (0, 241.23213536266974), (0, 240.99403032658228), (0, 240.7570230434131), (0, 240.52110965472122), (0, 240.28628631072243), (0, 240.05254917038653), (0, 239.819894401306), (0, 239.58831817996733), (0, 239.35781669149026), (0, 239.12838612969674), (0, 238.9000226971419), (0, 238.67272260507275), (0, 238.44648207335632), (0, 238.22129733053973), (0, 237.99716461374635), (0, 237.7740801685856), (0, 237.55204024924046), (0, 237.33104111845435), (0, 237.11107904733404), (0, 236.89215031558484), (0, 236.67425121131853), (0, 236.45737803105573), (0, 236.24152707979894), (0, 236.02669467096757), (0, 235.81287712633622), (0, 235.6000707760887), (0, 235.3882719588111), (0, 235.1774770214171), (0, 234.96768231924017), (0, 234.75888421597236), (0, 234.55107908363175), (0, 234.34426330259822), (0, 234.13843326156305), (0, 233.93358535760206), (0, 233.72971599613845), (0, 233.52682159078918), (0, 233.32489856355735), (0, 233.12394334467115), (0, 232.92395237268468), (0, 232.72492209433435), (0, 232.52684896466516), (0, 232.3297294469623), (0, 232.13356001266422), (0, 231.93833714159544), (0, 231.74405732164274), (0, 231.55071704898785), (0, 231.35831282797042), (0, 231.1668411712298), (0, 230.97629859949052), (0, 230.78668164175608), (0, 230.59798683519904), (0, 230.410210725212), (0, 230.22334986532618), (0, 230.03740081727406), (0, 229.85236015100196), (0, 229.6682244445897), (0, 229.48499028425513), (0, 229.30265426442693), (0, 229.1212129876768), (0, 228.94066306471947), (0, 228.7610011143682), (0, 228.58222376364455), (0, 228.40432764769162), (0, 228.22730940979432), (0, 228.05116570130474), (0, 227.87589318176666), (0, 227.70148851879185), (0, 227.5279483881729), (0, 227.35526947379836), (0, 227.18344846763742), (0, 227.01248206982828), (0, 226.84236698857868), (0, 226.53878570559684), (0, 226.19126458041305), (0, 225.88638999390204), (0, 225.5460946909836), (0, 225.2141166817637), (0, 224.9075593432009), (0, 224.59420808855108), (0, 224.26923365257852), (0, 223.95448643029363), (0, 223.6519779520241), (0, 223.34829427056627), (0, 223.0390530792883), (0, 222.731773530051), (0, 222.4332791628401), (0, 222.13972928965532), (0, 221.84358165636783), (0, 221.54686991810166), (0, 221.2558100859316), (0, 220.97024010456212), (0, 220.6854224565654), (0, 220.39997362269511), (0, 220.11724878964426), (0, 219.83979445221482), (0, 219.5652712819076), (0, 219.29075427573432), (0, 219.0179525797099), (0, 218.74949567147783), (0, 218.48432419055723), (0, 218.2201846728633), (0, 217.95760664465044), (0, 217.69862261105357), (0, 217.44297994808977), (0, 217.18876311107073), (0, 216.93627601376897), (0, 216.68715368677144), (0, 216.44099295622965), (0, 216.19646802353165), (0, 215.95402462542003), (0, 215.71475107195377), (0, 215.4780449002281), (0, 215.2430478110037), (0, 215.01053427913396), (0, 214.7809752631483), (0, 214.5535468059153), (0, 214.32810555007748), (0, 214.10538334800128), (0, 213.88518526125634), (0, 213.6669294952592), (0, 213.45106322800817), (0, 213.23781513918846), (0, 213.02665182562183), (0, 212.81765177173762), (0, 212.61119157196896), (0, 212.4069292981501), (0, 212.20474635389093), (0, 212.0049901052501), (0, 211.80746279770756), (0, 211.61198654479608), (0, 211.41883204507522), (0, 211.2278906314351), (0, 211.0389891435118), (0, 210.85233886597052), (0, 210.6678467476009), (0, 210.48538216587013), (0, 210.30511000019325), (0, 210.12693336358606), (0, 209.95077227411997), (0, 209.7767507417057), (0, 209.60475372952303), (0, 209.43476250375912), (0, 209.26685053957587), (0, 209.10090109500314), (0, 208.93694820935676), (0, 208.77500002179391), (0, 208.61497066359914), (0, 208.4569166892835), (0, 208.30078683009802), (0, 208.14655468946754), (0, 207.99425020844814), (0, 207.8438041231506), (0, 207.69524022624628), (0, 207.548531121022), (0, 207.4036472638511), (0, 207.26060468230853), (0, 207.11935249309772), (0, 206.97990424736344), (0, 206.84222891404428), (0, 206.70631265843573), (0, 206.57215093089124), (0, 206.43971047653994), (0, 206.30899678111356), (0, 206.1799752939744), (0, 206.05264630301147), (0, 205.92698491834616), (0, 205.80298046873202), (0, 205.6806181862842), (0, 205.5598791213559), (0, 205.44075497539038), (0, 205.3232228795084), (0, 205.20727648462187), (0, 205.0928924569471), (0, 204.9800640816024), (0, 204.8687693670491), (0, 204.75900015107737), (0, 204.6507360283117), (0, 204.54396741897853), (0, 204.4386754500535), (0, 204.33484949677603), (0, 204.23247165976497), (0, 204.13153066849435), (0, 204.0320093611991), (0, 203.93389611013646), (0, 203.83717417855394), (0, 203.74183180002964), (0, 203.64785261581477), (0, 203.555224684858), (0, 203.4639320474662), (0, 203.3739625598726), (0, 203.28530082715503), (0, 203.19793428225267), (0, 203.11184823143284), (0, 203.02702959896263), (0, 202.94346454184395), (0, 202.86113938195268), (0, 202.78004102487768), (0, 202.7001554663087), (0, 202.62147003310997), (0, 202.54397076996636), (0, 202.46764499368098), (0, 202.3924792484631), (0, 202.31846050193084), (0, 202.24557592302526), (0, 202.17381226021732), (0, 202.10315700254662), (0, 202.03359707527895), (0, 201.9651198866361), (0, 201.89771285488183), (0, 201.83136321745872), (0, 201.76605869966755), (0, 201.70178674882413), (0, 201.63853502751297), (0, 201.576291378779), (0, 201.51504348275213), (0, 201.45477931302085), (0, 201.39548685386626), (0, 201.33715407759388), (0, 201.27976919577165), (0, 201.22332039828572), (0, 201.16779593509992), (0, 201.11318424117343), (0, 201.05947374997862), (0, 201.00665297135012), (0, 200.95471056786099), (0, 200.90363523376809), (0, 200.85341573100484), (0, 200.8040409554359), (0, 200.75549986868185), (0, 200.70778148772527), (0, 200.66087494407876), (0, 200.61476946476034), (0, 200.56945433323594), (0, 200.52491892114287), (0, 200.4811527107254), (0, 200.43814525860782), (0, 200.39588619395835), (0, 200.3543652445564), (0, 200.31357223105925), (0, 200.27349705656974), (0, 200.2341297049806), (0, 200.1954602492149), (0, 200.15747885846665), (0, 200.1201757865099), (0, 200.08354137079078), (0, 200.04756603728464), (0, 200.01224030044187), (0, 199.97755476707906), (0, 199.94350012995727), (0, 199.9100671688917), (0, 199.87724675177137), (0, 199.84502983388245), (0, 199.81340746125883), (0, 199.78237076669583), (0, 199.75191097280168), (0, 199.72201938870157), (0, 199.69268741212778), (0, 199.66390652858087), (0, 199.63566831081582), (0, 199.60796442057807), (0, 199.580786605875), (0, 199.55412670411695), (0, 199.52797663821573), (0, 199.50232842159133), (0, 199.47717415299869), (0, 199.45250602673778), (0, 199.4283163287629), (0, 199.4045974692583), (0, 199.38134201685907), (0, 199.35854288110949), (0, 199.3361937723702), (0, 199.31429068734687), (0, 199.29283702662104), (0, 199.27185623687885), (0, 199.25144188640505), (0, 199.23179135411024), (0, 199.21343528723034), (0, 199.19584208542642), (0, 199.17832148668361), (0, 199.15650457388688), (0, 199.13579874329773), (0, 199.1193363775776), (0, 199.10302131938926), (0, 199.08427963312363), (0, 199.06651017810802), (0, 199.05155080638494), (0, 199.03534128784992), (0, 199.01811195822503), (0, 199.00353676010323), (0, 198.9888596630521), (0, 198.97280224392333), (0, 198.9587703486551), (0, 198.94510350636298), (0, 198.9302525185796), (0, 198.9169297434545), (0, 198.90407784421853), (0, 198.89033587297467), (0, 198.87777716505823), (0, 198.86566957445007), (0, 198.85293354618065), (0, 198.8411310884761), (0, 198.82973620707497), (0, 198.81791758718018), (0, 198.80683962265994), (0, 198.7961346872813), (0, 198.7851584471183), (0, 198.77476727164384), (0, 198.76472832196578), (0, 198.7545301414786), (0, 198.74478878901016), (0, 198.7353878731521), (0, 198.72591201742583), (0, 198.71678651942892), (0, 198.7079921910255), (0, 198.69919077754705), (0, 198.69065233687084), (0, 198.68242804839528), (0, 198.67424931582872), (0, 198.66626420021234), (0, 198.65857702411267), (0, 198.6509874505119), (0, 198.64353528784943), (0, 198.63634563197638), (0, 198.62929957867894), (0, 198.62236156836312), (0, 198.61563941918448), (0, 198.60909137734905), (0, 198.602646327655), (0, 198.59636862565296), (0, 198.59027422490675), (0, 198.58429603709195), (0, 198.57844675715813), (0, 198.57276700753513), (0, 198.5672220014936), (0, 198.5617878701196), (0, 198.55649478233647), (0, 198.55134423194514), (0, 198.54630667203415), (0, 198.54138398845217), (0, 198.53659302034404), (0, 198.53192319609565), (0, 198.52735809755208), (0, 198.5229040713523), (0, 198.51856858749682), (0, 198.51434041986266), (0, 198.5102101849995), (0, 198.50618369607045), (0, 198.5022635453348), (0, 198.49844049375218), (0, 198.49470879693644), (0, 198.49107204744695), (0, 198.487530969138), (0, 198.48407887975932), (0, 198.48071130260595), (0, 198.47742978462725), (0, 198.4742345775647), (0, 198.47112125279367), (0, 198.4680858500875), (0, 198.4651281088993), (0, 198.46224817846155), (0, 198.45944349727841), (0, 198.45671060770755), (0, 198.4540479373448), (0, 198.45145518684262), (0, 198.44893110401907), (0, 198.4464731691851), (0, 198.44407914837123), (0, 198.4417479403696), (0, 198.43947875545524), (0, 198.43727013679873), (0, 198.43512009594923), (0, 198.4330269114383), (0, 198.43098945110165), (0, 198.42900675238863), (0, 198.42707754620918), (0, 198.42520027145778), (0, 198.42337343564856), (0, 198.421595840956), (0, 198.41986647610514), (0, 198.41818427646442), (0, 198.41654802469608), (0, 198.41495644705466), (0, 198.41340835798832), (0, 198.4119027087793), (0, 198.41043852404965), (0, 198.40901481519657), (0, 198.40763054723192), (0, 198.4062846704167), (0, 198.40497617199046), (0, 198.4037041020774), (0, 198.40246756574138), (0, 198.40126569540308), (0, 198.40009763584823), (0, 198.39896254269092), (0, 198.39785961942042), (0, 198.39678811526707), (0, 198.39574740120187), (0, 198.39473660147448), (0, 198.39375459800198), (0, 198.3927989444669), (0, 198.3918690062336), (0, 198.39096602132483), (0, 198.39009127701698), (0, 198.3892428277474), (0, 198.38841745110608), (0, 198.3876144611834), (0, 198.3868353652063), (0, 198.386080528725), (0, 198.38534771174622), (0, 198.38463493698393), (0, 198.383942748488), (0, 198.38327193008803), (0, 198.3826213730309), (0, 198.3819893156861), (0, 198.38137532475557), (0, 198.38077999361508), (0, 198.38020296366724), (0, 198.37964291470578), (0, 198.37909905291536), (0, 198.37857146339834), (0, 198.37806016008722), (0, 198.37756441755087), (0, 198.37708336955382), (0, 198.37661673207066), (0, 198.37616458022345), (0, 198.3757268305123), (0, 198.37530321769484), (0, 198.3748939429429), (0, 198.37450021463567), (0, 198.37412523201428), (0, 198.3737748596329), (0, 198.37346381983312), (0, 198.37321735507345), (0, 198.37310627619743), (0, 198.37321860616507), (0, 198.37384504306723), (0, 198.37493703590607), (0, 198.37690329814714), (0, 198.37690205302127), (0, 198.3751013807917), (0, 198.37131847627612), (0, 198.37059603241056), (0, 198.37252068276933), (0, 198.37238058558975), (0, 198.37021411382702), (0, 198.3694629692278), (0, 198.37062229647697), (0, 198.37038584489824), (0, 198.36876193599412), (0, 198.36895289455143), (0, 198.36956246857608), (0, 198.36846194815323), (0, 198.3679530064449), (0, 198.36850372115435), (0, 198.36801850127657), (0, 198.36734176951262), (0, 198.36760729969794), (0, 198.36748366206606), (0, 198.36689156285468), (0, 198.36691689872646), (0, 198.36694528865021), (0, 198.36650275463475), (0, 198.366381729762), (0, 198.36644589414814), (0, 198.36614216493382), (0, 198.36595148477312), (0, 198.3659992383254), (0, 198.36580275521544), (0, 198.3655929869624), (0, 198.36560647975222), (0, 198.36548378124596), (0, 198.36528249737395), (0, 198.36525828629422), (0, 198.3651822886333), (0, 198.3650073105775), (0, 198.36495575050233), (0, 198.36490809159895), (0, 198.3647644848602), (0, 198.3646911272797), (0, 198.364654172578), (0, 198.36454288819021), (0, 198.36446017686458), (0, 198.36442583443772), (0, 198.3643429784974), (0, 198.36425808534767), (0, 198.36421897530963), (0, 198.364158666755), (0, 198.3640806502198), (0, 198.36403598865772), (0, 198.3639906162725), (0, 198.3639232464727), (0, 198.36387350211922), (0, 198.3638360342786), (0, 198.3637819159541), (0, 198.363731330688), (0, 198.36369634302028), (0, 198.3636537240145), (0, 198.3636058704586), (0, 198.36357037122835), (0, 198.36353620575525), (0, 198.3634946682179), (0, 198.363458888201), (0, 198.36342928483512), (0, 198.3633949006303), (0, 198.36336038613106), (0, 198.36333233921397), (0, 198.36330406177944), (0, 198.36327310009514), (0, 198.36324580175366), (0, 198.36322146925272), (0, 198.36319517249322), (0, 198.36316929167424), (0, 198.36314682011997), (0, 198.36312464885236), (0, 198.36310140764346), (0, 198.3630800262794), (0, 198.36306055451126), (0, 198.36304056734372), (0, 198.36302073919498), (0, 198.3630027615902), (0, 198.36298554889427), (0, 198.3629679999386), (0, 198.3629512355488), (0, 198.3629358120721), (0, 198.36292064843735), (0, 198.3629055204296), (0, 198.36289132142207), (0, 198.3628780288864), (0, 198.36286492438595), (0, 198.36285220382), (0, 198.36284042544713), (0, 198.3628294293483), (0, 198.36281863973738), (0, 198.36280814662416), (0, 198.36279752439296), (0, 198.36278646685605), (0, 198.3627749735721), (0, 198.3627643556834), (0, 198.36275529914397), (0, 198.36274725634917), (0, 198.36273927570372), (0, 198.36273081434416), (0, 198.3627221486646), (0, 198.36271381928216), (0, 198.36270631360648), (0, 198.36269956947626), (0, 198.36269305578324), (0, 198.36268632561735), (0, 198.36267941368828), (0, 198.3626728286872), (0, 198.3626668688343), (0, 198.3626613613939), (0, 198.36265595084015), (0, 198.36265046177638), (0, 198.3626450156368), (0, 198.3626398051605), (0, 198.36263493837836), (0, 198.3626303675187), (0, 198.3626259504398), (0, 198.36262157063976), (0, 198.36261721489285), (0, 198.3626129872834), (0, 198.36260898484352), (0, 198.36260521202942), (0, 198.3626015925375), (0, 198.36259804951536), (0, 198.36259456281962), (0, 198.36259115302337), (0, 198.3625878556962), (0, 198.36258469254133), (0, 198.3625816667645), (0, 198.36257876137708), (0, 198.61856401876557), (0, 198.3786182513197), (0, 198.4428306591588), (0, 198.50629624563175), (0, 198.4263044092374), (0, 198.36567055198057), (0, 198.37935422511003), (0, 198.41884634318262), (0, 198.43041409739487), (0, 198.40803961808666), (0, 198.3766479875903), (0, 198.36287007554907), (0, 198.373875650772), (0, 198.39221788523426), (0, 198.39607020797612), (0, 198.38313955026132), (0, 198.3678859983657), (0, 198.3631364003867), (0, 198.3693320088977), (0, 198.37767629553363), (0, 198.37990235191185), (0, 198.3746825818278), (0, 198.36699609797472), (0, 198.36305938347707), (0, 198.36506569553404), (0, 198.3696675540865), (0, 198.37167830335392), (0, 198.36927546252068), (0, 198.36513540067207), (0, 198.36300758302238), (0, 198.36405456716082), (0, 198.3663739462897), (0, 198.3673478080181), (0, 198.36610340855492), (0, 198.3639519577576), (0, 198.3628423218062), (0, 198.36346899474754), (0, 198.36476159742784), (0, 198.36515737316347), (0, 198.36425146153044), (0, 198.36304004957634), (0, 198.3626720596482), (0, 198.3632586248041), (0, 198.36394731126313), (0, 198.3639385271547), (0, 198.36326945017885), (0, 198.3626471826785), (0, 198.36263558315326), (0, 198.36308923173206), (0, 198.36339859966233), (0, 198.36320486311723), (0, 198.3627496627535), (0, 198.36251975230314), (0, 198.36268123876687), (0, 198.3629555463754), (0, 198.36299574197423), (0, 198.3627712933445), (0, 198.36254707896694), (0, 198.3625444092401), (0, 198.36270205624302), (0, 198.36279126134366), (0, 198.36270502250798), (0, 198.36255971651613), (0, 198.36251912978233), (0, 198.36259479782476), (0, 198.36266108588848), (0, 198.3626284576149), (0, 198.36254329437793), (0, 198.36250853136025), (0, 198.3625486435205), (0, 198.36259181661453), (0, 198.36257480641882), (0, 198.36252131632114), (0, 198.3624982404807), (0, 198.3625238089085), (0, 198.36255199414722), (0, 198.36254104149788), (0, 198.36250605664594), (0, 198.3624910969142), (0, 198.3625081143069), (0, 198.36252619523836), (0, 198.36251818880731), (0, 198.36249553039823), (0, 198.36248709288677), (0, 198.36249850653866), (0, 198.36250870546246), (0, 198.36250214699496), (0, 198.36248828092656), (0, 198.36248462940873), (0, 198.36249201062267), (0, 198.36249643862266), (0, 198.36249071490977), (0, 198.36248294755404), (0, 198.3624825511912), (0, 198.36248700523376), (0, 198.36248759416924), (0, 198.3624827535654), (0, 198.36247897692138), (0, 198.3624801376504), (0, 198.3624823668837), (0, 198.36248094046172), (0, 198.3624772903619), (0, 198.36247591324195), (0, 198.36247728704322), (0, 198.36247780575533), (0, 198.36247572371772), (0, 198.36247342646345), (0, 198.36247325566904), (0, 198.3624740574197), (0, 198.36247345526112), (0, 198.3624715692098), (0, 198.362470411831), (0, 198.36247057106866), (0, 198.36247058962473), (0, 198.36246950580664), (0, 198.36246819587473), (0, 198.362467711805), (0, 198.3624676629935), (0, 198.3624670880912), (0, 198.3624660312239), (0, 198.36246527425453), (0, 198.36246498202038), (0, 198.36246456548102), (0, 198.36246375179064), (0, 198.36246295676284), (0, 198.36246249522753), (0, 198.3624620920096), (0, 198.3624614272607), (0, 198.36246066303562), (0, 198.3624601007376), (0, 198.36245966671126), (0, 198.3624590922133), (0, 198.36245838300644), (0, 198.3624577657437), (0, 198.3624572817676), (0, 198.36245675013961), (0, 198.36245610049718), (0, 198.3624554687008), (0, 198.3624549381996), (0, 198.36245441297788), (0, 198.36245380813787), (0, 198.36245318705792), (0, 198.36245262828672), (0, 198.36245209245112), (0, 198.36245151109853), (0, 198.362450907073), (0, 198.36245033786764), (0, 198.36244979107772), (0, 198.3624492189657), (0, 198.36244862748796), (0, 198.36244805630585), (0, 198.36244750351077), (0, 198.3624469357965), (0, 198.36244635236247), (0, 198.36244578101218), (0, 198.36244522470201), (0, 198.3624446601215), (0, 198.36244408296457), (0, 198.3624435124294), (0, 198.3624429536303), (0, 198.3624423909393), (0, 198.36244181899875), (0, 198.36244125033943), (0, 198.36244069012037), (0, 198.36244012836642), (0, 198.36243956045078), (0, 198.3624389942523), (0, 198.362438433715), (0, 198.36243787263012), (0, 198.3624373077499), (0, 198.3624367440493), (0, 198.36243618408946), (0, 198.36243562381236), (0, 198.36243506126658), (0, 198.3624344998512), (0, 198.3624339410252), (0, 198.36243338195288), (0, 198.36243282143715), (0, 198.36243226197567), (0, 198.36243170443842), (0, 198.36243114678993), (0, 198.36243058829064), (0, 198.36243003078314), (0, 198.3624294746652), (0, 198.3624289185318), (0, 198.3624283619854), (0, 198.36242780633316), (0, 198.36242725170888), (0, 198.3624266971809), (0, 198.3624261426359), (0, 198.362425588876), (0, 198.36242503591902), (0, 198.3624244830554), (0, 198.36242393042343), (0, 198.3624233785278), (0, 198.3624228272468), (0, 198.36242227618052), (0, 198.3624217254789), (0, 198.36242117544995), (0, 198.3624206259267), (0, 198.36242007668216), (0, 198.3624195278873), (0, 198.3624189797066), (0, 198.36241843204016), (0, 198.3624178846974), (0, 198.36241733783558), (0, 198.36241679153258), (0, 198.36241624572233), (0, 198.36241570028693), (0, 198.36241515534027), (0, 198.36241461096898), (0, 198.36241406699983), (0, 198.36241352351266), (0, 198.36241298050857), (0, 198.3624124380394), (0, 198.36241189596993), (0, 198.3624113543962), (0, 198.3624108132791), (0, 198.36241027265697), (0, 198.3624097324277), (0, 198.3624091926907), (0, 198.36240865345093), (0, 198.3624081145938), (0, 198.36240757617867), (0, 198.3624070382167), (0, 198.36240650069098), (0, 198.36240596348642), (0, 198.36240542665917), (0, 198.36240489019403), (0, 198.36240435404054), (0, 198.36240381813596), (0, 198.36240328242292), (0, 198.36240274674063), (0, 198.36240221102264), (0, 198.3624016751222), (0, 198.3624011387437), (0, 198.36240060144772), (0, 198.3624000626306), (0, 198.36239952125302), (0, 198.36239897552252), (0, 198.36239842217037), (0, 198.36239785492788), (0, 198.3623972611873), (0, 198.36239661423332), (0, 198.36239585567805), (0, 198.362394852968), (0, 198.3623932922287), (0, 198.36239039831943), (0, 198.36238418988893), (0, 198.36236937054343), (0, 198.36233041322498), (0, 198.36222167026793), (0, 198.3619229283996), (0, 198.3611604288978), (0, 198.35906187262898), (0, 198.3541065876138), (0, 198.34243779104872), (0, 198.31195391029067), (0, 198.24886763206518), (0, 198.01928896356617), (0, 197.72096673377484), (0, 197.0857923584433), (0, 196.2177095391864), (0, 195.77725370107677), (0, 195.35168096643244), (0, 194.83410682465558), (0, 193.82625291503362), (0, 192.09451883387936), (0, 189.72725672801369), (0, 187.88282550927136), (0, 176.71346360386056), (0, 608.7705997920251), (0, 612.276481192096), (0, 612.501932558976), (0, 613.0233130144095), (0, 611.7557073749496), (0, 589.5741518602582), (0, 173.39154099890243), (0, 145.33848361501936), (0, 146.4006836262228), (0, 142.0535583065312), (0, 144.6797990288005), (0, 143.05812325599496), (0, 141.35347739153417), (0, 139.1086328556621), (0, 138.21492075562003), (0, 137.1867747122908), (0, 135.38568096562457), (0, 133.1225036498365), (0, 159.2533362742017), (0, 160.72463346264476), (0, 161.02800927515463), (0, 158.6051039719359), (0, 125.87043080218413), (0, 125.14273540967253), (0, 124.42143385981736), (0, 123.66204078708863), (0, 122.85116451421685), (0, 121.99305614669385), (0, 121.12106484308258), (0, 120.26065709964075), (0, 119.4316667152566), (0, 118.64075957978453), (0, 117.88343429335308), (0, 117.14988154574358), (0, 116.43103769889464), (0, 115.72257270908058), (0, 115.02590393252419), (0, 114.34628267423317), (0, 113.68892882089106), (0, 113.05521294351914), (0, 112.44124767686118), (0, 111.84001044691627), (0, 111.24564646634276), (0, 110.65691239885953), (0, 110.07745433957979), (0, 109.51301890415063), (0, 108.96765885938702), (0, 108.44132004021128), (0, 107.93009498957798), (0, 107.42872816261158), (0, 106.93365248233073), (0, 106.44469064328223), (0, 105.96454118200255), (0, 105.4965822772436), (0, 105.04250796780387), (0, 104.60128280622548), (0, 104.16996380000892), (0, 103.74572900302053), (0, 103.32755528773706), (0, 102.91630664161875), (0, 102.5134977634307), (0, 102.11994222451439), (0, 101.7352429785664), (0, 101.35825454098361), (0, 100.98795854528561), (0, 100.62405112224377), (0, 100.2668957704299), (0, 99.91700327362584), (0, 99.5744918179378), (0, 99.23890577592917), (0, 98.90945837054683), (0, 98.58546930472944), (0, 98.26667953653717), (0, 97.95325675630376), (0, 97.64553347031251), (0, 97.34368585367467), (0, 97.0475695507936), (0, 96.75679373409707), (0, 96.47094400554141), (0, 96.18977866205145), (0, 95.91327010860383), (0, 95.6414922381531), (0, 95.37446232155914), (0, 95.11205889334283), (0, 94.85406054694228), (0, 94.60025413098835), (0, 94.35051872193453), (0, 94.10482647751923), (0, 93.86317446588174), (0, 93.6255116999511), (0, 93.39171873304566), (0, 93.16164748606336), (0, 92.93518089499089), (0, 92.71226214851396), (0, 92.49287381647628), (0, 92.27698884317452), (0, 92.06453451627301), (0, 91.8553954913323), (0, 91.64944891895786), (0, 91.44660142481368), (0, 91.24680056992447), (0, 91.0500165937006), (0, 90.85621309592811), (0, 90.66533036468245), (0, 90.47729111053836), (0, 90.29201917867712), (0, 90.1094533090672), (0, 89.92954529932081), (0, 89.75224666149887), (0, 89.57749682061836), (0, 89.40522238254447), (0, 89.23534573130351), (0, 89.06779292592152), (0, 88.90249241220772), (0, 88.73936482214701), (0, 88.57831137957066), (0, 88.41920783495175), (0, 88.26190383659525), (0, 88.10622125875291), (0, 87.95194530842348), (0, 87.79880968014922), (0, 87.64648840260269), (0, 87.4946209528167), (0, 87.34291323973831), (0, 87.19135009880071), (0, 87.04043592192102), (0, 86.89113532951438), (0, 86.74429324774394), (0, 86.60004324286257), (0, 86.45777330577357), (0, 86.31642817912554), (0, 86.1748343357253), (0, 86.03200047918781), (0, 85.88724661746282), (0, 85.73999043558867), (0, 85.58939437058898), (0, 85.43433750704558), (0, 85.27406548318285), (0, 85.11168888495313), (0, 84.95189957168273), (0, 84.77320605301608), (0, 84.60656292876854), (0, 84.50363197553675), (0, 84.73280730103805), (0, 84.68604004979719), (0, 84.38175374809607), (0, 84.03466345823126), (0, 86.65974415765712), (0, 84.00512361025893), (0, 84.37790847091321), (0, 84.63334455359173), (0, 84.54859227282809), (0, 84.30617214200602), (0, 84.10952845640684), (0, 84.04513516484468), (0, 84.05634731337936), (0, 84.03218583274094), (0, 83.91625632051529), (0, 83.73621883768827), (0, 83.56049701643259), (0, 83.44073994614914), (0, 83.38206807743256), (0, 83.35162877203227), (0, 83.30860763105095), (0, 83.23038008713948), (0, 83.1204125210744), (0, 82.99936569226855), (0, 82.88932786533765), (0, 82.80142624780012), (0, 82.73261386724842), (0, 82.67099982086904), (0, 82.60442048799109), (0, 82.5267425801677), (0, 82.43940370173043), (0, 82.34884221493624), (0, 82.26209100230335), (0, 82.18295675470378), (0, 82.11042897679282), (0, 82.03970759160302), (0, 81.96494825970233), (0, 81.88207775291161), (0, 81.7902523423014), (0, 81.69155550705456), (0, 81.58962686265595), (0, 81.4882695396629), (0, 81.39033995665527), (0, 81.29624218383103), (0, 81.20224017788465), (0, 81.1007246943338), (0, 80.98277326388626), (0, 80.84904761962862), (0, 80.76182626031243), (0, 80.62080332930373), (0, 80.52921838403762), (0, 80.87230675524876), (0, 81.19855225428182), (0, 81.60298662532435), (0, 81.57477204203593), (0, 81.19100952226394), (0, 80.71206416754822), (0, 80.41861803641807), (0, 80.41602379858195), (0, 80.57654721586555), (0, 80.70709277373213), (0, 80.67610476839076), (0, 80.4819397182212), (0, 80.25333230825343), (0, 80.07573290343831), (0, 79.96003038400065), (0, 79.83036343504385), (0, 79.88214857471115), (0, 80.26516964610671), (0, 80.91312617537335), (0, 81.26955241287531), (0, 81.34679230068004), (0, 81.23707470807517), (0, 81.0152529459006), (0, 80.75113012254859), (0, 80.50037356552295), (0, 80.29739899705315), (0, 80.15582039184929), (0, 80.07449293570737), (0, 80.04339523918702), (0, 80.04690614078213), (0, 80.06645781923693), (0, 80.08412936374012), (0, 80.08644317948738), (0, 80.0668167072934)]