Model Setup for {PATIENT_GROUPS} Trained Network:

RNN Network Architecture Parameters
Input channels=1
Hidden channels=128
Output channels=4

Training hyperparameters
Optimizer=AdamW (
Parameter Group 0
    amsgrad: False
    betas: (0.9, 0.999)
    capturable: False
    differentiable: False
    eps: 1e-08
    foreach: None
    fused: None
    lr: 0.001
    maximize: False
    weight_decay: 1e-06
)Training Iterations=4000
Learning rate=0.001
Weight decay=1e-06
Optimizer reset frequency=1000

Dropout probability (after initial linear layer before NCDE): 0.0
Training Data Selection Parameters
(If not virtual, the only important params are the groups and whether data was normalized/standardized)
Patient groups=['Control']
Augmentation strategy=Uniform
Noise Magnitude=0.05
Normalized/standardized=None
Number of virtual patients per real patient=1
Label smoothing factor=0
Test Patient Combinations:
Control: None
MDD: None
Training batch size=1
Training Results:
Runtime=20.298539876937866
Loss over time=[(0, 782.2156189779982), (0, 711.3145708821653), (0, 575.4063367281946), (0, 479.55973149522833), (0, 472.2677922704586), (0, 470.16612488492854), (0, 467.8206492665044), (0, 465.40803462721453), (0, 462.9430549457114), (0, 460.44819846516816), (0, 457.93574624826635), (0, 455.4121138746116), (0, 452.8801640496247), (0, 450.340781965162), (0, 447.7941846978416), (0, 445.2418580722026), (0, 442.6886764952791), (0, 440.1437146769216), (0, 437.6193886719637), (0, 435.12969671625876), (0, 432.68809803287655), (0, 430.3053728935265), (0, 427.9884021230349), (0, 425.740405456388), (0, 423.56185840913133), (0, 421.45086376766733), (0, 419.40287973636487), (0, 417.41150192964756), (0, 415.4700310745644), (0, 413.57228008987465), (0, 411.71329934403843), (0, 409.8905862752497), (0, 408.1043187651952), (0, 406.35600149456343), (0, 404.6468755188211), (0, 402.97689121004953), (0, 401.3442505534276), (0, 399.7456062776922), (0, 398.1765130461308), (0, 396.6322042025404), (0, 395.1086620211031), (0, 393.60253705365125), (0, 392.11037359994305), (0, 390.6287006270565), (0, 389.1546150555211), (0, 387.68610124932286), (0, 386.2219727414366), (0, 384.7616485059049), (0, 383.30495096807294), (0, 381.8519713208158), (0, 380.40298312996265), (0, 378.95837972546167), (0, 377.5186177947088), (0, 376.0841592611498), (0, 374.65542138358944), (0, 373.23274957753245), (0, 371.8164167950127), (0, 370.4066485094986), (0, 369.0036655247317), (0, 367.607731203516), (0, 366.2191812652176), (0, 364.83840599342443), (0, 363.465783532881), (0, 362.10160979178767), (0, 360.74607293822106), (0, 359.3992788491605), (0, 358.0612884931918), (0, 356.73214089314763), (0, 355.4118658762374), (0, 354.10048713508274), (0, 352.7980210098085), (0, 351.5044757017979), (0, 350.21985238328386), (0, 348.9441430073261), (0, 347.67733082490406), (0, 346.419390521574), (0, 345.17028910842333), (0, 343.9299844884388), (0, 342.69842763357474), (0, 341.47556294573934), (0, 340.2613267487307), (0, 339.05564990128016), (0, 337.8584561236163), (0, 336.66966265461167), (0, 335.4891796391249), (0, 334.3169118675904), (0, 333.1527575363762), (0, 331.9966070269328), (0, 330.8483447718321), (0, 329.70784887953835), (0, 328.5749921807643), (0, 327.44964118612074), (0, 326.3316596556057), (0, 325.22090847568364), (0, 324.1172478773832), (0, 323.02054193246465), (0, 321.9306597756745), (0, 320.84747905322297), (0, 319.7708885941753), (0, 318.70078718678315), (0, 317.6370839363997), (0, 316.57969509513526), (0, 315.5285392430643), (0, 314.4835360284649), (0, 313.4446084065337), (0, 312.41169003374216), (0, 311.38473663427214), (0, 310.3637378908361), (0, 309.3487259745099), (0, 308.33977421910686), (0, 307.33698543444046), (0, 306.3404661521888), (0, 305.3502757586116), (0, 304.3663539635611), (0, 303.3884695563826), (0, 302.41627759956316), (0, 301.4494974363266), (0, 300.48804009786517), (0, 299.53196783068574), (0, 298.5813768105613), (0, 297.6363130249621), (0, 296.6967503893509), (0, 295.7626102954084), (0, 294.83379901750834), (0, 293.91024178251183), (0, 292.9919072968511), (0, 292.0788237484003), (0, 291.1710887552847), (0, 290.2688692859866), (0, 289.372389897332), (0, 288.48190303606077), (0, 287.5976471932144), (0, 286.7198116766887), (0, 285.84852665416395), (0, 284.9838887213243), (0, 284.12599209212), (0, 283.27494480540787), (0, 282.4308567360124), (0, 281.5938077640601), (0, 280.763812534573), (0, 279.94081012768237), (0, 279.12467956124533), (0, 278.31528145760194), (0, 277.51249842856816), (0, 276.7162647095978), (0, 275.92657529466635), (0, 275.1434770865509), (0, 274.36704405648607), (0, 273.59734751833366), (0, 272.83442097511215), (0, 272.0782229746118), (0, 271.3286055609515), (0, 270.58527824285477), (0, 269.84776837046843), (0, 269.11535656114506), (0, 268.38701135408826), (0, 267.6614397380623), (0, 266.9375862981872), (0, 266.21588088915075), (0, 265.49980268235), (0, 264.7961461771409), (0, 264.1116688000196), (0, 263.4459367676121), (0, 262.7898015258743), (0, 262.1353038999972), (0, 261.48081546772784), (0, 260.8281149350002), (0, 260.17953432825607), (0, 259.5372487026585), (0, 258.90351956197384), (0, 258.2803385459758), (0, 257.6679527584792), (0, 257.06378825159527), (0, 256.4639110929174), (0, 255.86589543022706), (0, 255.2701381922309), (0, 254.67921272878425), (0, 254.0960771362582), (0, 253.52191611385933), (0, 252.95520330874106), (0, 252.3930881001475), (0, 251.83363701181588), (0, 251.27690120374868), (0, 250.72459340724544), (0, 250.17881533448104), (0, 249.6403401775705), (0, 249.1077659369368), (0, 248.57881677039046), (0, 248.0526207179507), (0, 247.53038049568448), (0, 247.0139002817158), (0, 246.50356578692288), (0, 245.9978966029495), (0, 245.49524595302296), (0, 244.99557808281418), (0, 244.50026103185195), (0, 244.01022231779314), (0, 243.52462620747076), (0, 243.04189140493142), (0, 242.56174920231217), (0, 242.08533020070524), (0, 241.613257336918), (0, 241.144696720623), (0, 240.67885367616083), (0, 240.21648474041717), (0, 239.75907741455495), (0, 239.30713530560521), (0, 238.86022560265383), (0, 238.41825766432027), (0, 237.98136675401082), (0, 237.5487193078646), (0, 237.11873096934676), (0, 236.69067791524165), (0, 236.26522872188485), (0, 235.8432581851352), (0, 235.42498662412862), (0, 235.01055998051206), (0, 234.600466628555), (0, 234.19480345412296), (0, 233.7930004217883), (0, 233.39470749042863), (0, 233.00004832138796), (0, 232.6088704021809), (0, 232.2207903983337), (0, 231.83589788555582), (0, 231.45444286088284), (0, 231.07630443760937), (0, 230.70145267398874), (0, 230.33014738483945), (0, 229.962398023286), (0, 229.59803222431617), (0, 229.23711187114975), (0, 228.87965268892216), (0, 228.5254568276472), (0, 228.17448537560688), (0, 227.82679992234918), (0, 227.48229693713404), (0, 227.14094195982852), (0, 226.80282609857323), (0, 226.4679116066683), (0, 226.13616202542346), (0, 225.8076476100934), (0, 225.4823378480042), (0, 225.1601788204784), (0, 224.84120246566943), (0, 224.52536654882437), (0, 224.21261754481), (0, 223.902976344669), (0, 223.5964088789001), (0, 223.29288205851714), (0, 222.9924144811786), (0, 222.69497618491732), (0, 222.4005475006859), (0, 222.10913951544634), (0, 221.82072170428637), (0, 221.5352766957475), (0, 221.2528005801619), (0, 220.9732573141309), (0, 220.6966293562164), (0, 220.42290347847165), (0, 220.1520454864921), (0, 219.8840379218472), (0, 219.6188605889004), (0, 219.3564817984339), (0, 219.09688321514628), (0, 218.84004107606853), (0, 218.5859240689895), (0, 218.3345102829896), (0, 218.08577082039267), (0, 217.83967315145696), (0, 217.59619005606834), (0, 217.35529005351398), (0, 217.11693871011153), (0, 216.88110640870576), (0, 216.64775868615766), (0, 216.41686098036942), (0, 216.18838168305683), (0, 215.96228677053182), (0, 215.73854233902654), (0, 215.51711504024308), (0, 215.29797171483455), (0, 215.08107844429003), (0, 214.8664030666873), (0, 214.6539128659588), (0, 214.44357436254003), (0, 214.23535654362547), (0, 214.02922744554266), (0, 213.82515550678318), (0, 213.62311087997807), (0, 213.423063206942), (0, 213.22498268010435), (0, 213.02884038532966), (0, 212.83460819538345), (0, 212.6422581871194), (0, 212.45176308390177), (0, 212.2630964568449), (0, 212.07623222705877), (0, 211.89114427179476), (0, 211.7078082840098), (0, 211.52619993809344), (0, 211.34629477225167), (0, 211.16807000711893), (0, 210.9915023671326), (0, 210.816569993676), (0, 210.64325049189313), (0, 210.4715225545801), (0, 210.30136579439477), (0, 210.1327591798227), (0, 209.96568269850204), (0, 209.80011672717177), (0, 209.63604251196224), (0, 209.47344068039172), (0, 209.31229278581338), (0, 209.15258069264542), (0, 208.99428661275232), (0, 208.83739311128375), (0, 208.68188305037344), (0, 208.5277395860532), (0, 208.37494620960703), (0, 208.2234867053345), (0, 208.0733451250403), (0, 207.9245057968261), (0, 207.7769527981324), (0, 207.63067148922062), (0, 207.48564697015954), (0, 207.3418646029242), (0, 207.1993099830991), (0, 207.05796841176328), (0, 206.91782646101046), (0, 206.7788703993035), (0, 206.64108669924215), (0, 206.50446154355592), (0, 206.36898236338084), (0, 206.2346362650856), (0, 206.10141055196686), (0, 205.96929219569384), (0, 205.83826938904556), (0, 205.70832999339854), (0, 205.57946153554502), (0, 205.45165275582747), (0, 205.32489203959278), (0, 205.1991674145187), (0, 205.07446809541767), (0, 204.95078241370825), (0, 204.82809989109177), (0, 204.70640966850038), (0, 204.585700495622), (0, 204.4659622723752), (0, 204.34718396830542), (0, 204.22935569097575), (0, 204.1124671170138), (0, 203.99650747572252), (0, 203.88146708267544), (0, 203.7673352461314), (0, 203.6541023121235), (0, 203.54175809302893), (0, 203.4302918358103), (0, 203.31969373311028), (0, 203.20995281036403), (0, 203.10105894127287), (0, 202.9930007109452), (0, 202.88576742393118), (0, 202.77934745822347), (0, 202.67372815995225), (0, 202.56889725991738), (0, 202.4648406475833), (0, 202.361544242926), (0, 202.25899169779672), (0, 202.15716616955933), (0, 202.05604814351008), (0, 201.955616028058), (0, 201.85584534590703), (0, 201.75670832358014), (0, 201.6581723227582), (0, 201.56019966676945), (0, 201.46274658535577), (0, 201.36576132742363), (0, 201.26918396135585), (0, 201.17294589807716), (0, 201.0769700673875), (0, 200.98117397515068), (0, 200.88547772468976), (0, 200.7898171355948), (0, 200.69416665718404), (0, 200.5985697737308), (0, 200.50316642450733), (0, 200.40818790172517), (0, 200.31387147275993), (0, 200.22026971564145), (0, 200.1270591596204), (0, 200.03359167235567), (0, 199.93931350838773), (0, 199.84422256268584), (0, 199.74889793251515), (0, 199.6540966164544), (0, 199.56032385317806), (0, 199.46769227768232), (0, 199.3760509054037), (0, 199.28519844212684), (0, 199.19503802107673), (0, 199.10562193088413), (0, 199.0171000148656), (0, 198.92962275591069), (0, 198.84325637461254), (0, 198.7579530670502), (0, 198.67358485392035), (0, 198.59000934668575), (0, 198.50712013881338), (0, 198.42486197189302), (0, 198.34321053660213), (0, 198.26213873532419), (0, 198.18158935550653), (0, 198.10146205596402), (0, 198.0216156309878), (0, 197.9418810882595), (0, 197.86208147148562), (0, 197.7820596951113), (0, 197.70171983226743), (0, 197.62108289658238), (0, 197.54033744598684), (0, 197.45982248992289), (0, 197.37984355740508), (0, 197.3003226481335), (0, 197.2205872004463), (0, 197.13975010098187), (0, 197.05751208181843), (0, 196.97450770429293), (0, 196.89180532939514), (0, 196.810184703183), (0, 196.7298578039244), (0, 196.65064942101847), (0, 196.57231129072767), (0, 196.49471579573168), (0, 196.41787606388846), (0, 196.34183913476232), (0, 196.26652780995187), (0, 196.19159003301502), (0, 196.1162473909269), (0, 196.0390732115263), (0, 195.95765862350473), (0, 195.86857383006281), (0, 195.7692456493433), (0, 195.6640192404572), (0, 195.57270143404355), (0, 195.51869662967238), (0, 195.45993985834542), (0, 195.37308420151865), (0, 195.28138176625106), (0, 195.20073161148895), (0, 195.12995280787015), (0, 195.06326563811746), (0, 194.99534533958672), (0, 194.92451488506066), (0, 194.85016726871916), (0, 194.77320398306293), (0, 194.69369567270746), (0, 194.61139473898584), (0, 194.52345593598375), (0, 194.42321126119842), (0, 194.29824745580572), (0, 194.16152926846087), (0, 194.06315142941898), (0, 193.96639077783246), (0, 193.83003424250794), (0, 193.67381744210138), (0, 193.53837882135585), (0, 193.42804334978362), (0, 193.31451796229175), (0, 193.18773805052928), (0, 193.06138674265998), (0, 192.94743141327186), (0, 192.84074763276448), (0, 192.73168295686315), (0, 192.62006428810062), (0, 192.51238177124318), (0, 192.41154101726744), (0, 192.31477145814307), (0, 192.2185215580687), (0, 192.12095934659976), (0, 192.0208640600424), (0, 191.91355328138798), (0, 191.78173540886098), (0, 191.59146786136967), (0, 191.40110513354006), (0, 191.35220905254135), (0, 191.27352980639307), (0, 191.12389810331524), (0, 190.9686362325933), (0, 190.86278724984197), (0, 190.79363454928296), (0, 190.71601463988299), (0, 190.615906850295), (0, 190.50915179040936), (0, 190.4149709989955), (0, 190.33819549068258), (0, 190.26995260724004), (0, 190.19957552633065), (0, 190.12296109374194), (0, 190.04249961922335), (0, 189.9630049516868), (0, 189.8875522164165), (0, 189.8156742002332), (0, 189.7440327743309), (0, 189.66809550172854), (0, 189.58352185545274), (0, 189.48691986650778), (0, 189.3782007431298), (0, 189.26599240067486), (0, 189.1695522367499), (0, 189.1027693455157), (0, 189.04048958113768), (0, 188.9530767345376), (0, 188.84556462081986), (0, 188.727662652012), (0, 188.5961398639803), (0, 188.43991360105474), (0, 188.26010423354575), (0, 188.0901190217883), (0, 187.95523514844342), (0, 187.8301832332385), (0, 187.69820162093816), (0, 187.56504123376675), (0, 187.4343419776335), (0, 187.30304877956092), (0, 187.16843532979703), (0, 187.02970584308827), (0, 186.87996560096434), (0, 186.70657125803788), (0, 186.50056949347385), (0, 186.28399437240904), (0, 186.10669735934295), (0, 185.97736923046645), (0, 185.85744678607318), (0, 185.73471819465314), (0, 185.60419240388168), (0, 185.4628987344309), (0, 185.32737447681575), (0, 185.20720897738363), (0, 185.09701807228407), (0, 184.98738906283813), (0, 184.87978252573612), (0, 184.76964736929165), (0, 184.65320335869825), (0, 184.52615799765488), (0, 184.38839532521234), (0, 184.23718892270188), (0, 184.0971006791), (0, 183.99379403372245), (0, 183.91689436394995), (0, 183.8374770411382), (0, 183.74976942833285), (0, 183.64907902825774), (0, 183.54201800391576), (0, 183.42988784515245), (0, 183.31967289934323), (0, 183.21117706039135), (0, 183.09415910587396), (0, 182.9216069449923), (0, 182.60245326767566), (0, 182.224032727562), (0, 182.12605620827281), (0, 182.0103308347448), (0, 181.78908724760768), (0, 181.54960087873923), (0, 181.3371610674284), (0, 181.17874220491572), (0, 180.9843324784227), (0, 180.7188770524835), (0, 180.32741101536288), (0, 179.89253040588736), (0, 179.60483617989135), (0, 179.48387703535425), (0, 179.35723724638652), (0, 179.18395078860746), (0, 178.9866700342421), (0, 178.75919456032307), (0, 178.51887391022112), (0, 178.2996136284835), (0, 178.09646560165208), (0, 177.87653192950023), (0, 177.6608630827016), (0, 177.4904803109569), (0, 177.3083891476432), (0, 177.10333585792563), (0, 176.89368398726916), (0, 176.66594418180435), (0, 176.4086084530017), (0, 176.16173752233814), (0, 175.8865645438), (0, 175.58858442971922), (0, 175.3165334468968), (0, 175.0286400438251), (0, 174.72763261157496), (0, 174.44985987193826), (0, 174.1837621861641), (0, 173.973236339299), (0, 173.8169157325887), (0, 173.1397015144275), (0, 172.89588190516113), (0, 173.32666644667196), (0, 172.49254685386293), (0, 173.97313856781733), (0, 172.2363836753782), (0, 172.43490942653372), (0, 171.89084517900397), (0, 171.4725213405942), (0, 171.75900307791596), (0, 171.0070081652879), (0, 171.08294799927276), (0, 171.37880183294538), (0, 170.57489741869313), (0, 171.9883317661029), (0, 170.37617688621856), (0, 170.73006401053328), (0, 170.1503938826807), (0, 169.9449569297083), (0, 170.2551584259597), (0, 169.58079801928866), (0, 169.8936478213127), (0, 169.85368748169878), (0, 169.2329452867046), (0, 170.07957604029622), (0, 169.1339879567545), (0, 169.0966993439714), (0, 169.38489614125353), (0, 168.65039171269308), (0, 168.96648486233795), (0, 168.73926064937552), (0, 168.39802846159068), (0, 168.66914681936697), (0, 168.32237569154563), (0, 168.1351664523165), (0, 168.32114122431844), (0, 168.04918515926084), (0, 167.84876506299437), (0, 167.9573453956768), (0, 167.87230000533285), (0, 167.60457713333807), (0, 167.5402175156031), (0, 167.6044265214438), (0, 167.4946598151833), (0, 167.27809704049943), (0, 167.1494149617765), (0, 167.1261729028809), (0, 167.14806959072484), (0, 167.0710732337255), (0, 166.9205869514856), (0, 166.76818464957285), (0, 166.66130005751324), (0, 166.57990046795047), (0, 166.52190546287815), (0, 166.4997832643343), (0, 166.5345725530727), (0, 166.62479495404605), (0, 166.42815283695023), (0, 166.2530041138171), (0, 166.11468940770328), (0, 166.0287422683757), (0, 165.96659659189444), (0, 165.94569778045624), (0, 165.9635092792751), (0, 166.04545487697928), (0, 165.86057577323254), (0, 165.71395576392717), (0, 165.57049844195916), (0, 165.48658384842167), (0, 165.42144655784926), (0, 165.40164166877352), (0, 165.41132200191447), (0, 165.51584109852564), (0, 165.3253148404099), (0, 165.2146618863664), (0, 165.0732362507548), (0, 165.05488662250653), (0, 165.06382985102917), (0, 165.23503600083916), (0, 164.9635708424452), (0, 164.81424602712553), (0, 164.6708064093541), (0, 164.66045326498778), (0, 164.69576422242716), (0, 164.834872137118), (0, 164.56198472873558), (0, 164.39846797479694), (0, 164.2901623913783), (0, 164.36105275199156), (0, 164.47105182531342), (0, 164.56140456957695), (0, 164.04315260638612), (0, 163.84561270001194), (0, 163.77092651455388), (0, 163.76678506914035), (0, 163.95496614222898), (0, 164.49289602855436), (0, 163.65362703355777), (0, 163.4344515716721), (0, 163.5295906876148), (0, 164.11642692191947), (0, 164.29512761000828), (0, 163.21258989908722), (0, 163.7887556727455), (0, 164.64550245333996), (0, 163.17384443677997), (0, 165.72823920458538), (0, 165.426903665744), (0, 163.5409181311414), (0, 163.40567541262192), (0, 164.89362714015164), (0, 163.78427525285588), (0, 165.88664633101797), (0, 166.566864627977), (0, 164.337144335718), (0, 165.71835383422456), (0, 166.92099079020193), (0, 167.02734141276312), (0, 166.83026795522474), (0, 166.4843226748131), (0, 165.64729902465257), (0, 162.99825424508998), (0, 165.74162468178906), (0, 165.12481012190182), (0, 162.8178036301678), (0, 164.4145679387369), (0, 162.99029518844765), (0, 164.50589821838415), (0, 165.1940854991789), (0, 163.33932633306284), (0, 164.11038608432068), (0, 164.3973483002181), (0, 163.0718817866936), (0, 163.52471379821196), (0, 162.6187426131053), (0, 163.00025460162516), (0, 163.1073095855985), (0, 162.68002217999913), (0, 162.3667509933147), (0, 162.1552111994778), (0, 162.49468997704759), (0, 162.3048175937949), (0, 162.02920760232536), (0, 162.2476152392644), (0, 162.03178020824257), (0, 161.78431309428638), (0, 161.71961080051358), (0, 161.67739200571427), (0, 161.50423163114667), (0, 161.459620563944), (0, 161.4905695056145), (0, 161.39954509975018), (0, 161.35821334926857), (0, 161.3419377418866), (0, 161.2102346233176), (0, 161.2180690373188), (0, 161.22671258648964), (0, 161.07892852687283), (0, 161.00622597160728), (0, 161.03147132969525), (0, 160.99885887727217), (0, 160.89311192157209), (0, 160.82536193941564), (0, 160.8273014589306), (0, 160.81831386084434), (0, 160.76293812775077), (0, 160.72396794131419), (0, 160.65628541420517), (0, 160.58345875711157), (0, 160.5324387581846), (0, 160.5318385494225), (0, 160.56695425034843), (0, 160.5706983409359), (0, 160.59330876941863), (0, 160.43598095018493), (0, 160.3490163900597), (0, 160.2863522850766), (0, 160.25504624173436), (0, 160.27124859992654), (0, 160.29849341684852), (0, 160.33351728453277), (0, 160.22267656530875), (0, 160.14007008237272), (0, 160.0629234928497), (0, 160.00951908183555), (0, 159.98128958913642), (0, 159.98131774267966), (0, 160.01195700230952), (0, 160.0245943536308), (0, 160.06108727076122), (0, 159.91349101235764), (0, 159.82813028726906), (0, 159.76068519344105), (0, 159.71444609853938), (0, 159.6803566857328), (0, 159.6500826853401), (0, 159.61793864055443), (0, 159.59034174613944), (0, 159.57885901456999), (0, 159.61165308676834), (0, 159.67426982875367), (0, 159.84003557623055), (0, 159.470975628472), (0, 159.402368469267), (0, 159.53728036968192), (0, 159.67273165162166), (0, 159.7869580007394), (0, 159.28171433831713), (0, 160.04363612984594), (0, 160.15366986664714), (0, 159.90496257387295), (0, 160.2901120283126), (0, 159.17428368233192), (0, 159.4589645390879), (0, 159.4285171521588), (0, 159.16673953700837), (0, 159.02192745798513), (0, 159.19278136312764), (0, 159.32804346351946), (0, 158.92939589225307), (0, 159.39696025153356), (0, 159.53132176282284), (0, 159.2055629318786), (0, 160.05818439076427), (0, 158.8680798362962), (0, 159.11788101817388), (0, 159.00443899384277), (0, 158.72537416359967), (0, 158.70483228294933), (0, 158.84282337489196), (0, 158.84121024911002), (0, 158.57373162343356), (0, 158.9469122320743), (0, 159.06096207930034), (0, 158.8084042028698), (0, 159.43105972675528), (0, 158.60047521541128), (0, 158.67318080632398), (0, 158.7616298602933), (0, 158.467129382812), (0, 158.3693872954743), (0, 158.66578858245825), (0, 158.57228874517074), (0, 158.37704942492172), (0, 158.91313146020892), (0, 158.4400965990468), (0, 158.4277122536481), (0, 158.55207699266614), (0, 158.16854629628563), (0, 158.1653454051259), (0, 158.2960368618924), (0, 158.12631368817142), (0, 158.02254403581378), (0, 158.2577924909525), (0, 158.14701286046787), (0, 158.0010139162202), (0, 158.3724831889295), (0, 158.07681330488418), (0, 158.03136378802304), (0, 158.16336362700903), (0, 157.84154405008152), (0, 157.81997909326915), (0, 157.94692693663487), (0, 157.78660104710264), (0, 157.69500362692722), (0, 157.91476036872888), (0, 157.78128614067816), (0, 157.68382213911286), (0, 157.9135463968944), (0, 157.6553940008355), (0, 157.61626765632803), (0, 157.72867477650036), (0, 157.4999071432144), (0, 157.4620488556477), (0, 157.57273853045862), (0, 157.42601097868564), (0, 157.3558555423613), (0, 157.50609099985593), (0, 157.37605394125796), (0, 157.2960643875685), (0, 157.4660744516495), (0, 157.2913547222974), (0, 157.23634662955402), (0, 157.3515969475647), (0, 157.15997827562757), (0, 157.1204921713288), (0, 157.2072870316685), (0, 157.0589348732927), (0, 157.0074925947553), (0, 157.10253438017116), (0, 156.98257265656667), (0, 156.91764004675935), (0, 157.03156310382266), (0, 156.91025946613763), (0, 156.8440119807482), (0, 156.963759000148), (0, 156.82187039368648), (0, 156.76772014079833), (0, 156.86571591307273), (0, 156.7161436071001), (0, 156.67217233762466), (0, 156.75064053962572), (0, 156.6192753896041), (0, 156.57365242148805), (0, 156.64839456956454), (0, 156.5360531329983), (0, 156.48442683769528), (0, 156.56380069968998), (0, 156.45894321398686), (0, 156.4036816725992), (0, 156.48822551731223), (0, 156.3802794427025), (0, 156.32700527966645), (0, 156.40761726667566), (0, 156.29257451555904), (0, 156.2457395707893), (0, 156.31297038565967), (0, 156.1986124506982), (0, 156.1566581224851), (0, 156.21120546134102), (0, 156.10661794624326), (0, 156.0658332362159), (0, 156.11240722015208), (0, 156.01884462510236), (0, 155.97717749213857), (0, 156.0197756760927), (0, 155.93451781927885), (0, 155.89144809188207), (0, 155.93243308158532), (0, 155.85203162482452), (0, 155.8080012072126), (0, 155.8483963007793), (0, 155.7702953286451), (0, 155.7257879232679), (0, 155.76599830139804), (0, 155.68880306863775), (0, 155.64424831323223), (0, 155.68414498168502), (0, 155.60715664455407), (0, 155.56286572509123), (0, 155.6021907668017), (0, 155.52539072983367), (0, 155.48139031419305), (0, 155.52001853394566), (0, 155.44359518357876), (0, 155.39983413604665), (0, 155.43778739983446), (0, 155.36192970621136), (0, 155.3182100326504), (0, 155.35582105810232), (0, 155.28063424628317), (0, 155.23673231346837), (0, 155.2744540064165), (0, 155.19974906313075), (0, 155.15552746056102), (0, 155.19384105582213), (0, 155.1193005389278), (0, 155.0746608948163), (0, 155.11399605833412), (0, 155.03919968604177), (0, 154.99416343233855), (0, 155.03476516451042), (0, 154.9592985128531), (0, 154.9139207008849), (0, 154.95591907929932), (0, 154.8795096963739), (0, 154.8338484959252), (0, 154.87725165676838), (0, 154.79972083818484), (0, 154.75383075473476), (0, 154.79860534169293), (0, 154.71992137833), (0, 154.6737848758463), (0, 154.71995819587192), (0, 154.6401570715362), (0, 154.59371966008428), (0, 154.6413959702494), (0, 154.5605084620083), (0, 154.5136648226773), (0, 154.56308606876084), (0, 154.48110522502134), (0, 154.43373601705358), (0, 154.4852037086847), (0, 154.40199112604984), (0, 154.354027229586), (0, 154.40780216094564), (0, 154.32313029448534), (0, 154.27456731750505), (0, 154.33076662997448), (0, 154.24437069739045), (0, 154.1952903835249), (0, 154.25381636469075), (0, 154.1655101587984), (0, 154.11600838965472), (0, 154.17667171127374), (0, 154.08646723610215), (0, 154.0365755292883), (0, 154.09925408832177), (0, 154.0073112420226), (0, 153.95697315198157), (0, 154.02172008496146), (0, 153.92821771160106), (0, 153.87733420429262), (0, 153.94428798967033), (0, 162.04784739798257), (0, 160.43057633630167), (0, 159.80488182083906), (0, 156.94753216031333), (0, 159.76106694843023), (0, 161.12617866021813), (0, 160.51852087046322), (0, 159.33039651259418), (0, 158.49978683641774), (0, 156.17343010315437), (0, 157.05673854465033), (0, 157.84794711029335), (0, 156.14727871399202), (0, 153.75938561534767), (0, 156.78659297810597), (0, 156.83771244004694), (0, 154.6849052358399), (0, 155.20830500146923), (0, 155.945557747294), (0, 154.2928459199431), (0, 153.49913763739602), (0, 155.15826905577734), (0, 154.36946311840765), (0, 154.09253257865618), (0, 154.76105868562024), (0, 154.44520961894546), (0, 153.4960405096907), (0, 153.6844557366814), (0, 153.99646867811475), (0, 153.3746860454693), (0, 153.71958764354866), (0, 153.79060932632103), (0, 153.4743160110059), (0, 153.00808991843317), (0, 153.2706604185634), (0, 153.07588469388878), (0, 153.0863278475735), (0, 153.25314469372145), (0, 153.0492715390406), (0, 152.73580288500438), (0, 152.99009495417448), (0, 152.6667629850627), (0, 152.80804204175138), (0, 152.79568656177352), (0, 152.560793578541), (0, 152.58312735557155), (0, 152.3845306774519), (0, 152.37625581084671), (0, 152.3321131648138), (0, 152.10942531138653), (0, 152.11147190510022), (0, 151.8181586998795), (0, 151.746955582024), (0, 151.51974850885784), (0, 151.54416532583906), (0, 151.37566089881759), (0, 151.40262176440868), (0, 151.3037361642386), (0, 151.3440027187632), (0, 151.24852872666025), (0, 151.26875227498127), (0, 151.18915678465896), (0, 151.1956075883163), (0, 151.09761382899902), (0, 151.06776840712115), (0, 150.97596146383265), (0, 150.94281376225518), (0, 150.8599930217646), (0, 150.80303727371552), (0, 150.72731659453308), (0, 150.66069816664134), (0, 150.61084456801083), (0, 150.5493842709584), (0, 150.52177594996942), (0, 150.46324307128754), (0, 150.43411429225824), (0, 150.38252881947636), (0, 150.34544144677733), (0, 150.2985121489576), (0, 150.24951601465744), (0, 150.20268596790558), (0, 150.14505959249982), (0, 150.10048912543388), (0, 150.04646009728913), (0, 150.0063812762823), (0, 149.9601055620419), (0, 149.91802577199078), (0, 149.87779387996045), (0, 149.83264777400504), (0, 149.7945834661229), (0, 149.75072898101757), (0, 149.71039075562), (0, 149.66846957586858), (0, 149.62455842487657), (0, 149.5844013785857), (0, 149.5409100755363), (0, 149.50079538758465), (0, 149.4601070950582), (0, 149.41902112738848), (0, 149.38018064219918), (0, 149.33967009235607), (0, 149.3013096684543), (0, 149.26205738666914), (0, 149.22274111072645), (0, 149.18416599245398), (0, 149.14443674493754), (0, 149.10604776367936), (0, 149.0670677380155), (0, 149.02837064369993), (0, 148.99012494945472), (0, 148.95139104647603), (0, 148.9135784289407), (0, 148.87548289046666), (0, 148.8375916315655), (0, 148.8000190231296), (0, 148.76206588170297), (0, 148.7246032022621), (0, 148.68703981401296), (0, 148.6494505033734), (0, 148.61213832015835), (0, 148.5746040506269), (0, 148.53731088996767), (0, 148.5001157944013), (0, 148.46284405847737), (0, 148.42580289059367), (0, 148.38869297469753), (0, 148.3516439998615), (0, 148.31474783903957), (0, 148.2777660561962), (0, 148.24087904613478), (0, 148.20402132691072), (0, 148.16712074605812), (0, 148.13032698191262), (0, 148.09351552156932), (0, 148.05669826346883), (0, 148.0199505769808), (0, 147.9831785656018), (0, 147.94643626408674), (0, 147.90973182746043), (0, 147.8729959606699), (0, 147.83628648535796), (0, 147.79959418858644), (0, 147.76287950832784), (0, 147.7261821096147), (0, 147.68948165802183), (0, 147.6527591326833), (0, 147.6160482432196), (0, 147.57932952792817), (0, 147.54258692966079), (0, 147.50584350588164), (0, 147.4690874891617), (0, 147.43230735620784), (0, 147.39551730957058), (0, 147.35870783751406), (0, 147.32186874067935), (0, 147.28501164432322), (0, 147.248131928217), (0, 147.21121811575753), (0, 147.17427639877894), (0, 147.13730716933685), (0, 147.10030147036707), (0, 147.0632602438628), (0, 147.0261850076157), (0, 146.98906932053166), (0, 146.95191138276152), (0, 146.91471272536702), (0, 146.87746934982724), (0, 146.84017713315012), (0, 146.8028364671371), (0, 146.76544658340976), (0, 146.72800299050485), (0, 146.69050330663111), (0, 146.65294758034875), (0, 146.6153336234098), (0, 146.57765757184666), (0, 146.539917728323), (0, 146.50211305529558), (0, 146.4642410453297), (0, 146.4262986058728), (0, 146.3882835389715), (0, 146.35019441180089), (0, 146.3120288211337), (0, 146.27378383394353), (0, 146.23545732895383), (0, 146.19704716780078), (0, 146.15855109474057), (0, 146.1199666746342), (0, 146.08129089439893), (0, 146.04252167332862), (0, 146.0036568365773), (0, 145.96469379234102), (0, 145.92562971146052), (0, 145.886462035257), (0, 145.84718822677291), (0, 145.8078058225855), (0, 145.76831225992908), (0, 145.7287049022443), (0, 145.6889806804881), (0, 145.6491372156152), (0, 145.6091715886658), (0, 145.56908126263596), (0, 145.52886334229302), (0, 145.48851510860953), (0, 145.44803371360797), (0, 145.4074162913821), (0, 145.36666004377665), (0, 145.32576194846797), (0, 145.28471951907127), (0, 145.2435294181739), (0, 145.2021890525032), (0, 145.16069515962454), (0, 145.11904572465232), (0, 145.07723726665574), (0, 145.0352693644811), (0, 144.99314052163672), (0, 144.95086048117687), (0, 144.90845129302755), (0, 144.86601586520197), (0, 144.8238307364648), (0, 144.78312422340915), (0, 144.74696320374517), (0, 144.7329397931312), (0, 144.74732130754413), (0, 144.9556123607034), (0, 144.61868154106685), (0, 144.52271202493824), (0, 144.5231314171901), (0, 144.5940369454163), (0, 144.94940523234027), (0, 144.37163154380548), (0, 144.50857757199333), (0, 145.41404544953255), (0, 144.35514913928623), (0, 144.24346528923408), (0, 144.81435554283632), (0, 144.09298814764097), (0, 144.6254645228566), (0, 146.53698623116733), (0, 144.2716727515337), (0, 144.25240169625724), (0, 145.74252169494827), (0, 143.8559299723787), (0, 147.13901159493054), (0, 144.27776479336393), (0, 145.23598868367654), (0, 144.3579868376873), (0, 143.72092176412764), (0, 144.1137093452035), (0, 143.64491706779927), (0, 144.40482470145065), (0, 144.32991204579582), (0, 144.1071197537429), (0, 144.17129219069597), (0, 143.49736104083712), (0, 143.59466839241776), (0, 143.462893422819), (0, 143.29370063669256), (0, 143.3170579694263), (0, 143.22208500711247), (0, 143.1395948270771), (0, 143.09705495949316), (0, 143.08248356225465), (0, 143.10697759560514), (0, 142.98698989357354), (0, 142.9066936493141), (0, 142.8562182116918), (0, 142.81693907194682), (0, 142.79066673664718), (0, 142.74949759817935), (0, 142.70099259706015), (0, 142.62804338593975), (0, 142.57478462947486), (0, 142.52422492017524), (0, 142.4773289675554), (0, 142.4467893772195), (0, 142.42118459142608), (0, 142.4315725832718), (0, 142.39853678710563), (0, 142.4185843708805), (0, 142.23958068675154), (0, 142.1536422669663), (0, 142.12330637663626), (0, 142.1263853049432), (0, 142.22275564632335), (0, 142.068776125678), (0, 142.02980065550392), (0, 141.93413531790986), (0, 141.93788388778052), (0, 141.88603691531355), (0, 141.9752064204157), (0, 141.75139544679172), (0, 141.6538157408243), (0, 141.58321167272507), (0, 141.53308235324835), (0, 141.49482095399281), (0, 141.55263010031314), (0, 141.75602737325494), (0, 142.61629692296847), (0, 141.3130329996347), (0, 142.28548357446806), (0, 145.10482035535324), (0, 141.4859943721915), (0, 141.84629339318178), (0, 144.62375055737994), (0, 141.9677769602854), (0, 149.77217732123046), (0, 150.90006119197994), (0, 151.5593773893026), (0, 152.06514445945587), (0, 152.35860709572182), (0, 152.46602973755597), (0, 152.4125039502275), (0, 152.21079641836283), (0, 151.88132985368804), (0, 151.4484917610439), (0, 150.9529102557438), (0, 150.48955857969582), (0, 150.15794316341174), (0, 149.90795917649848), (0, 149.57451344136248), (0, 148.9369518123186), (0, 147.0991653236136), (0, 142.8585761028183), (0, 146.35988216082814), (0, 142.7817789802503), (0, 144.18550569280427), (0, 144.40930795307634), (0, 143.69846378230642), (0, 141.75204905364728), (0, 142.9384530781398), (0, 142.8093760540484), (0, 141.45067298657224), (0, 142.87284785614366), (0, 142.3069866556675), (0, 141.35791176853337), (0, 142.48014994484618), (0, 141.1474368876827), (0, 141.46940878398365), (0, 141.69671180165977), (0, 140.90109886371542), (0, 140.98567907932923), (0, 141.20155464616795), (0, 140.60626023942186), (0, 140.81427403929496), (0, 140.67876633148825), (0, 140.32419334027225), (0, 140.46409031082396), (0, 140.40913009759495), (0, 140.1130734006726), (0, 140.05849884117686), (0, 140.09705012009314), (0, 139.95248969394967), (0, 139.84073211722688), (0, 139.8259954014573), (0, 139.77650542805142), (0, 139.65113461365735), (0, 139.61134441298105), (0, 139.64821680675138), (0, 139.589314688849), (0, 139.52092700851085), (0, 139.46146475483062), (0, 139.41682284308808), (0, 139.30326506799096), (0, 139.22964933317763), (0, 139.20268031787435), (0, 139.14732524720472), (0, 139.08350115409866), (0, 139.06072367270343), (0, 139.06369641459298), (0, 139.03697588007822), (0, 139.11764150454312), (0, 138.88263090407526), (0, 138.77867812469458), (0, 138.78337981142897), (0, 138.78926513992778), (0, 138.79909328115758), (0, 138.59699836702447), (0, 138.5237527718469), (0, 138.51377809222976), (0, 138.53136595102325), (0, 138.73352345591036), (0, 138.36798394636543), (0, 138.25963621576864), (0, 138.25909001652434), (0, 138.328282151041), (0, 138.59724045717385), (0, 138.06942644707473), (0, 138.5765056428227), (0, 139.76170469707665), (0, 137.96652335490884), (0, 139.41548283741992), (0, 141.0665212659869), (0, 138.20893661179284), (0, 145.60687624245566), (0, 146.9142274623904), (0, 146.9863398942705), (0, 146.41829418594483), (0, 143.9106223179471), (0, 139.00319075587691), (0, 142.07546576342585), (0, 140.37414404336545), (0, 141.491897467816), (0, 137.94960524116527), (0, 140.96195889896651), (0, 137.74942529107432), (0, 139.34189802789135), (0, 141.13700674651545), (0, 150.72733125167179), (0, 152.18880720649733), (0, 152.92769015567794), (0, 153.28968022655584), (0, 153.16588822375405), (0, 152.8543229466734), (0, 152.55480893571888), (0, 152.2447046858236), (0, 151.88861432694353), (0, 151.52372616089772), (0, 151.21228528279806), (0, 150.95658101902154), (0, 150.70626250690455), (0, 150.4296429719332), (0, 150.13384802626612), (0, 149.8317918755912), (0, 149.51536470884074), (0, 149.1653964317273), (0, 148.7767817169783), (0, 148.3681163721892), (0, 147.97155534119133), (0, 147.6109748257398), (0, 147.27552507491245), (0, 146.90090128518386), (0, 146.376864846947), (0, 145.58211026990276), (0, 144.13965519077684), (0, 141.10176617594527), (0, 142.23902522827626), (0, 141.1380735180457), (0, 142.30003129316907), (0, 142.8890029326954), (0, 143.6848661707039), (0, 143.8786232086837), (0, 142.73081022528174), (0, 141.44988584348016), (0, 141.17933085000942), (0, 142.82511587558548), (0, 142.33502469969304), (0, 141.12158795754004), (0, 142.12234424528634), (0, 141.2281108008282), (0, 140.7556537187274), (0, 141.83644590744854), (0, 141.66341511653513), (0, 140.3831337387251), (0, 140.12483333578652), (0, 140.36430072935835), (0, 139.95365284673704), (0, 139.38450863695587), (0, 138.80540284494924), (0, 138.89892411078736), (0, 138.6939702287704), (0, 138.93902754551033), (0, 138.62429371443025), (0, 138.30916211142824), (0, 138.14984387265255), (0, 138.17982177306448), (0, 138.05424248664502), (0, 137.77695627182106), (0, 137.82341989299547), (0, 137.99323126441507), (0, 137.77221532047912), (0, 137.47374188832003), (0, 137.59172596770347), (0, 137.68723926134578), (0, 137.22676120873678), (0, 137.25674621065917), (0, 137.56548751944075), (0, 137.1897336631635), (0, 138.43732392984722), (0, 137.02929609704415), (0, 137.0853847696249), (0, 136.91707448423563), (0, 136.62777813349723), (0, 136.27246760715818), (0, 136.97487117232035), (0, 136.8625096051412), (0, 137.48776780593522), (0, 135.95733016796567), (0, 137.67616581299552), (0, 136.8431548161813), (0, 137.88036602627744), (0, 135.9382188053719), (0, 136.5429519812248), (0, 137.35015879667728), (0, 137.66687268745096), (0, 135.55043984606579), (0, 138.321309194416), (0, 137.2173816471951), (0, 141.54349292016462), (0, 139.21562248402125), (0, 138.4348974244753), (0, 139.2876004521651), (0, 136.0204737059069), (0, 138.9753497686583), (0, 135.77700001946823), (0, 138.73932443915422), (0, 137.12379910581862), (0, 137.80738957876747), (0, 138.50935360695823), (0, 135.17583656476452), (0, 139.04184148767814), (0, 136.73655125588306), (0, 137.51631333357108), (0, 139.1556219562955), (0, 136.03317024788532), (0, 137.6401784588817), (0, 136.5167826164038), (0, 136.258584413188), (0, 139.24143437813282), (0, 136.93343347120975), (0, 135.5748423060554), (0, 138.08322272199229), (0, 135.80094060894285), (0, 136.16054450975008), (0, 138.38425924620915), (0, 136.20431260745508), (0, 135.11783467691922), (0, 137.31227257744536), (0, 135.42059945876474), (0, 135.8576790506004), (0, 138.13903460944175), (0, 136.0094800179352), (0, 134.68643867311863), (0, 137.51657339259256), (0, 135.19623048078023), (0, 135.8024934026411), (0, 138.45492256409725), (0, 135.67708083727493), (0, 134.49249148926523), (0, 136.75721258809514), (0, 134.3010076529717), (0, 135.01262883882765), (0, 135.01462596015665), (0, 134.74506818798838), (0, 134.00131163765468), (0, 135.1703887733243), (0, 133.88437152127824), (0, 134.3287895546494), (0, 134.00726047111067), (0, 133.9183279395279), (0, 133.63968083886203), (0, 133.76528453720027), (0, 133.60620278699727), (0, 133.5764517596316), (0, 133.2534763328558), (0, 133.33964761542893), (0, 133.14580795524873), (0, 133.20780097024644), (0, 133.27128405676703), (0, 133.08168462010434), (0, 133.48214728243335), (0, 133.34245459495347), (0, 133.49326882527802), (0, 132.90678671790573), (0, 134.21496546263714), (0, 133.24394204030528), (0, 134.1176519910786), (0, 132.65391277007586), (0, 135.01609384325513), (0, 132.9781196214216), (0, 134.40175227473546), (0, 132.4743598912429), (0, 135.34621624759097), (0, 132.6369989711336), (0, 133.7316680976048), (0, 132.484987443749), (0, 134.81555930658618), (0, 132.3574108067275), (0, 133.02452382750846), (0, 132.57018869693792), (0, 132.55030019559734), (0, 132.09419112157403), (0, 132.22324562887988), (0, 132.0047270458519), (0, 132.1946090282726), (0, 132.15885535727767), (0, 132.15635331232332), (0, 131.91553200548276), (0, 131.9084023412272), (0, 132.0213828563307), (0, 131.87567879458652), (0, 131.97597807800372), (0, 131.72060455282116), (0, 131.7394155826463), (0, 131.6740532463295), (0, 131.5427948659393), (0, 131.54741046016252), (0, 131.48681452444092), (0, 131.424621582793), (0, 131.40814999101394), (0, 131.3643102895303), (0, 131.31658706058764), (0, 131.2784537252067), (0, 131.25099968859857), (0, 131.22068893907158), (0, 131.16741115991232), (0, 131.12789713546323), (0, 131.0974457135916), (0, 131.064650255421), (0, 131.0335413851748), (0, 130.98934519980622), (0, 130.9502809852563), (0, 130.9092697557755), (0, 130.8710655645296), (0, 130.8358376872368), (0, 130.80055062025656), (0, 130.76902527741777), (0, 130.7383998477614), (0, 130.71861589976697), (0, 130.7022310226831), (0, 130.74078080468126), (0, 130.65990831301087), (0, 130.6455493083165), (0, 130.5583196209913), (0, 130.52053958544758), (0, 130.47772094219445), (0, 130.4591005912339), (0, 130.42261947429327), (0, 130.4235359394867), (0, 130.3741636428697), (0, 130.3817629379989), (0, 130.29180622273384), (0, 130.25027051851697), (0, 130.20730447782415), (0, 130.1866896978515), (0, 130.16491786559632), (0, 130.2041398256584), (0, 130.12163901448093), (0, 130.13437329688543), (0, 130.04832580389274), (0, 130.0513953793798), (0, 129.9884156582992), (0, 130.0211886138881), (0, 129.9273353837283), (0, 129.9337813229071), (0, 129.85862181724616), (0, 129.87565541334982), (0, 129.80913409550467), (0, 129.85377600135666), (0, 129.72249292779014), (0, 129.68148056142934), (0, 129.6521966299077), (0, 129.69395697834233), (0, 129.6719516899871), (0, 129.84393704565085), (0, 129.5423455354251), (0, 130.68991657567761), (0, 133.39377482733974), (0, 129.44643013043543), (0, 133.635204168448), (0, 130.70294422224586), (0, 131.6738205962685), (0, 133.96323937940906), (0, 130.16524228029255), (0, 137.42231826514623), (0, 135.42104556986018), (0, 135.4731208158707), (0, 138.2101938008117), (0, 135.49128272752), (0, 131.6873756061321), (0, 138.4380739827936), (0, 131.55826158309722), (0, 133.1026723749798), (0, 130.55183206284653), (0, 133.73849571386475), (0, 131.05321299132078), (0, 130.65764875027872), (0, 139.3330624223268), (0, 141.30166476516706), (0, 141.8791029310479), (0, 142.1770996088697), (0, 142.35056922621317), (0, 142.42342218246029), (0, 142.4087272434082), (0, 142.32233825263995), (0, 142.1780378091883), (0, 141.9859570735138), (0, 141.75485187316), (0, 141.49429664048617), (0, 141.21538986206386), (0, 140.93014254362492), (0, 140.64766405868866), (0, 140.3613325286119), (0, 140.0221736910704), (0, 139.49523045959833), (0, 138.4902211283047), (0, 136.8285895368452), (0, 135.5517872493646), (0, 133.80300440359872), (0, 133.40774725858796), (0, 136.14168670773938), (0, 134.15248207806286), (0, 132.08587978843494), (0, 132.25393008927358), (0, 133.16874465463314), (0, 132.07885322572386), (0, 131.26120018283308), (0, 131.12541047348796), (0, 130.26760111938194), (0, 130.70846710711163), (0, 130.83312599545593), (0, 129.795544409821), (0, 130.63693274191215), (0, 129.77856757189937), (0, 129.8210073714017), (0, 129.7914491455961), (0, 129.68430391410078), (0, 129.49239885075275), (0, 129.40354487467678), (0, 129.15447990205044), (0, 129.25757387601217), (0, 128.91975276914667), (0, 129.12614789368257), (0, 128.85546699954844), (0, 128.98600809812046), (0, 128.68704648698298), (0, 128.78187299963378), (0, 128.63813825934955), (0, 128.5430979624085), (0, 128.46922923307883), (0, 128.47151991503816), (0, 128.38588262670604), (0, 128.35762016181764), (0, 128.19745659357704), (0, 128.11949362564243), (0, 128.13438119470928), (0, 128.14756085073347), (0, 127.93709349405943), (0, 128.3066251407207), (0, 128.50855378053814), (0, 128.33532819994787), (0, 128.00828134336484), (0, 128.8587999664543), (0, 128.5838372566214), (0, 129.160776480204), (0, 127.66300838328044), (0, 130.66403837274856), (0, 127.82510636750035), (0, 128.97667525137211), (0, 127.96924710480596), (0, 129.3493238762824), (0, 128.92057622516114), (0, 128.2775593663728), (0, 128.9876908961929), (0, 128.11462272491337), (0, 127.64575981263928), (0, 128.21045526143863), (0, 127.6048926682015), (0, 128.82328944173048), (0, 127.80577081877169), (0, 128.518242189095), (0, 127.96089350663695), (0, 127.81145261994581), (0, 128.14968823944952), (0, 128.32254480216633), (0, 127.97937528025145), (0, 127.73174833487101), (0, 128.27088011938915), (0, 127.11325997577507), (0, 129.09910527269548), (0, 127.5760574403341), (0, 129.78312902060117), (0, 128.38247780807168), (0, 132.9389362549672), (0, 131.26627835637566), (0, 133.09388380826113), (0, 139.52451922792267), (0, 137.57871078262016), (0, 137.8240019581596), (0, 138.16372809055986), (0, 137.82927339343703), (0, 127.96771883167122), (0, 127.51170746179807), (0, 127.11141102224073), (0, 78.27158147007891), (0, 78.16795075740461), (0, 77.78136748839502), (0, 77.09754378710849), (0, 82.08727843862432), (0, 64.10172826570883), (0, 64.19134516771629), (0, 43.39320871347691), (0, 43.34093244528675), (0, 43.26664478751947), (0, 43.1682116623863), (0, 43.047533325648274), (0, 42.90779596229544), (0, 42.75292860919731), (0, 42.5866479083677), (0, 42.412624208094826), (0, 42.235053346578205), (0, 42.05819354669318), (0, 41.885284962101274), (0, 41.718195553501005), (0, 41.55787958643352), (0, 41.404953669603955), (0, 41.2600009971635), (0, 41.123601190826435), (0, 40.996195448702956), (0, 40.87790021829693), (0, 40.76838639256558), (0, 40.66691160818229), (0, 40.57250470703715), (0, 40.4842071964243), (0, 40.401253418541636), (0, 40.3231256021691), (0, 40.24950622141048), (0, 40.18019785492377), (0, 40.11507068544261), (0, 40.05404281469853), (0, 39.997063336637), (0, 39.94407620876722), (0, 39.894972245513365), (0, 39.84955273974479), (0, 39.80751877183058), (0, 39.76848154270708), (0, 39.731976318754796), (0, 39.69746201918526), (0, 39.664301008582676), (0, 39.63174100319729), (0, 39.59891347836204), (0, 39.56484685619129), (0, 39.52865664112953), (0, 39.49018696624606), (0, 39.450825536289564), (0, 39.41316022263184), (0, 39.379114280808174), (0, 39.3488845519364), (0, 39.32162570367146), (0, 39.2963562489008), (0, 39.27233422093549), (0, 39.24908928201128), (0, 39.22635260073801), (0, 39.20398447830161), (0, 39.181922170107285), (0, 39.160145771541906), (0, 39.13865637694468), (0, 39.117461671006694), (0, 39.09656738001338), (0, 39.07597237770194), (0, 39.05566706529105), (0, 39.0356337132704), (0, 39.015848525662626), (0, 38.996284226705995), (0, 38.97691299331313), (0, 38.95770898609359), (0, 38.93865021629324), (0, 38.91971964833805), (0, 38.90090523421101), (0, 38.88219968050795), (0, 38.86359923482828), (0, 38.845102647184646), (0, 38.826709878537876), (0, 38.80842101755696), (0, 38.7902354877358), (0, 38.77215158646701), (0, 38.754166330772506), (0, 38.736275574189015), (0, 38.71847423501103), (0, 38.70075678637124), (0, 38.68311763171554), (0, 38.665551230151536), (0, 38.648052508130306), (0, 38.63061691201743), (0, 38.61324043462025), (0, 38.595919562561065), (0, 38.578651197493365), (0, 38.56143248103326), (0, 38.54426088512143), (0, 38.527133956355975), (0, 38.51004932519639), (0, 38.49300462609013), (0, 38.475997679292135), (0, 38.45902633676638), (0, 38.442088554837966), (0, 38.425182441207774), (0, 38.408306262239044), (0, 38.3914584129213), (0, 38.3746375983537), (0, 38.35784265285392), (0, 38.34107257677519), (0, 38.32432651949488), (0, 38.30760374564493), (0, 38.29090359425849), (0, 38.274225434787255), (0, 38.25756863199639), (0, 38.240932501257575), (0, 38.22431628063183), (0, 38.20771910082849), (0, 38.19113995783467), (0, 38.174577712219126), (0, 38.15803106795179), (0, 38.141498505984366), (0, 38.12497845537915), (0, 38.10846908724328), (0, 38.09196834878669), (0, 38.075473928702294), (0, 38.05898319208044), (0, 38.0424930416047), (0, 38.026000009336784), (0, 38.00949994041569), (0, 37.9929878945884), (0, 37.976457899607865), (0, 37.959902867155435), (0, 37.943314049250844), (0, 37.92668085231832), (0, 37.90999013426824), (0, 37.893225481196865), (0, 37.87636643632307), (0, 37.859386964979855), (0, 37.84225386597944), (0, 37.82492432754771), (0, 37.807342352467764), (0, 37.78943416990453), (0, 37.77110155558416), (0, 37.75221228919757), (0, 37.73258740054441), (0, 37.71198381863238), (0, 37.690073061818055), (0, 37.66641941842168), (0, 37.640471438472936), (0, 37.611600178523524), (0, 37.57925314041772), (0, 37.543315810497795), (0, 37.50468372176055), (0, 37.46570622503742), (0, 37.429775930600705), (0, 37.39975613829702), (0, 37.376275316135654), (0, 37.35739115862177), (0, 37.3398943942347), (0, 37.32109549912521), (0, 37.29979793026001), (0, 37.27621088584013), (0, 37.25134884450763), (0, 37.22640967373409), (0, 37.20232247719866), (0, 37.17950609003166), (0, 37.1578374080817), (0, 37.13679216739718), (0, 37.11567858965285), (0, 37.09387287544895), (0, 37.07098673371306), (0, 37.046936200868416), (0, 37.021915673033966), (0, 36.9963046906211), (0, 36.9705455599116), (0, 36.945030502485665), (0, 36.92002440990486), (0, 36.89563662214379), (0, 36.871837265847674), (0, 36.84850349413708), (0, 36.8254739125482), (0, 36.802594026031954), (0, 36.77974341904453), (0, 36.756844989956164), (0, 36.73386290821814), (0, 36.71079555220452), (0, 36.687668007505486), (0, 36.66452370738789), (0, 36.641414521586974), (0, 36.61838880169453), (0, 36.59547881636631), (0, 36.57269268714217), (0, 36.55001451836773), (0, 36.52741442970638), (0, 36.504865071831894), (0, 36.48235712135265), (0, 36.45990630219541), (0, 36.43754774908625), (0, 36.41532115828764), (0, 36.393254185905334), (0, 36.37135192559371), (0, 36.3495969014679), (0, 36.32795836126861), (0, 36.30640510026681), (0, 36.284916049126096), (0, 36.263484786444714), (0, 36.24211685130935), (0, 36.220822741548204), (0, 36.19961071171517), (0, 36.17848320824287), (0, 36.15743758547399), (0, 36.136470064501644), (0, 36.11557979070104), (0, 36.094769764460736), (0, 36.07404504027837), (0, 36.05340894216353), (0, 36.03286076823734), (0, 36.012395679265865), (0, 35.992007163097625), (0, 35.92444762422034), (0, 35.99051934654459), (0, 35.905199993467434), (0, 35.93524801027183), (0, 35.828270287194236), (0, 35.75547763365095), (0, 35.69911902296509), (0, 35.64974691548753), (0, 35.63787537192189), (0, 35.59420209881625), (0, 35.52490922674163), (0, 35.45801838346425), (0, 35.36606389661047), (0, 35.27297706928246), (0, 35.164542523638325), (0, 35.01627483694436), (0, 34.84458447782013), (0, 34.62539407904616), (0, 34.38155410519011), (0, 34.14534875200366), (0, 33.930294476837155), (0, 33.71573780587449), (0, 33.533613327797674), (0, 33.41395922670461), (0, 33.36636164169174), (0, 33.35543435715357), (0, 33.337629596041104), (0, 33.300859231496005), (0, 33.25534303105157), (0, 33.20696373924108), (0, 33.16651165683606), (0, 33.13841320729503), (0, 33.117820146734), (0, 33.10557982981483), (0, 33.1082494774303), (0, 33.08620820953713), (0, 33.03927330022404), (0, 32.98524599404437), (0, 32.92126899544581), (0, 32.87323212927286), (0, 32.8479989720091), (0, 32.82763303423794), (0, 32.81128937327361), (0, 32.791707869169265), (0, 32.761820952682164), (0, 32.7273199516526), (0, 32.69984976904934), (0, 32.67822407389118), (0, 32.65987231715448), (0, 32.64649534136707), (0, 32.62808549895198), (0, 32.607342569672994), (0, 32.58555162616293), (0, 32.56126104858497), (0, 32.54055906295081), (0, 32.51942653240847), (0, 32.499391505481356), (0, 32.479670517407456), (0, 32.457266713799896), (0, 32.43509039729176), (0, 32.41208692619561), (0, 32.39019409510051), (0, 32.37048249909579), (0, 32.350914644396106), (0, 32.332142542850406), (0, 32.312395616057614), (0, 32.291709037582805), (0, 32.27133665161999), (0, 32.25091175678993), (0, 32.23137766652564), (0, 32.21228594616421), (0, 32.19268578084865), (0, 32.17278887169912), (0, 32.15217001444637), (0, 32.13135579659627), (0, 32.11077558092095), (0, 32.08987240511834), (0, 32.06852636075504), (0, 32.04604487484334), (0, 32.02213437870601), (0, 31.99713443728277), (0, 31.971213334892372), (0, 31.94489435400298), (0, 31.91865499610348), (0, 31.892615012460364), (0, 31.866651904553606), (0, 31.840278163856613), (0, 31.812756188687548), (0, 31.783616201853036), (0, 31.753222284446178), (0, 31.722708758430823), (0, 31.693197424289824), (0, 31.6651908746597), (0, 31.638472133320118), (0, 31.612328564981034), (0, 31.586188406908928), (0, 31.560227361462335), (0, 31.535222128509762), (0, 31.51150428915829), (0, 31.488149199506577), (0, 31.4639564689777), (0, 31.43871953885231), (0, 31.413033473252604), (0, 31.38730628109233), (0, 31.36149437534651), (0, 31.335729123344773), (0, 31.310371820271065), (0, 31.28543139007357), (0, 31.26065020114595), (0, 31.235935424191634), (0, 31.211375792247264), (0, 31.18700472348164), (0, 31.162734775000242), (0, 31.138518986117894), (0, 31.114403494908945), (0, 31.090417693325907), (0, 31.06650570229965), (0, 31.04259509800614), (0, 31.01869539719279), (0, 30.994859766749244), (0, 30.97108776540961), (0, 30.94732430007709), (0, 30.92354040003944), (0, 30.899747332902393), (0, 30.875899663566464), (0, 30.851850894321036), (0, 30.827394089475394), (0, 30.802222346132815), (0, 30.775693128908607), (0, 30.74648554710532), (0, 30.71230041785005), (0, 30.669924398489666), (0, 30.616895205189877), (0, 30.556245051685533), (0, 30.502174366643537), (0, 30.468423202101224), (0, 30.440697418158962), (0, 30.407229063980658), (0, 30.367162860456606), (0, 30.324388100222436), (0, 30.284193325325873), (0, 30.249432720602037), (0, 30.218812740738073), (0, 30.189033291693637), (0, 30.15726951043303), (0, 30.122091292401755), (0, 30.084654807117218), (0, 30.047596704636327), (0, 30.01260876668191), (0, 29.980305354772725), (0, 29.950646055497057), (0, 29.922192805312235), (0, 29.893326666718437), (0, 29.86396295988845), (0, 29.833979281696937), (0, 29.803667148575226), (0, 29.773863255856266), (0, 29.744635248178646), (0, 29.71580773680738), (0, 29.687136704787775), (0, 29.658241009968453), (0, 29.628713821862902), (0, 29.598795178066045), (0, 29.568779658331408), (0, 29.538095889175537), (0, 29.5073194313448), (0, 29.476239965459975), (0, 29.443602464038978), (0, 29.40996824409775), (0, 29.37578829433005), (0, 29.34221091933572), (0, 29.310260818986958), (0, 29.279025861984984), (0, 29.247848477990324), (0, 29.216477456146777), (0, 29.18456591276273), (0, 29.152515015401328), (0, 29.121090335494333), (0, 29.09049317657364), (0, 29.060970350718822), (0, 29.03236697034039), (0, 29.004029907611987), (0, 28.975647926089167), (0, 28.946878216600663), (0, 28.917928003677932), (0, 28.889106636840527), (0, 28.860481510878188), (0, 28.83224091938857), (0, 28.804305105334972), (0, 28.776621766321853), (0, 28.749197255659393), (0, 28.72194511558157), (0, 28.694852606193237), (0, 28.667879054789555), (0, 28.64095996221555), (0, 28.61405776743893), (0, 28.5872267289575), (0, 28.56048617167516), (0, 28.53383927634708), (0, 28.50732871666651), (0, 28.480972752984876), (0, 28.454745812311415), (0, 28.42858850582034), (0, 28.402487164935202), (0, 28.3764267860977), (0, 28.350349969739273), (0, 28.324217577965292), (0, 28.297996346246947), (0, 28.271592526999186), (0, 28.244829735361606), (0, 28.217439235382745), (0, 28.189030621606143), (0, 28.15912636502417), (0, 28.127450932966948), (0, 28.094192990035133), (0, 28.05906180536068), (0, 28.020372174443516), (0, 27.97692697849482), (0, 27.93041154073667), (0, 27.885806825486767), (0, 27.84696197334267), (0, 27.8117350280342), (0, 27.775758450717866), (0, 27.738452503846027), (0, 27.701492633959), (0, 27.664833717061533), (0, 27.62988361010992), (0, 27.597205289031812), (0, 27.56559088136288), (0, 27.534892370731768), (0, 27.50461933091741), (0, 27.473870243792224), (0, 27.442825917587744), (0, 27.411804671158343), (0, 27.380647593347945), (0, 27.349601146949677), (0, 27.319149554462946), (0, 27.28914046708959), (0, 27.259433134618632), (0, 27.230228334638795), (0, 27.201141439977192), (0, 27.17190995152849), (0, 27.142798634360727), (0, 27.1136958105973), (0, 27.08459049866889), (0, 27.055743091386372), (0, 27.027062368780513), (0, 26.998537274069385), (0, 26.97028506949254), (0, 26.94217521557293), (0, 26.914164852368383), (0, 26.886327556228792), (0, 26.858600011647763), (0, 26.83099829173266), (0, 26.8035744858883), (0, 26.77625361252313), (0, 26.749051285247287), (0, 26.722004795543135), (0, 26.695051098452687), (0, 26.668208343600522), (0, 26.641493285608938), (0, 26.614871593248743), (0, 26.588379089007343), (0, 26.562014858267126), (0, 26.53575565258894), (0, 26.509625395568367), (0, 26.48360797025176), (0, 26.4576917757587), (0, 26.43188931143151), (0, 26.4061809768354), (0, 26.380570253052884), (0, 26.35506785678528), (0, 26.329659543026757), (0, 26.30435207742818), (0, 26.279144368594128), (0, 26.254027086683404), (0, 26.229008045196522), (0, 26.204080288857774), (0, 26.17924191529537), (0, 26.154498114655834), (0, 26.12984204422721), (0, 26.105276054671986), (0, 26.08079848031333), (0, 26.05640395984226), (0, 26.032095517026608), (0, 26.007869391668883), (0, 25.983724667489085), (0, 25.959662505067563), (0, 25.93567948283612), (0, 25.911777123716284), (0, 25.887954020649904), (0, 25.864207825421534), (0, 25.84053879098936), (0, 25.816943826041967), (0, 25.79342225754158), (0, 25.76997303522799), (0, 25.74659407893634), (0, 25.72328578178031), (0, 25.70004664906675), (0, 25.676876171087393), (0, 25.65377390788917), (0, 25.630738360644706), (0, 25.60776951919057), (0, 25.58486629034853), (0, 25.56202798305098), (0, 25.539254282358936), (0, 25.516544077094824), (0, 25.49389718243485), (0, 25.471312652327974), (0, 25.448789847259373), (0, 25.42632830317335), (0, 25.40392716815681), (0, 25.381586101200064), (0, 25.35930443995109), (0, 25.337081759336805), (0, 25.31491784341348), (0, 25.29281251015267), (0, 25.27076674589127), (0, 25.248782548645377), (0, 25.226866961181358), (0, 25.20503202452248), (0, 25.18331903629064), (0, 25.161777027384346), (0, 25.1406475285152), (0, 25.119944909780624), (0, 25.100861448083798), (0, 25.080687734310725), (0, 25.062489915218894), (0, 25.03555275946423), (0, 25.010819397603967), (0, 24.990183878772307), (0, 24.970649683574834), (0, 24.948878243212075), (0, 24.92549361403134), (0, 24.905711618301996), (0, 24.885933248878526), (0, 24.86242362177779), (0, 24.841734149907836), (0, 24.822355446991796), (0, 24.799675405537435), (0, 24.77855720778759), (0, 24.75896972202313), (0, 24.73718478622803), (0, 24.716083988359472), (0, 24.696199192935936), (0, 24.674982757904306), (0, 24.654069785629872), (0, 24.634032667572257), (0, 24.613202650482705), (0, 24.592491021095935), (0, 24.572402176301434), (0, 24.55186193176478), (0, 24.531319442301186), (0, 24.511225875044648), (0, 24.49091859597506), (0, 24.47054027274241), (0, 24.450481910734414), (0, 24.430375504109925), (0, 24.410157981916054), (0, 24.390137799894624), (0, 24.370203801171108), (0, 24.350171675430058), (0, 24.330198943895745), (0, 24.31037896898441), (0, 24.290548048249125), (0, 24.27067386896298), (0, 24.250907211836005), (0, 24.23122818264828), (0, 24.211521595383562), (0, 24.19183107386351), (0, 24.17223329233946), (0, 24.152686957235503), (0, 24.133135683598233), (0, 24.113612478676593), (0, 24.09416437286621), (0, 24.074760065551903), (0, 24.055361709890786), (0, 24.035996177234058), (0, 24.016690945023633), (0, 23.997427486190734), (0, 23.97818261328522), (0, 23.958966747056298), (0, 23.93980096573845), (0, 23.920678706654954), (0, 23.9015817335133), (0, 23.88251252596585), (0, 23.8634846762253), (0, 23.84449956626219), (0, 23.82554630853351), (0, 23.8066203688326), (0, 23.787729494057764), (0, 23.768878680772303), (0, 23.75006331644403), (0, 23.731277793303587), (0, 23.712523337581832), (0, 23.69380498062426), (0, 23.675123026837557), (0, 23.656473374942486), (0, 23.63785409966026), (0, 23.61926722410306), (0, 23.60071512093937), (0, 23.58219684714949), (0, 23.563709911281578), (0, 23.54525378421357), (0, 23.526829836585875), (0, 23.50843908565825), (0, 23.490080716617694), (0, 23.471753291827273), (0, 23.45345654801324), (0, 23.435191212189455), (0, 23.416957773841858), (0, 23.39875578637273), (0, 23.38058437710377), (0, 23.362443248328802), (0, 23.344332684989514), (0, 23.32625298272074), (0, 23.30820393405906), (0, 23.29018504664443), (0, 23.272195965085107), (0, 23.25423666299102), (0, 23.236307303431705), (0, 23.218407858624772), (0, 23.200538061020918), (0, 23.182697594586692), (0, 23.16488627112838), (0, 23.147104102188774), (0, 23.12935109073474), (0, 23.111627106771564), (0, 23.09393195536912), (0, 23.07626541026915), (0, 23.058627369279144), (0, 23.041017781314657), (0, 23.023436568191116), (0, 23.005883630523492), (0, 22.98835878644212), (0, 22.97086189759744), (0, 22.953392850696364), (0, 22.935951546115724), (0, 22.91853792356405), (0, 22.901151856747443), (0, 22.883793233284617), (0, 22.866461902708373), (0, 22.849157770662103), (0, 22.831880727468278), (0, 22.8146307036234), (0, 22.797407581868892), (0, 22.78021126849461), (0, 22.76304162848722), (0, 22.74589855548227), (0, 22.728781971626262), (0, 22.711691767746906), (0, 22.694627867899253), (0, 22.677590152368584), (0, 22.660578516867044), (0, 22.6435928786534), (0, 22.62663312368505), (0, 22.60969916103453), (0, 22.592790918070285), (0, 22.575908281661835), (0, 22.559051155028197), (0, 22.542219460898615), (0, 22.525413088367433), (0, 22.50863194809512), (0, 22.491875970288167), (0, 22.47514504673434), (0, 22.45843908648409), (0, 22.441758017789144), (0, 22.425101732883217), (0, 22.40847014578869), (0, 22.391863188979453), (0, 22.375280758711348), (0, 22.358722768904975), (0, 22.342189151878348), (0, 22.325679804953907), (0, 22.309194644259364), (0, 22.292733606409808), (0, 22.276296590564787), (0, 22.259883514764876), (0, 22.243494315846174), (0, 22.227128894259916), (0, 22.21078718880762), (0, 22.194469101718504), (0, 22.17817455442969), (0, 22.16190348698806), (0, 22.1456558025514), (0, 22.12943142409821), (0, 22.11323029302224), (0, 22.097052315645257), (0, 22.08089743435453), (0, 22.064765555741047), (0, 22.048656623558703), (0, 22.03257054521465), (0, 22.016507247512873), (0, 22.000466675539943), (0, 21.984448738701207), (0, 21.96845338325023), (0, 21.952480519008983), (0, 21.936530093528972), (0, 21.920602017880668), (0, 21.904696222052706), (0, 21.888812654516634), (0, 21.872951227787244), (0, 21.85711189142496), (0, 21.841294558858422), (0, 21.825499180567597), (0, 21.80972567090131), (0, 21.79397398085245), (0, 21.778244026055038), (0, 21.76253574010634), (0, 21.746849075642817), (0, 21.731183949178828), (0, 21.715540313663546), (0, 21.69991808692311), (0, 21.684317222462543), (0, 21.668737638870034), (0, 21.65317927277332), (0, 21.637642079018104), (0, 21.6221259772498), (0, 21.606630922973213), (0, 21.59115683652482), (0, 21.575703674390308), (0, 21.560271357289896), (0, 21.544859824569368), (0, 21.52946903358071), (0, 21.514098906381218), (0, 21.498749400927284), (0, 21.483420439885645), (0, 21.468111964226114), (0, 21.45282393282636), (0, 21.437556269331903), (0, 21.4223089334415), (0, 21.407081849245714), (0, 21.391874959180985), (0, 22.218328613526108), (0, 21.82126896169667), (0, 21.763254432498375), (0, 21.93265389128354), (0, 21.78773383142305), (0, 21.21583531297373), (0, 21.361323025029996), (0, 21.845830583273663), (0, 21.261025960749386), (0, 21.057080382545287), (0, 21.045502542508046), (0, 20.87465164027195), (0, 20.58637454353743), (0, 20.3466439763449), (0, 20.302950119304395), (0, 20.118174472974875), (0, 19.98553492406217), (0, 19.8864634462971), (0, 19.76624468532171), (0, 19.63478035355683), (0, 19.494429769270244), (0, 19.358222442779443), (0, 19.22598155176078), (0, 19.098538603233088), (0, 18.97761258608175), (0, 18.85960153217004), (0, 18.736247166768848), (0, 18.602891934529314), (0, 18.473659287303015), (0, 18.35377452230787), (0, 18.240073521128704), (0, 18.128809863057846), (0, 18.015089875949833), (0, 17.900325332781538), (0, 17.78556803857378), (0, 17.674351840310457), (0, 17.567052196092764), (0, 17.46293519905354), (0, 17.359974553602726), (0, 17.256284254223004), (0, 17.15323318717069), (0, 17.05185617657656), (0, 16.952534439150845), (0, 16.853655323285025), (0, 16.755580312499397), (0, 16.659360454537513), (0, 16.56497746445227), (0, 16.471395660056817), (0, 16.37759424940989), (0, 16.284686207873925), (0, 16.1942831717186), (0, 16.10651283765307), (0, 16.01915340291657), (0, 16.007820614131198), (0, 15.88461794037628), (0, 15.8329630252883), (0, 15.765826714212126), (0, 15.682513007508746), (0, 15.610539439436677), (0, 15.561471001911338), (0, 15.500593098858946), (0, 15.425138068401916), (0, 15.361795371020822), (0, 15.306752528465768), (0, 15.243018039104966), (0, 15.17345875745017), (0, 15.10705872171945), (0, 15.049751348950885), (0, 14.992591308217346), (0, 14.92964135943212), (0, 14.868145217615602), (0, 14.80913684632064), (0, 14.7504273688596), (0, 14.691271032744691), (0, 14.63364395932891), (0, 14.57706757600279), (0, 14.519881934045317), (0, 14.461913709561962), (0, 14.405229934851668), (0, 14.351575197864694), (0, 14.297815648142102), (0, 14.242511945215783), (0, 14.18838705140573), (0, 14.136190504329006), (0, 14.084100543011889), (0, 14.032669084622029), (0, 13.980924346125144), (0, 13.929375495779027), (0, 13.879653068100515), (0, 13.830360726291017), (0, 13.780745566171325), (0, 13.731834512494707), (0, 13.683639130273129), (0, 13.636242398518462), (0, 13.589248985089409), (0, 13.541921119002001), (0, 13.495814432879962), (0, 13.450376219576919), (0, 13.404851107864339), (0, 13.35972768117463), (0, 13.31480785297465), (0, 13.269479530458868), (0, 13.221995624391047), (0, 13.164455648772178), (0, 13.058158855700423), (0, 12.84026055575207), (0, 12.600790684085673), (0, 12.533912006948016), (0, 12.498217454610925), (0, 12.486263420725463), (0, 12.409904252198517), (0, 12.32721288941288), (0, 12.245222053000239), (0, 12.148058851301723), (0, 12.089545176277408), (0, 12.036192818209587), (0, 11.98891706987254), (0, 11.94732562116382), (0, 11.860519337044755), (0, 11.712056871593607), (0, 11.476537062759817), (0, 11.333399183469606), (0, 11.331278346199298), (0, 11.290923547705344), (0, 11.272594179995126), (0, 11.197066587004658), (0, 11.131175327744769), (0, 11.048861028535974), (0, 10.982091759216772), (0, 10.91101330630197), (0, 10.869242326743617), (0, 10.792333738348706), (0, 10.637659676485706), (0, 10.344305446146876), (0, 10.076455434081298), (0, 10.044182862296195), (0, 10.021066221343695), (0, 10.005309637759275), (0, 9.93387605825333), (0, 9.793969638594136), (0, 9.692365264467064), (0, 9.615650851597074), (0, 9.535872851616794), (0, 9.492387260478962), (0, 9.461070390154058), (0, 9.42587801246026), (0, 9.374159488885518), (0, 9.319823115547937), (0, 9.26851085801764), (0, 9.208019655181845), (0, 9.163470772949342), (0, 9.124940877332174), (0, 9.080757741358006), (0, 9.04151151983347), (0, 9.008126254847047), (0, 8.970252459659886), (0, 8.93049042251274), (0, 8.894629815276938), (0, 8.85906729307418), (0, 8.818910568435172), (0, 8.776362499049693), (0, 8.727387203160104), (0, 8.646320907975564), (0, 8.507203630782783), (0, 8.387583306592841), (0, 8.349849041283168), (0, 8.323664915194303), (0, 8.300410207821601), (0, 8.267846974399548), (0, 8.233492865547868), (0, 8.199865242095877), (0, 8.153403516198908), (0, 8.118043033492983), (0, 8.076755416400415), (0, 8.04082244900056), (0, 7.997958070821106), (0, 7.956651896007745), (0, 7.91785729981132), (0, 7.877452508101996), (0, 7.844809357151919), (0, 7.813162101681848), (0, 7.781735375267896), (0, 7.752274435216058), (0, 7.721527486389792), (0, 7.690923715244024), (0, 7.659761663454878), (0, 7.628333086529659), (0, 7.598952174814403), (0, 7.569253725674561), (0, 7.540209648660523), (0, 7.512580213696994), (0, 7.48399690360877), (0, 7.455187928326702), (0, 7.425995019344543), (0, 7.396006190336642), (0, 7.364946502525735), (0, 7.3294487054904085), (0, 7.281704526273719), (0, 7.207428574785924), (0, 7.134488743767634), (0, 7.108676997131997), (0, 7.07102305646025), (0, 7.053752156541375), (0, 7.013718673629467), (0, 6.9933040578263945), (0, 6.954598613902849), (0, 6.933608396330079), (0, 6.902340027395653), (0, 6.8788843151274195), (0, 6.8474085684900174), (0, 6.818661215870895), (0, 6.786061299153196), (0, 6.75475253685952), (0, 6.727205032062232), (0, 6.698321811703006), (0, 6.673557628077039), (0, 6.645362339257198), (0, 6.621182636312029), (0, 6.592365222965099), (0, 6.566166010595648), (0, 6.539995692304245), (0, 6.513412287684833), (0, 6.489367870109289), (0, 6.463648154854166), (0, 6.4389675371319335), (0, 6.413958121586705), (0, 6.387075216522091), (0, 6.360513613400306), (0, 6.331012209644015), (0, 6.2982903897064855), (0, 6.265844368246505), (0, 6.239788762754413), (0, 6.218918424357261), (0, 6.193476950278941), (0, 6.167788699700628), (0, 6.140380414009523), (0, 6.114434444179069), (0, 6.090145194586272), (0, 6.065525180122924), (0, 6.041049494844277), (0, 6.014411394486012), (0, 5.988266841737038), (0, 5.9628936238715715), (0, 5.93853159281233), (0, 5.915948254002494), (0, 5.893019502171691), (0, 5.870126260660363), (0, 5.846537935866101), (0, 5.823039034577551), (0, 5.799897094790548), (0, 5.776812640594702), (0, 5.754376505138865), (0, 5.731968876763938), (0, 5.709817002470725), (0, 5.6880361590179085), (0, 5.666518360815215), (0, 5.64542450225937), (0, 5.6242956655686696), (0, 5.603316722169414), (0, 5.582229488363392), (0, 5.561195270354092), (0, 5.540453938921897), (0, 5.519974198543363), (0, 5.499884389828604), (0, 5.479967612018655), (0, 5.4602032187810146), (0, 5.440511010571746), (0, 5.4208409576156935), (0, 5.40131638368568), (0, 5.381842954186363), (0, 5.36238276410321), (0, 5.342828736304327), (0, 5.322990432925712), (0, 5.302566207121559), (0, 5.280693733488603), (0, 5.25534996536707), (0, 5.221670357207178), (0, 5.174213450822061), (0, 5.125772428169897), (0, 5.098227719512193), (0, 5.081473176868575), (0, 5.0609985153946635), (0, 5.043041766511843), (0, 5.0226602668197025), (0, 5.003457791466961), (0, 4.981587550424039), (0, 4.962308448021465), (0, 4.941718798363724), (0, 4.9226673765464914), (0, 4.902853188206712), (0, 4.883891865212473), (0, 4.863857489462617), (0, 4.843814825799772), (0, 4.8235703283460545), (0, 4.803237526192387), (0, 4.783261103907978), (0, 4.763638220330901), (0, 4.744288464287694), (0, 4.725421612315339), (0, 4.7068958534472465), (0, 4.6887937442983425), (0, 4.6705922516353136), (0, 4.65279631315629), (0, 4.634847379041248), (0, 4.61713466368365), (0, 4.599289831069535), (0, 4.581797463707171), (0, 4.564359663294874), (0, 4.547281811351147), (0, 4.530316374256772), (0, 4.513362129690316), (0, 4.496493631193446), (0, 4.479665584993603), (0, 4.463125613713145), (0, 4.446739374702994), (0, 4.430616316256294), (0, 4.414577471674112), (0, 4.398593803685815), (0, 4.382698268661407), (0, 4.366874922746184), (0, 4.351233873706268), (0, 4.3357123079171975), (0, 4.3203563074331255), (0, 4.305066680830185), (0, 4.28986437573674), (0, 4.274776214140874), (0, 4.2597979877238155), (0, 4.244958932010437), (0, 4.230194490842944), (0, 4.215499971410184), (0, 4.200802829295186), (0, 4.186059205808629), (0, 4.171144494177128), (0, 4.155849605684715), (0, 4.139811207520574), (0, 4.122258577786464), (0, 4.10152356800207), (0, 4.073554660587537), (0, 4.029555464052685), (0, 3.9624124132381056), (0, 3.9002680437797395), (0, 3.882953522369952), (0, 3.8767465954980294), (0, 3.845077542036226), (0, 3.8145706538484547), (0, 3.7845689325401275), (0, 3.7594199883028137), (0, 3.7333714101712236), (0, 3.7119965065287355), (0, 3.7003703834601716), (0, 3.6880793828941227), (0, 3.6736686719412406), (0, 3.650819393558975), (0, 3.628296796303459), (0, 3.61020441633393), (0, 3.5978115139244733), (0, 3.5856452526874234), (0, 3.5695853567254083), (0, 3.552920738167705), (0, 3.5363150009213897), (0, 3.523348826920293), (0, 3.511749583129488), (0, 3.4988638026023824), (0, 3.4839161270546626), (0, 3.468266222152637), (0, 3.4545993148518335), (0, 3.4417013356331685), (0, 3.4295407039754373), (0, 3.416292638983192), (0, 3.402578754752753), (0, 3.3893246924179747), (0, 3.3770002601774225), (0, 3.3654063338276274), (0, 3.353102535006256), (0, 3.340496749904378), (0, 3.3275812086147645), (0, 3.3153011073748555), (0, 3.3035933382282803), (0, 3.29195036683715), (0, 3.2801023228048027), (0, 3.2680383460702904), (0, 3.2563493693102483), (0, 3.244917662860898), (0, 3.2337549209504575), (0, 3.2224776216379083), (0, 3.2110583888925754), (0, 3.199750785080764), (0, 3.188676446800761), (0, 3.177835956647906), (0, 3.166940304521589), (0, 3.1560342359629274), (0, 3.14514541513714), (0, 3.1344257239004434), (0, 3.1238885481418377), (0, 3.113400827299704), (0, 3.102918050016897), (0, 3.09244505631377), (0, 3.0821098600383516), (0, 3.0718797728346603), (0, 3.061725913912778), (0, 3.0515944798722243), (0, 3.0414879500591354), (0, 3.0314712170564686), (0, 3.0215492679420066), (0, 3.011710525797206), (0, 3.001899151671756), (0, 2.9921345089077573), (0, 2.982435924668198), (0, 2.97281717569721), (0, 2.963270317042718), (0, 2.9537640583765237), (0, 2.944302647141615), (0, 2.934894621248248), (0, 2.9255589339763834), (0, 2.9162824062853927), (0, 2.9070537138878842), (0, 2.8978724483024454), (0, 2.888742931458652), (0, 2.879676479026731), (0, 2.870665318238206), (0, 2.8617029098833586), (0, 2.8527835130370334), (0, 2.8439138342092383), (0, 2.8350983847435565), (0, 2.826333470638727), (0, 2.8176164170898357), (0, 2.808943204930514), (0, 2.800318056715722), (0, 2.791742425421607), (0, 2.7832151759177988), (0, 2.7747322636892533), (0, 2.766292082306396), (0, 2.7578972044276213), (0, 2.7495477163150395), (0, 2.741243495186632), (0, 2.732981744574193), (0, 2.724761799929379), (0, 2.716584489672508), (0, 2.7084501957107103), (0, 2.7003580751572014), (0, 2.6923060931316436), (0, 2.6842942368108567), (0, 2.6763224910395507), (0, 2.668391107121348), (0, 2.6604992521832536), (0, 2.652645685763296), (0, 2.644830123676236), (0, 2.637052510429471), (0, 2.629312808074413), (0, 2.621610060235475), (0, 2.6139435993855353), (0, 2.6063129602101993), (0, 2.598717933024954), (0, 2.5911582427942124), (0, 2.5836330682684263), (0, 2.576141813214605), (0, 2.5686840059276337), (0, 2.5612593639836785), (0, 2.5538673507769043), (0, 2.5465072936212927), (0, 2.539178576422267), (0, 2.5318806577537294), (0, 2.5246131181562497), (0, 2.517375281380046), (0, 2.5101664461700524), (0, 2.5029859422293037), (0, 2.4958331668036564), (0, 2.4904929723395153), (0, 2.7981490838174423), (0, 2.4905825970596123), (0, 2.6105400120576476), (0, 2.652211641727758), (0, 2.5641046063435735), (0, 2.461440040969621), (0, 2.4422818340251222), (0, 2.4986105844543935), (0, 2.518623361621762), (0, 2.4664929255095633), (0, 2.4071078551926743), (0, 2.3901736151308937), (0, 2.4042890310969787), (0, 2.4128691155083906), (0, 2.397471294514713), (0, 2.367965943563335), (0, 2.3479036070637256), (0, 2.3464890718390876), (0, 2.3449553445965146), (0, 2.3291207784260224), (0, 2.31036929397173), (0, 2.301266502945194), (0, 2.298366063760688), (0, 2.2929991871820508), (0, 2.282409075288104), (0, 2.2696960525370553), (0, 2.259060715685102), (0, 2.2510616865594293), (0, 2.242712767093702), (0, 2.2327568075826836), (0, 2.223258522484168), (0, 2.2150323229557096), (0, 2.206373975838306), (0, 2.1967639495903075), (0, 2.187724321705017), (0, 2.1803034621899053), (0, 2.1734066913508596), (0, 2.1651689847911046), (0, 2.15575535778186), (0, 2.1472561275068287), (0, 2.14025177992195), (0, 2.1326800036677875), (0, 2.123483303190822), (0, 2.1144114563442025), (0, 2.106876922731832), (0, 2.0998186697586205), (0, 2.0916913463955535), (0, 2.0828432804288295), (0, 2.0746973566221154), (0, 2.067390542872276), (0, 2.0597512033046255), (0, 2.0514853564500495), (0, 2.0435083952970343), (0, 2.036095206144969), (0, 2.0285103601655963), (0, 2.020444768744046), (0, 2.0124438579545894), (0, 2.0048461636514716), (0, 1.9972811136658213), (0, 1.9894669698858722), (0, 1.9816756453984983), (0, 1.974081021161421), (0, 1.966470340163488), (0, 1.958778594668693), (0, 1.951189435507481), (0, 1.9437121587425406), (0, 1.936182837882392), (0, 1.9286110205778173), (0, 1.9211399533757176), (0, 1.9137481003870214), (0, 1.906329641764385), (0, 1.8989324919090709), (0, 1.8916174374873278), (0, 1.8843039818441982), (0, 1.876961432779701), (0, 1.8696900968467758), (0, 1.8625087292343165), (0, 1.855320030361447), (0, 1.8481220767994082), (0, 1.8410022295477202), (0, 1.8339442013125553), (0, 1.8268773583272861), (0, 1.8198381534836958), (0, 1.8128779129848829), (0, 1.805945484226533), (0, 1.7990115740444446), (0, 1.7921326583845631), (0, 1.7853118849759975), (0, 1.7784976278937195), (0, 1.7717099409832655), (0, 1.7649757987341443), (0, 1.7582646311374361), (0, 1.751580893956556), (0, 1.7449457478293962), (0, 1.7383322205470901), (0, 1.7317490966617415), (0, 1.7252028998887363), (0, 1.718676179051469), (0, 1.7121891450668425), (0, 1.7057260731035384), (0, 1.6992831935949297), (0, 1.6928815661211478), (0, 1.6864965216108514), (0, 1.6801464812418914), (0, 1.6738203329347647), (0, 1.6675231447775887), (0, 1.6612529396456182), (0, 1.6550075911673678), (0, 1.6487946156439988), (0, 1.6426029756104281), (0, 1.6364422718048537), (0, 1.630305237253077), (0, 1.6241986491803893), (0, 1.618115266812664), (0, 1.6120610245571476), (0, 1.606032642678957), (0, 1.600029351638251), (0, 1.594054404455286), (0, 1.5881030024444251), (0, 1.582180175177467), (0, 1.5762802206794315), (0, 1.5704072618563076), (0, 1.56456016517597), (0, 1.5587362878846314), (0, 1.5529396432298936), (0, 1.5471671536082288), (0, 1.541418239539989), (0, 1.5356955057364159), (0, 1.529996844388422), (0, 1.5243214917233332), (0, 1.5186712238390019), (0, 1.51304540769306), (0, 1.5074427290538235), (0, 1.5018637714645158), (0, 1.4963091624287976), (0, 1.490778356268606), (0, 1.4852708048031729), (0, 1.4797864333636253), (0, 1.4743252693539735), (0, 1.4688874686979676), (0, 1.4634730049983364), (0, 1.4580816616234993), (0, 1.452713401440956), (0, 1.4473683307253182), (0, 1.4420469422339786), (0, 1.4367506921576023), (0, 1.4314850022530647), (0, 1.4262507144858412), (0, 1.4210446987366607), (0, 1.415800892298824), (0, 1.410578055078732), (0, 1.405426806702494), (0, 1.4003014383497687), (0, 1.3951609080983776), (0, 1.3900400014914323), (0, 1.3849788824466338), (0, 1.3799303247385042), (0, 1.3748690373646428), (0, 1.3698509245816548), (0, 1.3648735054279801), (0, 1.359892269899826), (0, 1.3549246247084843), (0, 1.3499976175561983), (0, 1.3450947550344436), (0, 1.3401974390734441), (0, 1.3353168994831763), (0, 1.330470453764827), (0, 1.3256476503913788), (0, 1.3208333644740369), (0, 1.3160353155767033), (0, 1.3112641086656898), (0, 1.3065185486657054), (0, 1.3017903773142012), (0, 1.2970749069938963), (0, 1.2923774157312997), (0, 1.287702388954809), (0, 1.2830503775581703), (0, 1.2784187469007002), (0, 1.273804339667839), (0, 1.269206951050055), (0, 1.2646257690630685), (0, 1.260062697076831), (0, 1.2555178339316893), (0, 1.2509918544576921), (0, 1.246484428503606), (0, 1.2419952805297596), (0, 1.237524021381523), (0, 1.2330703765843993), (0, 1.2286341401486323), (0, 1.2242151903806315), (0, 1.2198136288712054), (0, 1.2154301514542603), (0, 1.211068116976069), (0, 1.2067386102190172), (0, 1.2024843825710316), (0, 1.198328169711789), (0, 1.1941964380417482), (0, 1.1895834648357693), (0, 1.1852152830481595), (0, 1.1811885164049862), (0, 1.1768018221702243), (0, 1.1724658702104183), (0, 1.1684056246496222), (0, 1.1641200379135879), (0, 1.159860527649507), (0, 1.1557908066829552), (0, 1.151570716835656), (0, 1.147372162978293), (0, 1.1433061747216626), (0, 1.139141694030485), (0, 1.1349858525815908), (0, 1.1309279823407439), (0, 1.126814169983798), (0, 1.1226867508594343), (0, 1.1186310445163081), (0, 1.1145609385082698), (0, 1.11045681019114), (0, 1.1063876581071646), (0, 1.1023405553426326), (0, 1.0982630702882739), (0, 1.0941689636650873), (0, 1.090096796083295), (0, 1.086026001164443), (0, 1.0819193102673834), (0, 1.0777856189247457), (0, 1.0736376084236354), (0, 1.0694736046251057), (0, 1.065279156994026), (0, 1.0610322375572385), (0, 1.0567355318207765), (0, 1.0523715428282636), (0, 1.047962929292127), (0, 1.043501806616399), (0, 1.0391097611438798), (0, 1.0348524035426365), (0, 1.031156549213562), (0, 1.0263654621907385), (0, 1.0206716261210587), (0, 1.0151749432138621), (0, 1.0112523761336034), (0, 1.0073290466610865), (0, 1.0016300639617033), (0, 0.9963272140029781), (0, 0.9925120763190827), (0, 0.9883246005924723), (0, 0.9832622110391991), (0, 0.9787083226660698), (0, 0.9750916814977729), (0, 0.9711032076562818), (0, 0.9665193811314998), (0, 0.962591728608472), (0, 0.9590679799021695), (0, 0.9549715568030672), (0, 0.9507972171358997), (0, 0.9471594333432755), (0, 0.9434141670756759), (0, 0.9393143480436926), (0, 0.9354638248031546), (0, 0.931809788447374), (0, 0.9278856757810624), (0, 0.9238951069533384), (0, 0.920155299677931), (0, 0.9163871206746848), (0, 0.912418798376863), (0, 0.9085142794173426), (0, 0.9047597919725014), (0, 0.9009549345761044), (0, 0.8970293979647924), (0, 0.8931162739562779), (0, 0.8892890575286176), (0, 0.8854786793090348), (0, 0.8815963157132354), (0, 0.877642517807683), (0, 0.8736632126991094), (0, 0.8696963387854693), (0, 0.8657424333925499), (0, 0.8617863002987992), (0, 0.857821078779178), (0, 0.8538467407402098), (0, 0.8498988508760594), (0, 0.8460189050123292), (0, 0.8423525339105907), (0, 0.8389421130697665), (0, 0.8358770171295242), (0, 0.8320534755413633), (0, 0.8268024864985336), (0, 0.8207564167557493), (0, 0.8161529866842923), (0, 0.8130132308162403), (0, 0.8094754169600438), (0, 0.8043934858913209), (0, 0.798718392780425), (0, 0.7942578349531504), (0, 0.7907289338578507), (0, 0.7865802456157505), (0, 0.7812767953117566), (0, 0.7758428971026216), (0, 0.7712072032774162), (0, 0.7671485775552449), (0, 0.7627859490029202), (0, 0.7577260526160619), (0, 0.7522770547119038), (0, 0.74688703979365), (0, 0.7418923381104067), (0, 0.7373039816406858), (0, 0.7331006975245475), (0, 0.7296128963574646), (0, 0.7273153151482522), (0, 0.7271296678313985), (0, 0.7262161235900284), (0, 0.7228015078209493), (0, 0.7103220579764687), (0, 0.7038951979335049), (0, 0.7053249432970915), (0, 0.7021213257615628), (0, 0.69419905528709), (0, 0.6900711585553057), (0, 0.6895343560996922), (0, 0.6847136667903541), (0, 0.6788102401157513), (0, 0.677795132773508), (0, 0.6745952467272751), (0, 0.6686897230836905), (0, 0.6671243726749496), (0, 0.6642751586433836), (0, 0.6588538050414408), (0, 0.6570435618259938), (0, 0.6540113912164609), (0, 0.6491016878463574), (0, 0.6471737283645891), (0, 0.643856304088424), (0, 0.6395216655914587), (0, 0.6375287446944898), (0, 0.6339915997063681), (0, 0.630181300467411), (0, 0.6280595742975853), (0, 0.6245101041189423), (0, 0.6210541945606701), (0, 0.6187993946055035), (0, 0.6153938779040083), (0, 0.6121018569588236), (0, 0.6097471523743114), (0, 0.6065657948845676), (0, 0.6033166489044642), (0, 0.6008688834566567), (0, 0.5979453843484084), (0, 0.594737847403667), (0, 0.59216824336467), (0, 0.5894871155114012), (0, 0.5863856248033046), (0, 0.5836489950945063), (0, 0.5811183883443707), (0, 0.5782366272813562), (0, 0.5753771260335119), (0, 0.5728363353506362), (0, 0.5702170088338843), (0, 0.5674053459216076), (0, 0.5647398592471953), (0, 0.5622377014542712), (0, 0.5596321087197942), (0, 0.5569387248976911), (0, 0.5543645591998736), (0, 0.5518918501727897), (0, 0.5493594684141319), (0, 0.5467701098480705), (0, 0.5442472483574528), (0, 0.5418116221491286), (0, 0.5393700914553547), (0, 0.5368830352724779), (0, 0.5344081366613542), (0, 0.5319914128576609), (0, 0.5296173159003247), (0, 0.5272431043173462), (0, 0.5248509819280085), (0, 0.5224639077624803), (0, 0.520108223591164), (0, 0.5177880638317577), (0, 0.5154909190726413), (0, 0.5132024917981459), (0, 0.5109166540120608), (0, 0.5086353546329649), (0, 0.506366357316892), (0, 0.504113743006206), (0, 0.5018794216029484), (0, 0.49966370181101527), (0, 0.4974652745971716), (0, 0.49528292513932626), (0, 0.4931170715773229), (0, 0.4909696254774158), (0, 0.48884429950619324), (0, 0.48675200325633866), (0, 0.4847137023550594), (0, 0.48278363888613857), (0, 0.4810708481835506), (0, 0.4798733526325091), (0, 0.4796526962042874), (0, 0.48153917245563765), (0, 0.48433454700193634), (0, 0.4860186825617403), (0, 0.47554996132194005), (0, 0.46658039938868245), (0, 0.4678351773676317), (0, 0.4689941555304864), (0, 0.4631624246611964), (0, 0.45916857302192404), (0, 0.46048139557585566), (0, 0.45762522690315754), (0, 0.45348727678296596), (0, 0.4534334107656226), (0, 0.4514352835327681), (0, 0.44814092623025625), (0, 0.44682895577842197), (0, 0.4451052623386747), (0, 0.44280331512539706), (0, 0.4405197682152242), (0, 0.4390736287578314), (0, 0.4373685778574915), (0, 0.4345180250327113), (0, 0.4333430118148931), (0, 0.4317523534223932), (0, 0.428757905633744), (0, 0.42782371004494946), (0, 0.4261539338208996), (0, 0.42326676052723394), (0, 0.42236251843888817), (0, 0.4205571515301576), (0, 0.41796418620330905), (0, 0.41700615847403355), (0, 0.4150823379579901), (0, 0.41280099306822343), (0, 0.4116876004411227), (0, 0.4097340018053605), (0, 0.4077245297693244), (0, 0.40643820288976384), (0, 0.40451602997794694), (0, 0.40269562813707094), (0, 0.4012614943039955), (0, 0.3994109196408361), (0, 0.3977000694758739), (0, 0.39616660788215163), (0, 0.3943889721975312), (0, 0.3927393262510979), (0, 0.3911503445152267), (0, 0.38943332764104255), (0, 0.3878152899383879), (0, 0.38620389100432917), (0, 0.3845334302185193), (0, 0.3829336807643344), (0, 0.3813204586068025), (0, 0.3796835164877091), (0, 0.37809517262987735), (0, 0.3764939891210669), (0, 0.37488433442833835), (0, 0.37330705462926195), (0, 0.37172515066976763), (0, 0.3701398999330745), (0, 0.36857361743945394), (0, 0.36701490523763314), (0, 0.3654541013377113), (0, 0.3639011463008014), (0, 0.3623672689270784), (0, 0.3608319766998517), (0, 0.35929537056671396), (0, 0.3577860940977885), (0, 0.35627669818601887), (0, 0.35475936773029265), (0, 0.3532730632846931), (0, 0.35178917763319895), (0, 0.35029403216856175), (0, 0.3488282714339742), (0, 0.3473682905681116), (0, 0.345897743037605), (0, 0.34445044107609435), (0, 0.3430116707688725), (0, 0.34156707113570756), (0, 0.34013729619446764), (0, 0.3387167322455041), (0, 0.3372973985565285), (0, 0.335885871237185), (0, 0.3344816070823176), (0, 0.333084996004235), (0, 0.33169304010451656), (0, 0.33030515850787867), (0, 0.3289278822460446), (0, 0.3275559189562749), (0, 0.32618621419907234), (0, 0.32482610177175053), (0, 0.323472945357814), (0, 0.32212302259337877), (0, 0.3207800906281134), (0, 0.3194440908789482), (0, 0.31811372829061885), (0, 0.3167891067848753), (0, 0.315469824795699), (0, 0.31415732042915573), (0, 0.3128510576850534), (0, 0.31154912613522556), (0, 0.31025316275876214), (0, 0.3089636682537439), (0, 0.30767884198981077), (0, 0.3063989297356623), (0, 0.30512434658239806), (0, 0.3038545152303458), (0, 0.30258925783283064), (0, 0.3013279006270577), (0, 0.30007002128049953), (0, 0.2988157925914313), (0, 0.2975642240091765), (0, 0.2963141458276237), (0, 0.29506518023507544), (0, 0.29381633359724446), (0, 0.29256605452315615), (0, 0.2913128217220621), (0, 0.2900546659593689), (0, 0.2887893452953564), (0, 0.28751437783511197), (0, 0.28622652405602755), (0, 0.28492231840962184), (0, 0.28359861958042387), (0, 0.2822525154110569), (0, 0.28088219034660633), (0, 0.2794883244440882), (0, 0.27807526658110016), (0, 0.27665228853355556), (0, 0.27523432324976965), (0, 0.27384047985024657), (0, 0.2724908645615521), (0, 0.2712020090472629), (0, 0.26998096449046244), (0, 0.2688215043838309), (0, 0.2677042851582152), (0, 0.26660210825265895), (0, 0.2654889847349712), (0, 0.2643482008105307), (0, 0.2631758270254474), (0, 0.26197952347814074), (0, 0.2607741955326146), (0, 0.2595760213284244), (0, 0.2583972199203015), (0, 0.25724344227417617), (0, 0.25611386646072715), (0, 0.2550030588546691), (0, 0.2539035344258297), (0, 0.25280826191262457), (0, 0.2517124628329631), (0, 0.25061422117593535), (0, 0.24951401515390664), (0, 0.24841384646245468), (0, 0.2473164921893174), (0, 0.24622490074792203), (0, 0.2451415907021439), (0, 0.2440681299559488), (0, 0.2430048607094952), (0, 0.24195094931973887), (0, 0.24090477330538318), (0, 0.2398645013838672), (0, 0.23882865935284106), (0, 0.2377964641758975), (0, 0.23676787478343636), (0, 0.23574341517380004), (0, 0.23472387460176303), (0, 0.23371000958124985), (0, 0.23270231537021607), (0, 0.2317009451010993), (0, 0.2307057806574675), (0, 0.22971654600442482), (0, 0.22873291161728665), (0, 0.2277545566967436), (0, 0.2267812692783462), (0, 0.22581298292354063), (0, 0.22484978176048204), (0, 0.22389183638940227), (0, 0.22293933818873457), (0, 0.221992415286841), (0, 0.22105109293345138), (0, 0.22011528534444985), (0, 0.21918484302501995), (0, 0.21825959998804279), (0, 0.21733942632165543), (0, 0.21642423048075207), (0, 0.21551398492558288), (0, 0.21460871167737994), (0, 0.21370847667571363), (0, 0.2128133443459237), (0, 0.21192337688572183), (0, 0.2110386125604533), (0, 0.21015914360752436), (0, 0.20928515603143338), (0, 0.20841717147276845), (0, 0.2075563184070705), (0, 0.20670516823823354), (0, 0.20586919615167845), (0, 0.20506025356811877), (0, 0.20430416369711504), (0, 0.20365590939830575), (0, 0.20323688643909402), (0, 0.20328742901603225), (0, 0.20429251277913799), (0, 0.20684805194156503), (0, 0.21127161206613582), (0, 0.21480606842087532), (0, 0.21243418113761056), (0, 0.20289593427606245), (0, 0.19599337558779134), (0, 0.19823700091112006), (0, 0.20284228697393505), (0, 0.20035403588495815), (0, 0.1934354259581768), (0, 0.19170955559563516), (0, 0.19368842932503283), (0, 0.18996803889987535), (0, 0.1789846737967616), (0, 0.16615387011017627), (0, 0.1616831001521229), (0, 0.16180212709877803), (0, 0.15872866102379435), (0, 0.15461475861592963), (0, 0.15069500813387815), (0, 0.1504302206315678), (0, 0.14892721706470002), (0, 0.1473075343514299), (0, 0.145956606058214), (0, 0.14406053914626488), (0, 0.14343503036555577), (0, 0.14206868929256827), (0, 0.1404719971998565), (0, 0.13962380207141314), (0, 0.1389758527911945), (0, 0.13928463313718942), (0, 0.13881504860732538), (0, 0.1374725868052155), (0, 0.1361675487255915), (0, 0.1347138150376208), (0, 0.13417461153088267), (0, 0.13394878965600682), (0, 0.13334034702023748), (0, 0.13265838688661977), (0, 0.13156848378461164), (0, 0.13073705900742594), (0, 0.1302330708822551), (0, 0.12966967148737446), (0, 0.12906588091497323), (0, 0.12838964375340264), (0, 0.1278750360451382), (0, 0.12740980498194543), (0, 0.12695545549236797), (0, 0.12652958997016275), (0, 0.1259800022985133), (0, 0.12550868568297044), (0, 0.12511354278775597), (0, 0.12469247994724873), (0, 0.12428735364180084), (0, 0.12381078720901538), (0, 0.12335076846002636), (0, 0.12292706117248209), (0, 0.12250385452642998), (0, 0.12213069454097655), (0, 0.12172285354594063), (0, 0.12131126298755843), (0, 0.120922518298403), (0, 0.12054276787687379), (0, 0.12019553807008801), (0, 0.11983947763301053), (0, 0.11949184166960859), (0, 0.11914176090894169), (0, 0.11879027093119111), (0, 0.1184589232821685), (0, 0.11812121081161936), (0, 0.11779085961891106), (0, 0.11746079381702965), (0, 0.11713285725280106), (0, 0.11681111973920931), (0, 0.11648449113771286), (0, 0.11617075549413755), (0, 0.1158627042275908), (0, 0.11556267791447508), (0, 0.11527039338957058), (0, 0.11497058823189016), (0, 0.114670183247344), (0, 0.11437221350071837), (0, 0.11408210651040272), (0, 0.11380032638982679), (0, 0.11352262570977044), (0, 0.11324813278955223), (0, 0.11297215873272125), (0, 0.11269877490939116), (0, 0.11242822243947355), (0, 0.11215996856795409), (0, 0.11189600920198754), (0, 0.1116340180169701), (0, 0.11137601198168469), (0, 0.11112105346561851), (0, 0.11086868151157278), (0, 0.11061966771904616), (0, 0.11037195483961387), (0, 0.11012643105302883), (0, 0.10988308077485692), (0, 0.10964232753764235), (0, 0.10940460964217741), (0, 0.10916945288312184), (0, 0.10893673969961813), (0, 0.10870582855842112), (0, 0.10847768981894107), (0, 0.1082522458723614), (0, 0.10802909247746519), (0, 0.107808408149318), (0, 0.10758951178053401), (0, 0.10737277625609286), (0, 0.10715839178644855), (0, 0.10694634251491017), (0, 0.10673661671713058), (0, 0.10652899758734347), (0, 0.10632369794920712), (0, 0.10612069947873157), (0, 0.1059203966613104), (0, 0.10572301415001592), (0, 0.10552902935487615), (0, 0.10533939103557947), (0, 0.10515556089822456), (0, 0.10498032528763446), (0, 0.10481821196510759), (0, 0.10467754351995368), (0, 0.10457210403143308), (0, 0.10452797880108972), (0, 0.10458562339520464), (0, 0.1048223235016056), (0, 0.10533112912418496), (0, 0.10626848524039825), (0, 0.10762557496321523), (0, 0.1092852028708291), (0, 0.11023156029857023), (0, 0.10963516707049847), (0, 0.10692652783324896), (0, 0.1038142834988887), (0, 0.10229093756782055), (0, 0.10294744271026621), (0, 0.10452471758824108), (0, 0.10518238450921634), (0, 0.10416294124290436), (0, 0.10230998590549863), (0, 0.10133183663006873), (0, 0.10176334302825125), (0, 0.1026211288894236), (0, 0.10269209032659297), (0, 0.10176109040850358), (0, 0.10074660905352278), (0, 0.10050528945068901), (0, 0.10092666545445234), (0, 0.10121134121768205), (0, 0.10084917295223676), (0, 0.10014790035013144), (0, 0.09972108609363463), (0, 0.0997783138702224), (0, 0.09997798355251061), (0, 0.09989194331613083), (0, 0.09948427617112235), (0, 0.09907612576517837), (0, 0.0989349136319246), (0, 0.09899097430502964), (0, 0.09898654134404405), (0, 0.09878449707002401), (0, 0.09847783774259908), (0, 0.09825521148118169), (0, 0.09818545744273398), (0, 0.09816830244314888), (0, 0.09807348870919727), (0, 0.09787771793988218), (0, 0.09766360685271448), (0, 0.09751606256104625), (0, 0.09744163075722206), (0, 0.09737694581123814), (0, 0.09726299950523794), (0, 0.09710098902588014), (0, 0.09693723603440796), (0, 0.09681110505501761), (0, 0.09672177120968667), (0, 0.0966372781113449), (0, 0.09652845213379953), (0, 0.09639420574948346), (0, 0.09625658314669772), (0, 0.09613640618013575), (0, 0.09603666618957402), (0, 0.09594426541455468), (0, 0.09584341332036986), (0, 0.09572881150365688), (0, 0.09560782786502266), (0, 0.0954916252266234), (0, 0.09538595462136261), (0, 0.09528833076744049), (0, 0.09519138950130956), (0, 0.09508920035689516), (0, 0.09498123965740306), (0, 0.09487143252495396), (0, 0.09476434396344331), (0, 0.09466218938030324), (0, 0.0945638301121896), (0, 0.09446614119935869), (0, 0.09436649358487625), (0, 0.09426418684706617), (0, 0.09416034527518907), (0, 0.09405682895262751), (0, 0.09395501478745986), (0, 0.09385504157619842), (0, 0.09375602132599266), (0, 0.09365674660277505), (0, 0.09355631291821061), (0, 0.09345447657611813), (0, 0.09335163741616101), (0, 0.09324839829292988), (0, 0.09314524744222166), (0, 0.09304234305795658), (0, 0.09293949828276199), (0, 0.09283633917407866), (0, 0.09273250334514248), (0, 0.09262782850419958), (0, 0.09252230674514826), (0, 0.09241619059050443), (0, 0.09230976442477012), (0, 0.09220338181304173), (0, 0.09209731569631187), (0, 0.09199181189169867), (0, 0.09188705380758981), (0, 0.09178319896292979), (0, 0.09168042716611799), (0, 0.09157887001946387), (0, 0.09147870413266611), (0, 0.09138002351485935), (0, 0.09128293069155471), (0, 0.09118742397826765), (0, 0.09109348553865781), (0, 0.09100100811000003), (0, 0.09090986704317708), (0, 0.09081990189984064), (0, 0.09073095250601196), (0, 0.09064286953030014), (0, 0.09055552231392977), (0, 0.09046880142741255), (0, 0.09038262414725609), (0, 0.09029693108172533), (0, 0.09021167660894328), (0, 0.09012683849978614), (0, 0.09004240693228846), (0, 0.08995839008155884), (0, 0.08987480588087562), (0, 0.08979169309687274), (0, 0.08970909459919928), (0, 0.08962707757375186), (0, 0.08954570883755335), (0, 0.08946508920001969), (0, 0.0893853296934501), (0, 0.08930662251782152), (0, 0.08922922415546075), (0, 0.08915361229076334), (0, 0.08908055174229734), (0, 0.08901145360743719), (0, 0.08894880314246831), (0, 0.08889711652847986), (0, 0.08886483498188064), (0, 0.08886707521566482), (0, 0.08893335442105757), (0, 0.0891145989050077), (0, 0.08951244125853058), (0, 0.09027981615838232), (0, 0.09170519764807515), (0, 0.09399827138970772), (0, 0.09733620521563983), (0, 0.10038675886093283), (0, 0.10122081475191379), (0, 0.09727115863362241), (0, 0.09122849878019473), (0, 0.0879328183685547), (0, 0.08952926491805048), (0, 0.09303361425121989), (0, 0.09377026054852505), (0, 0.0909208092574913), (0, 0.08788852215417983), (0, 0.08807759216009224), (0, 0.090290146811907), (0, 0.0909183553894258), (0, 0.08911593508067323), (0, 0.08736227108341715), (0, 0.087721691273062), (0, 0.08902675293945334), (0, 0.08901723572544001), (0, 0.08771766290424331), (0, 0.08694606598277878), (0, 0.08748659714208332), (0, 0.08811738902907398), (0, 0.08770687941358997), (0, 0.08688208920056452), (0, 0.08673118786217751), (0, 0.08718449847702374), (0, 0.08734449019313172), (0, 0.08688810958618001), (0, 0.08645350982636522), (0, 0.08652833497864654), (0, 0.0867918067140746), (0, 0.086723195074803), (0, 0.08636850592486077), (0, 0.08617328929413894), (0, 0.08627322776306477), (0, 0.0863767127542717), (0, 0.08624880878383019), (0, 0.08601485279456854), (0, 0.08592477233068416), (0, 0.08598856809918448), (0, 0.08600896435556184), (0, 0.08588918651711683), (0, 0.08573665762309436), (0, 0.08568170932194025), (0, 0.08570452730368967), (0, 0.08569141032267612), (0, 0.08559781919126494), (0, 0.08549012245443055), (0, 0.08544194419246912), (0, 0.08543867580939069), (0, 0.08541404091316902), (0, 0.0853426244645874), (0, 0.08526082857697594), (0, 0.08521113664100191), (0, 0.08519071302062728), (0, 0.08516344096439737), (0, 0.08510894410930525), (0, 0.08504289293202287), (0, 0.08499175234011641), (0, 0.08496020096809477), (0, 0.08493104682526195), (0, 0.08488850466062237), (0, 0.08483470833158593), (0, 0.08478414655693775), (0, 0.08474544594279702), (0, 0.08471337461656758), (0, 0.08467739773155121), (0, 0.084633586232953), (0, 0.08458701502679747), (0, 0.08454491856279114), (0, 0.08450909468353865), (0, 0.08447514707322451), (0, 0.08443811059048043), (0, 0.08439737366115412), (0, 0.08435615489935189), (0, 0.08431779401288515), (0, 0.08428269387758841), (0, 0.08424850754212296), (0, 0.08421283015856412), (0, 0.08417537483158398), (0, 0.08413767567800914), (0, 0.0841014156551325), (0, 0.08406701195006129), (0, 0.08403350306600023), (0, 0.08399962746743247), (0, 0.08396492734838641), (0, 0.08392990195325671), (0, 0.08389540533969422), (0, 0.08386194209050318), (0, 0.0838293431003576), (0, 0.08379703156030573), (0, 0.0837645518089662), (0, 0.08373184501028928), (0, 0.0836991973099757), (0, 0.0836669793593928), (0, 0.08363536881983312), (0, 0.0836042676754155), (0, 0.08357343841440543), (0, 0.08354268148641547), (0, 0.0835119372076065), (0, 0.08348130485031491), (0, 0.08345093726347227), (0, 0.08342093633464723), (0, 0.08339130932594516), (0, 0.08336198422790023), (0, 0.08333286485548974), (0, 0.08330388725614492), (0, 0.08327504515310787), (0, 0.08324637576800593), (0, 0.08321793319410282), (0, 0.08318975381618735), (0, 0.08316184468204633), (0, 0.08313418626996553), (0, 0.08310674547280471), (0, 0.08307949417668695), (0, 0.08305241486031609), (0, 0.08302551131540092), (0, 0.08299879168758909), (0, 0.08297227248471176), (0, 0.08294596315151866), (0, 0.08291986748613218), (0, 0.0828939811174116), (0, 0.08286829551722154), (0, 0.08284280124465272), (0, 0.08281748871281505), (0, 0.08279235429570835), (0, 0.08276739400439989), (0, 0.0827426075974596), (0, 0.08271799908780059), (0, 0.08269356693486048), (0, 0.08266931275777172), (0, 0.08264523718842988)]