Model Setup for {PATIENT_GROUPS} #{INDIVIDUAL_NUMBER} Trained Network:

RNN Network Architecture Parameters
Input channels=1
Hidden channels=128
Output channels=4

Training hyperparameters
Optimizer=AdamW (
Parameter Group 0
    amsgrad: False
    betas: (0.9, 0.999)
    capturable: False
    differentiable: False
    eps: 1e-08
    foreach: None
    fused: None
    lr: 0.001
    maximize: False
    weight_decay: 1e-06
)
Training Iterations=3000
Learning rate=0.001
Weight decay=1e-06
Optimizer reset frequency=1000

Dropout probability (after initial linear layer before NCDE): 0.0
Training Data Selection Parameters
(If not virtual, the only important params are the groups and whether data was normalized/standardized)
Patient groups=['Control']
Augmentation strategy=None
Noise Magnitude=0.0
Normalized/standardized=None
Number of virtual patients per real patient=0
Label smoothing factor=0
Test Patient Combinations:
Training batch size=1
Training Results:
Runtime=10.74068284034729
Loss over time=[(0, 6.651774621093363), (0, 6.6117480587992965), (0, 6.578302215028113), (0, 6.5370136715130895), (0, 6.492992255991244), (0, 6.446979849248722), (0, 6.399570826171295), (0, 6.3512374945336525), (0, 6.302409486048465), (0, 6.253505319384298), (0, 6.204865625762745), (0, 6.156672071932993), (0, 6.10896169228323), (0, 6.0200306186861585), (0, 5.8685532713249895), (0, 5.77763079965038), (0, 5.74392816121643), (0, 5.715015608942553), (0, 5.685242678389857), (0, 5.65468848481602), (0, 5.623495275583524), (0, 5.593727922093535), (0, 5.564708142864458), (0, 5.53547318892135), (0, 5.506093568783437), (0, 5.476610760958673), (0, 5.44702060586541), (0, 5.4172834904274145), (0, 5.387630275857377), (0, 5.357846348128798), (0, 5.3277831199994665), (0, 5.297397813690995), (0, 5.271839926687523), (0, 5.241611571603452), (0, 5.211062480257217), (0, 5.180277633552258), (0, 5.1512554551174015), (0, 5.122577395318283), (0, 5.094179836645171), (0, 5.066136898983879), (0, 5.038479325812002), (0, 5.011242299800364), (0, 4.984600891116255), (0, 4.958519032895792), (0, 4.932780423917501), (0, 4.908184724722124), (0, 4.885129477766096), (0, 4.862177167470911), (0, 4.839368178762488), (0, 4.816632238170196), (0, 4.793879008145219), (0, 4.771924183959396), (0, 4.7503531069261795), (0, 4.728825126683766), (0, 4.707362375693548), (0, 4.685979049650588), (0, 4.6647096393314875), (0, 4.643600958478704), (0, 4.622699630669806), (0, 4.601890114641009), (0, 4.581087363753698), (0, 4.560351414997428), (0, 4.539687824990575), (0, 4.5191307918242725), (0, 4.498684136397545), (0, 4.478891000542775), (0, 4.459405067269133), (0, 4.4394216291212425), (0, 4.419079622126337), (0, 4.398934695125719), (0, 4.379092720677825), (0, 4.358790156077888), (0, 4.337960006739631), (0, 4.316771220941579), (0, 4.295580727997573), (0, 4.2747421079292245), (0, 4.254343870969601), (0, 4.234212955454462), (0, 4.214152407135047), (0, 4.194613557882218), (0, 4.1744087472370675), (0, 4.153788095559799), (0, 4.133545017654966), (0, 4.113724918019555), (0, 4.0937679590314895), (0, 4.0734510990194055), (0, 4.052958429221915), (0, 4.032953712947569), (0, 4.014395498790955), (0, 3.996220427714971), (0, 3.9780954404108364), (0, 3.9598551300752254), (0, 3.941401545632159), (0, 3.92336889689941), (0, 3.9054853052042016), (0, 3.8873140512616917), (0, 3.8688082159147923), (0, 3.850601804005378), (0, 3.8329637494461695), (0, 3.8157930515870997), (0, 3.798853447437503), (0, 3.7820203053691146), (0, 3.765486886598997), (0, 3.748793720886335), (0, 3.7317959011415676), (0, 3.7148945430279783), (0, 3.6983141641766695), (0, 3.6815521491473735), (0, 3.6645023148820686), (0, 3.6474923814593296), (0, 3.631107978041271), (0, 3.614668518143202), (0, 3.5979678885133617), (0, 3.5810995740197837), (0, 3.5642571924906483), (0, 3.5479019920165458), (0, 3.5318959818888076), (0, 3.5185530531173477), (0, 3.505128538056125), (0, 3.4918060893290717), (0, 3.4792866409877274), (0, 3.466718927897758), (0, 3.4544128054078582), (0, 3.4423916354038107), (0, 3.430895149832093), (0, 3.4194090170722493), (0, 3.408665173019521), (0, 3.3985058839918483), (0, 3.3886975512011954), (0, 3.378789683059832), (0, 3.3687575851638085), (0, 3.358908362169174), (0, 3.3493891702637386), (0, 3.3396358425246646), (0, 3.3300126406258412), (0, 3.320665181377371), (0, 3.311316367747848), (0, 3.3032248691570922), (0, 3.292788568333805), (0, 3.283679278964064), (0, 3.2743664665164807), (0, 3.265254508894566), (0, 3.256148591217591), (0, 3.247083712164052), (0, 3.2379169951252775), (0, 3.228727649325623), (0, 3.219674404274076), (0, 3.2110359743096604), (0, 3.2016420603444637), (0, 3.192554507835629), (0, 3.183262603249296), (0, 3.174540230721247), (0, 3.1655730291323803), (0, 3.1563214759450147), (0, 3.147509493674405), (0, 3.1386630148229), (0, 3.130972022266546), (0, 3.121611474132821), (0, 3.1123553180318733), (0, 3.1049437907455277), (0, 3.096607168143773), (0, 3.0868419867020545), (0, 3.078556164625321), (0, 3.0707890690084123), (0, 3.0624050784755057), (0, 3.0538683514955536), (0, 3.0453315076628305), (0, 3.0387987001612276), (0, 3.0308254732033237), (0, 3.021616067894502), (0, 3.0139375064416267), (0, 3.0055242091875427), (0, 2.997098936874696), (0, 2.9887301812025604), (0, 2.9797022953124466), (0, 2.9718432941577704), (0, 2.9634263594671464), (0, 2.9552436953753527), (0, 2.946862377037264), (0, 2.93885318360917), (0, 2.9304717768361175), (0, 2.9229076569602928), (0, 2.914454278042914), (0, 2.9074312487266534), (0, 2.900528980252267), (0, 2.893499328431922), (0, 2.8878961236060583), (0, 2.8825344659279346), (0, 2.87711708608099), (0, 2.872880940288596), (0, 2.867207969050744), (0, 2.861467110795753), (0, 2.856495386119829), (0, 2.851123423698823), (0, 2.846574107670154), (0, 2.8426067247786553), (0, 2.8387167997904093), (0, 2.834435305408956), (0, 2.8299865126367707), (0, 2.825765549475119), (0, 2.8217429951432274), (0, 2.8176266238276813), (0, 2.813896344750511), (0, 2.8099479422552216), (0, 2.8069414066864877), (0, 2.803566184503247), (0, 2.7999325684634297), (0, 2.796227342653451), (0, 2.7924508364228227), (0, 2.7885751661167584), (0, 2.784740088189665), (0, 2.7814106623552712), (0, 2.777756474190784), (0, 2.774728725994034), (0, 2.77204620644848), (0, 2.767812294177293), (0, 2.7644384762943925), (0, 2.7610628594019646), (0, 2.7578425409051737), (0, 2.7545710101811927), (0, 2.751214116125664), (0, 2.747749281515691), (0, 2.7442427200790833), (0, 2.7406477178259894), (0, 2.7371614059039775), (0, 2.733782289429175), (0, 2.7301565084216013), (0, 2.726854867807351), (0, 2.7234609465101753), (0, 2.7196741908019852), (0, 2.7178471064364302), (0, 2.71341883813568), (0, 2.710127360647385), (0, 2.7064034988732724), (0, 2.7032078160167634), (0, 2.699837130877034), (0, 2.696228860861197), (0, 2.6923934167944346), (0, 2.687883791452371), (0, 2.682820221120772), (0, 2.677794662826926), (0, 2.6756293880685873), (0, 2.669014360579885), (0, 2.663385488505076), (0, 2.6642771107899885), (0, 2.66235001711826), (0, 2.6599568892067365), (0, 2.6605488027449256), (0, 2.660073956800714), (0, 2.656505555453127), (0, 2.6527949282667236), (0, 2.648438004217498), (0, 2.6432767691751464), (0, 2.6379783444111493), (0, 2.6325148423612665), (0, 2.626221893889321), (0, 2.6190829540304956), (0, 2.6114497198417586), (0, 2.604307203490324), (0, 2.597397540807675), (0, 2.592394938934167), (0, 2.5893481186079375), (0, 2.5859750133800845), (0, 2.580740482818737), (0, 2.574547684235701), (0, 2.5695043166567295), (0, 2.5616049686027904), (0, 2.5549518808110343), (0, 2.5518195038247984), (0, 2.5480110838481593), (0, 2.542792258136651), (0, 2.537251162682876), (0, 2.532599261928098), (0, 2.5290347254028807), (0, 2.5260307121705057), (0, 2.522163890996493), (0, 2.517669728793117), (0, 2.5129262582820515), (0, 2.508682684858878), (0, 2.504701041477378), (0, 2.500708231826488), (0, 2.496234352626758), (0, 2.4918180871102296), (0, 2.4871151048202567), (0, 2.4821938548136964), (0, 2.4764796979165804), (0, 2.4691842554133556), (0, 2.4616216104923736), (0, 2.4565548874663428), (0, 2.455653028817326), (0, 2.4518285568328166), (0, 2.4473137518722643), (0, 2.441719181665266), (0, 2.4368560905001355), (0, 2.432134902203046), (0, 2.4273107273593735), (0, 2.4223439914335567), (0, 2.4189223006248217), (0, 2.4124184223831358), (0, 2.4076785245348096), (0, 2.4023859852616463), (0, 2.396853719230742), (0, 2.393514544951079), (0, 2.388982937239122), (0, 2.3855401285497946), (0, 2.3820236302865707), (0, 2.378119662304516), (0, 2.373793516959041), (0, 2.369065541218483), (0, 2.365237210412156), (0, 2.361370476649048), (0, 2.356760417118051), (0, 2.3521865649071936), (0, 2.3481442600808924), (0, 2.3440195121461183), (0, 2.3398507272264917), (0, 2.3358201905391516), (0, 2.3321330981997828), (0, 2.3281099167274206), (0, 2.3244586692743026), (0, 2.320641684888811), (0, 2.3167764904733428), (0, 2.31292254008733), (0, 2.309769009724571), (0, 2.3059524298662573), (0, 2.302248138952432), (0, 2.2986277352851068), (0, 2.2954588916765952), (0, 2.291599630989277), (0, 2.2879722559749145), (0, 2.284653685550184), (0, 2.282646338040484), (0, 2.2786247004582254), (0, 2.275301888543048), (0, 2.272565806729224), (0, 2.2686903293162497), (0, 2.265384901896294), (0, 2.261976759638779), (0, 2.259298301561612), (0, 2.2575185341875033), (0, 2.2527978355584195), (0, 2.249335934630746), (0, 2.2483330237100674), (0, 2.2450628456501245), (0, 2.2402985635855583), (0, 2.2371464702153108), (0, 2.234380941234778), (0, 2.2314806985521374), (0, 2.2281569342103698), (0, 2.2245946663709053), (0, 2.2210093915367994), (0, 2.217867962539236), (0, 2.2157201213088746), (0, 2.2142473953832034), (0, 2.2096442044712123), (0, 2.2059956687485793), (0, 2.2022720882486153), (0, 2.1989210728860247), (0, 2.19564367233878), (0, 2.191156111760867), (0, 2.185824245794132), (0, 2.1786568440028087), (0, 2.1706210588669075), (0, 2.1661261343173184), (0, 2.164826687555557), (0, 2.1639186667818606), (0, 2.159578693472903), (0, 2.15319830103409), (0, 2.1497946072019896), (0, 2.146451393937183), (0, 2.1448451290965083), (0, 2.141039416187449), (0, 2.135398093357547), (0, 2.1281478411913404), (0, 2.1218813831466066), (0, 2.119378507972595), (0, 2.1138693634884342), (0, 2.11360665841203), (0, 2.1037323538866683), (0, 2.1014496008997874), (0, 2.101185775399632), (0, 2.0962179932807383), (0, 2.0920445602255406), (0, 2.0838260620438325), (0, 2.0730335010938896), (0, 2.0690314581130624), (0, 2.065098712091649), (0, 2.0630955828372994), (0, 2.0580190664452154), (0, 2.0509978066650296), (0, 2.047752190129357), (0, 2.044899644739578), (0, 2.0412192346918663), (0, 2.036402252352561), (0, 2.0340411833140255), (0, 2.031242249563991), (0, 2.029637864039726), (0, 2.0235507835384765), (0, 2.014941446398789), (0, 2.0093567917386754), (0, 2.0026539888667347), (0, 2.000568081368092), (0, 1.9950911826101518), (0, 1.9874147645276934), (0, 1.9833776373183492), (0, 1.9758267836589762), (0, 1.9708760034864112), (0, 1.9618278928245676), (0, 1.9575922270239665), (0, 1.9568405992862197), (0, 1.9538539031156237), (0, 1.9507735878811892), (0, 1.9494905994497485), (0, 1.9438554898222342), (0, 1.938764030294953), (0, 1.9325242943554288), (0, 1.9243701599642506), (0, 1.9207112873484948), (0, 1.9177510217847724), (0, 1.914705845277767), (0, 1.9083169395528998), (0, 1.8994346814958496), (0, 1.8910123023392083), (0, 1.8941806500765188), (0, 1.8817353038845601), (0, 1.8864216055253447), (0, 1.8888350777559546), (0, 1.8805261082953684), (0, 1.8707544567642715), (0, 1.8593388836454603), (0, 1.8499655180599932), (0, 1.866998272826577), (0, 1.865095861440862), (0, 1.8474971681694923), (0, 1.8455725316992144), (0, 1.8530995913240562), (0, 1.8466984316715909), (0, 1.8329810296088724), (0, 1.8187799148325785), (0, 1.8366426673437546), (0, 1.836937032617051), (0, 1.821849117729296), (0, 1.8057894973760928), (0, 1.8055496379807363), (0, 1.8081039104450434), (0, 1.798349835393629), (0, 1.7886178665911463), (0, 1.8060317035646882), (0, 1.8025772493358123), (0, 1.7869985659547352), (0, 1.7717536716029654), (0, 1.778329048103931), (0, 1.7810240023351671), (0, 1.7696771781732115), (0, 1.756520606409415), (0, 1.7559971643031365), (0, 1.7539204896841045), (0, 1.7404894773410793), (0, 1.7390675930765165), (0, 1.7331155296184388), (0, 1.732550892430135), (0, 1.727772746617496), (0, 1.7334804351924389), (0, 1.7308904670127854), (0, 1.7202518655894958), (0, 1.722404527220503), (0, 1.722186025319997), (0, 1.7087638885055345), (0, 1.7025096025090596), (0, 1.70305775258821), (0, 1.6996383947104188), (0, 1.6976193934834252), (0, 1.6968080877646736), (0, 1.6932865982964012), (0, 1.689261908121582), (0, 1.6991178259864226), (0, 1.6880493448417293), (0, 1.6765092683968508), (0, 1.6811946905567), (0, 1.6729812398292185), (0, 1.666068678240754), (0, 1.6643947293417711), (0, 1.6589182910976288), (0, 1.6633910725638033), (0, 1.6598644434892331), (0, 1.6466054580329006), (0, 1.6588920679226982), (0, 1.6605851963259015), (0, 1.645806145379895), (0, 1.6403879505217107), (0, 1.646499347914696), (0, 1.6379306574274617), (0, 1.6315644202973612), (0, 1.626382686619903), (0, 1.6222029946815033), (0, 1.6237589241220112), (0, 1.6201674161572237), (0, 1.6079271291378219), (0, 1.6048994949903908), (0, 1.6023268473421102), (0, 1.7095721311293282), (0, 1.6611864310967637), (0, 1.6011974861275795), (0, 1.602741745786892), (0, 1.6084721904791035), (0, 1.60897383215238), (0, 1.6051029730033786), (0, 1.603703298899934), (0, 1.60281646934719), (0, 1.6014849251482972), (0, 1.6004267465900903), (0, 1.5985936957875027), (0, 1.5993188153403628), (0, 1.594679948508231), (0, 1.594229294194567), (0, 1.594362370739125), (0, 1.5896141599831615), (0, 1.5910855582590613), (0, 1.5842810488749561), (0, 1.5838008712488452), (0, 1.5830348330287538), (0, 1.5760596911350135), (0, 1.5688410421462111), (0, 1.5628409585594758), (0, 1.569981033812118), (0, 1.5536406557866476), (0, 1.566487428420897), (0, 1.5550666558055213), (0, 1.5539521168665984), (0, 1.5388935162411501), (0, 1.55103722426542), (0, 1.5392014570921435), (0, 1.5635894521401275), (0, 1.5579773136083528), (0, 1.5283609706382744), (0, 1.5433802861704429), (0, 1.542848608762596), (0, 1.5187292535322854), (0, 1.5198645670767759), (0, 1.5167925247926908), (0, 1.5188449300975768), (0, 1.5082986385912234), (0, 1.51548901813667), (0, 1.5101851655266303), (0, 1.5035491634030655), (0, 1.5019523203487386), (0, 1.4937494635601967), (0, 1.4914605789064137), (0, 1.4838504160642483), (0, 1.479656459188871), (0, 1.4814357903917248), (0, 1.4712525604538411), (0, 1.4794966635882008), (0, 1.4647993174252076), (0, 1.4773142012142517), (0, 1.4615518003751176), (0, 1.4768453597793316), (0, 1.4745911080552343), (0, 1.4496079764713183), (0, 1.4695731840609754), (0, 1.4604374163037914), (0, 1.4510123350779447), (0, 1.4499757745017159), (0, 1.437936728171866), (0, 1.4363701243533815), (0, 1.4299968065086455), (0, 1.4289508642249613), (0, 1.4322089042678567), (0, 1.4268453896493483), (0, 1.4206126399203471), (0, 1.427238562167578), (0, 1.420631442443898), (0, 1.428608446321652), (0, 1.4243882636129073), (0, 1.4125487278490414), (0, 1.421533622399954), (0, 1.405159657591998), (0, 1.4372160772834797), (0, 1.4326349937653373), (0, 1.3976244694057571), (0, 1.418268926789433), (0, 1.4131975963714953), (0, 1.3887363775517958), (0, 1.4180926077678027), (0, 1.397642011440171), (0, 1.408762702668191), (0, 1.4143779544897788), (0, 1.3954870067047203), (0, 1.393543269145489), (0, 1.395853494916593), (0, 1.3767787723886125), (0, 1.378654408663877), (0, 1.3627297132419989), (0, 1.3606473188002997), (0, 1.3568278303177828), (0, 1.3639226644648312), (0, 1.3530853658647484), (0, 1.3799203831632039), (0, 1.3658640723896782), (0, 1.360853837327147), (0, 1.3678048741585411), (0, 1.3442903309680692), (0, 1.3865072044486597), (0, 1.3824849679838243), (0, 1.3441977629742354), (0, 1.3920515061229188), (0, 1.4036263383310978), (0, 1.3922908796431739), (0, 1.3748129521243067), (0, 1.3393228880183339), (0, 1.392401882743604), (0, 1.3976824417293272), (0, 1.355215983721907), (0, 1.3442812280733394), (0, 1.369906882111334), (0, 1.3596706619214585), (0, 1.3203047107204042), (0, 1.3371426847837262), (0, 1.35874797973949), (0, 1.3353791780263184), (0, 1.3145226337297482), (0, 1.327325658471051), (0, 1.3216048387992718), (0, 1.298815204069198), (0, 1.310401755401055), (0, 1.3206919882366488), (0, 1.3019083261381867), (0, 1.2926304122679633), (0, 1.3049482158155048), (0, 1.301310612335373), (0, 1.281095065451038), (0, 1.278719073575265), (0, 1.274878725997005), (0, 1.275229386172742), (0, 1.2700405968880892), (0, 1.2606764427674855), (0, 1.261605970689768), (0, 1.258981665969254), (0, 1.2488221347607904), (0, 1.2554166435209178), (0, 1.2465818866570932), (0, 1.2449500542529506), (0, 1.2375417432470852), (0, 1.248697058747231), (0, 1.2425178502609107), (0, 1.2340346246327796), (0, 1.252705961961248), (0, 1.2314749061548533), (0, 1.267124832435928), (0, 1.2747669372364938), (0, 1.2409488956029868), (0, 1.2572242674442329), (0, 1.2644049515449542), (0, 1.2218596346136175), (0, 1.2467514496550625), (0, 1.2390957442291792), (0, 1.2153106679667105), (0, 1.2407640362502055), (0, 1.20513890293904), (0, 1.2482114918358491), (0, 1.2613533004848891), (0, 1.2462915092438733), (0, 1.206831096920225), (0, 1.248254886987813), (0, 1.2615649542359773), (0, 1.2285162231943207), (0, 1.2204967786688505), (0, 1.2319341842339546), (0, 1.2224511184290927), (0, 1.216653000953718), (0, 1.2427049870810365), (0, 1.2202745189659465), (0, 1.1911682356100994), (0, 1.2102414842407268), (0, 1.1908758848615402), (0, 1.1875975684458124), (0, 1.1878414040658316), (0, 1.1775722090847653), (0, 1.1827472721750183), (0, 1.18180599842713), (0, 1.1644899864540292), (0, 1.1886775639824938), (0, 1.1760636559094677), (0, 1.1883024170603222), (0, 1.1924658664127123), (0, 1.1643363571833707), (0, 1.1733957705703086), (0, 1.1599679561280412), (0, 1.1612238717395962), (0, 1.1600012012400378), (0, 1.1621739517874208), (0, 1.1481401880688291), (0, 1.1880105244798058), (0, 1.1855569369977998), (0, 1.144564827442334), (0, 1.1598844010784497), (0, 1.1414790754017834), (0, 1.1495167366030525), (0, 1.138147532402248), (0, 1.1597467831749648), (0, 1.1368838721255992), (0, 1.1719265720056924), (0, 1.167429545638176), (0, 1.1328995725094309), (0, 1.1386123624063174), (0, 1.1390932523849442), (0, 1.1293569207063052), (0, 1.1536865551402076), (0, 1.147567588821815), (0, 1.1289642612131385), (0, 1.1504065176165412), (0, 1.1228001453707515), (0, 1.137252376328388), (0, 1.1282614630498211), (0, 1.1374683986961525), (0, 1.1450851777088), (0, 1.1152455976090854), (0, 1.13803165049156), (0, 1.127320788062975), (0, 1.1107864036333024), (0, 1.116736167807986), (0, 1.1160638663385354), (0, 1.1212137107204454), (0, 1.107168845748838), (0, 1.1260473859088032), (0, 1.1048250712152639), (0, 1.1293015643351476), (0, 1.1331713284606746), (0, 1.0923027022908345), (0, 1.1253781811922332), (0, 1.1083736401707847), (0, 1.1107479100242952), (0, 1.12590632162944), (0, 1.0902936462002935), (0, 1.1175052329449437), (0, 1.1210164848081803), (0, 1.0872585719211498), (0, 1.1125352574247145), (0, 1.09874003636233), (0, 1.0873608387131286), (0, 1.0947292141761824), (0, 1.0813342806314414), (0, 1.0856859592086712), (0, 1.072506727018828), (0, 1.0752650826580354), (0, 1.0686668805785864), (0, 1.0632977244135815), (0, 1.0664507463783823), (0, 1.0623710343756998), (0, 1.0630256815205468), (0, 1.0562098803562143), (0, 1.0737910687577052), (0, 1.0524678409740325), (0, 1.067982989122202), (0, 1.0535133192975716), (0, 1.0749802713672607), (0, 1.0715408406892604), (0, 1.0469201675693234), (0, 1.045828312131023), (0, 1.0534650029858543), (0, 1.0470859549930436), (0, 1.044465255430191), (0, 1.0415611341605278), (0, 1.0361844928635648), (0, 1.0487519855089342), (0, 1.0371196701932823), (0, 1.0316009150587102), (0, 1.0346465188155016), (0, 1.0249095097546241), (0, 1.0240163931065458), (0, 1.027282454227374), (0, 1.0244798222215028), (0, 1.0226543777685957), (0, 1.028515564765124), (0, 1.019569419387568), (0, 1.0169634731036648), (0, 1.0188814424791768), (0, 1.015820679169765), (0, 1.0117384791366488), (0, 1.025242041140202), (0, 1.0099739473440765), (0, 1.0148864080142472), (0, 1.0010666952110867), (0, 1.0144620769614732), (0, 0.9994214422245541), (0, 1.0083979993110577), (0, 1.0044575775992837), (0, 0.9954825793919038), (0, 0.9976066570437063), (0, 0.9920973477086866), (0, 0.9884794478793002), (0, 0.9980803694759788), (0, 0.9938393122676927), (0, 0.9953281268503316), (0, 0.9823062465648427), (0, 1.0084160628226053), (0, 0.996774703903027), (0, 1.0181115431475958), (0, 0.9957758764701992), (0, 0.9999473403586362), (0, 1.0089034995451915), (0, 0.9874881519764163), (0, 1.0192260545536986), (0, 1.0010827102015099), (0, 1.0066828984709542), (0, 1.0187950365311154), (0, 0.9663609773236774), (0, 1.011159253843013), (0, 0.9911522861124133), (0, 0.9854285523122401), (0, 0.9778180863638273), (0, 0.9824965900979696), (0, 0.9682079966010768), (0, 0.9863483696657273), (0, 0.9786295604223335), (0, 0.9731365457474335), (0, 0.9896323282523234), (0, 0.9649086665007727), (0, 0.9781510047916121), (0, 0.9594830245429332), (0, 0.9730246535053085), (0, 0.9487737308171231), (0, 0.9518035601345758), (0, 0.9472375272069158), (0, 0.9774543183764455), (0, 0.961626613425089), (0, 0.9713836815932447), (0, 0.9634537361236555), (0, 0.964078185427226), (0, 0.9707903916728726), (0, 0.9407592110736835), (0, 0.9379990314851938), (0, 0.9493172605778106), (0, 0.935297505161992), (0, 0.9475628230635232), (0, 0.9476164374485085), (0, 0.9471291781351838), (0, 0.9390573553473146), (0, 0.9572284514213948), (0, 0.9482852681693539), (0, 0.949093114123719), (0, 0.9524939676366514), (0, 0.9329154803120884), (0, 0.9657636022330316), (0, 0.9134983389500732), (0, 0.9581360804867535), (0, 0.9218535967365784), (0, 0.9814478388447705), (0, 0.9851647733724437), (0, 0.9069371107671734), (0, 0.9481776578267258), (0, 0.9131997809047324), (0, 0.9692399694090605), (0, 0.9635388457263263), (0, 0.9101036054468995), (0, 0.9226422208409091), (0, 0.9190474624954964), (0, 0.9430154466559978), (0, 0.9056142515329351), (0, 0.9525998079352331), (0, 0.9227695774567575), (0, 0.9287621380004009), (0, 0.9222818198545782), (0, 0.9283757796981026), (0, 0.9369269366476691), (0, 0.8969714986100437), (0, 0.8902315162788238), (0, 0.9065766093693874), (0, 0.8919809342877146), (0, 0.9094094345008342), (0, 0.8941526410452791), (0, 0.8982259511077638), (0, 0.8988003932932769), (0, 0.880466286491152), (0, 0.8838929279570529), (0, 0.8825020500308843), (0, 0.8775324004974321), (0, 0.8846495614521431), (0, 0.8749886545898113), (0, 0.870685144872634), (0, 0.9031783691474824), (0, 0.8922242437173104), (0, 0.9203884777489206), (0, 0.8898788408894627), (0, 0.904533198680005), (0, 0.8968277121525741), (0, 0.8832668659743356), (0, 0.9128039475962094), (0, 0.8665018722092707), (0, 0.8904437987911056), (0, 0.8660481259269491), (0, 0.9361324053972102), (0, 0.9003779787300343), (0, 0.9174672444026553), (0, 0.9368923248509677), (0, 0.8769668404713017), (0, 0.9311681828962078), (0, 0.9178514310854706), (0, 0.8820614595594358), (0, 0.9073290937381937), (0, 0.8674109130654841), (0, 0.9004227258102596), (0, 0.8814853995887998), (0, 0.8769008282859185), (0, 0.8781335330261018), (0, 0.8641817014136143), (0, 0.8744566615871118), (0, 0.8710897678942038), (0, 0.8630522890378172), (0, 0.8761380957924497), (0, 0.8641767326642735), (0, 0.8659253084419726), (0, 0.8510989498985699), (0, 0.8656316706788224), (0, 0.8572295998593616), (0, 0.8707256388537035), (0, 0.8579444123102891), (0, 0.8671469058138251), (0, 0.8408641744917337), (0, 0.854934559147024), (0, 0.8552688043443913), (0, 0.8429126638146641), (0, 0.8552951693851801), (0, 0.8438634095134849), (0, 0.8430233030467889), (0, 0.8529916849747468), (0, 0.8354081953965227), (0, 0.8375965595159203), (0, 0.8355878280851239), (0, 0.8333861989998412), (0, 0.8308827518640115), (0, 0.8321250885380302), (0, 0.8392420982209627), (0, 0.8584119825524983), (0, 0.8333812827426563), (0, 0.8387799484670277), (0, 0.8683891606862695), (0, 0.8350390649671214), (0, 0.865392296573397), (0, 0.8375706342473563), (0, 0.8776950241849218), (0, 0.8505501577577705), (0, 0.8950651057396856), (0, 0.8985902790240563), (0, 0.8318801292364841), (0, 0.9255567963826916), (0, 0.914958392678281), (0, 0.8316405622904988), (0, 0.879230643194906), (0, 0.8362619832967485), (0, 0.8976503777725306), (0, 0.8973651457896026), (0, 0.8256946056499191), (0, 0.8748734082675572), (0, 0.8404811463592075), (0, 0.8715809158003541), (0, 0.8668558826502512), (0, 0.8315754066327303), (0, 0.8507947524318961), (0, 0.8239427170137352), (0, 0.8322402488860555), (0, 0.8312133001589859), (0, 0.8199178043653296), (0, 0.8538763595811456), (0, 0.8289471479602678), (0, 0.87002424864078), (0, 0.8523090307201554), (0, 0.844504158944849), (0, 0.8538106011299802), (0, 0.8257943276603015), (0, 0.8488687285564931), (0, 0.8155369667900118), (0, 0.8665977240446339), (0, 0.8396195815953855), (0, 0.850058645210291), (0, 0.8560984118934774), (0, 0.8130975657207407), (0, 0.8780417328496177), (0, 0.8411494701904522), (0, 0.8504207385131841), (0, 0.8698061818733893), (0, 0.8077430819174868), (0, 0.8627648608076438), (0, 0.8393755460888634), (0, 0.845413805009164), (0, 0.859256682776056), (0, 0.8008006620205484), (0, 0.8495407884364415), (0, 0.8131377701037971), (0, 0.8630798600832094), (0, 0.8765355194547386), (0, 0.8078417176258583), (0, 0.8892131634498894), (0, 0.8939251319381092), (0, 0.8024320609620282), (0, 0.8837770955372692), (0, 0.8860505276258788), (0, 0.8107454935794153), (0, 0.8957849135064329), (0, 0.9171136019216111), (0, 0.8405944372999958), (0, 0.8762738693780439), (0, 0.9269760253711689), (0, 0.8933152520272494), (0, 0.8065366579908054), (0, 0.908234136437832), (0, 0.9267580606406796), (0, 0.8369257782151844), (0, 0.8838895441287796), (0, 0.9392865667917478), (0, 0.9117132041328886), (0, 0.8143970349929203), (0, 0.9036529818092606), (0, 0.9498710329155742), (0, 0.8913100224615312), (0, 0.8216769536277476), (0, 0.8927681563169536), (0, 0.9015237022712416), (0, 0.8372586805621534), (0, 0.8481933828190283), (0, 0.8899245321924093), (0, 0.8464405093575665), (0, 0.8128606119460136), (0, 0.8462410295648587), (0, 0.809001719101675), (0, 0.8228698199758684), (0, 0.8203292314279985), (0, 0.8061848834293194), (0, 0.8057668699263711), (0, 0.8157512975144573), (0, 0.8104182357678171), (0, 0.8065145298698396), (0, 0.7977665714602338), (0, 0.8018166832290275), (0, 0.8108294280041162), (0, 0.7991296131379673), (0, 0.7878597235822971), (0, 0.8273459501558563), (0, 0.8108546513794764), (0, 0.8170192735490238), (0, 0.8136518314025678), (0, 0.802749920782572), (0, 0.7972194630754419), (0, 0.8287111691893865), (0, 0.8272311027450246), (0, 0.784255880510308), (0, 0.8382754345784565), (0, 0.8037669078464682), (0, 0.8412461822227969), (0, 0.8548490751079375), (0, 0.7902824002629002), (0, 0.8702330181126964), (0, 0.8899999995691051), (0, 0.8162769351276098), (0, 0.8555207569359304), (0, 0.8981289751348152), (0, 0.8615937754291325), (0, 0.7944733787324341), (0, 0.8712554418007414), (0, 0.8726554331102558), (0, 0.796789415457506), (0, 0.8596140258910168), (0, 0.8895746688067294), (0, 0.841207327887344), (0, 0.8087163549592756), (0, 0.8416023839231063), (0, 0.7932691501223385), (0, 0.8461578988550905), (0, 0.8677287034082065), (0, 0.8102090340787307), (0, 0.8326239759392777), (0, 0.85663945706541), (0, 0.7953156968203504), (0, 0.8531236689349865), (0, 0.885118003528037), (0, 0.8322874054471693), (0, 0.8099169827338244), (0, 0.8501921273597467), (0, 0.8023989492482143), (0, 0.828771826233144), (0, 0.8622878141254968), (0, 0.8171530029939222), (0, 0.8009018944668151), (0, 0.8644572231036719), (0, 0.8371449455008357), (0, 0.7902946988864447), (0, 0.8197265651041374), (0, 0.792496993230124), (0, 0.8113170441425922), (0, 0.8079991241996577), (0, 0.7871979626079467), (0, 0.8043916332561929), (0, 0.7741996890306061), (0, 0.7894097207273667), (0, 0.7832388239668696), (0, 0.7831715625701025), (0, 0.784168165297028), (0, 0.7852281059016073), (0, 0.785082080850304), (0, 0.7725694104484132), (0, 0.7786666904827874), (0, 0.788615191087619), (0, 0.772705037777603), (0, 0.8108572025620564), (0, 0.7997534623830791), (0, 0.7952619645065767), (0, 0.7975340457521748), (0, 0.7816695700657255), (0, 0.7725618827484269), (0, 0.7822452954600111), (0, 0.7668113237903302), (0, 0.7940627806602117), (0, 0.7716115852069697), (0, 0.8166953643948921), (0, 0.7890258099586449), (0, 0.8120413131886065), (0, 0.8266138734501766), (0, 0.787180288530841), (0, 0.816998484623894), (0, 0.8144403242907503), (0, 0.7732517101485592), (0, 0.7807308788011933), (0, 0.7767433538475272), (0, 0.7674752469213855), (0, 0.802521935908988), (0, 0.775647610287727), (0, 0.8072554534574682), (0, 0.8030497101286436), (0, 0.77612786085242), (0, 0.7735607982274949), (0, 0.8010444152481775), (0, 0.7958916080975339), (0, 0.7778543423606111), (0, 0.787476649608511), (0, 0.7743657767486813), (0, 0.7777599687802886), (0, 0.7777334673943729), (0, 0.7663220701170107), (0, 0.7796944000173557), (0, 0.7656419966838591), (0, 0.7590983466700204), (0, 0.7598116639199226), (0, 0.765563181764912), (0, 0.788737871831944), (0, 0.7655362197203543), (0, 0.8046021853086117), (0, 0.7930381894233778), (0, 0.7842885848160028), (0, 0.7913768785604398), (0, 0.7774420845619177), (0, 0.7743984437438597), (0, 0.7853612135904265), (0, 0.7824082353997366), (0, 0.7780839341539629), (0, 0.7661255962171447), (0, 0.7717543198245238), (0, 0.7672320308997371), (0, 0.7583236191537347), (0, 0.7658309435305468), (0, 0.778779114451078), (0, 0.7646670343502455), (0, 0.7939717809590777), (0, 0.7673546693718656), (0, 0.8119127806741878), (0, 0.8066998377445139), (0, 0.762203537861676), (0, 0.812725765589046), (0, 0.7863566957396159), (0, 0.7957269358471706), (0, 0.8118698934756574), (0, 0.764462372022606), (0, 0.8274426753210272), (0, 0.827954163412553), (0, 0.7674471071786607), (0, 0.836685121155538), (0, 0.8454890800187039), (0, 0.7807379391899435), (0, 0.822169935680327), (0, 0.8452193203306964), (0, 0.7801063699360409), (0, 0.8322613702527972), (0, 0.87110007845266), (0, 0.8387071661249248), (0, 0.7825526383471049), (0, 0.8263753211475554), (0, 0.8277840685843557), (0, 0.7667297005404619), (0, 0.8087285881258329), (0, 0.8183578588580924), (0, 0.7643529907569824), (0, 0.8299866065077617), (0, 0.846268154365622), (0, 0.7914805625149337), (0, 0.8040510792780224), (0, 0.8369214093535995), (0, 0.8008153612353076), (0, 0.7782198054733728), (0, 0.8148896101153045), (0, 0.77732704844382), (0, 0.7980573377371385), (0, 0.824123606407567), (0, 0.7797301724354458), (0, 0.7889510851312748), (0, 0.806893646453203), (0, 0.7804747821761016), (0, 0.7819127227787936), (0, 0.7780610174650384), (0, 0.7685456294298983), (0, 0.7676239414181341), (0, 0.7617148951113807), (0, 0.7622899436479428), (0, 0.7695068993594822), (0, 0.7606603409661994), (0, 0.779062463204569), (0, 0.7683282843758857), (0, 0.7837477155232524), (0, 0.7848959404508088), (0, 0.7567173956510885), (0, 0.7791423035938629), (0, 0.7571926238652035), (0, 0.7591494456974136), (0, 0.7531979760739765), (0, 0.7787943038804674), (0, 0.7661895987560002), (0, 0.7784930323645161), (0, 0.7712815372581133), (0, 0.7760796501355349), (0, 0.7782133225766539), (0, 0.7556942791217371), (0, 0.7604476348754481), (0, 0.7679022486309642), (0, 0.7602710876058082), (0, 0.7674175994726725), (0, 0.760023280949834), (0, 0.7665416951856316), (0, 0.7601678874737082), (0, 0.7603099997625804), (0, 0.7475803716928662), (0, 0.7524722930697845), (0, 0.7556739618886187), (0, 0.7484706417269116), (0, 0.7452786297516379), (0, 0.7576729675971785), (0, 0.7455967193756292), (0, 0.7443680570273761), (0, 0.7526029121936274), (0, 0.761013357289797), (0, 0.7423662943522191), (0, 0.7837359350131282), (0, 0.7675090188554116), (0, 0.778638945197776), (0, 0.7784887575369892), (0, 0.7492927417875482), (0, 0.7487532216340739), (0, 0.7664056028974031), (0, 0.7534365496723099), (0, 0.7684908505195956), (0, 0.7523776218907214), (0, 0.780987637075649), (0, 0.7830928513649819), (0, 0.7408562571945897), (0, 0.7741723008217124), (0, 0.7419590165649209), (0, 0.79053676168529), (0, 0.7917766585788535), (0, 0.7407327009217664), (0, 0.8126011964682336), (0, 0.812952882668523), (0, 0.7443231407424261), (0, 0.8300437170953638), (0, 0.8507537279762012), (0, 0.8004632001020879), (0, 0.7636610108210813), (0, 0.792805187857464), (0, 0.7610358225436068), (0, 0.7609487361771866), (0, 0.7595881764250338), (0, 0.7573556192727975), (0, 0.7472526959532997), (0, 0.7741979394705674), (0, 0.7666249521667501), (0, 0.7489582364370668), (0, 0.7579778088112467), (0, 0.7624107146704432), (0, 0.7612907126835973), (0, 0.7461948843160381), (0, 0.744276770385817), (0, 0.7669445268893751), (0, 0.75165986374045), (0, 0.7652136397497232), (0, 0.7626151381405882), (0, 0.7548609849858124), (0, 0.7643562304160487), (0, 0.7354001537449614), (0, 0.7544638963375485), (0, 0.736117522655236), (0, 0.7383290348119267), (0, 0.7352995970444969), (0, 0.7317873610590434), (0, 0.7291843117056086), (0, 0.7400811743643554), (0, 0.7472626314130644), (0, 0.7319923648559566), (0, 0.7492360955670831), (0, 0.7337729044902588), (0, 0.7338553770064371), (0, 0.755369065168097), (0, 0.7357195393549981), (0, 0.7692636405765889), (0, 0.7554704510147783), (0, 0.7545975259389097), (0, 0.7523526971727555), (0, 0.7444834177641761), (0, 0.744485585202869), (0, 0.7469018535413268), (0, 0.7421243434336986), (0, 0.7486930166824388), (0, 0.7425569134945329), (0, 0.7418877270380031), (0, 0.7315163171415191), (0, 0.7708681020529262), (0, 0.7560872148643679), (0, 0.7592916606932363), (0, 0.7618668387058574), (0, 0.7427909884008872), (0, 0.7441649289100626), (0, 0.7442331848995449), (0, 0.7350088243175242), (0, 0.7480615020677552), (0, 0.738202964276448), (0, 0.750515059012141), (0, 0.739109492718226), (0, 0.7320757729595654), (0, 0.727672104778587), (0, 0.7331806076187133), (0, 0.7349056927085927), (0, 0.7310872665692215), (0, 0.7287789678637913), (0, 0.7255747362811238), (0, 0.7263236213170822), (0, 0.7442332173724527), (0, 0.7259772678823407), (0, 0.7518339755020136), (0, 0.7268284462819555), (0, 0.7801923819695054), (0, 0.7830425174758837), (0, 0.7309961541910799), (0, 0.7980765269066309), (0, 0.8000990141283673), (0, 0.7307186161426495), (0, 0.8102709151939431), (0, 0.832759216317063), (0, 0.7824914019023224), (0, 0.7473582900015986), (0, 0.7749212902152784), (0, 0.737478490618457), (0, 0.7389977729219486), (0, 0.7348209363615478), (0, 0.7478619821508169), (0, 0.7364926967308556), (0, 0.7383047473741731), (0, 0.722853896708493), (0, 0.7678840442039663), (0, 0.7550595338882301), (0, 0.7422280387565752), (0, 0.7438063559947836), (0, 0.7452937682026515), (0, 0.7538715691883777), (0, 0.7294387350945558), (0, 0.7534151064043639), (0, 0.7222824221412136), (0, 0.7538736640676164), (0, 0.7444760487693515), (0, 0.739292632020197), (0, 0.7410440988611885), (0, 0.7348687984789909), (0, 0.735965534765914), (0, 0.7338880632226358), (0, 0.7303339849595316), (0, 0.7304174235998411), (0, 0.7201432877522254), (0, 0.7537031735956028), (0, 0.7405132374178957), (0, 0.7382995024586079), (0, 0.7390187593485561), (0, 0.7367795946112996), (0, 0.7370404909864776), (0, 0.7228979017507218), (0, 0.7176841289974227), (0, 0.7151838149338675), (0, 0.7146387882479581), (0, 0.7314802424054593), (0, 0.7189800493000402), (0, 0.7193887898638835), (0, 0.7265539311865166), (0, 0.7133489360181327), (0, 0.7135836622461869), (0, 0.7128131158879588), (0, 0.7393581784960124), (0, 0.7215422845536854), (0, 0.7590994304198833), (0, 0.745807558956443), (0, 0.7358656645595294), (0, 0.7371943873578208), (0, 0.7296765739735492), (0, 0.7305237651065517), (0, 0.7275842575818948), (0, 0.733361217803332), (0, 0.7174682911563669), (0, 0.7332939973385459), (0, 0.7189773543092686), (0, 0.7208382000737378), (0, 0.7220559190392558), (0, 0.710367968351444), (0, 0.7220872146469371), (0, 0.7131735568244115), (0, 0.7091756364099661), (0, 0.7121199146196429), (0, 0.7157683960201588), (0, 0.7179874387431538), (0, 0.7103026328741432), (0, 0.7114600033157102), (0, 0.7147742699615234), (0, 0.7147403620788426), (0, 0.7078251587188168), (0, 0.7221531825528764), (0, 0.7097768692021827), (0, 0.7147397911918429), (0, 0.709114414775942), (0, 0.7056790079999129), (0, 0.715929040532156), (0, 0.7188122797186378), (0, 0.7165266452266131), (0, 0.7146037915402381), (0, 0.7072155363065823), (0, 0.7189205107142933), (0, 0.7094565641460469), (0, 0.7074680571176936), (0, 0.7062027421815918), (0, 0.7159821552761899), (0, 0.7054214457212747), (0, 0.7141876782788605), (0, 0.7138080148676277), (0, 0.7025198129577319), (0, 0.7360387387117597), (0, 0.7181591244512365), (0, 0.7478087904741879), (0, 0.7410827967647657), (0, 0.7159785508564142), (0, 0.7226057391920844), (0, 0.721613055477441), (0, 0.720705256432939), (0, 0.7131410552411197), (0, 0.7317076633810393), (0, 0.7124825051723622), (0, 0.7284118223857465), (0, 0.7016898232939418), (0, 0.7104726280856537), (0, 0.7019612107780921), (0, 0.7017861506411232), (0, 0.6987157453619348), (0, 0.709312728032342), (0, 0.7161694249066873), (0, 0.7068999521826196), (0, 0.722161555653559), (0, 0.7024495178770755), (0, 0.7021304486669668), (0, 0.705436889816411), (0, 0.6940870624875891), (0, 0.6982452080511615), (0, 0.7225784612578279), (0, 0.7036441110234527), (0, 0.7386536788779682), (0, 0.7234722364942906), (0, 0.7257486170430798), (0, 0.7340655801406435), (0, 0.7093599376260328), (0, 0.7228801246037972), (0, 0.706155393677339), (0, 0.7023201532386139), (0, 0.7145822244120671), (0, 0.7019577818884347), (0, 0.7213786605035735), (0, 0.7081967014001896), (0, 0.7411553995650642), (0, 0.7250625208014982), (0, 0.7300808948620383), (0, 0.7362216659329102), (0, 0.7088453163335331), (0, 0.7336832845401199), (0, 0.7044469717698452), (0, 0.7500056531307087), (0, 0.7479223397249111), (0, 0.6971294908902895), (0, 0.7005238719230962), (0, 0.7202506718104795), (0, 0.7070397907093752), (0, 0.7224129598317203), (0, 0.7084338916817603), (0, 0.7265323528632421), (0, 0.7321447426390275), (0, 0.7005753211978452), (0, 0.7354371523272822), (0, 0.7089095960359545), (0, 0.7408448560107749), (0, 0.7565188212332493), (0, 0.7002471882429717), (0, 0.7618953520356047), (0, 0.7689501806480521), (0, 0.7035326373763662), (0, 0.7566288231530983), (0, 0.7664994568688126), (0, 0.7103445186588535), (0, 0.7638713794481921), (0, 0.7855756860927481), (0, 0.7224131955965837), (0, 0.7391022715169849), (0, 0.763276200433564), (0, 0.7041163935666078), (0, 0.7386831999275365), (0, 0.7445019853545077), (0, 0.6992977267550141), (0, 0.748217000335113), (0, 0.7421182773662434), (0, 0.6868474918815394), (0, 0.725312860864677), (0, 0.698934738156919), (0, 0.7318475480679137), (0, 0.7389612930575401), (0, 0.6948677517170939), (0, 0.7281412905298708), (0, 0.7159425427227866), (0, 0.7070897779918263), (0, 0.7172100366614359), (0, 0.6901114352026293), (0, 0.7356927418649787), (0, 0.7138781466942719), (0, 0.7164708842268216), (0, 0.7275578428334527), (0, 0.6946620041576237), (0, 0.7093787622747945), (0, 0.6958155791778435), (0, 0.713363706437163), (0, 0.7031951297380361), (0, 0.7019702195070806), (0, 0.7288422442727172), (0, 0.7000330515517332), (0, 0.712755402790391), (0, 0.7069413704103328), (0, 0.6936579669973701), (0, 0.6888518301676211), (0, 0.7085982602069155), (0, 0.6996039809397411), (0, 0.6997973083591031), (0, 0.7016767092318745), (0, 0.6956800735888738), (0, 0.6941850737869082), (0, 0.6843211913688593), (0, 0.6908946831964901), (0, 0.6976339867343635), (0, 0.6888899144656838), (0, 0.7069437811979241), (0, 0.6902113766307891), (0, 0.7203650538385483), (0, 0.7132674032824257), (0, 0.7008929884108163), (0, 0.7158842978799311), (0, 0.6838036642889025), (0, 0.7142907508406561), (0, 0.6975296990920491), (0, 0.7146073760410374), (0, 0.714340509958847), (0, 0.6945013769389605), (0, 0.7038828777198897), (0, 0.6793135967682015), (0, 0.6846578149174277), (0, 0.6872084502822133), (0, 0.6817383342151127), (0, 0.6906001521163481), (0, 0.6765032821871069), (0, 0.6916644996383183), (0, 0.6764216740367202), (0, 0.6840022474715635), (0, 0.6955233980608713), (0, 0.6789307342976383), (0, 0.7085184584907598), (0, 0.6910488699894719), (0, 0.6970617400976409), (0, 0.7070201865285874), (0, 0.6854234710282032), (0, 0.7022884778467606), (0, 0.6791861184471695), (0, 0.7060346135815789), (0, 0.6917727822165586), (0, 0.6889886705404746), (0, 0.6875203230419776), (0, 0.6907192545714871), (0, 0.6908844987452945), (0, 0.6811871996410024), (0, 0.7021429558301049), (0, 0.6769412964036858), (0, 0.7013836945526112), (0, 0.6716999405632721), (0, 0.7124362584757833), (0, 0.6930013693978181), (0, 0.693349124470449), (0, 0.6985402746001387), (0, 0.6799344085954345), (0, 0.6792801980814405), (0, 0.7046161750375626), (0, 0.6954052428817694), (0, 0.6953981185790723), (0, 0.6872226137060993), (0, 0.6980340485366971), (0, 0.6944539675933125), (0, 0.6843818977377005), (0, 0.6872244606792377), (0, 0.6840852425697165), (0, 0.6864806417647917), (0, 0.6740666395901266), (0, 0.6731824889165361), (0, 0.6748740761197067), (0, 0.6717881925451924), (0, 0.6726639111235987), (0, 0.67378512570848), (0, 0.6667832114575365), (0, 0.6733252013900997), (0, 0.6753937261963457), (0, 0.673762178750485), (0, 0.6674807777820867), (0, 0.669226246691651), (0, 0.6714215279357056), (0, 0.6703751981482589), (0, 0.663979785155811), (0, 0.6599084774127233), (0, 0.6722672757361132), (0, 0.6847645424844573), (0, 0.6642087684361851), (0, 0.6992307278408594), (0, 0.6684776319947258), (0, 0.705500978403527), (0, 0.6959852892569753), (0, 0.6734833653785399), (0, 0.7091253684119799), (0, 0.6758533512673743), (0, 0.7105977247460948), (0, 0.7072787926927462), (0, 0.6733831678311231), (0, 0.7074880226407219), (0, 0.6717213957984355), (0, 0.7163565387149623), (0, 0.7191004352425557), (0, 0.6655963904168222), (0, 0.6948608153614586), (0, 0.6675620787393278), (0, 0.6851607749316093), (0, 0.6704557670002088), (0, 0.6949167276622659), (0, 0.6858393454937279), (0, 0.6844918107096907), (0, 0.684772959206587), (0, 0.6744945595650935), (0, 0.6753879068333173), (0, 0.6750517904019142), (0, 0.6782430791966413), (0, 0.6659182855328104), (0, 0.677173373287974), (0, 0.6690584821339925), (0, 0.6642042562053811), (0, 0.6836008945277838), (0, 0.6663619774416054), (0, 0.6860119683710001), (0, 0.6844454849943284), (0, 0.6645757571651693), (0, 0.701658705359491), (0, 0.6639832829916273), (0, 0.6856510632546091), (0, 0.6667024483058859), (0, 0.6958335269393552), (0, 0.6986295622041211), (0, 0.6564463167335658), (0, 0.6873802366239636), (0, 0.657025017627361), (0, 0.6827318320760252), (0, 0.6585752954185489), (0, 0.7043280437314525), (0, 0.6889998384755416), (0, 0.6754842665604787), (0, 0.6785718321426203), (0, 0.6676696849130035), (0, 0.6657176675244022), (0, 0.6789254824811101), (0, 0.6750794675542418), (0, 0.6716100012676915), (0, 0.6885930218280403), (0, 0.6547467156692429), (0, 0.6723246314054855), (0, 0.6528548334108923), (0, 0.6828711219387609), (0, 0.652003864359475), (0, 0.6565829926382759), (0, 0.6507305193287993), (0, 0.6506618487291023), (0, 0.6528766031949436), (0, 0.6583546348823152), (0, 0.6494094807687558), (0, 0.6607710158090989), (0, 0.6469627792703346), (0, 0.6531325858378162), (0, 0.6554554256864444), (0, 0.6472623396896485), (0, 0.6551095165672698), (0, 0.6523126932970739), (0, 0.6525834645297389), (0, 0.6476497868232363), (0, 0.6449545594173747), (0, 0.6528359389839519), (0, 0.6498436203330383), (0, 0.6546031135947126), (0, 0.6686854203286401), (0, 0.6540179561344899), (0, 0.6757553315623349), (0, 0.6625575832981343), (0, 0.6708356254734275), (0, 0.660862657340396), (0, 0.6654945141703313), (0, 0.6650346491436399), (0, 0.6556096094711608), (0, 0.6531344304148929), (0, 0.6668238368308823), (0, 0.6524514742445802), (0, 0.684719239511773), (0, 0.6768848763498628), (0, 0.6607460868956178), (0, 0.6701010218273975), (0, 0.651054939962399), (0, 0.6548177273701786), (0, 0.6544335646246697), (0, 0.6469698725163958), (0, 0.649961169731514), (0, 0.6443845936017659), (0, 0.6559570508374419), (0, 0.654547898847541), (0, 0.650958338529434), (0, 0.6572335948248299), (0, 0.6499913956565148), (0, 0.6611876459707737), (0, 0.6449131219275852), (0, 0.6825505027376543), (0, 0.664830872102173), (0, 0.6690381562931641), (0, 0.6709664426640524), (0, 0.6566357605611628), (0, 0.6652915533228785), (0, 0.6468754450474561), (0, 0.6575921267902171), (0, 0.639651647559238), (0, 0.6873314272135733), (0, 0.6632145310827324), (0, 0.6819978413387263), (0, 0.693189293216452), (0, 0.6363452592837678), (0, 0.6527653160577982), (0, 0.6466788477668172), (0, 0.6476291669213151), (0, 0.6434846974023449), (0, 0.6356924436335051), (0, 0.6432295194722831), (0, 0.6426269571925178), (0, 0.6405623620984584), (0, 0.636701541733918), (0, 0.6519962298299207), (0, 0.6369260514221238), (0, 0.6396832308793898), (0, 0.6524828513548611), (0, 0.6371659696330703), (0, 0.6740360295324775), (0, 0.6524210585820783), (0, 0.659834654052111), (0, 0.6582068865149803), (0, 0.6550031487418941), (0, 0.6575577316349944), (0, 0.6404731520569955), (0, 0.6390222877139844), (0, 0.6466784108876187), (0, 0.6327137984462587), (0, 0.6720353579037928), (0, 0.6530065118557219), (0, 0.6601129332707494), (0, 0.6603764851655548), (0, 0.6465314630216533), (0, 0.7035852357892913), (0, 0.6679065635396862), (0, 0.668374730698061), (0, 0.690372440784121), (0, 0.6416522129920335), (0, 0.6711606835743581), (0, 0.656255074336022), (0, 0.648853776976801), (0, 0.6620519875644895), (0, 0.638217095491763), (0, 0.6439666212949449), (0, 0.6391490776326423), (0, 0.6287781361478479), (0, 0.6606748440192414), (0, 0.6473802905082308), (0, 0.6570845203857577), (0, 0.646730534656172), (0, 0.6413530584009773), (0, 0.6560788660927611), (0, 0.6329774140722086), (0, 0.6458585268765298), (0, 0.6321442582327643), (0, 0.6391065837592048), (0, 0.6404086066746032), (0, 0.6281279427222998), (0, 0.638218109379892), (0, 0.6324236544744652), (0, 0.6342275221437217), (0, 0.6288681272451574), (0, 0.6245250877808157), (0, 0.6339887418490957), (0, 0.6362286550084972), (0, 0.6381618622419294), (0, 0.6333476651858916), (0, 0.6290711004692142), (0, 0.6290291975702385), (0, 0.6320358628818095), (0, 0.6379217164972819), (0, 0.6249318497263279), (0, 0.6378296936323773), (0, 0.6265251577760785), (0, 0.6230603345561182), (0, 0.6347689750001733), (0, 0.6185664213704662), (0, 0.6181524089026502), (0, 0.6434533077804644), (0, 0.622787667201533), (0, 0.6784945674600955), (0, 0.6677569610062216), (0, 0.6363602255481556), (0, 0.6502263735021057), (0, 0.6347390496802436), (0, 0.6317631245762999), (0, 0.6368541105880373), (0, 0.6319632176934605), (0, 0.6312241084852863), (0, 0.6236385205397208), (0, 0.6430095835616132), (0, 0.6212689106941913), (0, 0.6639772257859134), (0, 0.6492557869852196), (0, 0.6368302803683588), (0, 0.642538279057241), (0, 0.6316077760168011), (0, 0.6385902725971917), (0, 0.6208990852376152), (0, 0.6280919127243354), (0, 0.6201630021346891), (0, 0.61644401880517), (0, 0.6327070597514423), (0, 0.6158806759374612), (0, 0.6145083781586672), (0, 0.6132980164751555), (0, 0.6232611545558356), (0, 0.6137303999697143), (0, 0.6137902044820582), (0, 0.611303512768985), (0, 0.6084995594252132), (0, 0.6205225648891421), (0, 0.6242822377394697), (0, 0.6128130032507888), (0, 0.6109867699148509), (0, 0.6220345464367234), (0, 0.6199594775220907), (0, 0.6103282901477347), (0, 0.625133529529722), (0, 0.6117789950051706), (0, 0.6131327134786558), (0, 0.6055717462349366), (0, 0.6229594147908273), (0, 0.6192490427018531), (0, 0.6154185032820401), (0, 0.6054784150679322), (0, 0.6189920268545253), (0, 0.6259735966400933), (0, 0.6314956147979943), (0, 0.618551779591205), (0, 0.6239176279109591), (0, 0.6187853634553533), (0, 0.6091912170078148), (0, 0.6261907128292675), (0, 0.6083237001387755), (0, 0.651013504649356), (0, 0.6145077624983146), (0, 0.649346758081627), (0, 0.6382323528688155), (0, 0.6228808017274374), (0, 0.6301033632746781), (0, 0.6166399326992001), (0, 0.6268608472949946), (0, 0.6149870118625675), (0, 0.6344662546721522), (0, 0.6007673537450445), (0, 0.6641673861542785), (0, 0.6450817784695225), (0, 0.6323898198940967), (0, 0.6400277763657134), (0, 0.6087384192819992), (0, 0.6314230811538394), (0, 0.6183685065535347), (0, 0.6428760709373771), (0, 0.6185722430232112), (0, 0.6356192993374256), (0, 0.6172237899183961), (0, 0.6433435139153545), (0, 0.6320748548121593), (0, 0.6359969269498124), (0, 0.6428677617342065), (0, 0.6005090136463692), (0, 0.637782807118846), (0, 0.6005575212401529), (0, 0.6107714477004962), (0, 0.6014663040226604), (0, 0.6000254390769131), (0, 0.6087005252573947), (0, 0.6035581213782335), (0, 0.5989957633140595), (0, 0.6030196592360856), (0, 0.6184334801393909), (0, 0.597084420422201), (0, 0.6357665767610906), (0, 0.6022153568726991), (0, 0.654162120661868), (0, 0.6507345723053185), (0, 0.6074769139146692), (0, 0.6158385548470839), (0, 0.6100604974344659), (0, 0.6183471943949876), (0, 0.6119262160172743), (0, 0.605867507692272), (0, 0.6215364700980459), (0, 0.6173554007047128), (0, 0.6106273831567405), (0, 0.5963902005984492), (0, 0.5955013754503649), (0, 0.5978876850969036), (0, 0.611465438211811), (0, 0.5992073100927441), (0, 0.6229082752932752), (0, 0.6016329247327266), (0, 0.6489172099303525), (0, 0.6459462963964184), (0, 0.6019510652132234), (0, 0.6416684167584394), (0, 0.60919138969337), (0, 0.6458805491794278), (0, 0.6390160571109297), (0, 0.6043999902752185), (0, 0.6197079652718642), (0, 0.5981627893278336), (0, 0.5989545805635171), (0, 0.6071818748235809), (0, 0.5927091216451476), (0, 0.6333654770194043), (0, 0.6251471299893261), (0, 0.588666090737075), (0, 0.6203447734825076), (0, 0.5952726128309163), (0, 0.5934705269253517), (0, 0.5910239251091024), (0, 0.6018415914439696), (0, 0.609449049823679), (0, 0.5909512337671285), (0, 0.6342429175823614), (0, 0.6163820590441065), (0, 0.6125082579044676), (0, 0.6031349115614749), (0, 0.6138584646234394), (0, 0.6336104508697784), (0, 0.5898841225796388), (0, 0.6182893272655917), (0, 0.5852892646707369), (0, 0.6056298643859838), (0, 0.5851498262283951), (0, 0.5914795613666084), (0, 0.5873161937365691), (0, 0.5795640886354139), (0, 0.579850979835268), (0, 0.5995097710717282), (0, 0.5856887268402393), (0, 0.600678359116789), (0, 0.5788375019284437), (0, 0.577841643413644), (0, 0.5965827924240233), (0, 0.579046472953854), (0, 0.5823531667635021), (0, 0.5932730421332787), (0, 0.5856689319224242), (0, 0.5780416375305522), (0, 0.5784822772168293), (0, 0.5981854534003458), (0, 0.5808741200613424), (0, 0.5799442226178059), (0, 0.5825503395675491), (0, 0.5859474151936949), (0, 0.5777472922038496), (0, 0.5873278339200042), (0, 0.5940309744819827), (0, 0.5778446515076201), (0, 0.6096215020554056), (0, 0.5748285327712075), (0, 0.6200304405851189), (0, 0.5975593427735786), (0, 0.6172167725802683), (0, 0.6047567086454777), (0, 0.604442621685901), (0, 0.6097667870843295), (0, 0.5998145139666471), (0, 0.6126155330388712), (0, 0.5898647345735909), (0, 0.5867037455839377), (0, 0.5880394351706387), (0, 0.5868252266174309), (0, 0.5741784849633184), (0, 0.5996778987268413), (0, 0.576119077944266), (0, 0.6020694278212647), (0, 0.5773240662510903), (0, 0.5785588843170958), (0, 0.5734055525628231), (0, 0.5721981625397881), (0, 0.6004362822271243), (0, 0.5759937695642066), (0, 0.601426207174399), (0, 0.5881686049844637), (0, 0.5876970598747999), (0, 0.5825972069119674), (0, 0.583841782470346), (0, 0.5801021040632725), (0, 0.593400320078558), (0, 0.5782259666324068), (0, 0.6072968078585828), (0, 0.585265613718006), (0, 0.6243976461181212), (0, 0.6293867354680339), (0, 0.575191360461301), (0, 0.6405647774125477), (0, 0.6221052817031932), (0, 0.5891081462629143), (0, 0.6195873910967478), (0, 0.5728878208408228), (0, 0.632402394302449), (0, 0.6263272846910444), (0, 0.5794956486772386), (0, 0.6064953737590393), (0, 0.5792708138377035), (0, 0.6010589151686434), (0, 0.588611717724322), (0, 0.592344726548001), (0, 0.5883548936309528), (0, 0.5845459209154716), (0, 0.5904094075692103), (0, 0.5651933360590324), (0, 0.5755823753299942), (0, 0.5648985601414339), (0, 0.5620386973604183), (0, 0.5686300615478708), (0, 0.5710755464846233), (0, 0.559104379204843), (0, 0.5709560271789751), (0, 0.5704733914860229), (0, 0.5594955556490917), (0, 0.5786879921931545), (0, 0.557255645876852), (0, 0.5547806873247264), (0, 0.5659046411082986), (0, 0.5701930407541332), (0, 0.5580076534444383), (0, 0.5560426877455751), (0, 0.564926312490453), (0, 0.5683436269804153), (0, 0.5589321321077683), (0, 0.5755613329796934), (0, 0.5534097077808943), (0, 0.56856533822032), (0, 0.5782982882665612), (0, 0.5614032056141883), (0, 0.6027084702765094), (0, 0.5801603098586381), (0, 0.6091679834786157), (0, 0.6087374944845787), (0, 0.5805332446911999), (0, 0.6005234697364433), (0, 0.5651281837650739), (0, 0.6129508544930771), (0, 0.6025235799479315), (0, 0.5760689170345468), (0, 0.6209225188394608), (0, 0.5707339694960218), (0, 0.6122581252166857), (0, 0.6040932846847704), (0, 0.571671240697944), (0, 0.5911863230247749), (0, 0.5622867486524341), (0, 0.5995653378080033), (0, 0.5706998943499351), (0, 0.575283736748799), (0, 0.5656876361039566), (0, 0.5700093356723016), (0, 0.5690426182202686), (0, 0.5775690211463549), (0, 0.5679074475272546), (0, 0.5750395449338378), (0, 0.5596920439471198), (0, 0.592715633660295), (0, 0.583687221387749), (0, 0.5678096858465252), (0, 0.6049330739905258), (0, 0.5631908728523052), (0, 0.5965858451993099), (0, 0.5927980886125342), (0, 0.5661809951306572), (0, 0.5741191901231679), (0, 0.5650568971053125), (0, 0.577395498915386), (0, 0.5551339262969449), (0, 0.5918111248874327), (0, 0.5713682038353415), (0, 0.5792789798544996), (0, 0.5695778766835433), (0, 0.5722656754959987), (0, 0.5673954617488579), (0, 0.5626715350650708), (0, 0.553356018556367), (0, 0.5478659847960843), (0, 0.550120435408659), (0, 0.5459165241331652), (0, 0.5662163008946103), (0, 0.5431791698928238), (0, 0.5592805300578236), (0, 0.5449383751045194), (0, 0.5525604565815192), (0, 0.5547244015691931), (0, 0.5393430432347047), (0, 0.5758505392681486), (0, 0.5396982744373765), (0, 0.5767861411629486), (0, 0.5482441507356955), (0, 0.5782090051471254), (0, 0.5692594440790129), (0, 0.55864900839723), (0, 0.5486760686239298), (0, 0.569516673483707), (0, 0.5575740379590898), (0, 0.5555870634765296), (0, 0.5473105489285142), (0, 0.5564180175567301), (0, 0.5494302923087717), (0, 0.5569805619598278), (0, 0.5421014978265525), (0, 0.5639837233276348), (0, 0.5372229122375937), (0, 0.5471025467245448), (0, 0.5316731265041246), (0, 0.5622643022853451), (0, 0.5332776859690795), (0, 0.588712083714671), (0, 0.5511940886942686), (0, 0.583786097368636), (0, 0.5855615332166291), (0, 0.5538840524350642), (0, 0.6019930455085466), (0, 0.5834150524114763), (0, 0.5574930739833269), (0, 0.588513392144433), (0, 0.5405940204916061), (0, 0.6019638157647605), (0, 0.5965527774602619), (0, 0.5421313918674944), (0, 0.573899937509756), (0, 0.5452613306069809), (0, 0.537189796874326), (0, 0.5564732342001644), (0, 0.5370073311593495), (0, 0.5509539260560938), (0, 0.5355257894584997), (0, 0.5526934718294696), (0, 0.5310815358105979), (0, 0.5401422503253193), (0, 0.533414014897317), (0, 0.534653151030912), (0, 0.5334330122582411), (0, 0.528279685341215), (0, 0.53094836710238), (0, 0.5331279390078688), (0, 0.5291426707590351), (0, 0.5356898295870347), (0, 0.5388186795121394), (0, 0.5256733315008341), (0, 0.555810974270263), (0, 0.5225945661093585), (0, 0.5535088056520465), (0, 0.5322648530938224), (0, 0.5631870524314981), (0, 0.5403812247968105), (0, 0.5593500719073841), (0, 0.5433409708402821), (0, 0.5673511585159037), (0, 0.5659715369695164), (0, 0.5313381991314341), (0, 0.5693714381176722), (0, 0.5371119604781983), (0, 0.5502670853971262), (0, 0.5442339046564773), (0, 0.5540760960651218), (0, 0.5532341422741962), (0, 0.5388411301715632), (0, 0.5396547963824474), (0, 0.5396311939059616), (0, 0.5461576597612958), (0, 0.5247481417268038), (0, 0.5619087556036918), (0, 0.5290093364640869), (0, 0.5674536945520856), (0, 0.5478728979554504), (0, 0.5526816172554799), (0, 0.5518716876285295), (0, 0.5357616191732766), (0, 0.5661312359374864), (0, 0.5305488761692325), (0, 0.5550906448181738), (0, 0.5603160230096853), (0, 0.5275035241963253), (0, 0.5589886455404406), (0, 0.5293635946708695), (0, 0.5534658521694035), (0, 0.5345222471799538), (0, 0.5514707652305063), (0, 0.5386340625376534), (0, 0.5440135097120787), (0, 0.5415001461326079), (0, 0.5319738728129333), (0, 0.5649973007076089), (0, 0.5345422889475251), (0, 0.5436666518872856), (0, 0.5421608413431075), (0, 0.5261692285401082), (0, 0.5532499006446778), (0, 0.5227184209110227), (0, 0.5569803471742247), (0, 0.5259630226767392), (0, 0.5386209860518941), (0, 0.5285526128735158), (0, 0.5354793363310254), (0, 0.5444080154744065), (0, 0.5198938249596408), (0, 0.5349051934295246), (0, 0.5207851995660845), (0, 0.5326465539069711), (0, 0.509792572541804), (0, 0.5517561929777458), (0, 0.5316655852721773), (0, 0.5495908341691915), (0, 0.5454814770176111), (0, 0.528048153579221), (0, 0.5390450583181902), (0, 0.5093209189092754), (0, 0.5171443741612542), (0, 0.5201580431983346), (0, 0.5227112591659285), (0, 0.5124241648560732), (0, 0.5352970456814463), (0, 0.5048003798775285), (0, 0.5141016043499649), (0, 0.5244471230835464), (0, 0.5078896778102642), (0, 0.555289558584338), (0, 0.536078929650958), (0, 0.5357941520098127), (0, 0.5615351197365671), (0, 0.5169394770658521), (0, 0.5643057561376164), (0, 0.552196955147703), (0, 0.5174836115761506), (0, 0.5973096609693342), (0, 0.592701818357743), (0, 0.5134049650527017), (0, 0.5671978908800315), (0, 0.5735239196498895), (0, 0.5218916842047412), (0, 0.5806832553539257), (0, 0.6013119256767724), (0, 0.5465462262454105), (0, 0.5479321182098212), (0, 0.6079481489297189), (0, 0.5886825016809093), (0, 0.5197840458657181), (0, 0.5764811168948596), (0, 0.6027264093823553), (0, 0.5538533683134536), (0, 0.5314059279954577), (0, 0.575858593610829), (0, 0.5479255678643845), (0, 0.5159665830252989), (0, 0.5675296156395069), (0, 0.563997801953726), (0, 0.5134471265247349), (0, 0.5486866583195906), (0, 0.5650355738274866), (0, 0.5208699365516845), (0, 0.5389372046318393), (0, 0.5526465289237092), (0, 0.5152406678615661), (0, 0.5277024968944009), (0, 0.534010354272405), (0, 0.5122362382182931), (0, 0.5345302581331021), (0, 0.5371205160198769), (0, 0.49787369745701004), (0, 0.5199347904188274), (0, 0.5074869265901104), (0, 0.5151881102349308), (0, 0.5047722069437434), (0, 0.5204468840259617), (0, 0.511819105990119), (0, 0.5250012268918158), (0, 0.5201838746315043), (0, 0.4998855900977367), (0, 0.5050453844510151), (0, 0.501355788430333), (0, 0.5179189410797017), (0, 0.49853458177636234), (0, 0.5229617812046937), (0, 0.5165810996131608), (0, 0.49988644823582534), (0, 0.5062800533266614), (0, 0.5139134977052809), (0, 0.5235989827703089), (0, 0.4853520495449079), (0, 0.5546295280234875), (0, 0.5426810936398676), (0, 0.4994173443775936), (0, 0.5353062826324482), (0, 0.5042101822025752), (0, 0.526226001320924), (0, 0.5292357327020184), (0, 0.49692094431237366), (0, 0.5277702098674192), (0, 0.49581793694966614), (0, 0.5186133638713861), (0, 0.49969518573544774), (0, 0.5195391485069729), (0, 0.5245278997366049), (0, 0.49189719007708155), (0, 0.5455302050377443), (0, 0.5309740081662255), (0, 0.5082335345881164), (0, 0.530579570162997), (0, 0.49503098070752616), (0, 0.4981175107266577), (0, 0.49317505778369475), (0, 0.5038418220481854), (0, 0.5028232991485668), (0, 0.48725166367271844), (0, 0.5028751312437739), (0, 0.48600823452829184), (0, 0.4908947970750004), (0, 0.49201333121312796), (0, 0.4861328028445322), (0, 0.49291209784956536), (0, 0.48769412612571905), (0, 0.4788418957913979), (0, 0.47542420810907265), (0, 0.47497108922630477), (0, 0.4828598704148337), (0, 0.48298658227487623), (0, 0.480856146233326), (0, 0.4828485570944848), (0, 0.47963213021125134), (0, 0.4767782185972162), (0, 0.4725416363781087), (0, 0.48598580855733986), (0, 0.4787641831284127), (0, 0.474370263312189), (0, 0.48016197364990093), (0, 0.4766186543209834), (0, 0.47221252808279546), (0, 0.4715921654204394), (0, 0.47329700375488803), (0, 0.47400519349363524), (0, 0.490461329290939), (0, 0.4745564177265674), (0, 0.4739589158451387), (0, 0.4773816765905013), (0, 0.47538480164908814), (0, 0.47498121502107765), (0, 0.4676926562693372), (0, 0.4915305988049955), (0, 0.46977164683802597), (0, 0.4785697509580571), (0, 0.48613090838877016), (0, 0.4695568456434259), (0, 0.48195435799030695), (0, 0.4822700985095396), (0, 0.4728391411347278), (0, 0.5091667044635684), (0, 0.4804884169954998), (0, 0.5074951668117565), (0, 0.4843027833235471), (0, 0.5140439398785902), (0, 0.5031308163085979), (0, 0.49411627350905585), (0, 0.49800085957999224), (0, 0.4913823565297303), (0, 0.5034206764324224), (0, 0.4946012258995689), (0, 0.48177317049956725), (0, 0.5080895958393661), (0, 0.4813167612291863), (0, 0.4963952260137401), (0, 0.4780267475202361), (0, 0.5019164659259852), (0, 0.4890978984366608), (0, 0.49631216358321806), (0, 0.4803702180957187), (0, 0.4919523991642587), (0, 0.498083167851576), (0, 0.47325022512542264), (0, 0.49954559043043306), (0, 0.46560613776431103), (0, 0.526257124163435), (0, 0.49887485170442036), (0, 0.5043939036426154), (0, 0.5193268119293225), (0, 0.4660288672830763), (0, 0.4978158638268541), (0, 0.4656761752890948), (0, 0.4724639920523155), (0, 0.4648021476551495), (0, 0.4612553007269323), (0, 0.4596712589126909), (0, 0.486058118189984), (0, 0.4588247611396682), (0, 0.5114853057767031), (0, 0.48134720950498494), (0, 0.5080184322836802), (0, 0.5036958633956412), (0, 0.48211690632601223), (0, 0.5001474437153149), (0, 0.4820615444327784), (0, 0.48623289013622883), (0, 0.46835558124759363), (0, 0.5047721481027218), (0, 0.4901814695529755), (0, 0.4820617094214333), (0, 0.48921350197574126), (0, 0.4646383308791798), (0, 0.46006186099265417), (0, 0.465268776210151), (0, 0.4722516482437164), (0, 0.46125697595704906), (0, 0.48249958586424424), (0, 0.4659683035171729), (0, 0.4999103881690529), (0, 0.4679320124093578), (0, 0.507563528524463), (0, 0.4935431421918884), (0, 0.4837964005940287), (0, 0.4835609314740396), (0, 0.4884389397092631), (0, 0.5010901365331633), (0, 0.4759086732775539), (0, 0.47733263335747356), (0, 0.4686655086960607), (0, 0.4726332360513638), (0, 0.45939992662614615), (0, 0.4585723119766688), (0, 0.45976620864958373), (0, 0.47475474752107016), (0, 0.45840529322162427), (0, 0.47994698468315766), (0, 0.4578544545276615), (0, 0.4954665479859782), (0, 0.4566623761443015), (0, 0.4890833190510729), (0, 0.4867443925634457), (0, 0.45555243329355727), (0, 0.4603244881411841), (0, 0.4579979080257119), (0, 0.4564836140624796), (0, 0.45032243315562354), (0, 0.45096082761467565), (0, 0.4447894479507698), (0, 0.45218892112139075), (0, 0.4578160414132904), (0, 0.4641907267368656), (0, 0.4521765699187941), (0, 0.48556592168758866), (0, 0.45582662645726835), (0, 0.4741216559830519), (0, 0.44931983292553), (0, 0.4756379398928157), (0, 0.44955468124243925), (0, 0.48284715935546574), (0, 0.44290634219404357), (0, 0.45537796904683847), (0, 0.4453716068229928), (0, 0.44726400174722764), (0, 0.45110738035588316), (0, 0.44336943472118406), (0, 0.4400804111790481), (0, 0.44653779243282254), (0, 0.4772682385550285), (0, 0.4484416652270243), (0, 0.4973774620622436), (0, 0.47234627007625385), (0, 0.4868617994331281), (0, 0.47653861614756354), (0, 0.48312527898931185), (0, 0.49927177742212575), (0, 0.4561465120653907), (0, 0.48207993228754886), (0, 0.47489776578479154), (0, 0.46024577382565757), (0, 0.46699329958121844), (0, 0.44641369019121885), (0, 0.4555004785345379), (0, 0.464717397970649), (0, 0.4408152015582617), (0, 0.4414539006821767), (0, 0.44134813708610116), (0, 0.45933520540956024), (0, 0.44024760799627066), (0, 0.44024175892661316), (0, 0.4524596781413172), (0, 0.44637837083209586), (0, 0.4394380273386401), (0, 0.4357765590837824), (0, 0.4478227990002693), (0, 0.4499956055094986), (0, 0.43715823706015977), (0, 0.43289943449118795), (0, 0.43111278064896075), (0, 0.43589689163899303), (0, 0.4545822138208918), (0, 0.4334018439277836), (0, 0.4811645487866164), (0, 0.45679614845132316), (0, 0.49841646287227703), (0, 0.4755166946615706), (0, 0.4546812646659187), (0, 0.45210976217367577), (0, 0.453148181945552), (0, 0.4444060776638588), (0, 0.462478797805166), (0, 0.4344850441427128), (0, 0.4983935975075049), (0, 0.47082176872060116), (0, 0.48602872369064654), (0, 0.4900669900811923), (0, 0.43881722047057214), (0, 0.4464364260997844), (0, 0.46330762950680515), (0, 0.45731908832318124), (0, 0.4436645858295454), (0, 0.4520463437121185), (0, 0.44359929414796057), (0, 0.4547092533864141), (0, 0.4383114849574173), (0, 0.4673052438668568), (0, 0.4330032723160701), (0, 0.44416915697685866), (0, 0.43986549846620404), (0, 0.43392013941791135), (0, 0.4314416603071694), (0, 0.44236018414936923), (0, 0.4344457016021751), (0, 0.43451126045489), (0, 0.4466166640109995), (0, 0.45147454246881213), (0, 0.4499748469306757), (0, 0.45325413468885634), (0, 0.44012262276246883), (0, 0.44778937524908513), (0, 0.44371655990112624), (0, 0.441090858463561), (0, 0.4461134481324578), (0, 0.43669915910081153), (0, 0.4395165317658332), (0, 0.440814028593832), (0, 0.44843017631883064), (0, 0.43733747152806074), (0, 0.4289114586309752), (0, 0.43401646180085707), (0, 0.4525689193807615), (0, 0.4269295084794401), (0, 0.46378205569910125), (0, 0.43256360933777943), (0, 0.44737313352731783), (0, 0.43107241113310485), (0, 0.4503638701092679), (0, 0.4448365988337137), (0, 0.43291999836650136), (0, 0.45364066727879193), (0, 0.43676324196876554), (0, 0.4474314011675318), (0, 0.4243857272799949), (0, 0.4767560841814916), (0, 0.4510741229287298), (0, 0.47564203256829846), (0, 0.47510876451960105), (0, 0.4404324374230814), (0, 0.45036326258557036), (0, 0.43017074549971407), (0, 0.4292336677331603), (0, 0.427461252136723), (0, 0.4282731035556845), (0, 0.43284356513906597), (0, 0.4242948854529098), (0, 0.42294270343665497), (0, 0.43167771858351256), (0, 0.44060062613015855), (0, 0.42708056369128067), (0, 0.4550637210031513), (0, 0.4243819162613398), (0, 0.4689766474147504), (0, 0.4414476260822042), (0, 0.47595674228054885), (0, 0.478388954242128), (0, 0.43143496240150614), (0, 0.46273824123571), (0, 0.43079573765953466), (0, 0.44516341411437094), (0, 0.4269309683843128), (0, 0.4224677981956447), (0, 0.43228795914734025), (0, 0.4200949186545486), (0, 0.45410199327675355), (0, 0.42022906216880324), (0, 0.48963700181333153), (0, 0.4765686154509183), (0, 0.4296586292899957), (0, 0.44271937543677986), (0, 0.42921210751590066), (0, 0.4704545267698205), (0, 0.43651518436766645), (0, 0.46480227303671057), (0, 0.45924722778306004), (0, 0.4443580158015106), (0, 0.45777352221227063), (0, 0.42031650792814723), (0, 0.4298372211945676), (0, 0.424308378099138), (0, 0.4352014404255695), (0, 0.4172724201101651), (0, 0.41998595509252884), (0, 0.41077761783576927), (0, 0.4093446687862405), (0, 0.42659775403598266), (0, 0.4240045155484246), (0, 0.41590959754214524), (0, 0.41169504281134417), (0, 0.41595447240066963), (0, 0.4298083182584061), (0, 0.412047730486844), (0, 0.4436738446064081), (0, 0.41310892748704703), (0, 0.43814906936817444), (0, 0.41130401880243705), (0, 0.4258269133936343), (0, 0.40910721585782694), (0, 0.404315864139834), (0, 0.42805571538895254), (0, 0.41344694654643216), (0, 0.40814689106780755), (0, 0.4066899583516793), (0, 0.4143051304142529), (0, 0.4257921674666672), (0, 0.4001581072012457), (0, 0.4104638363015243), (0, 0.42988584527884643), (0, 0.4095340184803809), (0, 0.409790790002366), (0, 0.4147260831649866), (0, 0.4029567400162083), (0, 0.4312790324691294), (0, 0.4158260666640847), (0, 0.428323617932273), (0, 0.41161384563916253), (0, 0.4050498174791066), (0, 0.44275765795365996), (0, 0.4075107498029307), (0, 0.4616706813261041), (0, 0.42576648241388565), (0, 0.4368971561704737), (0, 0.43248316250279584), (0, 0.4162769896933807), (0, 0.4168431942705577), (0, 0.4082985387555455), (0, 0.41079767403175077), (0, 0.42285879582394603), (0, 0.40072179870327207), (0, 0.4156065763885637), (0, 0.4023529178192428), (0, 0.400978065266958), (0, 0.4002466439113332), (0, 0.4008821808592267), (0, 0.4225754684728974), (0, 0.3931124649866865), (0, 0.44611968021401976), (0, 0.3991392337008073), (0, 0.45010430979308497), (0, 0.4233376609084546), (0, 0.43089706963561736), (0, 0.4055165912369679), (0, 0.4451572150220096), (0, 0.43207820217636), (0, 0.42443655606573133), (0, 0.42377991011762384), (0, 0.4251084080671443), (0, 0.43764631708314794), (0, 0.39805954256843573), (0, 0.41601908422269546), (0, 0.39469311908936766), (0, 0.39674648213237357), (0, 0.4347398604043601), (0, 0.40534371269956), (0, 0.429810997234112), (0, 0.3999777920985035), (0, 0.44881643054344145), (0, 0.4212425066186509), (0, 0.41643776682244094), (0, 0.43224730017393753), (0, 0.40564498128674886), (0, 0.442155394871966), (0, 0.3946256131742101), (0, 0.44117404799964255), (0, 0.40819129509702357), (0, 0.4475984875111308), (0, 0.42995732449500434), (0, 0.42425464801248736), (0, 0.4299813054933287), (0, 0.4043042310545583), (0, 0.4441510264915488), (0, 0.39991584800030655), (0, 0.43709969914339947), (0, 0.4148301798216224), (0, 0.42043613368661725), (0, 0.43035754126425635), (0, 0.4044523333315668), (0, 0.40962941920532125), (0, 0.4066631114700621), (0, 0.41832075351799364), (0, 0.40646388488583074), (0, 0.4032865706781063), (0, 0.3972129965969125), (0, 0.4123325159689643), (0, 0.3953523470201518), (0, 0.38980964787137573), (0, 0.4111504920229816), (0, 0.39022807239794416), (0, 0.41288986722257265), (0, 0.3906319354639372), (0, 0.3962001020666665), (0, 0.38224211391836277), (0, 0.43060151793042645), (0, 0.3807107586361225), (0, 0.46598797205344816), (0, 0.46042264645160874), (0, 0.3847980546593305), (0, 0.4468300046149305), (0, 0.4060616105595124), (0, 0.4549936730859863), (0, 0.45957158698293465), (0, 0.39307984678021135), (0, 0.4392580090639054), (0, 0.407159812532035), (0, 0.4335027192937919), (0, 0.4261773512884148), (0, 0.39181038369303184), (0, 0.410071407977449), (0, 0.40619545490624875), (0, 0.40582249307458584), (0, 0.3968522209488321), (0, 0.3878744878964785), (0, 0.39423074032455174), (0, 0.39449212307332243), (0, 0.39225259892708714), (0, 0.37777947657785893), (0, 0.3972358637608315), (0, 0.3836073167483274), (0, 0.3763983867605233), (0, 0.39180557143596745), (0, 0.38178209061252805), (0, 0.3801997261237535), (0, 0.3872506502548112), (0, 0.39513321721369327), (0, 0.40498163172188906), (0, 0.39403359488881806), (0, 0.3992318723216713), (0, 0.38377806738507747), (0, 0.4055198147667011), (0, 0.38431756501325115), (0, 0.376493754578835), (0, 0.3754829733320165), (0, 0.3954174760333172), (0, 0.38592076676277987), (0, 0.41737679171580405), (0, 0.37652872277161603), (0, 0.4442502919921225), (0, 0.422940509286868), (0, 0.40911812739947656), (0, 0.4108042034408275), (0, 0.38478371987393534), (0, 0.3937486961103148), (0, 0.3811116016526507), (0, 0.38636529673068154), (0, 0.3856569157633872), (0, 0.37494858141259135), (0, 0.38921262652884203), (0, 0.372136341336127), (0, 0.38214123293534), (0, 0.37393428358466413), (0, 0.37187565349475626), (0, 0.3863634937571837), (0, 0.3645713055179471), (0, 0.4223413272905219), (0, 0.3937663245898234), (0, 0.4292840282114687), (0, 0.4064357802568318), (0, 0.3979071977251612), (0, 0.401661043230726), (0, 0.3856064596150313), (0, 0.382137003898491), (0, 0.3684447908787998), (0, 0.3965681325148916), (0, 0.3844900921633037), (0, 0.36429952485613254), (0, 0.42211826701695965), (0, 0.38146055623704267), (0, 0.4429141783996897), (0, 0.44496808758404466), (0, 0.38772369592875344), (0, 0.4430200471617077), (0, 0.4109909153519108), (0, 0.41083332662027844), (0, 0.4527125235264568), (0, 0.39671934745774085), (0, 0.41133162199300216), (0, 0.43142731116237637), (0, 0.38133742437655027), (0, 0.4426819695280101), (0, 0.4483703519088171), (0, 0.3771990099775244), (0, 0.4554222034458487), (0, 0.4680390408109869), (0, 0.3862875450719689), (0, 0.41447864971453585), (0, 0.42371505451691127), (0, 0.37739567255089956), (0, 0.4066061893364919), (0, 0.4112454964233961), (0, 0.37055627218471987), (0, 0.43145195022763605), (0, 0.4188308134774666), (0, 0.36898197278999645), (0, 0.39443115045325355), (0, 0.36454297078603876), (0, 0.3998989120364733), (0, 0.39838279655703096), (0, 0.3627251165987054), (0, 0.38239719811511147), (0, 0.37195041356519665), (0, 0.37204009475838273), (0, 0.37263019068372194), (0, 0.3542910669868953), (0, 0.3840622941696177), (0, 0.35493891264499633), (0, 0.39445535379844765), (0, 0.3558367387920853), (0, 0.37361725667072404), (0, 0.35929235277657057), (0, 0.38141795866436734), (0, 0.35014125921275663), (0, 0.3911467346658288), (0, 0.35002134473849905), (0, 0.36232334582125275), (0, 0.3649833716324846), (0, 0.3674115332866022), (0, 0.3579822763466362), (0, 0.36208104950876757), (0, 0.36646208093723487), (0, 0.35900527594216963), (0, 0.37956056266615873), (0, 0.3568960838436931), (0, 0.3995125916260853), (0, 0.3720600994093642), (0, 0.38891072800196663), (0, 0.37261092970751997), (0, 0.37668646654309046), (0, 0.38461897981534987), (0, 0.35824963588444886), (0, 0.39184532629167906), (0, 0.356020525049532), (0, 0.39214201738968046), (0, 0.35267624009306126), (0, 0.3600331770962729), (0, 0.3566288109247293), (0, 0.35737270096392965), (0, 0.3484406095511174), (0, 0.36902371050383637), (0, 0.34432345846391305), (0, 0.34504702693345124), (0, 0.3485263808814726), (0, 0.3459009028152107), (0, 0.3475716896304886), (0, 0.35073678529958946), (0, 0.3619528434685383), (0, 0.34990560921681646), (0, 0.3618820691999795), (0, 0.3544952996734944), (0, 0.3496794637113698), (0, 0.370827701298845), (0, 0.339668134461245), (0, 0.3784794609722536), (0, 0.35023379708383945), (0, 0.41197781001618416), (0, 0.357896170554767), (0, 0.3809050351372763), (0, 0.3621316609511567), (0, 0.3618049611421679), (0, 0.356707376635949), (0, 0.3599958366564649), (0, 0.35300901779362276), (0, 0.34604345876060055), (0, 0.35073974016726306), (0, 0.35194347354380656), (0, 0.35202779750173147), (0, 0.3465047424329835), (0, 0.33570468928629904), (0, 0.34128076351895964), (0, 0.3410225134949432), (0, 0.347894927736181), (0, 0.3378898946065754), (0, 0.3408277450389525), (0, 0.3426648461583126), (0, 0.32994756039798556), (0, 0.34454092176306755), (0, 0.34150218023214346), (0, 0.3393392254610167), (0, 0.3516001921675357), (0, 0.3412311758484501), (0, 0.35099729058157264), (0, 0.3384355990861984), (0, 0.34040933027645925), (0, 0.3431440638612104), (0, 0.3370630233151295), (0, 0.35638369980318363), (0, 0.35949034270019664), (0, 0.3650280120245852), (0, 0.3422918998921921), (0, 0.3795135112635255), (0, 0.3459221341240955), (0, 0.3332107494698667), (0, 0.35616286306382844), (0, 0.3314232762211875), (0, 0.3919984306954149), (0, 0.33283542142382966), (0, 0.33852521440449296), (0, 0.3253024963477097), (0, 0.33151668338512563), (0, 0.33396128877124637), (0, 0.3339639276442046), (0, 0.3298574094788422), (0, 0.3269080670536867), (0, 0.33070561655820474), (0, 0.3375056021060529), (0, 0.32755340002834654), (0, 0.3159184441653795), (0, 0.32675297639587486), (0, 0.33124335201442473), (0, 0.32779545375462266), (0, 0.3237176025387129), (0, 0.3507716730782964), (0, 0.3267874418024084), (0, 0.34284353750677804), (0, 0.35730562697477386), (0, 0.3297226417846167), (0, 0.39656204040078), (0, 0.35063252696391023), (0, 0.40735183579285617), (0, 0.41352585893879623), (0, 0.34339574849687005), (0, 0.3955025100031186), (0, 0.3419287708431368), (0, 0.3746623915511889), (0, 0.36716509358017485), (0, 0.3311027041814334), (0, 0.3682646709109107)]