Model Setup for {PATIENT_GROUPS} #{INDIVIDUAL_NUMBER} Trained Network:

RNN Network Architecture Parameters
Input channels=1
Hidden channels=128
Output channels=4

Training hyperparameters
Optimizer=AdamW (
Parameter Group 0
    amsgrad: False
    betas: (0.9, 0.999)
    capturable: False
    differentiable: False
    eps: 1e-08
    foreach: None
    fused: None
    lr: 0.001
    maximize: False
    weight_decay: 1e-06
)
Training Iterations=1000
Learning rate=0.001
Weight decay=1e-06
Optimizer reset frequency=1000

Dropout probability (after initial linear layer before NCDE): 0.0
Training Data Selection Parameters
(If not virtual, the only important params are the groups and whether data was normalized/standardized)
Patient groups=['Control']
Augmentation strategy=None
Noise Magnitude=0.0
Normalized/standardized=None
Number of virtual patients per real patient=0
Label smoothing factor=0
Test Patient Combinations:
Training batch size=1
Training Results:
Runtime=3.296872138977051
Loss over time=[(0, 1.1437550100082627), (0, 0.5936354493704278), (0, 0.39756169948022285), (0, 0.4942346595361949), (0, 0.5610753774106754), (0, 0.5898018301100194), (0, 0.6226232699432401), (0, 0.6367560109926015), (0, 0.6436961049507418), (0, 0.6409268180495482), (0, 0.6299128814242707), (0, 0.6127208689831446), (0, 0.6035035838881981), (0, 0.5872675269058449), (0, 0.5593640920690098), (0, 0.5253550372887076), (0, 0.48670054157862347), (0, 0.44723228919076097), (0, 0.4036647909077365), (0, 0.37962720006408274), (0, 0.40249174625672174), (0, 0.424367930232794), (0, 0.4351519587232954), (0, 0.40239184465816985), (0, 0.3917358148012664), (0, 0.3483549078738435), (0, 0.28662396597645584), (0, 0.29034948204075184), (0, 0.3047103768836596), (0, 0.30969784165501413), (0, 0.3061596832943847), (0, 0.2948189573110623), (0, 0.29089191434038475), (0, 0.295213932110053), (0, 0.29749797865660027), (0, 0.29778123906723764), (0, 0.29602324949742465), (0, 0.2923217722249104), (0, 0.2857568334626018), (0, 0.27719593947339033), (0, 0.2682617874578891), (0, 0.25861649153630445), (0, 0.2483764032290314), (0, 0.23767645107585358), (0, 0.230818671550528), (0, 0.2279220659902401), (0, 0.21871015329568436), (0, 0.21020676525314466), (0, 0.20844194568790433), (0, 0.20885562413144534), (0, 0.20666282764137858), (0, 0.20136028034998368), (0, 0.1970728512113863), (0, 0.1963670365282739), (0, 0.1968186018129951), (0, 0.19228799643350244), (0, 0.1867634991421401), (0, 0.18329199463310866), (0, 0.18081049260991258), (0, 0.17784284651990728), (0, 0.17349080169045974), (0, 0.16804668563050892), (0, 0.1634413334493049), (0, 0.1611220119861013), (0, 0.15585978074604073), (0, 0.1554203737308552), (0, 0.15387495793979952), (0, 0.14990430411067404), (0, 0.14796248964370975), (0, 0.14456765239884042), (0, 0.14146282361608986), (0, 0.13848760517286174), (0, 0.1350832752555373), (0, 0.13525331917481512), (0, 0.13258411536289083), (0, 0.13305246994284575), (0, 0.13033746767273552), (0, 0.12890904663087485), (0, 0.12633313904035356), (0, 0.12315844856940467), (0, 0.12419734632488426), (0, 0.12037371478100817), (0, 0.1220090177521903), (0, 0.11698910572125723), (0, 0.1195097894479305), (0, 0.11870374652495769), (0, 0.11052352953175286), (0, 0.11618840261339587), (0, 0.11437665571062951), (0, 0.10688959435954634), (0, 0.11345920598499316), (0, 0.11269655331227463), (0, 0.1031796430956562), (0, 0.10976393577388635), (0, 0.11349864716252979), (0, 0.10769890690763204), (0, 0.09417080152901579), (0, 0.10575895483875888), (0, 0.10924111873686097), (0, 0.1034348748707108), (0, 0.09128195071340076), (0, 0.1039658042693654), (0, 0.11060641378526807), (0, 0.10739033429905954), (0, 0.09532486766609467), (0, 0.08836706106551233), (0, 0.09525529138973027), (0, 0.09177205377884393), (0, 0.07944856737334847), (0, 0.08857710805878903), (0, 0.08937533538317728), (0, 0.08082455542700245), (0, 0.08321168157818228), (0, 0.08706105322734711), (0, 0.08115179134014822), (0, 0.0734257835681586), (0, 0.07637331852062836), (0, 0.06961509987825414), (0, 0.07676865794652016), (0, 0.07758645414074844), (0, 0.06879941348537695), (0, 0.07381227291457822), (0, 0.07777337341532159), (0, 0.0717358338014291), (0, 0.06183879526954891), (0, 0.06696739575013756), (0, 0.06271412645290417), (0, 0.061142986989389886), (0, 0.06193948132768801), (0, 0.05474002108512179), (0, 0.06059554603794381), (0, 0.05860049448547407), (0, 0.05109681792568827), (0, 0.05797189836790229), (0, 0.054878712080414234), (0, 0.04913359889603346), (0, 0.05077329026093374), (0, 0.04407935103224108), (0, 0.05042644639237695), (0, 0.04884671250544221), (0, 0.04262547135495886), (0, 0.048631399421216574), (0, 0.046143804867596214), (0, 0.036701445890648575), (0, 0.0375366906121777), (0, 0.03622841829407111), (0, 0.035407094873136494), (0, 0.03239035698214792), (0, 0.03405575858659048), (0, 0.030114637228871012), (0, 0.029569582829253784), (0, 0.02961848680322874), (0, 0.03422605424544784), (0, 0.03262317369942051), (0, 0.03379961990199028), (0, 0.03363810983657726), (0, 0.032602898046668556), (0, 0.031238849829573003), (0, 0.02996758739323059), (0, 0.030082180531082494), (0, 0.030472177379331243), (0, 0.030265423304215666), (0, 0.028291743387163962), (0, 0.02872773437448295), (0, 0.02960943249090399), (0, 0.02861301579602258), (0, 0.027477774109888494), (0, 0.031405188002668095), (0, 0.02982424886920298), (0, 0.029806622744797673), (0, 0.027581352917048673), (0, 0.02690232948526029), (0, 0.03020511614557455), (0, 0.02842859093116624), (0, 0.03144741955263088), (0, 0.026332305486741835), (0, 0.028820162950504855), (0, 0.029445099634711206), (0, 0.02817006903824841), (0, 0.03175774341033208), (0, 0.027665775246666066), (0, 0.036483735117942985), (0, 0.03770940577135877), (0, 0.027768062317274078), (0, 0.03508299532742636), (0, 0.035204273810556144), (0, 0.027338118075828925), (0, 0.02865317913230264), (0, 0.028748051942242513), (0, 0.025731206034114794), (0, 0.03215972529815504), (0, 0.027153578032287854), (0, 0.037855945718254375), (0, 0.04168599241938275), (0, 0.033889410192178726), (0, 0.03346581305722846), (0, 0.038393514925491076), (0, 0.031163843224942585), (0, 0.03520509049973639), (0, 0.03967829477571427), (0, 0.03219236753163624), (0, 0.034768896887107485), (0, 0.03972894205615968), (0, 0.033071551009785656), (0, 0.03180281586431354), (0, 0.03491295933237326), (0, 0.027240627614729604), (0, 0.032800021848416266), (0, 0.03068916633701568), (0, 0.032080718899761725), (0, 0.03348067371950968), (0, 0.02694416901957928), (0, 0.038121599132762224), (0, 0.0392559390640741), (0, 0.031084219339065734), (0, 0.0379262054840616), (0, 0.04338697345916956), (0, 0.03651690999321702), (0, 0.03067339435650406), (0, 0.03509254110623765), (0, 0.029084901904949622), (0, 0.03394208355673242), (0, 0.03617215851377254), (0, 0.0283586798770034), (0, 0.03925912998942182), (0, 0.044186088773633815), (0, 0.03685820109920567), (0, 0.029465142287247784), (0, 0.03492682649694531), (0, 0.02820949989865679), (0, 0.0372533732131322), (0, 0.041445350614733006), (0, 0.03448971850127531), (0, 0.032015460779210136), (0, 0.03622649703148229), (0, 0.02824015219475144), (0, 0.03720026412145883), (0, 0.04143331208828111), (0, 0.03381929860375211), (0, 0.03237130329706304), (0, 0.03733835266104665), (0, 0.02989448096221684), (0, 0.03596703076441157), (0, 0.04064717240742954), (0, 0.033101906750306394), (0, 0.033556573839819186), (0, 0.038914019741606624), (0, 0.03226782091756841), (0, 0.0319122359873587), (0, 0.035132490954904644), (0, 0.0287272190342706), (0, 0.03558210785267127), (0, 0.0366688657175867), (0, 0.026132583966050473), (0, 0.040536928072353345), (0, 0.045747057947610296), (0, 0.03855069378933835), (0, 0.027251138327010604), (0, 0.034552206562604916), (0, 0.029108305464322373), (0, 0.03504426714390163), (0, 0.03834219619868872), (0, 0.029462279798897862), (0, 0.03764267064304744), (0, 0.043681216915275094), (0, 0.03724437397595756), (0, 0.027861886517568647), (0, 0.03549759224401824), (0, 0.03038064438554762), (0, 0.03333177044891833), (0, 0.038954189104411445), (0, 0.03217588637437133), (0, 0.03313984726978767), (0, 0.037486468534795286), (0, 0.029485130155578732), (0, 0.036834006746992644), (0, 0.04197792510140744), (0, 0.034800796472186826), (0, 0.03081752133939443), (0, 0.035433833926944165), (0, 0.02791396949418876), (0, 0.036843635286566014), (0, 0.04036786928593658), (0, 0.03143544916381888), (0, 0.035656169389601006), (0, 0.0417162731208812), (0, 0.03506049397292988), (0, 0.02991639672960257), (0, 0.03418070227665553), (0, 0.026892286426469982), (0, 0.03048999017688053), (0, 0.027506728926606886), (0, 0.034043716034598374), (0, 0.03468116187263179), (0, 0.025583124595925242), (0, 0.03215361050480188), (0, 0.027402384672665477), (0, 0.036079322545831245), (0, 0.03923740152234785), (0, 0.030843308567428538), (0, 0.035755220331776166), (0, 0.04074562829436606), (0, 0.03313340552899977), (0, 0.03274770928565613), (0, 0.037682660976140724), (0, 0.030037177157475017), (0, 0.0368660438461218), (0, 0.042142226512667365), (0, 0.036351932299028576), (0, 0.02767329796303306), (0, 0.0339608677862189), (0, 0.02913137115521337), (0, 0.03345607716382411), (0, 0.03451074892066459), (0, 0.02631493430577402), (0, 0.03124297625601147), (0, 0.02694749936610811), (0, 0.0313479490164273), (0, 0.032202209389073984), (0, 0.027136707429678594), (0, 0.03451750800760083), (0, 0.03302234824433121), (0, 0.02824722985963171), (0, 0.034025159270431725), (0, 0.02787069342764904), (0, 0.031051071800025684), (0, 0.029804896694080298), (0, 0.029483912832673816), (0, 0.029485390260730552), (0, 0.027792794206916428), (0, 0.028763668056965973), (0, 0.02798880140331341), (0, 0.02531959072322235), (0, 0.030632435510190324), (0, 0.029410967618160325), (0, 0.02802654652159413), (0, 0.027190552270496927), (0, 0.0305415667002232), (0, 0.02766009618557372), (0, 0.034001470045433704), (0, 0.034878677495743166), (0, 0.02488951025898117), (0, 0.03298539098918953), (0, 0.0295842744319907), (0, 0.031312648163312924), (0, 0.031466985123013054), (0, 0.02725917327243221), (0, 0.026541706536560124), (0, 0.028816468104656046), (0, 0.025010404750319695), (0, 0.02836752696704176), (0, 0.026279421513526916), (0, 0.024785439085947214), (0, 0.029663907222283344), (0, 0.025734374079300168), (0, 0.03478730067904938), (0, 0.032819984818649096), (0, 0.027750448381746593), (0, 0.028094573232921406), (0, 0.030600704207086916), (0, 0.029352785956194383), (0, 0.029966328122846133), (0, 0.02881476285076203), (0, 0.031067798820022863), (0, 0.030700868938058467), (0, 0.028691998166842956), (0, 0.028722998686203392), (0, 0.02995717511292063), (0, 0.02857927121273197), (0, 0.031525491077303555), (0, 0.031247622847684953), (0, 0.028412855051461697), (0, 0.02812592069291406), (0, 0.029874721621508716), (0, 0.02821055825115861), (0, 0.03013473025733813), (0, 0.028020280055680323), (0, 0.03312177862716636), (0, 0.034335379616542705), (0, 0.02532917131863601), (0, 0.03043280451798527), (0, 0.02547190428235909), (0, 0.03692486589649109), (0, 0.03781687629786817), (0, 0.025876516099513122), (0, 0.039609126503023964), (0, 0.044174338835316636), (0, 0.03563751729814338), (0, 0.030817166684840882), (0, 0.03643645034777554), (0, 0.029069587067536127), (0, 0.03627950625051445), (0, 0.03987335083804371), (0, 0.03205419630435685), (0, 0.03292848975615865), (0, 0.036711654294866954), (0, 0.028982545914495585), (0, 0.036800893777882385), (0, 0.040263584647467925), (0, 0.03062604873210835), (0, 0.03857353725811029), (0, 0.045205546656230604), (0, 0.04009990765849349), (0, 0.02682943428342438), (0, 0.03757381861371123), (0, 0.04087518033152118), (0, 0.034744075540224156), (0, 0.029867857607621114), (0, 0.030290240076369136), (0, 0.030743646371775766), (0, 0.03197170101460968), (0, 0.024578620558616694), (0, 0.026112921554524497), (0, 0.02611705407070568), (0, 0.02602998257414848), (0, 0.028336744328691554), (0, 0.026520504948397326), (0, 0.027949700723213778), (0, 0.025751566678476154), (0, 0.028573272110787418), (0, 0.024481675650054904), (0, 0.02971235071324032), (0, 0.024277217897649694), (0, 0.0327032602750594), (0, 0.02902464240248468), (0, 0.03306299460945239), (0, 0.03469811624106888), (0, 0.02446739999647941), (0, 0.038178364601885624), (0, 0.03946345858179942), (0, 0.02910444584306047), (0, 0.04072896078326241), (0, 0.047905504298469355), (0, 0.041295105360195254), (0, 0.028259548016912838), (0, 0.03771644906277715), (0, 0.03836798665497168), (0, 0.02611554515158915), (0, 0.043635032548626836), (0, 0.052120048633567166), (0, 0.047899530071941636), (0, 0.0337533486003139), (0, 0.03899484196948728), (0, 0.047030734124417856), (0, 0.04132878303633069), (0, 0.026706097006956118), (0, 0.03806866779611168), (0, 0.03909661572855543), (0, 0.027630217942314596), (0, 0.034512403440414646), (0, 0.0356237950861868), (0, 0.027333034227914697), (0, 0.03667603876867345), (0, 0.03855675811781543), (0, 0.02955038134648401), (0, 0.03989329726786594), (0, 0.045957143698603084), (0, 0.03849978222922188), (0, 0.030382897016939102), (0, 0.03886088272622354), (0, 0.03648728414805722), (0, 0.02461662634617863), (0, 0.0351261361397996), (0, 0.033615669699530754), (0, 0.02583767862728315), (0, 0.024996880718477495), (0, 0.034447006915606065), (0, 0.034104901134794946), (0, 0.025857554959824655), (0, 0.025712633385565), (0, 0.03206749746989661), (0, 0.03151936774997428), (0, 0.027251771908809518), (0, 0.033691583968716306), (0, 0.02711982842362109), (0, 0.03721842174836565), (0, 0.040887486073064645), (0, 0.031754955522104826), (0, 0.03597940399666417), (0, 0.042772814355406724), (0, 0.03626042969704917), (0, 0.02867276870131347), (0, 0.03868563417509168), (0, 0.035096924740521014), (0, 0.028150373193036347), (0, 0.030853872630044524), (0, 0.02475386862232584), (0, 0.02512514359181289), (0, 0.03205496148736933), (0, 0.027168758713578302), (0, 0.035826547921253976), (0, 0.038322289440015096), (0, 0.02787718528995434), (0, 0.0387950759979306), (0, 0.04538176118771985), (0, 0.03849405014027736), (0, 0.02638550582598083), (0, 0.03299020143179657), (0, 0.026159879240860454), (0, 0.03882436945893802), (0, 0.04324489437245627), (0, 0.034321036979164), (0, 0.03225098503459934), (0, 0.038079864202267256), (0, 0.030462395018675224), (0, 0.035097159677231336), (0, 0.039908492788644286), (0, 0.03135349643528884), (0, 0.0351068525887239), (0, 0.04075285506332758), (0, 0.0328218388313755), (0, 0.033003438957727387), (0, 0.03801210814713691), (0, 0.02971100344890255), (0, 0.03653292985593303), (0, 0.0418442140011448), (0, 0.033938609892399295), (0, 0.03183011786384274), (0, 0.036918800183422494), (0, 0.02879601971173767), (0, 0.03708783325483799), (0, 0.04228671593476589), (0, 0.03406911071946003), (0, 0.031803126616443314), (0, 0.03697117928828433), (0, 0.028809552584124046), (0, 0.037106931627185424), (0, 0.04244297134680146), (0, 0.034351490414831785), (0, 0.0315935502208254), (0, 0.036818656716002575), (0, 0.02880876319079373), (0, 0.03687874523037004), (0, 0.04201422207894966), (0, 0.03392957452525352), (0, 0.03189156416674191), (0, 0.0370281300349878), (0, 0.028931486206494047), (0, 0.03688072390622608), (0, 0.04205048448298083), (0, 0.033892092832265436), (0, 0.03200488534104243), (0, 0.03733532935466132), (0, 0.029250123048900633), (0, 0.03647484487662706), (0, 0.04163010318805427), (0, 0.03349382053361033), (0, 0.032275787956797725), (0, 0.03752206867621704), (0, 0.029506089569575247), (0, 0.0361847930025658), (0, 0.04142522640713021), (0, 0.033309332507677966), (0, 0.0325360420784341), (0, 0.03777946855264592), (0, 0.030039063081303732), (0, 0.03575341132262045), (0, 0.04093182657754222), (0, 0.032939146737794814), (0, 0.0328874157260121), (0, 0.03821712453289697), (0, 0.030325560792526775), (0, 0.03580019161035123), (0, 0.0405685796702879), (0, 0.03270882453627841), (0, 0.03237836446326618), (0, 0.03641626211275879), (0, 0.028060943055708634), (0, 0.036304995700424), (0, 0.039264120071977174), (0, 0.02954550961116477), (0, 0.037942493944948356), (0, 0.04463669454195543), (0, 0.038081534202228436), (0, 0.027197043750274277), (0, 0.03338816936810671), (0, 0.027079774468371624), (0, 0.0351195037616189), (0, 0.037329235487195085), (0, 0.02857124459600245), (0, 0.03386742568820072), (0, 0.03488649200187415), (0, 0.0256069713247387), (0, 0.03634191319926693), (0, 0.03599823734192102), (0, 0.02440647565433963), (0, 0.03063268779517462), (0, 0.02540506534560659), (0, 0.03764062209922163), (0, 0.04036065575610875), (0, 0.031329817361251615), (0, 0.03613466000945271), (0, 0.041917763070206275), (0, 0.034515550869097536), (0, 0.031473491305765884), (0, 0.03624521451505001), (0, 0.0289132152521129), (0, 0.03629137857544953), (0, 0.040978952715121614), (0, 0.03273771309553598), (0, 0.03274959642984749), (0, 0.03757980344111322), (0, 0.029234740509615352), (0, 0.037137915166917425), (0, 0.04283182179713737), (0, 0.035449332984722144), (0, 0.030020776615059374), (0, 0.03471096540188341), (0, 0.027237454263149344), (0, 0.034225096805255914), (0, 0.034856915941979656), (0, 0.025013259662725888), (0, 0.030676837111689382), (0, 0.025203399422921047), (0, 0.030883383686811327), (0, 0.026421501059766653), (0, 0.036073191419731546), (0, 0.038445021121285713), (0, 0.028274216989920053), (0, 0.03698994242065747), (0, 0.04128947106720035), (0, 0.03232544994593479), (0, 0.03450755208094994), (0, 0.040452377370679485), (0, 0.03294794363555313), (0, 0.03363623717497177), (0, 0.038747674707242274), (0, 0.03223726497356983), (0, 0.03188535565944692), (0, 0.03560037309052241), (0, 0.027726993377102292), (0, 0.036681136399466546), (0, 0.03917138243240768), (0, 0.028477244568449966), (0, 0.039510679101101114), (0, 0.046729191339482216), (0, 0.04042509605151782), (0, 0.02677545223689872), (0, 0.03783075458064044), (0, 0.037500752788562866), (0, 0.02538579206909171), (0, 0.0422458381421948), (0, 0.048397980144529854), (0, 0.041330745264446384), (0, 0.02774955800210011), (0, 0.041459857472444746), (0, 0.04511511118299802), (0, 0.03564337775314839), (0, 0.03187864557172881), (0, 0.03833139690574582), (0, 0.03177925993731186), (0, 0.03427361316544367), (0, 0.03884297602461424), (0, 0.032313537021659566), (0, 0.03138790112330535), (0, 0.03412379506720592), (0, 0.02691471477715183), (0, 0.03956655887421695), (0, 0.044034636154926615), (0, 0.03561692789365787), (0, 0.030957375281476074), (0, 0.03720032317639122), (0, 0.030602348260030884), (0, 0.03395256984999963), (0, 0.03805328263403868), (0, 0.03101467333854614), (0, 0.03134045814582455), (0, 0.031842026236694514), (0, 0.02679887165729391), (0, 0.02587322091941457), (0, 0.0328988365913572), (0, 0.033118289809455505), (0, 0.025234745590120965), (0, 0.03528578426293052), (0, 0.03352439937453611), (0, 0.027377004882103848), (0, 0.033658205633471154), (0, 0.027161852220467273), (0, 0.033709882526323585), (0, 0.03409940862577713), (0, 0.02437266547545939), (0, 0.02653763215031593), (0, 0.02742979997994941), (0, 0.024861529055037322), (0, 0.028316451256816845), (0, 0.025220334992831474), (0, 0.0327528931487864), (0, 0.03012022017646149), (0, 0.03077096975367599), (0, 0.03130083046989433), (0, 0.027407541484075613), (0, 0.02660661578233682), (0, 0.02920518340119779), (0, 0.027165643440245687), (0, 0.033523663570362315), (0, 0.03329460129335037), (0, 0.02589293427346755), (0, 0.02746755300807668), (0, 0.02931570317831911), (0, 0.028303457323631244), (0, 0.028382813466014498), (0, 0.025532471078621933), (0, 0.029038305664225), (0, 0.025012595150895524), (0, 0.024722774716432416), (0, 0.03162067558260205), (0, 0.027739571677569685), (0, 0.034363739920843635), (0, 0.0362825293558205), (0, 0.02552426082318946), (0, 0.042275619531990855), (0, 0.048862078843969654), (0, 0.041907070420776), (0, 0.02653938585249443), (0, 0.046358776241055846), (0, 0.05452489134920826), (0, 0.04909091516467821), (0, 0.032167409503746455), (0, 0.04142777755388889), (0, 0.053002210190992154), (0, 0.05095623960853404), (0, 0.036468251903389426), (0, 0.03587996251987588), (0, 0.04632665350806939), (0, 0.04351473074052288), (0, 0.029031626611749902), (0, 0.03855748851197704), (0, 0.044851021889251934), (0, 0.03780443202906232), (0, 0.027781708595356423), (0, 0.032160658097440314), (0, 0.0250378466799515), (0, 0.02815707638092625), (0, 0.026605847315976795), (0, 0.0258787961751878), (0, 0.02677223223665439), (0, 0.029356650866209862), (0, 0.025699556552166433), (0, 0.034485344066487025), (0, 0.0355153191458285), (0, 0.030175982578954173), (0, 0.03636438806000275), (0, 0.03609472674633176), (0, 0.027197911572652046), (0, 0.03333774177790918), (0, 0.03013790727061617), (0, 0.03316173256126876), (0, 0.03591998923284333), (0, 0.030079230735331433), (0, 0.03244132461745539), (0, 0.030469602852373878), (0, 0.029687077490367753), (0, 0.03001682373454105), (0, 0.030289307966779835), (0, 0.030047972042701012), (0, 0.029675907116972836), (0, 0.027625157146017734), (0, 0.03293428848341954), (0, 0.03417840340678131), (0, 0.02587796948093131), (0, 0.031856850305397824), (0, 0.027591673782590597), (0, 0.03411002485432883), (0, 0.03515983547301705), (0, 0.02810940432429759), (0, 0.03622130423592637), (0, 0.03611054839578824), (0, 0.02548436833737532), (0, 0.03173725280990507), (0, 0.027526453707618505), (0, 0.03508397670215546), (0, 0.03848557884576886), (0, 0.030081306915800885), (0, 0.03419664613692871), (0, 0.037419050609898405), (0, 0.029026951283718263), (0, 0.03799139350125296), (0, 0.0432165305533761), (0, 0.035211089641002474), (0, 0.0313133074702526), (0, 0.036724878243559876), (0, 0.030085675556006396), (0, 0.030929272588442226), (0, 0.03539395249807572), (0, 0.029037696064805642), (0, 0.03278575817102376), (0, 0.03440956173870126), (0, 0.02487164815078742), (0, 0.038759500446047764), (0, 0.04073991959565306), (0, 0.030751275126165854), (0, 0.03699287050907578), (0, 0.043268128935096635), (0, 0.03616392150014046), (0, 0.03024208467422077), (0, 0.03641162223282662), (0, 0.030886956973958966), (0, 0.031053028896092693), (0, 0.03587823033895387), (0, 0.02904676751545204), (0, 0.0331130268538997), (0, 0.03445640189689505), (0, 0.026899154619629162), (0, 0.03340110590326768), (0, 0.03183760293762931), (0, 0.02977464877445951), (0, 0.030985737738726392), (0, 0.026988503441470982), (0, 0.03125738818535985), (0, 0.027243088854392913), (0, 0.03480243659714691), (0, 0.0350827014724068), (0, 0.029157444471044337), (0, 0.031554040847625815), (0, 0.027445293864570133), (0, 0.03291394110305142), (0, 0.031890471473643704), (0, 0.03028126184504455), (0, 0.03832749817898812), (0, 0.03563785969817462), (0, 0.029804338289554866), (0, 0.03338384889365855), (0, 0.02874727412833405), (0, 0.03494826443662338), (0, 0.04008696732346982), (0, 0.03442971215243725), (0, 0.027969608780922126), (0, 0.028716549918745924), (0, 0.02912640668330406), (0, 0.027275464549411946), (0, 0.03344532095166139), (0, 0.034643390498623215), (0, 0.026269265529731915), (0, 0.03284625761968082), (0, 0.03090806795358523), (0, 0.029009289500453398), (0, 0.02836987315733057), (0, 0.031549470198464165), (0, 0.03141832356473236), (0, 0.02612389185516414), (0, 0.026551983451077864), (0, 0.027441158148539504), (0, 0.025876310274816364), (0, 0.027889044091386463), (0, 0.026018840407504896), (0, 0.02598831832311691), (0, 0.031882431594218635), (0, 0.031060998835297813), (0, 0.02596036782465466), (0, 0.024752025674105047), (0, 0.02824077764116214), (0, 0.024229458653321493), (0, 0.024363984766771127), (0, 0.024360637098532704), (0, 0.030597472280434867), (0, 0.02599593496739797), (0, 0.03512857273065329), (0, 0.035732439018102434), (0, 0.02384878870498268), (0, 0.034089508535287555), (0, 0.03216517440643084), (0, 0.0292359439632236), (0, 0.03283561458293022), (0, 0.026268742088197603), (0, 0.031069066669698008), (0, 0.029497151919563792), (0, 0.031493201455753496), (0, 0.03112803006393604), (0, 0.029981932198797398), (0, 0.03150342884235653), (0, 0.02529487697928061), (0, 0.025171452486113344), (0, 0.029891408457100064), (0, 0.027381924259598858), (0, 0.03463236172814162), (0, 0.03442028821528213), (0, 0.026485914522087074), (0, 0.0324339215785192), (0, 0.027110105802427984), (0, 0.03687398677694878), (0, 0.041420163962274624), (0, 0.03583907377144612), (0, 0.028080562926653927), (0, 0.0400054696542441), (0, 0.0387767781536099), (0, 0.02791852494484884), (0, 0.04072343401639304), (0, 0.04653102422995913), (0, 0.03900834877684485), (0, 0.02793607007207792), (0, 0.037266943856918595), (0, 0.03443237016064867), (0, 0.0284319014834068), (0, 0.0306046623857445), (0, 0.02612780271808395), (0, 0.025387804342636888), (0, 0.024068066023748724), (0, 0.029079850481140798), (0, 0.0261001576183274), (0, 0.030374433651050192), (0, 0.02418410329620581), (0, 0.03575999974803603), (0, 0.03534578212566776), (0, 0.025767208247973825), (0, 0.02965206674860905), (0, 0.023880622245428005), (0, 0.02908377716541696), (0, 0.023619427616129864), (0, 0.026874486728101464), (0, 0.02788180113757109), (0, 0.023842026025287597), (0, 0.024050716916782785), (0, 0.027235449421006263), (0, 0.024857250194055512), (0, 0.028821706483836217), (0, 0.024235286810461554), (0, 0.029214250254861854), (0, 0.025582835614738408), (0, 0.034773114719862164), (0, 0.03274365648134804), (0, 0.027796593873063435), (0, 0.028011188998473328), (0, 0.03211762548446191), (0, 0.03154950726428571), (0, 0.02812692427642161), (0, 0.026122850136480344), (0, 0.03441669576207361), (0, 0.03478728412401772), (0, 0.025564394505798126), (0, 0.031197092520244798), (0, 0.025479201935299536), (0, 0.03697942871868055), (0, 0.03886231750722666), (0, 0.03068645038772001), (0, 0.033880442522988115), (0, 0.03562883699368871), (0, 0.027227943897640616), (0, 0.028600573058013955), (0, 0.025053406043619844), (0, 0.027353050135496163), (0, 0.028938094025349546), (0, 0.026787367553987806), (0, 0.02899682529453977), (0, 0.023899266298287567), (0, 0.03361097687856672), (0, 0.030470447891890896), (0, 0.031757836176541085), (0, 0.03557384326663568), (0, 0.027095363523729456), (0, 0.0331791987489921), (0, 0.03412771936059919), (0, 0.026032673814329596), (0, 0.041055806391237376), (0, 0.04334699705362006), (0, 0.03272476776904037), (0, 0.035423182034500594), (0, 0.04254335546493855), (0, 0.03650236960326938), (0, 0.029905185686601107), (0, 0.03835011091752863), (0, 0.03497220448496966), (0, 0.02830567131692243), (0, 0.031558499607138434), (0, 0.02529265679115624), (0, 0.03722326716152246), (0, 0.03929206865917787), (0, 0.030975025483067933), (0, 0.03695194139887754), (0, 0.04168173275922657), (0, 0.033048138057426214), (0, 0.03615161187735354), (0, 0.0423363808833187), (0, 0.03865801161954889), (0, 0.026207040908203316), (0, 0.04302740362980786), (0, 0.04981801390278708), (0, 0.043511324650580545), (0, 0.0278855236554972), (0, 0.043825969568383284), (0, 0.05156459284413346), (0, 0.04598806730945646), (0, 0.031137395030105444), (0, 0.043402758938167224), (0, 0.05618629068490775), (0, 0.05519824822692723), (0, 0.04159980158133523), (0, 0.029773593751967163), (0, 0.042831803261920105), (0, 0.042489818698411945), (0, 0.029487656359570368), (0, 0.04187067719595487), (0, 0.051286695947124136), (0, 0.04919776982017712), (0, 0.035513681733577454), (0, 0.033666622204998185), (0, 0.040943017757028924), (0, 0.03539232873177452), (0, 0.028315113067147027), (0, 0.031047432042508108), (0, 0.028109319552306607)]