Model Setup for {PATIENT_GROUPS} #{INDIVIDUAL_NUMBER} Trained Network:

NCDE Network Architecture Parameters
Input channels=5
Hidden channels=64
Output channels=5

Training hyperparameters
Optimizer=AdamW (
Parameter Group 0
    amsgrad: False
    betas: (0.9, 0.999)
    capturable: False
    differentiable: False
    eps: 1e-08
    foreach: None
    fused: None
    lr: 0.001
    maximize: False
    weight_decay: 0.0
)
Training Iterations=1000
Learning rate=0.001
Weight decay=0.0
Optimizer reset frequency=250

Dropout probability (after initial linear layer before NCDE): 0.0
Training Data Selection Parameters
(If not virtual, the only important params are the groups and whether data was normalized/standardized)
Patient groups=['Control']
Augmentation strategy=None
Noise Magnitude=0.0
Normalized/standardized=None
Number of virtual patients per real patient=0
Label smoothing factor=0
Test Patient Combinations:
Training batch size=1
Training Results:
Runtime=1489.7926199436188
Loss over time=[(0, 4.374787330627441), (0, 6.048033237457275), (0, 7.06784200668335), (0, 7.5297346115112305), (0, 7.7789201736450195), (0, 7.941196441650391), (0, 8.179832458496094), (0, 8.277947425842285), (0, 8.197225570678711), (0, 7.97841215133667), (0, 7.85441255569458), (0, 7.907559394836426), (0, 7.9973554611206055), (0, 8.05869197845459), (0, 8.03715705871582), (0, 7.843832492828369), (0, 7.605771064758301), (0, 7.365565299987793), (0, 7.19128942489624), (0, 7.11888313293457), (0, 7.146053314208984), (0, 7.239952564239502), (0, 7.351927280426025), (0, 7.4659528732299805), (0, 7.576982498168945), (0, 7.71813440322876), (0, 7.886476039886475), (0, 8.099420547485352), (0, 8.367293357849121), (0, 8.68352222442627), (0, 9.012704849243164), (0, 9.183379173278809), (0, 9.230547904968262), (0, 9.16169548034668), (0, 9.047367095947266), (0, 8.91640567779541), (0, 8.823163986206055), (0, 8.8335542678833), (0, 8.913885116577148), (0, 9.081542015075684), (0, 9.173386573791504), (0, 9.304337501525879), (0, 9.47110652923584), (0, 9.520589828491211), (0, 9.486085891723633), (0, 9.49485969543457), (0, 9.534714698791504), (0, 9.60814094543457), (0, 9.706878662109375), (0, 9.67806625366211), (0, 9.515246391296387), (0, 9.503925323486328), (0, 9.613924026489258), (0, 9.67941951751709), (0, 9.702054023742676), (0, 9.681912422180176), (0, 9.60051155090332), (0, 9.619280815124512), (0, 9.696276664733887), (0, 9.810480117797852), (0, 9.732462882995605), (0, 9.703753471374512), (0, 9.715719223022461), (0, 9.635993957519531), (0, 9.649413108825684), (0, 9.614849090576172), (0, 9.649552345275879), (0, 9.667420387268066), (0, 9.615212440490723), (0, 9.610310554504395), (0, 9.64551067352295), (0, 9.601856231689453), (0, 9.492327690124512), (0, 9.463622093200684), (0, 9.48876667022705), (0, 9.55519962310791), (0, 9.580495834350586), (0, 9.568613052368164), (0, 9.52238655090332), (0, 9.526801109313965), (0, 9.556657791137695), (0, 9.537471771240234), (0, 9.566902160644531), (0, 9.565567970275879), (0, 9.531593322753906), (0, 9.52543830871582), (0, 9.551652908325195), (0, 9.546878814697266), (0, 9.51508903503418), (0, 9.518584251403809), (0, 9.54819393157959), (0, 9.543619155883789), (0, 9.56606388092041), (0, 9.559776306152344), (0, 9.5276460647583), (0, 9.530144691467285), (0, 9.55836296081543), (0, 9.551928520202637), (0, 9.514185905456543), (0, 9.506171226501465), (0, 9.530454635620117), (0, 9.584293365478516), (0, 9.606724739074707), (0, 9.600921630859375), (0, 9.564278602600098), (0, 9.499792098999023), (0, 9.468194007873535), (0, 9.471378326416016), (0, 9.505916595458984), (0, 9.568635940551758), (0, 9.592920303344727), (0, 9.582620620727539), (0, 9.541733741760254), (0, 9.473241806030273), (0, 9.443822860717773), (0, 9.44905948638916), (0, 9.486098289489746), (0, 9.55117416381836), (0, 9.577431678771973), (0, 9.569356918334961), (0, 9.530343055725098), (0, 9.46342945098877), (0, 9.43498706817627), (0, 9.441224098205566), (0, 9.478691101074219), (0, 9.54437255859375), (0, 9.571493148803711), (0, 9.56415843963623), (0, 9.525777816772461), (0, 9.459144592285156), (0, 9.43112564086914), (0, 9.437853813171387), (0, 9.476031303405762), (0, 9.542756080627441), (0, 9.571011543273926), (0, 9.5637845993042), (0, 9.525270462036133), (0, 9.4579496383667), (0, 9.429306983947754), (0, 9.436212539672852), (0, 9.47523307800293), (0, 9.54344654083252), (0, 9.57193374633789), (0, 9.564650535583496), (0, 9.52524185180664), (0, 9.456618309020996), (0, 9.42793083190918), (0, 9.43505573272705), (0, 9.474629402160645), (0, 9.543148040771484), (0, 9.571940422058105), (0, 9.564677238464355), (0, 9.52501392364502), (0, 9.45702838897705), (0, 9.428970336914062), (0, 9.43682861328125), (0, 9.476312637329102), (0, 9.544323921203613), (0, 9.572087287902832), (0, 9.56406021118164), (0, 9.524469375610352), (0, 9.456467628479004), (0, 9.42822265625), (0, 9.436222076416016), (0, 9.476018905639648), (0, 9.54407024383545), (0, 9.57213020324707), (0, 9.564803123474121), (0, 9.525910377502441), (0, 9.458224296569824), (0, 9.429919242858887), (0, 9.436857223510742), (0, 9.47564697265625), (0, 9.543242454528809), (0, 9.571551322937012), (0, 9.564391136169434), (0, 9.525293350219727), (0, 9.457409858703613), (0, 9.42986011505127), (0, 9.437762260437012), (0, 9.477579116821289), (0, 9.546148300170898), (0, 9.5742769241333), (0, 9.565954208374023), (0, 9.52568244934082), (0, 9.456624984741211), (0, 9.428149223327637), (0, 9.436225891113281), (0, 9.476339340209961), (0, 9.48437213897705), (0, 9.457869529724121), (0, 9.462027549743652), (0, 9.493812561035156), (0, 9.488643646240234), (0, 9.45676326751709), (0, 9.460997581481934), (0, 9.497767448425293), (0, 9.50366497039795), (0, 9.475961685180664), (0, 9.479145050048828), (0, 9.509261131286621), (0, 9.502431869506836), (0, 9.468022346496582), (0, 9.471038818359375), (0, 9.446441650390625), (0, 9.457427024841309), (0, 9.495501518249512), (0, 9.495739936828613), (0, 9.461898803710938), (0, 9.45963191986084), (0, 9.491697311401367), (0, 9.493208885192871), (0, 9.466251373291016), (0, 9.475234985351562), (0, 9.510661125183105), (0, 9.50930404663086), (0, 9.474817276000977), (0, 9.409571647644043), (0, 9.385039329528809), (0, 9.396261215209961), (0, 9.439693450927734), (0, 9.513047218322754), (0, 9.545747756958008), (0, 9.541840553283691), (0, 9.50403118133545), (0, 9.435699462890625), (0, 9.407578468322754), (0, 9.416577339172363), (0, 9.459017753601074), (0, 9.530653953552246), (0, 9.561726570129395), (0, 9.555331230163574), (0, 9.515181541442871), (0, 9.445575714111328), (0, 9.417319297790527), (0, 9.426315307617188), (0, 9.467920303344727), (0, 9.5388822555542), (0, 9.568288803100586), (0, 9.561254501342773), (0, 9.521382331848145), (0, 9.450934410095215), (0, 9.422046661376953), (0, 9.429615020751953), (0, 9.4700288772583), (0, 9.47280502319336), (0, 9.441678047180176), (0, 9.448256492614746), (0, 9.487800598144531), (0, 9.488790512084961), (0, 9.455060005187988), (0, 9.904632568359375), (0, 9.864031791687012), (0, 9.67841625213623), (0, 9.431855201721191), (0, 9.356385231018066), (0, 9.401360511779785), (0, 9.555856704711914), (0, 9.491393089294434), (0, 9.406296730041504), (0, 9.415497779846191), (0, 9.488999366760254), (0, 9.50015640258789), (0, 9.45843505859375), (0, 9.371441841125488), (0, 9.334359169006348), (0, 9.339427947998047), (0, 9.380456924438477), (0, 9.46362018585205), (0, 9.501688003540039), (0, 9.50048542022705), (0, 9.464993476867676), (0, 9.400148391723633), (0, 9.385793685913086), (0, 9.406070709228516), (0, 9.457088470458984), (0, 9.460092544555664), (0, 9.420936584472656), (0, 9.417950630187988), (0, 9.447118759155273), (0, 9.441760063171387), (0, 9.405340194702148), (0, 9.341011047363281), (0, 9.323803901672363), (0, 9.349297523498535), (0, 9.412717819213867), (0, 9.500454902648926), (0, 9.5389404296875), (0, 9.533407211303711), (0, 9.488341331481934), (0, 9.408463478088379), (0, 9.367631912231445), (0, 9.37048625946045), (0, 9.412135124206543), (0, 9.419257164001465), (0, 9.395662307739258), (0, 9.413520812988281), (0, 9.468321800231934), (0, 9.477704048156738), (0, 9.447504043579102), (0, 9.381561279296875), (0, 9.353240013122559), (0, 9.358640670776367), (0, 9.39316177368164), (0, 9.4629487991333), (0, 9.494828224182129), (0, 9.492366790771484), (0, 9.460506439208984), (0, 9.402536392211914), (0, 9.390161514282227), (0, 9.408562660217285), (0, 9.454684257507324), (0, 9.457566261291504), (0, 9.421862602233887), (0, 9.419132232666016), (0, 9.446023941040039), (0, 9.44103717803955), (0, 9.407214164733887), (0, 9.34558391571045), (0, 9.328343391418457), (0, 9.351301193237305), (0, 9.411866188049316), (0, 9.497320175170898), (0, 9.536035537719727), (0, 9.532461166381836), (0, 9.489346504211426), (0, 9.410630226135254), (0, 9.369087219238281), (0, 9.370150566101074), (0, 9.41097640991211), (0, 9.418164253234863), (0, 9.395270347595215), (0, 9.414756774902344), (0, 9.470539093017578), (0, 9.480788230895996), (0, 9.45016098022461), (0, 9.38258171081543), (0, 9.352812767028809), (0, 9.356953620910645), (0, 9.391584396362305), (0, 9.46119213104248), (0, 9.492875099182129), (0, 9.491828918457031), (0, 9.46152400970459), (0, 9.403510093688965), (0, 9.389519691467285), (0, 9.407883644104004), (0, 9.45373821258545), (0, 9.456655502319336), (0, 9.421126365661621), (0, 9.418383598327637), (0, 9.445117950439453), (0, 9.44017505645752), (0, 9.406497955322266), (0, 9.344916343688965), (0, 9.327554702758789), (0, 9.352124214172363), (0, 9.41241455078125), (0, 9.497698783874512), (0, 9.53634262084961), (0, 9.53097152709961), (0, 9.486201286315918), (0, 9.40774917602539), (0, 9.368139266967773), (0, 9.370893478393555), (0, 9.41147518157959), (0, 9.41853141784668), (0, 9.395577430725098), (0, 9.41328239440918), (0, 9.467339515686035), (0, 9.475958824157715), (0, 9.445622444152832), (0, 9.380151748657227), (0, 9.352317810058594), (0, 9.358306884765625), (0, 9.39287281036377), (0, 9.462328910827637), (0, 9.493712425231934), (0, 9.49062442779541), (0, 9.458563804626465), (0, 9.400811195373535), (0, 9.388843536376953), (0, 9.409131050109863), (0, 9.456621170043945), (0, 9.45919132232666), (0, 9.421497344970703), (0, 9.416729927062988), (0, 9.443466186523438), (0, 9.438628196716309), (0, 9.405084609985352), (0, 9.345478057861328), (0, 9.329816818237305), (0, 9.35409927368164), (0, 9.41407585144043), (0, 9.497174263000488), (0, 9.533851623535156), (0, 9.528708457946777), (0, 9.486018180847168), (0, 9.407501220703125), (0, 9.36594295501709), (0, 9.36888313293457), (0, 9.411498069763184), (0, 9.418487548828125), (0, 9.393539428710938), (0, 9.411373138427734), (0, 9.467451095581055), (0, 9.477871894836426), (0, 9.447224617004395), (0, 9.381523132324219), (0, 9.35346508026123), (0, 9.357368469238281), (0, 9.3900146484375), (0, 9.459656715393066), (0, 9.493136405944824), (0, 9.491923332214355), (0, 9.459612846374512), (0, 9.399759292602539), (0, 9.385893821716309), (0, 9.404443740844727), (0, 9.452169418334961), (0, 9.457010269165039), (0, 9.421326637268066), (0, 9.418366432189941), (0, 9.444836616516113), (0, 9.437886238098145), (0, 9.402436256408691), (0, 9.341137886047363), (0, 9.325753211975098), (0, 9.352164268493652), (0, 9.414083480834961), (0, 9.498983383178711), (0, 9.535338401794434), (0, 9.528000831604004), (0, 9.483296394348145), (0, 9.404982566833496), (0, 9.365527153015137), (0, 9.37027645111084), (0, 9.412562370300293), (0, 9.419303894042969), (0, 9.394155502319336), (0, 9.409881591796875), (0, 9.464010238647461), (0, 9.474638938903809), (0, 9.446118354797363), (0, 9.382354736328125), (0, 9.354107856750488), (0, 9.357824325561523), (0, 9.390292167663574), (0, 9.457842826843262), (0, 9.489420890808105), (0, 9.488480567932129), (0, 9.458355903625488), (0, 9.402430534362793), (0, 9.390152931213379), (0, 9.408217430114746), (0, 9.453575134277344), (0, 9.45429801940918), (0, 9.416891098022461), (0, 9.414314270019531), (0, 9.443066596984863), (0, 9.440164566040039), (0, 9.406347274780273), (0, 9.34455394744873), (0, 9.32679271697998), (0, 9.349156379699707), (0, 9.40932559967041), (0, 9.4945650100708), (0, 9.533235549926758), (0, 9.529989242553711), (0, 9.486950874328613), (0, 9.408143043518066), (0, 9.366318702697754), (0, 9.367045402526855), (0, 9.407598495483398), (0, 9.414749145507812), (0, 9.391899108886719), (0, 9.41167163848877), (0, 9.467527389526367), (0, 9.477716445922852), (0, 9.446813583374023), (0, 9.378976821899414), (0, 9.349019050598145), (0, 9.35311508178711), (0, 9.38784122467041), (0, 9.4594087600708), (0, 9.492633819580078), (0, 9.491204261779785), (0, 9.458649635314941), (0, 9.398634910583496), (0, 9.384612083435059), (0, 9.40301513671875), (0, 9.450599670410156), (0, 9.455352783203125), (0, 9.419605255126953), (0, 9.416548728942871), (0, 9.442892074584961), (0, 9.435901641845703), (0, 9.400400161743164), (0, 9.339099884033203), (0, 9.323626518249512), (0, 9.34999942779541), (0, 9.724270820617676), (0, 9.703691482543945), (0, 9.552343368530273), (0, 9.337385177612305), (0, 9.265748977661133), (0, 9.288848876953125), (0, 9.378878593444824), (0, 9.502885818481445), (0, 9.545585632324219), (0, 9.538531303405762), (0, 9.491353034973145), (0, 9.398691177368164), (0, 9.362643241882324), (0, 9.380208015441895), (0, 9.43124771118164), (0, 9.43527889251709), (0, 9.400054931640625), (0, 9.402387619018555), (0, 9.437214851379395), (0, 9.435744285583496), (0, 9.40257740020752), (0, 9.408987045288086), (0, 9.4497709274292), (0, 9.444945335388184), (0, 9.410033226013184), (0, 9.344437599182129), (0, 9.32619571685791), (0, 9.349976539611816), (0, 9.401117324829102), (0, 9.476587295532227), (0, 9.50467300415039), (0, 9.4905366897583), (0, 9.448553085327148), (0, 9.38166332244873), (0, 9.360556602478027), (0, 9.37066650390625), (0, 9.408729553222656), (0, 9.481529235839844), (0, 9.51806354522705), (0, 9.512389183044434), (0, 9.468893051147461), (0, 9.401070594787598), (0, 9.378414154052734), (0, 9.386700630187988), (0, 9.422773361206055), (0, 9.417020797729492), (0, 9.383275985717773), (0, 9.391036033630371), (0, 9.440040588378906), (0, 9.451567649841309), (0, 9.420160293579102), (0, 9.424232482910156), (0, 9.460021018981934), (0, 9.450796127319336), (0, 9.413810729980469), (0, 9.34854507446289), (0, 9.32780933380127), (0, 9.350330352783203), (0, 9.402457237243652), (0, 9.4780855178833), (0, 9.508173942565918), (0, 9.494172096252441), (0, 9.449804306030273), (0, 9.3811674118042), (0, 9.36032772064209), (0, 9.3732271194458), (0, 9.413601875305176), (0, 9.487910270690918), (0, 9.523114204406738), (0, 9.513960838317871), (0, 9.467789649963379), (0, 9.397491455078125), (0, 9.374982833862305), (0, 9.386260032653809), (0, 9.425204277038574), (0, 9.41952896118164), (0, 9.382927894592285), (0, 9.390610694885254), (0, 9.43808364868164), (0, 9.44937801361084), (0, 9.41903018951416), (0, 9.423108100891113), (0, 9.45810317993164), (0, 9.451652526855469), (0, 9.414463996887207), (0, 9.3496675491333), (0, 9.329344749450684), (0, 9.349008560180664), (0, 9.398037910461426), (0, 9.4734525680542), (0, 9.503361701965332), (0, 9.492319107055664), (0, 9.451026916503906), (0, 9.382555961608887), (0, 9.358930587768555), (0, 9.368958473205566), (0, 9.409260749816895), (0, 9.483541488647461), (0, 9.52160930633545), (0, 9.515359878540039), (0, 9.469313621520996), (0, 9.399040222167969), (0, 9.376167297363281), (0, 9.386815071105957), (0, 9.42529296875), (0, 9.419546127319336), (0, 9.383140563964844), (0, 9.388378143310547), (0, 9.433411598205566), (0, 9.44507122039795), (0, 9.417572975158691), (0, 9.42402458190918), (0, 9.45873737335205), (0, 9.44961929321289), (0, 9.410231590270996), (0, 9.415079116821289), (0, 9.39054012298584), (0, 9.406465530395508), (0, 9.452007293701172), (0, 9.452670097351074), (0, 9.413012504577637), (0, 9.40847396850586), (0, 9.444626808166504), (0, 9.44823932647705), (0, 9.420331001281738), (0, 9.35498046875), (0, 9.325127601623535), (0, 9.33629322052002), (0, 9.386592864990234), (0, 9.463101387023926), (0, 9.493490219116211), (0, 9.4921293258667), (0, 9.459785461425781), (0, 9.390469551086426), (0, 9.357032775878906), (0, 9.358046531677246), (0, 9.399125099182129), (0, 9.474120140075684), (0, 9.512699127197266), (0, 9.516217231750488), (0, 9.479106903076172), (0, 9.407958030700684), (0, 9.375018119812012), (0, 9.376375198364258), (0, 9.415640830993652), (0, 9.419862747192383), (0, 9.392578125), (0, 9.406037330627441), (0, 9.449240684509277), (0, 9.450091361999512), (0, 9.412834167480469), (0, 9.410382270812988), (0, 9.446210861206055), (0, 9.447358131408691), (0, 9.41729736328125), (0, 9.352206230163574), (0, 9.32470989227295), (0, 9.340105056762695), (0, 9.392041206359863), (0, 9.467740058898926), (0, 9.495672225952148), (0, 9.489713668823242), (0, 9.455413818359375), (0, 9.386528015136719), (0, 9.355584144592285), (0, 9.358794212341309), (0, 9.399731636047363), (0, 9.474617004394531), (0, 9.510918617248535), (0, 9.514662742614746), (0, 9.480001449584961), (0, 9.408596992492676), (0, 9.375418663024902), (0, 9.374499320983887), (0, 9.411701202392578), (0, 9.416252136230469), (0, 9.391432762145996), (0, 9.409270286560059), (0, 9.454285621643066), (0, 9.454566955566406), (0, 9.414636611938477), (0, 9.407648086547852), (0, 9.441514015197754), (0, 9.443063735961914), (0, 9.41553020477295), (0, 9.42182731628418), (0, 9.387310981750488), (0, 9.394277572631836), (0, 9.438565254211426), (0, 9.440403938293457), (0, 9.404058456420898), (0, 9.411506652832031), (0, 9.456230163574219), (0, 9.456293106079102), (0, 9.416214942932129), (0, 9.409097671508789), (0, 9.373743057250977), (0, 9.382028579711914), (0, 9.429571151733398), (0, 9.443432807922363), (0, 9.415763854980469), (0, 9.419836044311523), (0, 9.452466011047363), (0, 9.443832397460938), (0, 9.407127380371094), (0, 9.414198875427246), (0, 9.389452934265137), (0, 9.405181884765625), (0, 9.4483060836792), (0, 9.44697380065918), (0, 9.407806396484375), (0, 9.403643608093262), (0, 9.439979553222656), (0, 9.443746566772461), (0, 9.418174743652344), (0, 9.4241304397583), (0, 9.389333724975586), (0, 9.39602279663086), (0, 9.440032005310059), (0, 9.439501762390137), (0, 9.401050567626953), (0, 9.4065523147583), (0, 9.451586723327637), (0, 9.454168319702148), (0, 9.416391372680664), (0, 9.420343399047852), (0, 9.383831977844238), (0, 9.391044616699219), (0, 9.43757152557373), (0, 9.439399719238281), (0, 9.401019096374512), (0, 9.40649127960205), (0, 9.451416969299316), (0, 9.453924179077148), (0, 9.416149139404297), (0, 9.420098304748535), (0, 9.383666038513184), (0, 9.38879680633545), (0, 9.433370590209961), (0, 9.43558406829834), (0, 9.399689674377441), (0, 9.407334327697754), (0, 9.454187393188477), (0, 9.456369400024414), (0, 9.418322563171387), (0, 9.422030448913574), (0, 9.385398864746094), (0, 9.390341758728027), (0, 9.43472671508789), (0, 9.43678092956543), (0, 9.06640911102295), (0, 9.085518836975098), (0, 9.233859062194824), (0, 9.447395324707031), (0, 9.518173217773438), (0, 9.494397163391113), (0, 9.403852462768555), (0, 9.401575088500977), (0, 9.460951805114746), (0, 9.447773933410645), (0, 9.377947807312012), (0, 9.369900703430176), (0, 9.417023658752441), (0, 9.419855117797852), (0, 9.462684631347656), (0, 9.451043128967285), (0, 9.393012046813965), (0, 9.378886222839355), (0, 9.412328720092773), (0, 9.406157493591309), (0, 9.442994117736816), (0, 9.443310737609863), (0, 9.402255058288574), (0, 9.397418975830078), (0, 9.424456596374512), (0, 9.41748046875), (0, 9.3779296875), (0, 9.37564468383789), (0, 9.406355857849121), (0, 9.47336196899414), (0, 9.500931739807129), (0, 9.486479759216309), (0, 9.44360637664795), (0, 9.363916397094727), (0, 9.322139739990234), (0, 9.325618743896484), (0, 9.369497299194336), (0, 9.43854808807373), (0, 9.468860626220703), (0, 9.455565452575684), (0, 9.40526294708252), (0, 9.400458335876465), (0, 9.43641185760498), (0, 9.43058967590332), (0, 9.385113716125488), (0, 9.382331848144531), (0, 9.417889595031738), (0, 9.418500900268555), (0, 9.450425148010254), (0, 9.441125869750977), (0, 9.394800186157227), (0, 9.384379386901855), (0, 9.413007736206055), (0, 9.407455444335938), (0, 9.440400123596191), (0, 9.438801765441895), (0, 9.399420738220215), (0, 9.395223617553711), (0, 9.422630310058594), (0, 9.418195724487305), (0, 9.38300609588623), (0, 9.380438804626465), (0, 9.407181739807129), (0, 9.469152450561523), (0, 9.495882987976074), (0, 9.490955352783203), (0, 9.448615074157715), (0, 9.370399475097656), (0, 9.32901382446289), (0, 9.322940826416016), (0, 9.357522010803223), (0, 9.426547050476074), (0, 9.457508087158203), (0, 9.456384658813477), (0, 9.417482376098633), (0, 9.411450386047363), (0, 9.434983253479004), (0, 9.427203178405762), (0, 9.391252517700195), (0, 9.387843132019043), (0, 9.41369342803955), (0, 9.408037185668945), (0, 9.44083023071289), (0, 9.441444396972656), (0, 9.404121398925781), (0, 9.399426460266113), (0, 9.424066543579102), (0, 9.408387184143066), (0, 9.434544563293457), (0, 9.426797866821289), (0, 9.388583183288574), (0, 9.394402503967285), (0, 9.43087100982666), (0, 9.423480987548828), (0, 9.37667465209961), (0, 9.374702453613281), (0, 9.410801887512207), (0, 9.474469184875488), (0, 9.493895530700684), (0, 9.48019027709961), (0, 9.43669319152832), (0, 9.36861801147461), (0, 9.33849048614502), (0, 9.340315818786621), (0, 9.37088394165039), (0, 9.429520606994629), (0, 9.453387260437012), (0, 9.44371223449707), (0, 9.403890609741211), (0, 9.408196449279785), (0, 9.440999984741211), (0, 9.432563781738281), (0, 9.387031555175781), (0, 9.383996963500977), (0, 9.419181823730469), (0, 9.412927627563477), (0, 9.438462257385254), (0, 9.430277824401855), (0, 9.39177131652832), (0, 9.397276878356934), (0, 9.433362007141113), (0, 9.425673484802246), (0, 9.378637313842773), (0, 9.367401123046875), (0, 9.397367477416992), (0, 9.462296485900879), (0, 9.489653587341309), (0, 9.485339164733887), (0, 9.44135856628418), (0, 9.3638277053833), (0, 9.325111389160156), (0, 9.328217506408691), (0, 9.368962287902832), (0, 9.436713218688965), (0, 9.459754943847656), (0, 9.449398040771484), (0, 9.408990859985352), (0, 9.412714004516602), (0, 9.447129249572754), (0, 9.438019752502441), (0, 9.389780044555664), (0, 9.377403259277344), (0, 9.406272888183594), (0, 9.470231056213379), (0, 9.496760368347168), (0, 9.49167537689209), (0, 9.447066307067871), (0, 9.368956565856934), (0, 9.329668998718262), (0, 9.332283020019531), (0, 9.372586250305176), (0, 9.439896583557129), (0, 9.462531089782715), (0, 9.451848983764648), (0, 9.411210060119629), (0, 9.41464900970459), (0, 9.44876766204834), (0, 9.439449310302734), (0, 9.391081809997559), (0, 9.378545761108398), (0, 9.407219886779785), (0, 9.40205192565918), (0, 9.4353666305542), (0, 9.436360359191895), (0, 9.399272918701172), (0, 9.394893646240234), (0, 9.41993236541748), (0, 9.41348934173584), (0, 9.445648193359375), (0, 9.436635971069336), (0, 9.390573501586914), (0, 9.387063026428223), (0, 9.421841621398926), (0, 9.424192428588867), (0, 9.388365745544434), (0, 9.385085105895996), (0, 9.41107177734375), (0, 9.465520858764648), (0, 9.485588073730469), (0, 9.472572326660156), (0, 9.429802894592285), (0, 9.362375259399414), (0, 9.332734107971191), (0, 9.335000991821289), (0, 9.365978240966797), (0, 9.433928489685059), (0, 9.466165542602539), (0, 9.455081939697266), (0, 9.405045509338379), (0, 9.400062561035156), (0, 9.435617446899414), (0, 9.436578750610352), (0, 9.397416114807129), (0, 9.393190383911133), (0, 9.420390129089355), (0, 9.404861450195312), (0, 9.428853988647461), (0, 9.421476364135742), (0, 9.385879516601562), (0, 9.391801834106445), (0, 9.426095962524414), (0, 9.418998718261719), (0, 9.44155502319336), (0, 9.432909965515137), (0, 9.39619255065918), (0, 9.392086029052734), (0, 9.417322158813477), (0, 9.411099433898926), (0, 9.44556713104248), (0, 9.445538520812988), (0, 9.405435562133789), (0, 9.400405883789062), (0, 9.42689323425293), (0, 9.41067123413086), (0, 9.36506175994873), (0, 9.364042282104492), (0, 9.403120994567871), (0, 9.47628116607666), (0, 9.502091407775879), (0, 9.48735237121582), (0, 9.43612289428711), (0, 9.358996391296387), (0, 9.327548027038574), (0, 9.33025074005127), (0, 9.36368465423584), (0, 9.431750297546387), (0, 9.461997985839844), (0, 9.46026611328125), (0, 9.420729637145996), (0, 9.41411304473877), (0, 9.437101364135742), (0, 9.419827461242676), (0, 9.375338554382324), (0, 9.373257637023926), (0, 9.409319877624512), (0, 9.481820106506348), (0, 9.509147644042969), (0, 9.493659019470215), (0, 9.439684867858887), (0, 9.362168312072754), (0, 9.332417488098145), (0, 9.334600448608398), (0, 9.365522384643555), (0, 9.433363914489746), (0, 9.465482711791992), (0, 9.463347434997559), (0, 9.421390533447266), (0, 9.414656639099121), (0, 9.439621925354004)]