Model Setup for {PATIENT_GROUPS} Trained Network:

NODE Network Architecture Parameters
Input channels=2
Hidden channels=32
Output channels=2

Training hyperparameters
Optimizer=AdamW (
Parameter Group 0
    amsgrad: False
    betas: (0.9, 0.999)
    capturable: False
    differentiable: False
    eps: 1e-08
    foreach: None
    fused: None
    lr: 0.001
    maximize: False
    weight_decay: 1e-06
)Training Iterations=2000
Learning rate=0.001
Weight decay=1e-06
Optimizer reset frequency=200

Dropout probability (after initial linear layer before NCDE): 0.0
Training Data Selection Parameters
(If not virtual, the only important params are the groups and whether data was normalized/standardized)
Patient groups=['Control']
Augmentation strategy=Uniform
Noise Magnitude=0.05
Normalized/standardized=None
Number of virtual patients per real patient=100
Label smoothing factor=0
Test Patient Combinations:
Control: None
MDD: None
Training batch size=1
Training Results:
Runtime=584.7199423313141
Loss over time=[(0, 4691131.0025151335), (0, 563239.239832032), (0, 109434.22721715324), (0, 36930.86819334394), (0, 13534.351109135816), (0, 5530.744079018638), (0, 2751.359449144709), (0, 1435.4912398887018), (0, 839.9463886753477), (0, 600.8553794733914), (0, 474.27544175499713), (0, 403.0975171071024), (0, 350.8200490590744), (0, 310.90967258272485), (0, 279.8151471045118), (0, 255.01730859470138), (0, 234.87986160037772), (0, 218.3800112871825), (0, 204.7344491012643), (0, 193.25631706362003), (0, 183.36902650922775), (0, 174.75573570245626), (0, 167.20541559836605), (0, 160.53752623384918), (0, 154.63189790905355), (0, 149.30872267034408), (0, 144.6436100308951), (0, 140.40826925008957), (0, 136.5865879213493), (0, 133.12438745960674), (0, 129.972878006324), (0, 127.10338594679068), (0, 124.47248234328436), (0, 122.05307239874855), (0, 119.82167770605847), (0, 117.75257793447487), (0, 115.82637948957176), (0, 114.03574289247067), (0, 112.34873648241381), (0, 110.75408135287991), (0, 109.25583214615675), (0, 107.81887920857854), (0, 106.44321059556991), (0, 105.1195833516558), (0, 103.8281263350997), (0, 102.57547504876679), (0, 101.34425713830409), (0, 100.12558861768626), (0, 98.90695187871758), (0, 97.68425773737339), (0, 96.44700809457423), (0, 95.17940504880993), (0, 93.8740837139168), (0, 92.52172813301694), (0, 91.10349632891642), (0, 89.59091599758328), (0, 87.97014549855898), (0, 86.21590350322391), (0, 84.28057527535424), (0, 82.10765158596465), (0, 78.891548911972), (0, 74.57638222553258), (0, 69.35054149427324), (0, 63.39967172553824), (0, 56.61461253179748), (0, 48.2472237931418), (0, 33.62930525011665), (0, 7.350710413672707), (0, 7.350710413672707), (0, 7.350710413672707), (0, 7.350710413672707), (0, 7.350710413672707), (0, 7.350710413672707), (0, 7.350710413672707), (0, 7.350710413672707), (0, 7.350710413672707), (0, 7.350710413672707), (0, 7.350710413672707), (0, 7.350710413672707), (0, 7.350710413672707), (0, 7.350710413672707), (0, 7.350710413672707), (0, 7.350710413672707), (0, 7.350710413672707), (0, 7.350710413672707), (0, 7.350710413672707), (0, 7.350710413672707), (0, 7.350710413672707), (0, 7.350710413672707), (0, 7.350710413672707), (0, 7.350710413672707), (0, 7.350710413672707), (0, 7.350710413672707), (0, 7.350710413672707), (0, 7.350710413672707), (0, 7.350710413672707), (0, 7.350710413672707), (0, 7.350710413672707), (0, 7.350710413672707), (0, 7.350710413672707), (0, 7.350710413672707), (0, 7.350710413672707), (0, 7.350710413672707), (0, 7.350710413672707), (0, 7.350710413672707), (0, 7.350710413672707), (0, 7.350710413672707), (0, 7.350710413672707), (0, 7.350710413672707), (0, 7.350710413672707), (0, 7.350710413672707), (0, 7.350710413672707), (0, 7.350710413672707), (0, 7.350710413672707), (0, 7.350710413672707), (0, 7.350710413672707), (0, 7.350710413672707), (0, 7.350710413672707), (0, 7.350710413672707), (0, 7.350710413672707), (0, 7.350710413672707), (0, 7.350710413672707), (0, 7.350710413672707), (0, 7.350710413672707), (0, 7.350710413672707), (0, 7.350710413672707), (0, 7.350710413672707), (0, 7.350710413672707), (0, 7.350710413672707), (0, 7.350710413672707), (0, 7.350710413672707), (0, 7.350710413672707), (0, 7.350710413672707), (0, 7.350710413672707), (0, 7.350710413672707), (0, 7.350710413672707), (0, 7.350710413672707), (0, 7.350710413672707), (0, 7.350710413672707), (0, 7.350710413672707), (0, 7.350710413672707), (0, 7.350710413672707), (0, 7.350710413672707), (0, 7.350710413672707), (0, 7.350710413672707), (0, 7.350710413672707), (0, 7.350710413672707), (0, 7.350710413672707), (0, 7.350710413672707), (0, 7.350710413672707), (0, 7.350710413672707), (0, 7.350710413672707), (0, 7.350710413672707), (0, 7.350710413672707), (0, 7.350710413672707), (0, 7.350710413672707), (0, 7.350710413672707), (0, 7.350710413672707), (0, 7.350710413672707), (0, 7.350710413672707), (0, 7.350710413672707), (0, 7.350710413672707), (0, 7.350710413672707), (0, 7.350710413672707), (0, 7.350710413672707), (0, 7.350710413672707), (0, 7.350710413672707), (0, 7.350710413672707), (0, 7.350710413672707), (0, 7.350710413672707), (0, 7.350710413672707), (0, 7.350710413672707), (0, 7.350710413672707), (0, 7.350710413672707), (0, 7.350710413672707), (0, 7.350710413672707), (0, 7.350710413672707), (0, 7.350710413672707), (0, 7.350710413672707), (0, 7.350710413672707), (0, 7.350710413672707), (0, 7.350710413672707), (0, 7.350710413672707), (0, 7.350710413672707), (0, 7.350710413672707), (0, 7.350710413672707), (0, 7.350710413672707), (0, 7.350710413672707), (0, 7.350710413672707), (0, 7.350710413672707), (0, 7.350710413672707), (0, 7.350710413672707), (0, 7.350710413672707), (0, 7.350710413672707), (0, 7.350710413672707), (0, 7.350710413672707), (0, 7.350710413672707), (0, 7.350710413672707), (0, 7.350710413672707), (0, 7.350710413672707), (0, 7.350710413672707), (0, 7.350710413672707), (0, 7.350710413672707), (0, 7.350710413672707), (0, 7.350710413672707), (0, 7.350710413672707), (0, 7.350710413672707), (0, 7.350710413672707), (0, 7.350710413672707), (0, 7.350710413672707), (0, 7.350710413672707), (0, 7.350710413672707), (0, 7.350710413672707), (0, 7.350710413672707), (0, 7.350710413672707), (0, 7.350710413672707), (0, 7.350710413672707), (0, 7.350710413672707), (0, 7.350710413672707), (0, 7.350710413672707), (0, 7.350710413672707), (0, 7.350710413672707), (0, 7.350710413672707), (0, 7.350710413672707), (0, 7.350710413672707), (0, 7.350710413672707), (0, 7.350710413672707), (0, 7.350710413672707), (0, 7.350710413672707), (0, 7.350710413672707), (0, 7.350710413672707), (0, 7.350710413672707), (0, 7.350710413672707), (0, 7.350710413672707), (0, 7.350710413672707), (0, 7.350710413672707), (0, 7.350710413672707), (0, 7.350710413672707), (0, 7.350710413672707), (0, 7.350710413672707), (0, 7.350710413672707), (0, 7.350710413672707), (0, 7.350710413672707), (0, 7.350710413672707), (0, 7.350710413672707), (0, 7.350710413672707), (0, 7.350710413672707), (0, 7.350710413672707), (0, 7.350710413672707), (0, 7.350710413672707), (0, 7.350710413672707), (0, 7.350710413672707), (0, 7.350710413672707), (0, 7.350710413672707), (0, 7.350710413672707), (0, 7.350710413672707), (0, 7.350710413672707), (0, 7.350710413672707), (0, 7.350710413672707), (0, 7.350710413672707), (0, 7.350710413672707), (0, 7.350710413672707), (0, 7.350710413672707), (0, 7.350710413672707), (0, 7.350710413672707), (0, 7.350710413672707), (0, 7.350710413672707), (0, 7.350710413672707), (0, 7.350710413672707), (0, 7.350710413672707), (0, 7.350710413672707), (0, 7.350710413672707), (0, 7.350710413672707), (0, 7.350710413672707), (0, 7.350710413672707), (0, 7.350710413672707), (0, 7.350710413672707), (0, 7.350710413672707), (0, 7.350710413672707), (0, 7.350710413672707), (0, 7.350710413672707), (0, 7.350710413672707), (0, 7.350710413672707), (0, 7.350710413672707), (0, 7.350710413672707), (0, 7.350710413672707), (0, 7.350710413672707), (0, 7.350710413672707), (0, 7.350710413672707), (0, 7.350710413672707), (0, 7.350710413672707), (0, 7.350710413672707), (0, 7.350710413672707), (0, 7.350710413672707), (0, 7.350710413672707), (0, 7.350710413672707), (0, 7.350710413672707), (0, 7.350710413672707), (0, 7.350710413672707), (0, 7.350710413672707), (0, 7.350710413672707), (0, 7.350710413672707), (0, 7.350710413672707), (0, 7.350710413672707), (0, 7.350710413672707), (0, 7.350710413672707), (0, 7.350710413672707), (0, 7.350710413672707), (0, 7.350710413672707), (0, 7.350710413672707), (0, 7.350710413672707), (0, 7.350710413672707), (0, 7.350710413672707), (0, 7.350710413672707), (0, 7.350710413672707), (0, 7.350710413672707), (0, 7.350710413672707), (0, 7.350710413672707), (0, 7.350710413672707), (0, 7.350710413672707), (0, 7.350710413672707), (0, 7.350710413672707), (0, 7.350710413672707), (0, 7.350710413672707), (0, 7.350710413672707), (0, 7.350710413672707), (0, 7.350710413672707), (0, 7.350710413672707), (0, 7.350710413672707), (0, 7.350710413672707), (0, 7.350710413672707), (0, 7.350710413672707), (0, 7.350710413672707), (0, 7.350710413672707), (0, 7.350710413672707), (0, 7.350710413672707), (0, 7.350710413672707), (0, 7.350710413672707), (0, 7.350710413672707), (0, 7.350710413672707), (0, 7.350710413672707), (0, 7.350710413672707), (0, 7.350710413672707), (0, 7.350710413672707), (0, 7.350710413672707), (0, 7.350710413672707), (0, 7.350710413672707), (0, 7.350710413672707), (0, 7.350710413672707), (0, 7.350710413672707), (0, 7.350710413672707), (0, 7.350710413672707), (0, 7.350710413672707), (0, 7.350710413672707), (0, 7.350710413672707), (0, 7.350710413672707), (0, 7.350710413672707), (0, 7.350710413672707), (0, 7.350710413672707), (0, 7.350710413672707), (0, 7.350710413672707), (0, 7.350710413672707), (0, 7.350710413672707), (0, 7.350710413672707), (0, 7.350710413672707), (0, 7.350710413672707), (0, 7.350710413672707), (0, 7.350710413672707), (0, 7.350710413672707), (0, 7.350710413672707), (0, 7.350710413672707), (0, 7.350710413672707), (0, 7.350710413672707), (0, 7.350710413672707), (0, 7.350710413672707), (0, 7.350710413672707), (0, 7.350710413672707), (0, 7.350710413672707), (0, 7.350710413672707), (0, 7.350710413672707), (0, 7.350710413672707), (0, 7.350710413672707), (0, 7.350710413672707), (0, 7.350710413672707), (0, 7.350710413672707), (0, 7.350710413672707), (0, 7.350710413672707), (0, 7.350710413672707), (0, 7.350710413672707), (0, 7.350710413672707), (0, 7.350710413672707), (0, 7.350710413672707), (0, 7.350710413672707), (0, 7.350710413672707), (0, 7.350710413672707), (0, 7.350710413672707), (0, 7.350710413672707), (0, 7.350710413672707), (0, 7.350710413672707), (0, 7.350710413672707), (0, 7.350710413672707), (0, 7.350710413672707), (0, 7.350710413672707), (0, 7.350710413672707), (0, 7.350710413672707), (0, 7.350710413672707), (0, 7.350710413672707), (0, 7.350710413672707), (0, 7.350710413672707), (0, 7.350710413672707), (0, 7.350710413672707), (0, 7.350710413672707), (0, 7.350710413672707), (0, 7.350710413672707), (0, 7.350710413672707), (0, 7.350710413672707), (0, 7.350710413672707), (0, 7.350710413672707), (0, 7.350710413672707), (0, 7.350710413672707), (0, 7.350710413672707), (0, 7.350710413672707), (0, 7.350710413672707), (0, 7.350710413672707), (0, 7.350710413672707), (0, 7.350710413672707), (0, 7.350710413672707), (0, 7.350710413672707), (0, 7.350710413672707), (0, 7.350710413672707), (0, 7.350710413672707), (0, 7.350710413672707), (0, 7.350710413672707), (0, 7.350710413672707), (0, 7.350710413672707), (0, 7.350710413672707), (0, 7.350710413672707), (0, 7.350710413672707), (0, 7.350710413672707), (0, 7.350710413672707), (0, 7.350710413672707), (0, 7.350710413672707), (0, 7.350710413672707), (0, 7.350710413672707), (0, 7.350710413672707), (0, 7.350710413672707), (0, 7.350710413672707), (0, 7.350710413672707), (0, 7.350710413672707), (0, 7.350710413672707), (0, 7.350710413672707), (0, 7.350710413672707), (0, 7.350710413672707), (0, 7.350710413672707), (0, 7.350710413672707), (0, 7.350710413672707), (0, 7.350710413672707), (0, 7.350710413672707), (0, 7.350710413672707), (0, 7.350710413672707), (0, 7.350710413672707), (0, 7.350710413672707), (0, 7.350710413672707), (0, 7.350710413672707), (0, 7.350710413672707), (0, 7.350710413672707), (0, 7.350710413672707), (0, 7.350710413672707), (0, 7.350710413672707), (0, 7.350710413672707), (0, 7.350710413672707), (0, 7.350710413672707), (0, 7.350710413672707), (0, 7.350710413672707), (0, 7.350710413672707), (0, 7.350710413672707), (0, 7.350710413672707), (0, 7.350710413672707), (0, 7.350710413672707), (0, 7.350710413672707), (0, 7.350710413672707), (0, 7.350710413672707), (0, 7.350710413672707), (0, 7.350710413672707), (0, 7.350710413672707), (0, 7.350710413672707), (0, 7.350710413672707), (0, 7.350710413672707), (0, 7.350710413672707), (0, 7.350710413672707), (0, 7.350710413672707), (0, 7.350710413672707), (0, 7.350710413672707), (0, 7.350710413672707), (0, 7.350710413672707), (0, 7.350710413672707), (0, 7.350710413672707), (0, 7.350710413672707), (0, 7.350710413672707), (0, 7.350710413672707), (0, 7.350710413672707), (0, 7.350710413672707), (0, 7.350710413672707), (0, 7.350710413672707), (0, 7.350710413672707), (0, 7.350710413672707), (0, 7.350710413672707), (0, 7.350710413672707), (0, 7.350710413672707), (0, 7.350710413672707), (0, 7.350710413672707), (0, 7.350710413672707), (0, 7.350710413672707), (0, 7.350710413672707), (0, 7.350710413672707), (0, 7.350710413672707), (0, 7.350710413672707), (0, 7.350710413672707), (0, 7.350710413672707), (0, 7.350710413672707), (0, 7.350710413672707), (0, 7.350710413672707), (0, 7.350710413672707), (0, 7.350710413672707), (0, 7.350710413672707), (0, 7.350710413672707), (0, 7.350710413672707), (0, 7.350710413672707), (0, 7.350710413672707), (0, 7.350710413672707), (0, 7.350710413672707), (0, 7.350710413672707), (0, 7.350710413672707), (0, 7.350710413672707), (0, 7.350710413672707), (0, 7.350710413672707), (0, 7.350710413672707), (0, 7.350710413672707), (0, 7.350710413672707), (0, 7.350710413672707), (0, 7.350710413672707), (0, 7.350710413672707), (0, 7.350710413672707), (0, 7.350710413672707), (0, 7.350710413672707), (0, 7.350710413672707), (0, 7.350710413672707), (0, 7.350710413672707), (0, 7.350710413672707), (0, 7.350710413672707), (0, 7.350710413672707), (0, 7.350710413672707), (0, 7.350710413672707), (0, 7.350710413672707), (0, 7.350710413672707), (0, 7.350710413672707), (0, 7.350710413672707), (0, 7.350710413672707), (0, 7.350710413672707), (0, 7.350710413672707), (0, 7.350710413672707), (0, 7.350710413672707), (0, 7.350710413672707), (0, 7.350710413672707), (0, 7.350710413672707), (0, 7.350710413672707), (0, 7.350710413672707), (0, 7.350710413672707), (0, 7.350710413672707), (0, 7.350710413672707), (0, 7.350710413672707), (0, 7.350710413672707), (0, 7.350710413672707), (0, 7.350710413672707), (0, 7.350710413672707), (0, 7.350710413672707), (0, 7.350710413672707), (0, 7.350710413672707), (0, 7.350710413672707), (0, 7.350710413672707), (0, 7.350710413672707), (0, 7.350710413672707), (0, 7.350710413672707), (0, 7.350710413672707), (0, 7.350710413672707), (0, 7.350710413672707), (0, 7.350710413672707), (0, 7.350710413672707), (0, 7.350710413672707), (0, 7.350710413672707), (0, 7.350710413672707), (0, 7.350710413672707), (0, 7.350710413672707), (0, 7.350710413672707), (0, 7.350710413672707), (0, 7.350710413672707), (0, 7.350710413672707), (0, 7.350710413672707), (0, 7.350710413672707), (0, 7.350710413672707), (0, 7.350710413672707), (0, 7.350710413672707), (0, 7.350710413672707), (0, 7.350710413672707), (0, 7.350710413672707), (0, 7.350710413672707), (0, 7.350710413672707), (0, 7.350710413672707), (0, 7.350710413672707), (0, 7.350710413672707), (0, 7.350710413672707), (0, 7.350710413672707), (0, 7.350710413672707), (0, 7.350710413672707), (0, 7.350710413672707), (0, 7.350710413672707), (0, 7.350710413672707), (0, 7.350710413672707), (0, 7.350710413672707), (0, 7.350710413672707), (0, 7.350710413672707), (0, 7.350710413672707), (0, 7.350710413672707), (0, 7.350710413672707), (0, 7.350710413672707), (0, 7.350710413672707), (0, 7.350710413672707), (0, 7.350710413672707), (0, 7.350710413672707), (0, 7.350710413672707), (0, 7.350710413672707), (0, 7.350710413672707), (0, 7.350710413672707), (0, 7.350710413672707), (0, 7.350710413672707), (0, 7.350710413672707), (0, 7.350710413672707), (0, 7.350710413672707), (0, 7.350710413672707), (0, 7.350710413672707), (0, 7.350710413672707), (0, 7.350710413672707), (0, 7.350710413672707), (0, 7.350710413672707), (0, 7.350710413672707), (0, 7.350710413672707), (0, 7.350710413672707), (0, 7.350710413672707), (0, 7.350710413672707), (0, 7.350710413672707), (0, 7.350710413672707), (0, 7.350710413672707), (0, 7.350710413672707), (0, 7.350710413672707), (0, 7.350710413672707), (0, 7.350710413672707), (0, 7.350710413672707), (0, 7.350710413672707), (0, 7.350710413672707), (0, 7.350710413672707), (0, 7.350710413672707), (0, 7.350710413672707), (0, 7.350710413672707), (0, 7.350710413672707), (0, 7.350710413672707), (0, 7.350710413672707), (0, 7.350710413672707), (0, 7.350710413672707), (0, 7.350710413672707), (0, 7.350710413672707), (0, 7.350710413672707), (0, 7.350710413672707), (0, 7.350710413672707), (0, 7.350710413672707), (0, 7.350710413672707), (0, 7.350710413672707), (0, 7.350710413672707), (0, 7.350710413672707), (0, 7.350710413672707), (0, 7.350710413672707), (0, 7.350710413672707), (0, 7.350710413672707), (0, 7.350710413672707), (0, 7.350710413672707), (0, 7.350710413672707), (0, 7.350710413672707), (0, 7.350710413672707), (0, 7.350710413672707), (0, 7.350710413672707), (0, 7.350710413672707), (0, 7.350710413672707), (0, 7.350710413672707), (0, 7.350710413672707), (0, 7.350710413672707), (0, 7.350710413672707), (0, 7.350710413672707), (0, 7.350710413672707), (0, 7.350710413672707), (0, 7.350710413672707), (0, 7.350710413672707), (0, 7.350710413672707), (0, 7.350710413672707), (0, 7.350710413672707), (0, 7.350710413672707), (0, 7.350710413672707), (0, 7.350710413672707), (0, 7.350710413672707), (0, 7.350710413672707), (0, 7.350710413672707), (0, 7.350710413672707), (0, 7.350710413672707), (0, 7.350710413672707), (0, 7.350710413672707), (0, 7.350710413672707), (0, 7.350710413672707), (0, 7.350710413672707), (0, 7.350710413672707), (0, 7.350710413672707), (0, 7.350710413672707), (0, 7.350710413672707), (0, 7.350710413672707), (0, 7.350710413672707), (0, 7.350710413672707), (0, 7.350710413672707), (0, 7.350710413672707), (0, 7.350710413672707), (0, 7.350710413672707), (0, 7.350710413672707), (0, 7.350710413672707), (0, 7.350710413672707), (0, 7.350710413672707), (0, 7.350710413672707), (0, 7.350710413672707), (0, 7.350710413672707), (0, 7.350710413672707), (0, 7.350710413672707), (0, 7.350710413672707), (0, 7.350710413672707), (0, 7.350710413672707), (0, 7.350710413672707), (0, 7.350710413672707), (0, 7.350710413672707), (0, 7.350710413672707), (0, 7.350710413672707), (0, 7.350710413672707), (0, 7.350710413672707), (0, 7.350710413672707), (0, 7.350710413672707), (0, 7.350710413672707), (0, 7.350710413672707), (0, 7.350710413672707), (0, 7.350710413672707), (0, 7.350710413672707), (0, 7.350710413672707), (0, 7.350710413672707), (0, 7.350710413672707), (0, 7.350710413672707), (0, 7.350710413672707), (0, 7.350710413672707), (0, 7.350710413672707), (0, 7.350710413672707), (0, 7.350710413672707), (0, 7.350710413672707), (0, 7.350710413672707), (0, 7.350710413672707), (0, 7.350710413672707), (0, 7.350710413672707), (0, 7.350710413672707), (0, 7.350710413672707), (0, 7.350710413672707), (0, 7.350710413672707), (0, 7.350710413672707), (0, 7.350710413672707), (0, 7.350710413672707), (0, 7.350710413672707), (0, 7.350710413672707), (0, 7.350710413672707), (0, 7.350710413672707), (0, 7.350710413672707), (0, 7.350710413672707), (0, 7.350710413672707), (0, 7.350710413672707), (0, 7.350710413672707), (0, 7.350710413672707), (0, 7.350710413672707), (0, 7.350710413672707), (0, 7.350710413672707), (0, 7.350710413672707), (0, 7.350710413672707), (0, 7.350710413672707), (0, 7.350710413672707), (0, 7.350710413672707), (0, 7.350710413672707), (0, 7.350710413672707), (0, 7.350710413672707), (0, 7.350710413672707), (0, 7.350710413672707), (0, 7.350710413672707), (0, 7.350710413672707), (0, 7.350710413672707), (0, 7.350710413672707), (0, 7.350710413672707), (0, 7.350710413672707), (0, 7.350710413672707), (0, 7.350710413672707), (0, 7.350710413672707), (0, 7.350710413672707), (0, 7.350710413672707), (0, 7.350710413672707), (0, 7.350710413672707), (0, 7.350710413672707), (0, 7.350710413672707), (0, 7.350710413672707), (0, 7.350710413672707), (0, 7.350710413672707), (0, 7.350710413672707), (0, 7.350710413672707), (0, 7.350710413672707), (0, 7.350710413672707), (0, 7.350710413672707), (0, 7.350710413672707), (0, 7.350710413672707), (0, 7.350710413672707), (0, 7.350710413672707), (0, 7.350710413672707), (0, 7.350710413672707), (0, 7.350710413672707), (0, 7.350710413672707), (0, 7.350710413672707), (0, 7.350710413672707), (0, 7.350710413672707), (0, 7.350710413672707), (0, 7.350710413672707), (0, 7.350710413672707), (0, 7.350710413672707), (0, 7.350710413672707), (0, 7.350710413672707), (0, 7.350710413672707), (0, 7.350710413672707), (0, 7.350710413672707), (0, 7.350710413672707), (0, 7.350710413672707), (0, 7.350710413672707), (0, 7.350710413672707), (0, 7.350710413672707), (0, 7.350710413672707), (0, 7.350710413672707), (0, 7.350710413672707), (0, 7.350710413672707), (0, 7.350710413672707), (0, 7.350710413672707), (0, 7.350710413672707), (0, 7.350710413672707), (0, 7.350710413672707), (0, 7.350710413672707), (0, 7.350710413672707), (0, 7.350710413672707), (0, 7.350710413672707), (0, 7.350710413672707), (0, 7.350710413672707), (0, 7.350710413672707), (0, 7.350710413672707), (0, 7.350710413672707), (0, 7.350710413672707), (0, 7.350710413672707), (0, 7.350710413672707), (0, 7.350710413672707), (0, 7.350710413672707), (0, 7.350710413672707), (0, 7.350710413672707), (0, 7.350710413672707), (0, 7.350710413672707), (0, 7.350710413672707), (0, 7.350710413672707), (0, 7.350710413672707), (0, 7.350710413672707), (0, 7.350710413672707), (0, 7.350710413672707), (0, 7.350710413672707), (0, 7.350710413672707), (0, 7.350710413672707), (0, 7.350710413672707), (0, 7.350710413672707), (0, 7.350710413672707), (0, 7.350710413672707), (0, 7.350710413672707), (0, 7.350710413672707), (0, 7.350710413672707), (0, 7.350710413672707), (0, 7.350710413672707), (0, 7.350710413672707), (0, 7.350710413672707), (0, 7.350710413672707), (0, 7.350710413672707), (0, 7.350710413672707), (0, 7.350710413672707), (0, 7.350710413672707), (0, 7.350710413672707), (0, 7.350710413672707), (0, 7.350710413672707), (0, 7.350710413672707), (0, 7.350710413672707), (0, 7.350710413672707), (0, 7.350710413672707), (0, 7.350710413672707), (0, 7.350710413672707), (0, 7.350710413672707), (0, 7.350710413672707), (0, 7.350710413672707), (0, 7.350710413672707), (0, 7.350710413672707), (0, 7.350710413672707), (0, 7.350710413672707), (0, 7.350710413672707), (0, 7.350710413672707), (0, 7.350710413672707), (0, 7.350710413672707), (0, 7.350710413672707), (0, 7.350710413672707), (0, 7.350710413672707), (0, 7.350710413672707), (0, 7.350710413672707), (0, 7.350710413672707), (0, 7.350710413672707), (0, 7.350710413672707), (0, 7.350710413672707), (0, 7.350710413672707), (0, 7.350710413672707), (0, 7.350710413672707), (0, 7.350710413672707), (0, 7.350710413672707), (0, 7.350710413672707), (0, 7.350710413672707), (0, 7.350710413672707), (0, 7.350710413672707), (0, 7.350710413672707), (0, 7.350710413672707), (0, 7.350710413672707), (0, 7.350710413672707), (0, 7.350710413672707), (0, 7.350710413672707), (0, 7.350710413672707), (0, 7.350710413672707), (0, 7.350710413672707), (0, 7.350710413672707), (0, 7.350710413672707), (0, 7.350710413672707), (0, 7.350710413672707), (0, 7.350710413672707), (0, 7.350710413672707), (0, 7.350710413672707), (0, 7.350710413672707), (0, 7.350710413672707), (0, 7.350710413672707), (0, 7.350710413672707), (0, 7.350710413672707), (0, 7.350710413672707), (0, 7.350710413672707), (0, 7.350710413672707), (0, 7.350710413672707), (0, 7.350710413672707), (0, 7.350710413672707), (0, 7.350710413672707), (0, 7.350710413672707), (0, 7.350710413672707), (0, 7.350710413672707), (0, 7.350710413672707), (0, 7.350710413672707), (0, 7.350710413672707), (0, 7.350710413672707), (0, 7.350710413672707), (0, 7.350710413672707), (0, 7.350710413672707), (0, 7.350710413672707), (0, 7.350710413672707), (0, 7.350710413672707), (0, 7.350710413672707), (0, 7.350710413672707), (0, 7.350710413672707), (0, 7.350710413672707), (0, 7.350710413672707), (0, 7.350710413672707), (0, 7.350710413672707), (0, 7.350710413672707), (0, 7.350710413672707), (0, 7.350710413672707), (0, 7.350710413672707), (0, 7.350710413672707), (0, 7.350710413672707), (0, 7.350710413672707), (0, 7.350710413672707), (0, 7.350710413672707), (0, 7.350710413672707), (0, 7.350710413672707), (0, 7.350710413672707), (0, 7.350710413672707), (0, 7.350710413672707), (0, 7.350710413672707), (0, 7.350710413672707), (0, 7.350710413672707), (0, 7.350710413672707), (0, 7.350710413672707), (0, 7.350710413672707), (0, 7.350710413672707), (0, 7.350710413672707), (0, 7.350710413672707), (0, 7.350710413672707), (0, 7.350710413672707), (0, 7.350710413672707), (0, 7.350710413672707), (0, 7.350710413672707), (0, 7.350710413672707), (0, 7.350710413672707), (0, 7.350710413672707), (0, 7.350710413672707), (0, 7.350710413672707), (0, 7.350710413672707), (0, 7.350710413672707), (0, 7.350710413672707), (0, 7.350710413672707), (0, 7.350710413672707), (0, 7.350710413672707), (0, 7.350710413672707), (0, 7.350710413672707), (0, 7.350710413672707), (0, 7.350710413672707), (0, 7.350710413672707), (0, 7.350710413672707), (0, 7.350710413672707), (0, 7.350710413672707), (0, 7.350710413672707), (0, 7.350710413672707), (0, 7.350710413672707), (0, 7.350710413672707), (0, 7.350710413672707), (0, 7.350710413672707), (0, 7.350710413672707), (0, 7.350710413672707), (0, 7.350710413672707), (0, 7.350710413672707), (0, 7.350710413672707), (0, 7.350710413672707), (0, 7.350710413672707), (0, 7.350710413672707), (0, 7.350710413672707), (0, 7.350710413672707), (0, 7.350710413672707), (0, 7.350710413672707), (0, 7.350710413672707), (0, 7.350710413672707), (0, 7.350710413672707), (0, 7.350710413672707), (0, 7.350710413672707), (0, 7.350710413672707), (0, 7.350710413672707), (0, 7.350710413672707), (0, 7.350710413672707), (0, 7.350710413672707), (0, 7.350710413672707), (0, 7.350710413672707), (0, 7.350710413672707), (0, 7.350710413672707), (0, 7.350710413672707), (0, 7.350710413672707), (0, 7.350710413672707), (0, 7.350710413672707), (0, 7.350710413672707), (0, 7.350710413672707), (0, 7.350710413672707), (0, 7.350710413672707), (0, 7.350710413672707), (0, 7.350710413672707), (0, 7.350710413672707), (0, 7.350710413672707), (0, 7.350710413672707), (0, 7.350710413672707), (0, 7.350710413672707), (0, 7.350710413672707), (0, 7.350710413672707), (0, 7.350710413672707), (0, 7.350710413672707), (0, 7.350710413672707), (0, 7.350710413672707), (0, 7.350710413672707), (0, 7.350710413672707), (0, 7.350710413672707), (0, 7.350710413672707), (0, 7.350710413672707), (0, 7.350710413672707), (0, 7.350710413672707), (0, 7.350710413672707), (0, 7.350710413672707), (0, 7.350710413672707), (0, 7.350710413672707), (0, 7.350710413672707), (0, 7.350710413672707), (0, 7.350710413672707), (0, 7.350710413672707), (0, 7.350710413672707), (0, 7.350710413672707), (0, 7.350710413672707), (0, 7.350710413672707), (0, 7.350710413672707), (0, 7.350710413672707), (0, 7.350710413672707), (0, 7.350710413672707), (0, 7.350710413672707), (0, 7.350710413672707), (0, 7.350710413672707), (0, 7.350710413672707), (0, 7.350710413672707), (0, 7.350710413672707), (0, 7.350710413672707), (0, 7.350710413672707), (0, 7.350710413672707), (0, 7.350710413672707), (0, 7.350710413672707), (0, 7.350710413672707), (0, 7.350710413672707), (0, 7.350710413672707), (0, 7.350710413672707), (0, 7.350710413672707), (0, 7.350710413672707), (0, 7.350710413672707), (0, 7.350710413672707), (0, 7.350710413672707), (0, 7.350710413672707), (0, 7.350710413672707), (0, 7.350710413672707), (0, 7.350710413672707), (0, 7.350710413672707), (0, 7.350710413672707), (0, 7.350710413672707), (0, 7.350710413672707), (0, 7.350710413672707), (0, 7.350710413672707), (0, 7.350710413672707), (0, 7.350710413672707), (0, 7.350710413672707), (0, 7.350710413672707), (0, 7.350710413672707), (0, 7.350710413672707), (0, 7.350710413672707), (0, 7.350710413672707), (0, 7.350710413672707), (0, 7.350710413672707), (0, 7.350710413672707), (0, 7.350710413672707), (0, 7.350710413672707), (0, 7.350710413672707), (0, 7.350710413672707), (0, 7.350710413672707), (0, 7.350710413672707), (0, 7.350710413672707), (0, 7.350710413672707), (0, 7.350710413672707), (0, 7.350710413672707), (0, 7.350710413672707), (0, 7.350710413672707), (0, 7.350710413672707), (0, 7.350710413672707), (0, 7.350710413672707), (0, 7.350710413672707), (0, 7.350710413672707), (0, 7.350710413672707), (0, 7.350710413672707), (0, 7.350710413672707), (0, 7.350710413672707), (0, 7.350710413672707), (0, 7.350710413672707), (0, 7.350710413672707), (0, 7.350710413672707), (0, 7.350710413672707), (0, 7.350710413672707), (0, 7.350710413672707), (0, 7.350710413672707), (0, 7.350710413672707), (0, 7.350710413672707), (0, 7.350710413672707), (0, 7.350710413672707), (0, 7.350710413672707), (0, 7.350710413672707), (0, 7.350710413672707), (0, 7.350710413672707), (0, 7.350710413672707), (0, 7.350710413672707), (0, 7.350710413672707), (0, 7.350710413672707), (0, 7.350710413672707), (0, 7.350710413672707), (0, 7.350710413672707), (0, 7.350710413672707), (0, 7.350710413672707), (0, 7.350710413672707), (0, 7.350710413672707), (0, 7.350710413672707), (0, 7.350710413672707), (0, 7.350710413672707), (0, 7.350710413672707), (0, 7.350710413672707), (0, 7.350710413672707), (0, 7.350710413672707), (0, 7.350710413672707), (0, 7.350710413672707), (0, 7.350710413672707), (0, 7.350710413672707), (0, 7.350710413672707), (0, 7.350710413672707), (0, 7.350710413672707), (0, 7.350710413672707), (0, 7.350710413672707), (0, 7.350710413672707), (0, 7.350710413672707), (0, 7.350710413672707), (0, 7.350710413672707), (0, 7.350710413672707), (0, 7.350710413672707), (0, 7.350710413672707), (0, 7.350710413672707), (0, 7.350710413672707), (0, 7.350710413672707), (0, 7.350710413672707), (0, 7.350710413672707), (0, 7.350710413672707), (0, 7.350710413672707), (0, 7.350710413672707), (0, 7.350710413672707), (0, 7.350710413672707), (0, 7.350710413672707), (0, 7.350710413672707), (0, 7.350710413672707), (0, 7.350710413672707), (0, 7.350710413672707), (0, 7.350710413672707), (0, 7.350710413672707), (0, 7.350710413672707), (0, 7.350710413672707), (0, 7.350710413672707), (0, 7.350710413672707), (0, 7.350710413672707), (0, 7.350710413672707), (0, 7.350710413672707), (0, 7.350710413672707), (0, 7.350710413672707), (0, 7.350710413672707), (0, 7.350710413672707), (0, 7.350710413672707), (0, 7.350710413672707), (0, 7.350710413672707), (0, 7.350710413672707), (0, 7.350710413672707), (0, 7.350710413672707), (0, 7.350710413672707), (0, 7.350710413672707), (0, 7.350710413672707), (0, 7.350710413672707), (0, 7.350710413672707), (0, 7.350710413672707), (0, 7.350710413672707), (0, 7.350710413672707), (0, 7.350710413672707), (0, 7.350710413672707), (0, 7.350710413672707), (0, 7.350710413672707), (0, 7.350710413672707), (0, 7.350710413672707), (0, 7.350710413672707), (0, 7.350710413672707), (0, 7.350710413672707), (0, 7.350710413672707), (0, 7.350710413672707), (0, 7.350710413672707), (0, 7.350710413672707), (0, 7.350710413672707), (0, 7.350710413672707), (0, 7.350710413672707), (0, 7.350710413672707), (0, 7.350710413672707), (0, 7.350710413672707), (0, 7.350710413672707), (0, 7.350710413672707), (0, 7.350710413672707), (0, 7.350710413672707), (0, 7.350710413672707), (0, 7.350710413672707), (0, 7.350710413672707), (0, 7.350710413672707), (0, 7.350710413672707), (0, 7.350710413672707), (0, 7.350710413672707), (0, 7.350710413672707), (0, 7.350710413672707), (0, 7.350710413672707), (0, 7.350710413672707), (0, 7.350710413672707), (0, 7.350710413672707), (0, 7.350710413672707), (0, 7.350710413672707), (0, 7.350710413672707), (0, 7.350710413672707), (0, 7.350710413672707), (0, 7.350710413672707), (0, 7.350710413672707), (0, 7.350710413672707), (0, 7.350710413672707), (0, 7.350710413672707), (0, 7.350710413672707), (0, 7.350710413672707), (0, 7.350710413672707), (0, 7.350710413672707), (0, 7.350710413672707), (0, 7.350710413672707), (0, 7.350710413672707), (0, 7.350710413672707), (0, 7.350710413672707), (0, 7.350710413672707), (0, 7.350710413672707), (0, 7.350710413672707), (0, 7.350710413672707), (0, 7.350710413672707), (0, 7.350710413672707), (0, 7.350710413672707), (0, 7.350710413672707), (0, 7.350710413672707), (0, 7.350710413672707), (0, 7.350710413672707), (0, 7.350710413672707), (0, 7.350710413672707), (0, 7.350710413672707), (0, 7.350710413672707), (0, 7.350710413672707), (0, 7.350710413672707), (0, 7.350710413672707), (0, 7.350710413672707), (0, 7.350710413672707), (0, 7.350710413672707), (0, 7.350710413672707), (0, 7.350710413672707), (0, 7.350710413672707), (0, 7.350710413672707), (0, 7.350710413672707), (0, 7.350710413672707), (0, 7.350710413672707), (0, 7.350710413672707), (0, 7.350710413672707), (0, 7.350710413672707), (0, 7.350710413672707), (0, 7.350710413672707), (0, 7.350710413672707), (0, 7.350710413672707), (0, 7.350710413672707), (0, 7.350710413672707), (0, 7.350710413672707), (0, 7.350710413672707), (0, 7.350710413672707), (0, 7.350710413672707), (0, 7.350710413672707), (0, 7.350710413672707), (0, 7.350710413672707), (0, 7.350710413672707), (0, 7.350710413672707), (0, 7.350710413672707), (0, 7.350710413672707), (0, 7.350710413672707), (0, 7.350710413672707), (0, 7.350710413672707), (0, 7.350710413672707), (0, 7.350710413672707), (0, 7.350710413672707), (0, 7.350710413672707), (0, 7.350710413672707), (0, 7.350710413672707), (0, 7.350710413672707), (0, 7.350710413672707), (0, 7.350710413672707), (0, 7.350710413672707), (0, 7.350710413672707), (0, 7.350710413672707), (0, 7.350710413672707), (0, 7.350710413672707), (0, 7.350710413672707), (0, 7.350710413672707), (0, 7.350710413672707), (0, 7.350710413672707), (0, 7.350710413672707), (0, 7.350710413672707), (0, 7.350710413672707), (0, 7.350710413672707), (0, 7.350710413672707), (0, 7.350710413672707), (0, 7.350710413672707), (0, 7.350710413672707), (0, 7.350710413672707), (0, 7.350710413672707), (0, 7.350710413672707), (0, 7.350710413672707), (0, 7.350710413672707), (0, 7.350710413672707), (0, 7.350710413672707), (0, 7.350710413672707), (0, 7.350710413672707), (0, 7.350710413672707), (0, 7.350710413672707), (0, 7.350710413672707), (0, 7.350710413672707), (0, 7.350710413672707), (0, 7.350710413672707), (0, 7.350710413672707), (0, 7.350710413672707), (0, 7.350710413672707), (0, 7.350710413672707), (0, 7.350710413672707), (0, 7.350710413672707), (0, 7.350710413672707), (0, 7.350710413672707), (0, 7.350710413672707), (0, 7.350710413672707), (0, 7.350710413672707), (0, 7.350710413672707), (0, 7.350710413672707), (0, 7.350710413672707), (0, 7.350710413672707), (0, 7.350710413672707), (0, 7.350710413672707), (0, 7.350710413672707), (0, 7.350710413672707), (0, 7.350710413672707), (0, 7.350710413672707), (0, 7.350710413672707), (0, 7.350710413672707), (0, 7.350710413672707), (0, 7.350710413672707), (0, 7.350710413672707), (0, 7.350710413672707), (0, 7.350710413672707), (0, 7.350710413672707), (0, 7.350710413672707), (0, 7.350710413672707), (0, 7.350710413672707), (0, 7.350710413672707), (0, 7.350710413672707), (0, 7.350710413672707), (0, 7.350710413672707), (0, 7.350710413672707), (0, 7.350710413672707), (0, 7.350710413672707), (0, 7.350710413672707), (0, 7.350710413672707), (0, 7.350710413672707), (0, 7.350710413672707), (0, 7.350710413672707), (0, 7.350710413672707), (0, 7.350710413672707), (0, 7.350710413672707), (0, 7.350710413672707), (0, 7.350710413672707), (0, 7.350710413672707), (0, 7.350710413672707), (0, 7.350710413672707), (0, 7.350710413672707), (0, 7.350710413672707), (0, 7.350710413672707), (0, 7.350710413672707), (0, 7.350710413672707), (0, 7.350710413672707), (0, 7.350710413672707), (0, 7.350710413672707), (0, 7.350710413672707), (0, 7.350710413672707), (0, 7.350710413672707), (0, 7.350710413672707), (0, 7.350710413672707), (0, 7.350710413672707), (0, 7.350710413672707), (0, 7.350710413672707), (0, 7.350710413672707), (0, 7.350710413672707), (0, 7.350710413672707), (0, 7.350710413672707), (0, 7.350710413672707), (0, 7.350710413672707), (0, 7.350710413672707), (0, 7.350710413672707), (0, 7.350710413672707), (0, 7.350710413672707), (0, 7.350710413672707), (0, 7.350710413672707), (0, 7.350710413672707), (0, 7.350710413672707), (0, 7.350710413672707), (0, 7.350710413672707), (0, 7.350710413672707), (0, 7.350710413672707), (0, 7.350710413672707), (0, 7.350710413672707), (0, 7.350710413672707), (0, 7.350710413672707), (0, 7.350710413672707), (0, 7.350710413672707), (0, 7.350710413672707), (0, 7.350710413672707), (0, 7.350710413672707), (0, 7.350710413672707), (0, 7.350710413672707), (0, 7.350710413672707), (0, 7.350710413672707), (0, 7.350710413672707), (0, 7.350710413672707), (0, 7.350710413672707), (0, 7.350710413672707), (0, 7.350710413672707), (0, 7.350710413672707), (0, 7.350710413672707), (0, 7.350710413672707), (0, 7.350710413672707), (0, 7.350710413672707), (0, 7.350710413672707), (0, 7.350710413672707), (0, 7.350710413672707), (0, 7.350710413672707), (0, 7.350710413672707), (0, 7.350710413672707), (0, 7.350710413672707), (0, 7.350710413672707), (0, 7.350710413672707), (0, 7.350710413672707), (0, 7.350710413672707), (0, 7.350710413672707), (0, 7.350710413672707), (0, 7.350710413672707), (0, 7.350710413672707), (0, 7.350710413672707), (0, 7.350710413672707), (0, 7.350710413672707), (0, 7.350710413672707), (0, 7.350710413672707), (0, 7.350710413672707), (0, 7.350710413672707), (0, 7.350710413672707), (0, 7.350710413672707), (0, 7.350710413672707), (0, 7.350710413672707), (0, 7.350710413672707), (0, 7.350710413672707), (0, 7.350710413672707), (0, 7.350710413672707), (0, 7.350710413672707), (0, 7.350710413672707), (0, 7.350710413672707), (0, 7.350710413672707), (0, 7.350710413672707), (0, 7.350710413672707), (0, 7.350710413672707), (0, 7.350710413672707), (0, 7.350710413672707), (0, 7.350710413672707), (0, 7.350710413672707), (0, 7.350710413672707), (0, 7.350710413672707), (0, 7.350710413672707), (0, 7.350710413672707), (0, 7.350710413672707), (0, 7.350710413672707), (0, 7.350710413672707), (0, 7.350710413672707), (0, 7.350710413672707), (0, 7.350710413672707), (0, 7.350710413672707), (0, 7.350710413672707), (0, 7.350710413672707), (0, 7.350710413672707), (0, 7.350710413672707), (0, 7.350710413672707), (0, 7.350710413672707), (0, 7.350710413672707), (0, 7.350710413672707), (0, 7.350710413672707), (0, 7.350710413672707), (0, 7.350710413672707), (0, 7.350710413672707), (0, 7.350710413672707), (0, 7.350710413672707), (0, 7.350710413672707), (0, 7.350710413672707), (0, 7.350710413672707), (0, 7.350710413672707), (0, 7.350710413672707), (0, 7.350710413672707), (0, 7.350710413672707), (0, 7.350710413672707), (0, 7.350710413672707), (0, 7.350710413672707), (0, 7.350710413672707), (0, 7.350710413672707), (0, 7.350710413672707), (0, 7.350710413672707), (0, 7.350710413672707), (0, 7.350710413672707), (0, 7.350710413672707), (0, 7.350710413672707), (0, 7.350710413672707), (0, 7.350710413672707), (0, 7.350710413672707), (0, 7.350710413672707), (0, 7.350710413672707), (0, 7.350710413672707), (0, 7.350710413672707), (0, 7.350710413672707), (0, 7.350710413672707), (0, 7.350710413672707), (0, 7.350710413672707), (0, 7.350710413672707), (0, 7.350710413672707), (0, 7.350710413672707), (0, 7.350710413672707), (0, 7.350710413672707), (0, 7.350710413672707), (0, 7.350710413672707), (0, 7.350710413672707), (0, 7.350710413672707), (0, 7.350710413672707), (0, 7.350710413672707), (0, 7.350710413672707), (0, 7.350710413672707), (0, 7.350710413672707), (0, 7.350710413672707), (0, 7.350710413672707), (0, 7.350710413672707), (0, 7.350710413672707), (0, 7.350710413672707), (0, 7.350710413672707), (0, 7.350710413672707), (0, 7.350710413672707), (0, 7.350710413672707), (0, 7.350710413672707), (0, 7.350710413672707), (0, 7.350710413672707), (0, 7.350710413672707), (0, 7.350710413672707), (0, 7.350710413672707), (0, 7.350710413672707), (0, 7.350710413672707), (0, 7.350710413672707), (0, 7.350710413672707), (0, 7.350710413672707), (0, 7.350710413672707), (0, 7.350710413672707), (0, 7.350710413672707), (0, 7.350710413672707), (0, 7.350710413672707), (0, 7.350710413672707), (0, 7.350710413672707), (0, 7.350710413672707), (0, 7.350710413672707), (0, 7.350710413672707), (0, 7.350710413672707), (0, 7.350710413672707), (0, 7.350710413672707), (0, 7.350710413672707), (0, 7.350710413672707), (0, 7.350710413672707), (0, 7.350710413672707), (0, 7.350710413672707), (0, 7.350710413672707), (0, 7.350710413672707), (0, 7.350710413672707), (0, 7.350710413672707), (0, 7.350710413672707), (0, 7.350710413672707), (0, 7.350710413672707), (0, 7.350710413672707), (0, 7.350710413672707), (0, 7.350710413672707), (0, 7.350710413672707), (0, 7.350710413672707), (0, 7.350710413672707), (0, 7.350710413672707), (0, 7.350710413672707), (0, 7.350710413672707), (0, 7.350710413672707), (0, 7.350710413672707), (0, 7.350710413672707), (0, 7.350710413672707), (0, 7.350710413672707), (0, 7.350710413672707), (0, 7.350710413672707), (0, 7.350710413672707), (0, 7.350710413672707), (0, 7.350710413672707), (0, 7.350710413672707), (0, 7.350710413672707), (0, 7.350710413672707), (0, 7.350710413672707), (0, 7.350710413672707), (0, 7.350710413672707), (0, 7.350710413672707), (0, 7.350710413672707), (0, 7.350710413672707), (0, 7.350710413672707), (0, 7.350710413672707), (0, 7.350710413672707), (0, 7.350710413672707), (0, 7.350710413672707), (0, 7.350710413672707), (0, 7.350710413672707), (0, 7.350710413672707), (0, 7.350710413672707), (0, 7.350710413672707), (0, 7.350710413672707), (0, 7.350710413672707), (0, 7.350710413672707), (0, 7.350710413672707), (0, 7.350710413672707), (0, 7.350710413672707), (0, 7.350710413672707), (0, 7.350710413672707), (0, 7.350710413672707), (0, 7.350710413672707), (0, 7.350710413672707), (0, 7.350710413672707), (0, 7.350710413672707), (0, 7.350710413672707), (0, 7.350710413672707), (0, 7.350710413672707), (0, 7.350710413672707), (0, 7.350710413672707), (0, 7.350710413672707), (0, 7.350710413672707), (0, 7.350710413672707), (0, 7.350710413672707), (0, 7.350710413672707), (0, 7.350710413672707), (0, 7.350710413672707), (0, 7.350710413672707), (0, 7.350710413672707), (0, 7.350710413672707), (0, 7.350710413672707), (0, 7.350710413672707), (0, 7.350710413672707), (0, 7.350710413672707), (0, 7.350710413672707), (0, 7.350710413672707), (0, 7.350710413672707), (0, 7.350710413672707), (0, 7.350710413672707), (0, 7.350710413672707), (0, 7.350710413672707), (0, 7.350710413672707), (0, 7.350710413672707), (0, 7.350710413672707), (0, 7.350710413672707), (0, 7.350710413672707), (0, 7.350710413672707), (0, 7.350710413672707), (0, 7.350710413672707), (0, 7.350710413672707), (0, 7.350710413672707), (0, 7.350710413672707), (0, 7.350710413672707), (0, 7.350710413672707), (0, 7.350710413672707), (0, 7.350710413672707), (0, 7.350710413672707), (0, 7.350710413672707), (0, 7.350710413672707), (0, 7.350710413672707), (0, 7.350710413672707), (0, 7.350710413672707), (0, 7.350710413672707), (0, 7.350710413672707), (0, 7.350710413672707), (0, 7.350710413672707), (0, 7.350710413672707), (0, 7.350710413672707), (0, 7.350710413672707), (0, 7.350710413672707), (0, 7.350710413672707), (0, 7.350710413672707), (0, 7.350710413672707), (0, 7.350710413672707), (0, 7.350710413672707), (0, 7.350710413672707), (0, 7.350710413672707), (0, 7.350710413672707), (0, 7.350710413672707), (0, 7.350710413672707), (0, 7.350710413672707), (0, 7.350710413672707), (0, 7.350710413672707), (0, 7.350710413672707), (0, 7.350710413672707), (0, 7.350710413672707), (0, 7.350710413672707), (0, 7.350710413672707), (0, 7.350710413672707), (0, 7.350710413672707), (0, 7.350710413672707), (0, 7.350710413672707), (0, 7.350710413672707), (0, 7.350710413672707), (0, 7.350710413672707), (0, 7.350710413672707), (0, 7.350710413672707), (0, 7.350710413672707), (0, 7.350710413672707), (0, 7.350710413672707), (0, 7.350710413672707), (0, 7.350710413672707), (0, 7.350710413672707), (0, 7.350710413672707), (0, 7.350710413672707), (0, 7.350710413672707), (0, 7.350710413672707), (0, 7.350710413672707), (0, 7.350710413672707), (0, 7.350710413672707), (0, 7.350710413672707), (0, 7.350710413672707), (0, 7.350710413672707), (0, 7.350710413672707), (0, 7.350710413672707), (0, 7.350710413672707), (0, 7.350710413672707), (0, 7.350710413672707), (0, 7.350710413672707), (0, 7.350710413672707), (0, 7.350710413672707), (0, 7.350710413672707), (0, 7.350710413672707), (0, 7.350710413672707), (0, 7.350710413672707), (0, 7.350710413672707), (0, 7.350710413672707), (0, 7.350710413672707), (0, 7.350710413672707), (0, 7.350710413672707), (0, 7.350710413672707), (0, 7.350710413672707), (0, 7.350710413672707), (0, 7.350710413672707), (0, 7.350710413672707), (0, 7.350710413672707), (0, 7.350710413672707), (0, 7.350710413672707), (0, 7.350710413672707), (0, 7.350710413672707), (0, 7.350710413672707), (0, 7.350710413672707), (0, 7.350710413672707), (0, 7.350710413672707), (0, 7.350710413672707), (0, 7.350710413672707), (0, 7.350710413672707), (0, 7.350710413672707), (0, 7.350710413672707), (0, 7.350710413672707), (0, 7.350710413672707), (0, 7.350710413672707), (0, 7.350710413672707), (0, 7.350710413672707), (0, 7.350710413672707), (0, 7.350710413672707), (0, 7.350710413672707), (0, 7.350710413672707), (0, 7.350710413672707), (0, 7.350710413672707), (0, 7.350710413672707), (0, 7.350710413672707), (0, 7.350710413672707), (0, 7.350710413672707), (0, 7.350710413672707), (0, 7.350710413672707), (0, 7.350710413672707), (0, 7.350710413672707), (0, 7.350710413672707), (0, 7.350710413672707), (0, 7.350710413672707), (0, 7.350710413672707), (0, 7.350710413672707), (0, 7.350710413672707), (0, 7.350710413672707), (0, 7.350710413672707), (0, 7.350710413672707), (0, 7.350710413672707), (0, 7.350710413672707), (0, 7.350710413672707), (0, 7.350710413672707), (0, 7.350710413672707), (0, 7.350710413672707), (0, 7.350710413672707), (0, 7.350710413672707), (0, 7.350710413672707), (0, 7.350710413672707), (0, 7.350710413672707), (0, 7.350710413672707), (0, 7.350710413672707), (0, 7.350710413672707), (0, 7.350710413672707), (0, 7.350710413672707), (0, 7.350710413672707), (0, 7.350710413672707), (0, 7.350710413672707), (0, 7.350710413672707), (0, 7.350710413672707), (0, 7.350710413672707), (0, 7.350710413672707), (0, 7.350710413672707), (0, 7.350710413672707), (0, 7.350710413672707), (0, 7.350710413672707), (0, 7.350710413672707), (0, 7.350710413672707), (0, 7.350710413672707), (0, 7.350710413672707), (0, 7.350710413672707), (0, 7.350710413672707), (0, 7.350710413672707), (0, 7.350710413672707), (0, 7.350710413672707), (0, 7.350710413672707), (0, 7.350710413672707), (0, 7.350710413672707), (0, 7.350710413672707), (0, 7.350710413672707), (0, 7.350710413672707), (0, 7.350710413672707), (0, 7.350710413672707), (0, 7.350710413672707), (0, 7.350710413672707), (0, 7.350710413672707), (0, 7.350710413672707), (0, 7.350710413672707), (0, 7.350710413672707), (0, 7.350710413672707), (0, 7.350710413672707), (0, 7.350710413672707), (0, 7.350710413672707), (0, 7.350710413672707), (0, 7.350710413672707), (0, 7.350710413672707), (0, 7.350710413672707), (0, 7.350710413672707), (0, 7.350710413672707), (0, 7.350710413672707), (0, 7.350710413672707), (0, 7.350710413672707), (0, 7.350710413672707), (0, 7.350710413672707), (0, 7.350710413672707), (0, 7.350710413672707), (0, 7.350710413672707), (0, 7.350710413672707), (0, 7.350710413672707), (0, 7.350710413672707), (0, 7.350710413672707), (0, 7.350710413672707), (0, 7.350710413672707), (0, 7.350710413672707), (0, 7.350710413672707), (0, 7.350710413672707), (0, 7.350710413672707), (0, 7.350710413672707), (0, 7.350710413672707), (0, 7.350710413672707), (0, 7.350710413672707), (0, 7.350710413672707), (0, 7.350710413672707), (0, 7.350710413672707), (0, 7.350710413672707), (0, 7.350710413672707), (0, 7.350710413672707), (0, 7.350710413672707), (0, 7.350710413672707), (0, 7.350710413672707), (0, 7.350710413672707), (0, 7.350710413672707), (0, 7.350710413672707), (0, 7.350710413672707), (0, 7.350710413672707), (0, 7.350710413672707), (0, 7.350710413672707), (0, 7.350710413672707), (0, 7.350710413672707), (0, 7.350710413672707), (0, 7.350710413672707), (0, 7.350710413672707), (0, 7.350710413672707), (0, 7.350710413672707), (0, 7.350710413672707), (0, 7.350710413672707), (0, 7.350710413672707), (0, 7.350710413672707), (0, 7.350710413672707), (0, 7.350710413672707), (0, 7.350710413672707), (0, 7.350710413672707), (0, 7.350710413672707), (0, 7.350710413672707), (0, 7.350710413672707), (0, 7.350710413672707)]