Model Setup for {PATIENT_GROUPS} Trained Network:

NODE Network Architecture Parameters
Input channels=2
Hidden channels=11
Output channels=2

Training hyperparameters
Optimizer=AdamW (
Parameter Group 0
    amsgrad: False
    betas: (0.9, 0.999)
    capturable: False
    differentiable: False
    eps: 1e-08
    foreach: None
    fused: None
    lr: 0.001
    maximize: False
    weight_decay: 0
)Training Iterations=4000
Learning rate=0.001
Weight decay=0
Optimizer reset frequency=500

Dropout probability (after initial linear layer before NCDE): 0.0
Training Data Selection Parameters
(If not virtual, the only important params are the groups and whether data was normalized/standardized)
Patient groups=['Control']
Augmentation strategy=Uniform
Noise Magnitude=0.05
Normalized/standardized=None
Number of virtual patients per real patient=100
Label smoothing factor=0
Test Patient Combinations:
Control: None
MDD: None
Training batch size=1
Training Results:
Runtime=466.6108331680298
Loss over time=[(0, 33.747919151266274), (0, 33.306229861728475), (0, 32.85572330074916), (0, 32.396234954178865), (0, 31.92755129598063), (0, 31.449294660302588), (0, 30.960884642803993), (0, 30.46151590683871), (0, 29.95035355733585), (0, 29.426626825388635), (0, 28.88969118425396), (0, 28.339058717763155), (0, 27.77440265071584), (0, 27.195547024759886), (0, 26.640240468490834), (0, 26.11950072808378), (0, 25.607153157188417), (0, 25.083093897983034), (0, 24.546965979894086), (0, 23.998326404045553), (0, 23.436629845653645), (0, 22.86119332210444), (0, 22.271155970113252), (0, 21.665445070165827), (0, 21.042764393403306), (0, 20.447999544630697), (0, 19.861029427540196), (0, 19.258930297939465), (0, 18.63047866171092), (0, 18.016550195367845), (0, 17.376129081535638), (0, 16.695890742253734), (0, 15.975297291676815), (0, 15.216028098909332), (0, 14.445194338556576), (0, 13.650216176346786), (0, 12.834494125199463), (0, 12.013142447165915), (0, 11.195837034454858), (0, 10.385537127838198), (0, 9.584717036330998), (0, 8.823686838174948), (0, 8.073716145952062), (0, 7.332807672421662), (0, 6.609452117326736), (0, 5.9111595563885935), (0, 5.683518325403193), (0, 5.6981717354373655), (0, 5.760533625847106), (0, 5.8805048788183605), (0, 5.977630047107632), (0, 6.054001898758205), (0, 6.111538832401823), (0, 6.1566270442221755), (0, 6.196431228699083), (0, 6.236500101689997), (0, 6.283742957105907), (0, 6.317535103875695), (0, 6.339145055454117), (0, 6.349700347980817), (0, 6.3502071537615645), (0, 6.3415656783937955), (0, 6.324582602710626), (0, 6.29998136002138), (0, 6.268410804018876), (0, 6.2555356992036915), (0, 6.237064585653953), (0, 6.2128324205539665), (0, 6.184120283805878), (0, 6.148123523401612), (0, 6.106339442460317), (0, 6.061449660417875), (0, 6.013345035149431), (0, 5.962323337044606), (0, 5.9122217299634405), (0, 5.870920787202976), (0, 5.823737825143706), (0, 5.771243113013146), (0, 5.713928636526743), (0, 5.65986295226648), (0, 5.609063241300828), (0, 5.600451099755596), (0, 5.599678729126738), (0, 5.597692263007865), (0, 5.594627075190381), (0, 5.59059894016952), (0, 5.595632717959891), (0, 5.605949644479896), (0, 5.626953207753621), (0, 5.633265099158056), (0, 5.639629015306197), (0, 5.637889411210884), (0, 5.627131353885007), (0, 5.608184926754848), (0, 5.599405385574602), (0, 5.59814099025151), (0, 5.595726270260325), (0, 5.592258974278298), (0, 5.592158768421153), (0, 5.595618051387008), (0, 5.594260446639396), (0, 5.590351187960271), (0, 5.591962954904363), (0, 5.592116119286836), (0, 5.5909466912845724), (0, 5.592521511864188), (0, 5.591999126332646), (0, 5.591619524198051), (0, 5.592766360055131), (0, 5.592481170355816), (0, 5.5908994467964215), (0, 5.5933128499277665), (0, 5.5932024560085685), (0, 5.590663329856981), (0, 5.591594089782933), (0, 5.591101027166951), (0, 5.5904781943742075), (0, 5.590245490189405), (0, 5.589742237590136), (0, 5.59259493657775), (0, 5.5906168358329), (0, 5.592258156731038), (0, 5.593964934515718), (0, 5.594165917402561), (0, 5.593008598280431), (0, 5.590623818639738), (0, 5.592695780481801), (0, 5.593545002352243), (0, 5.5892487581953505), (0, 5.593092666694598), (0, 5.595756348726764), (0, 5.596818786755804), (0, 5.596439931012711), (0, 5.594761571922164), (0, 5.591909614138416), (0, 5.588617897594879), (0, 5.590096030912229), (0, 5.588918849474971), (0, 5.589216358721789), (0, 5.588145843284967), (0, 5.59141824682278), (0, 5.589980554121398), (0, 5.589554247945096), (0, 5.591050561739165), (0, 5.591066071112693), (0, 5.589748763992779), (0, 5.587229858928151), (0, 5.593720447706897), (0, 5.594568548012004), (0, 5.589899002304534), (0, 5.589770470536604), (0, 5.592562591239393), (0, 5.593754780624845), (0, 5.593509865428644), (0, 5.591972178208329), (0, 5.589269889368835), (0, 5.586825632089485), (0, 5.587876435219603), (0, 5.586901884481031), (0, 5.587450725414123), (0, 5.586634734404711), (0, 5.586902520073149), (0, 5.585449804845236), (0, 5.585455398768699), (0, 5.587132953077281), (0, 5.587826335596434), (0, 5.5871535061197735), (0, 5.585252523118078), (0, 5.589158089085212), (0, 5.588745635079773), (0, 5.584961795420148), (0, 5.5861097617802296), (0, 5.585859098715591), (0, 5.584352386851634), (0, 5.587871144451084), (0, 5.586700198501404), (0, 5.585081266905351), (0, 5.586522898657813), (0, 5.586552430683198), (0, 5.5853148925696825), (0, 5.582939046022897), (0, 5.589616810027234), (0, 5.589901940102433), (0, 5.584117448027322), (0, 5.586492009862713), (0, 5.589616739998378), (0, 5.59118299549466), (0, 5.5913537430682885), (0, 5.590273698778518), (0, 5.588071656808274), (0, 5.58486232937452), (0, 5.5821187970010175), (0, 5.58378874439954), (0, 5.581623665356704), (0, 5.582064126236169), (0, 5.581247763359645), (0, 5.58273077556803), (0, 5.580276263066522), (0, 5.580138618877006), (0, 5.5823585477642625), (0, 5.5833309455943665), (0, 5.583016443272947), (0, 5.581549783088096), (0, 5.57933074846919), (0, 5.579517879840378), (0, 5.578795992801372), (0, 5.580787656755325), (0, 5.5814398319941345), (0, 5.580866207691732), (0, 5.579195802711012), (0, 5.580975384815563), (0, 5.579559292957126), (0, 5.579831478855273), (0, 5.581356977271216), (0, 5.581593460163614), (0, 5.580678055920683), (0, 5.578732783678184), (0, 5.577913433031664), (0, 5.576916719649006), (0, 5.578746942361491), (0, 5.5801238515342675), (0, 5.580259610197159), (0, 5.579287259870003), (0, 5.577325247770381), (0, 5.576160191858336), (0, 5.575083591549108), (0, 5.577334252685415), (0, 5.5787238286020235), (0, 5.578905820065582), (0, 5.578010790280957), (0, 5.576155029923185), (0, 5.5734421929803775), (0, 5.58126164127745), (0, 5.581670990484134), (0, 5.575024335943798), (0, 5.5762230387330085), (0, 5.579276379574688), (0, 5.580994641461668), (0, 5.5815239951406985), (0, 5.580994629458916), (0, 5.5795228414620786), (0, 5.577381333647358), (0, 5.574626560170376), (0, 5.571323846578857), (0, 5.580277075445782), (0, 5.5827771750938515), (0, 5.5777355373471815), (0, 5.572337741022334), (0, 5.575089549837568), (0, 5.576602188415143), (0, 5.577009127882226), (0, 5.576429948727607), (0, 5.574972083874965), (0, 5.572732120636251), (0, 5.569796799030408), (0, 5.578626559102083), (0, 5.579657257084575), (0, 5.5730093860830525), (0, 5.571911683663564), (0, 5.5748526625935435), (0, 5.576586988369286), (0, 5.577248154699799), (0, 5.576955642365906), (0, 5.5758167350857075), (0, 5.573927879418948), (0, 5.5713757294402235), (0, 5.568237969522394), (0, 5.57163185717875), (0, 5.572848936259979), (0, 5.56606758653947), (0, 5.569544935486835), (0, 5.5722838787736055), (0, 5.573909660470815), (0, 5.574548354785493), (0, 5.574312809516031), (0, 5.573304384773084), (0, 5.5716142505185715), (0, 5.5693243796012535), (0, 5.566508327436013), (0, 5.564335076958034), (0, 5.56923499501379), (0, 5.570709033454203), (0, 5.563814044644288), (0, 5.565866885008713), (0, 5.568818663237798), (0, 5.570727924550035), (0, 5.571709497740985), (0, 5.571867043993234), (0, 5.571294547619341), (0, 5.570077364477465), (0, 5.568292981804644), (0, 5.566011589275079), (0, 5.563296526524238), (0, 5.56020464992121), (0, 5.570858810065176), (0, 5.572361268552499), (0, 5.5650673579538275), (0, 5.561059394640655), (0, 5.563569369006721), (0, 5.56516406363646), (0, 5.56595002569161), (0, 5.5660228874604325), (0, 5.565468894125271), (0, 5.564366000898283), (0, 5.562784682558173), (0, 5.5607885501870875), (0, 5.558434838296152), (0, 5.555774804625329), (0, 5.558961677360796), (0, 5.558742173135309), (0, 5.555385175286719), (0, 5.555384928469999), (0, 5.556230269317544), (0, 5.5564658929776405), (0, 5.556162665720999), (0, 5.555385278747225), (0, 5.55419275502245), (0, 5.552638806504965), (0, 5.559383000811218), (0, 5.556584702097631), (0, 5.553221301059316), (0, 5.554661476957467), (0, 5.555463562197783), (0, 5.55570419481367), (0, 5.555452744580177), (0, 5.554772206541588), (0, 5.553719829217011), (0, 5.552347571548922), (0, 5.550702451296228), (0, 5.5488268259212115), (0, 5.5508438794095705), (0, 5.547923001788337), (0, 5.548268349505413), (0, 5.549275489269894), (0, 5.54975930945919), (0, 5.549786362219474), (0, 5.549416568578561), (0, 5.554053894109581), (0, 5.548548893451749), (0, 5.548064591903967), (0, 5.547294331294638), (0, 5.546277977542458), (0, 5.54505217266626), (0, 5.543650371515778), (0, 5.544216596392923), (0, 5.542216325261489), (0, 5.542007653448565), (0, 5.541520895077891), (0, 5.5407959182785405), (0, 5.54335907692346), (0, 5.540406182492974), (0, 5.540582914531455), (0, 5.540446674671198), (0, 5.540040397693061), (0, 5.539402900435906), (0, 5.538569322367082), (0, 5.5375714481258465), (0, 5.536437955245234), (0, 5.536249236399106), (0, 5.534814186430876), (0, 5.539230348291508), (0, 5.534912732586594), (0, 5.535257157041721), (0, 5.535341892891657), (0, 5.535199258199855), (0, 5.534859124571884), (0, 5.534349076105728), (0, 5.533694508784426), (0, 5.532918698985197), (0, 5.532042859649855), (0, 5.5325175301603275), (0, 5.531084776931558), (0, 5.530864490838652), (0, 5.530454312649925), (0, 5.5298802578207145), (0, 5.529165768895427), (0, 5.5283319839981155), (0, 5.527397929479769), (0, 5.527331373178914), (0, 5.52640324862879), (0, 5.526271296730292), (0, 5.526003063585991), (0, 5.525615539674681), (0, 5.525124429038069), (0, 5.5245441320832525), (0, 5.523887738502732), (0, 5.523167032390329), (0, 5.522392510143584), (0, 5.521573410684399), (0, 5.524407474601047), (0, 5.52018145695202), (0, 5.519503538110516), (0, 5.518698103249975), (0, 5.517777289333359), (0, 5.517925141568874), (0, 5.51685421188705), (0, 5.515610566884612), (0, 5.515517321049167), (0, 5.5153187099527035), (0, 5.515024723274163), (0, 5.5146437546143305), (0, 5.516048629346535), (0, 5.513543991368036), (0, 5.5127628309892165), (0, 5.511845474513017), (0, 5.512428765509373), (0, 5.511855096156904), (0, 5.508821122780983), (0, 5.507807410761957), (0, 5.506730161719796), (0, 5.505588469255877), (0, 5.508338088686264), (0, 5.504501878914051), (0, 5.50442788352145), (0, 5.504165847666335), (0, 5.503721822152674), (0, 5.503100499754281), (0, 5.502305294922943), (0, 5.501338401803769), (0, 5.500200836065185), (0, 5.500416555678055), (0, 5.498575614501578), (0, 5.4971837515114785), (0, 5.496320354600381), (0, 5.495287525258515), (0, 5.499734449420203), (0, 5.494268435492562), (0, 5.494140366742734), (0, 5.493707509524913), (0, 5.49297626976356), (0, 5.491950863826658), (0, 5.490633493406675), (0, 5.491542264936869), (0, 5.4907266430741455), (0, 5.488053796971939), (0, 5.486914411183637), (0, 5.486310966930193), (0, 5.4853578926025275), (0, 5.490085370588949), (0, 5.484175731588152), (0, 5.4838013006553945), (0, 5.48294923041967), (0, 5.4816295519386635), (0, 5.481096704617797), (0, 5.480905823056073), (0, 5.479114856204588), (0, 5.477791211323656), (0, 5.477057909846718), (0, 5.475762781890356), (0, 5.4739174136143225), (0, 5.476999308984604), (0, 5.472251930027988), (0, 5.472615118821614), (0, 5.4715769417079905), (0, 5.471070361622312), (0, 5.47086792019689), (0, 5.469860848064912), (0, 5.468076603679654), (0, 5.466683245535119), (0, 5.465532055388748), (0, 5.463295158649734), (0, 5.4646341074160745), (0, 5.462647181571151), (0, 5.4623089171753065), (0, 5.461148834749325), (0, 5.460770550106061), (0, 5.459877484453084), (0, 5.458583959871563), (0, 5.457683304061399), (0, 5.455738413347521), (0, 5.45438428305236), (0, 5.452405146817554), (0, 5.455826233843533), (0, 5.451321339737955), (0, 5.451121607864145), (0, 5.4503717929867745), (0, 5.44993011684219), (0, 5.448703038004738), (0, 5.447571778966758), (0, 5.445799477787529), (0, 5.444578761894958), (0, 5.4429790008915155), (0, 5.449619467181741), (0, 5.440724721984972), (0, 5.4405158939385), (0, 5.44000844358749), (0, 5.4396543063324465), (0, 5.438909577122708), (0, 5.437557525696419), (0, 5.435687912061261), (0, 5.433385588868753), (0, 5.434946767024493), (0, 5.431673962972968), (0, 5.432058730274114), (0, 5.432076572905101), (0, 5.4314820056017), (0, 5.430344883470462), (0, 5.428734257252639), (0, 5.42671698230926), (0, 5.424356484499211), (0, 5.421711737380246), (0, 5.7159188218851105), (0, 5.532396742920417), (0, 5.461184095668641), (0, 5.441383725789985), (0, 5.450909457281348), (0, 5.470968457220001), (0, 5.50243172334635), (0, 5.509267415389189), (0, 5.512675612586257), (0, 5.50322669510982), (0, 5.4837187156661304), (0, 5.4565994550922134), (0, 5.423958293510197), (0, 5.406503928056129), (0, 5.400645192558769), (0, 5.395020571954188), (0, 5.389420035817739), (0, 5.383665921918074), (0, 5.401143006823308), (0, 5.395896032246996), (0, 5.394755718494666), (0, 5.381782807665172), (0, 5.37533005015744), (0, 5.369202997027042), (0, 5.361529907282303), (0, 5.358624885113337), (0, 5.349327369939872), (0, 5.344362070243765), (0, 5.337335941216401), (0, 5.328217308990352), (0, 5.338221564779713), (0, 5.333021035338458), (0, 5.33053162946992), (0, 5.323643884068811), (0, 5.315271143823254), (0, 5.312601266645317), (0, 5.30673498265766), (0, 5.297525657234586), (0, 5.284876443986574), (0, 5.289368613275112), (0, 5.271187449833533), (0, 5.265056766704911), (0, 5.258725467780764), (0, 5.258826816260162), (0, 5.251340917080423), (0, 5.249358735963347), (0, 5.2413393306638545), (0, 5.234736295929463), (0, 5.226813212767509), (0, 5.233044289871892), (0, 5.211858840209241), (0, 5.205536825275817), (0, 5.201831373906905), (0, 5.19252240605718), (0, 5.181607878555559), (0, 5.17549824704008), (0, 5.168571414910906), (0, 5.160265685688672), (0, 5.148542883443508), (0, 5.168653064897817), (0, 5.13425197352529), (0, 5.148420419926358), (0, 5.15726965412976), (0, 5.150174446566862), (0, 5.139039334373231), (0, 5.124516320474876), (0, 5.103955420618144), (0, 5.077944987039021), (0, 5.216674147094633), (0, 5.077088532614034), (0, 5.103872393128561), (0, 5.199166163299858), (0, 5.21153637976581), (0, 5.140451546934221), (0, 5.05422098795982), (0, 5.010447246935289), (0, 5.305129769570722), (0, 5.046566964238592), (0, 5.033697501635178), (0, 5.206744382995056), (0, 5.328512165213389), (0, 5.371746801794386), (0, 5.343778746177312), (0, 5.2527051300567305), (0, 5.1071544313942026), (0, 4.990492327785559), (0, 4.961666242218191), (0, 5.312440377736272), (0, 5.136616781194853), (0, 4.962918759480972), (0, 5.020588258975283), (0, 5.116613226730286), (0, 5.138290982807423), (0, 5.105440679082097), (0, 5.018650946183052), (0, 4.940695284970252), (0, 4.8989897396342315), (0, 5.10616507606998), (0, 4.998077759953657), (0, 4.893947311829345), (0, 4.951006135511311), (0, 5.027240375446477), (0, 5.040384410382232), (0, 4.994869009838128), (0, 4.896697400491908), (0, 4.834177446540451), (0, 4.8994174006458895), (0, 4.8238964316005175), (0, 4.8059431042617895), (0, 4.834239899814007), (0, 4.86181598464487), (0, 4.8285226474339655), (0, 4.77261405296288), (0, 4.742966472224339), (0, 4.845833953940926), (0, 4.724918713654797), (0, 4.735845850473225), (0, 4.804685170458367), (0, 4.822770547413373), (0, 4.776382385782035), (0, 4.694012026723877), (0, 4.663608156733453), (0, 4.708897533216692), (0, 4.634331831843843), (0, 4.633307668803188), (0, 4.626281761988726), (0, 4.613623492353756), (0, 4.593418058904138), (0, 4.570155885423642), (0, 4.5567601484243205), (0, 4.538778996836352), (0, 4.543815262340244), (0, 4.5051684167658586), (0, 4.487526373846491), (0, 4.489547940458653), (0, 4.46968811481538), (0, 4.47457687464977), (0, 4.451441013745613), (0, 4.4229030879649365), (0, 4.391621748048736), (0, 4.39358336513586), (0, 4.398698499332734), (0, 4.387506501299786), (0, 4.3395960402079785), (0, 4.368096240578935), (0, 4.322066516887109), (0, 4.332345647884256), (0, 4.364256344858504), (0, 4.324696534517053), (0, 4.380299838359082), (0, 4.342737983405045), (0, 4.345445993235548), (0, 4.360114535473929), (0, 4.277083394795312), (0, 4.434770812772277), (0, 4.366346273017729), (0, 4.278895798833887), (0, 4.314820277705253), (0, 4.24572466661401), (0, 4.385406295898044), (0, 4.307520666693198), (0, 4.277685365021384), (0, 4.316284872329263), (0, 4.236367992866672), (0, 4.3365277946189345), (0, 4.277531696610688), (0, 4.239633618356023), (0, 4.264129372822662), (0, 4.202505228175553), (0, 4.377466149412233), (0, 4.208715611318781), (0, 4.291597039459996), (0, 4.321544278618746), (0, 4.195705027633975), (0, 4.255862580609412), (0, 4.209618277095975), (0, 4.223483003282655), (0, 4.241278042157782), (0, 4.166175570637938), (0, 4.326373906707485), (0, 4.172403459216091), (0, 4.246798958104671), (0, 4.2693559520850535), (0, 4.160109402266645), (0, 4.252031147189196), (0, 4.21268237745484), (0, 4.165136248847761), (0, 4.343516260619542), (0, 4.304779026696375), (0, 4.143267229364323), (0, 4.296916755634357), (0, 4.175286037314428), (0, 4.2304699775096815), (0, 4.304125999065804), (0, 4.169094730103153), (0, 4.227228716259017), (0, 4.316327434492506), (0, 4.134717120311644), (0, 4.203877243622161), (0, 4.173605589149684), (0, 4.144156218876835), (0, 4.195704828741976), (0, 4.180134892228324), (0, 4.1325187787675235), (0, 4.143684583760536), (0, 4.145993771085153), (0, 4.140354982601457), (0, 4.127816142413568), (0, 4.109476150955145), (0, 4.114726818564936), (0, 4.0940450521824765), (0, 4.100589504921586), (0, 4.170341668702351), (0, 4.083572938305825), (0, 4.139513319378772), (0, 4.075629260017672), (0, 4.134730647887249), (0, 4.080857840263463), (0, 4.064877345130883), (0, 4.165805919872213), (0, 4.068692681582177), (0, 4.131705757947973), (0, 4.105348481381871), (0, 4.093199302509803), (0, 4.174720557157591), (0, 4.072523465895103), (0, 4.1316431049073845), (0, 4.124366787745893), (0, 4.064854363318293), (0, 4.107764430460333), (0, 4.08451767465752), (0, 4.075182772441674), (0, 4.101719906412302), (0, 4.064393544607434), (0, 4.097316106629039), (0, 4.109027047932424), (0, 4.057319449300593), (0, 4.071312471307181), (0, 4.205831535387653), (0, 4.110766981174995), (0, 4.076240228447043), (0, 4.25195945085979), (0, 4.045980310115149), (0, 4.151064728376666), (0, 4.202838071894632), (0, 4.051255581936246), (0, 4.041302872188305), (0, 4.070206906769275), (0, 4.036041085438261), (0, 4.040276049963789), (0, 4.116716501946438), (0, 4.034256901710906), (0, 4.020072497718235), (0, 4.0280126560003495), (0, 4.012911994239508), (0, 4.018781159092331), (0, 4.015767704533949), (0, 4.004820687467577), (0, 4.005508501071726), (0, 3.9921480642474716), (0, 3.988895651002004), (0, 4.001270973058014), (0, 3.993128152578137), (0, 3.9964018422264673), (0, 3.992258735556172), (0, 3.9811818904091116), (0, 4.009836823518117), (0, 3.989043973147354), (0, 3.994981843670415), (0, 4.064044468074886), (0, 3.981423561685921), (0, 4.025938470915845), (0, 3.982548142939268), (0, 3.9926888668315144), (0, 4.099943489025734), (0, 3.988728366869097), (0, 3.9674512108084428), (0, 3.978778102283526), (0, 3.9652647690504477), (0, 3.9711732815477174), (0, 3.9660184084044867), (0, 3.9506924059357753), (0, 3.99322696603989), (0, 3.9780563840233882), (0, 3.956695122398928), (0, 3.971013495142358), (0, 3.9767451386476917), (0, 3.9581183947397958), (0, 3.9966035319364437), (0, 3.9697927145921055), (0, 3.944583528280016), (0, 3.97117048192936), (0, 3.9270885714233286), (0, 4.005026282447589), (0, 4.046311894740923), (0, 3.9405331506817665), (0, 4.140291239274733), (0, 4.1132978638667375), (0, 3.928148416613462), (0, 4.012564810213374), (0, 4.160486352053166), (0, 3.9518672384875555), (0, 3.9759792816012975), (0, 4.043314848553049), (0, 3.9441092172652223), (0, 3.9748699919037094), (0, 4.022044740305528), (0, 4.0036723511433445), (0, 3.926652089829938), (0, 3.922395627569895), (0, 4.026608514366675), (0, 3.9239456553256478), (0, 3.880061987726974), (0, 3.943672893216633), (0, 3.972987611764792), (0, 3.9415963893570205), (0, 3.8560433251175295), (0, 3.87576191863166), (0, 3.8796471563051353), (0, 3.8692865434809094), (0, 3.8462167548189425), (0, 3.9023627744423597), (0, 3.901072587409061), (0, 3.843242785300305), (0, 3.9002413604795376), (0, 3.8659874016194915), (0, 3.838128260739941), (0, 3.870792153304557), (0, 3.8768058425730074), (0, 3.82608837348269), (0, 3.8573698103856704), (0, 3.973813109657206), (0, 3.8465675834561295), (0, 3.811091012453937), (0, 3.832869459036288), (0, 3.7966319628192653), (0, 3.833447032941503), (0, 3.888373963150037), (0, 3.805601399571235), (0, 3.8382169603107616), (0, 3.873684639818389), (0, 3.850379589156027), (0, 3.7791611047173475), (0, 3.8293809951672504), (0, 3.9718267521333512), (0, 3.8223753071214976), (0, 3.813867946005232), (0, 3.9524837777025152), (0, 3.881120649968649), (0, 3.7955180462910465), (0, 3.7772856572004687), (0, 3.878967983293897), (0, 3.7864248988111133), (0, 3.729873784809541), (0, 3.8044908586236548), (0, 3.8409056893129274), (0, 3.8214025040926516), (0, 3.7519072020452198), (0, 3.738504034717917), (0, 3.816741915641036), (0, 3.735674993737857), (0, 3.6960476088932652), (0, 3.7171440714747774), (0, 3.687583822645502), (0, 3.718867140524836), (0, 3.7334093866509206), (0, 3.7220209859436224), (0, 3.6957481053678434), (0, 3.664558613942941), (0, 3.6678172774850326), (0, 3.666786204567896), (0, 3.667200919154077), (0, 3.647638127476517), (0, 3.6732224281861434), (0, 3.665341020420995), (0, 3.631934279894166), (0, 3.635256021881379), (0, 3.6173817332162828), (0, 3.6499559003846413), (0, 3.6428075681775725), (0, 3.603639090765793), (0, 3.606241731647011), (0, 3.5903502807844547), (0, 3.5957337512475345), (0, 3.585188116229314), (0, 3.601369334412247), (0, 3.5841569483100413), (0, 3.588648778873179), (0, 3.5979523181438426), (0, 3.5811415259580075), (0, 3.5485937239137), (0, 3.5400868482286914), (0, 3.5676901164233654), (0, 3.5693083095425733), (0, 3.54357997437014), (0, 3.54367832299189), (0, 3.5441626908177497), (0, 3.511757818339753), (0, 3.508222833093943), (0, 3.5066468782691387), (0, 3.49154204688557), (0, 3.4938036163939943), (0, 3.4895917548569027), (0, 3.4752232715427103), (0, 3.4990446817403336), (0, 3.488555889209489), (0, 3.4561152782584283), (0, 3.4563756813988276), (0, 3.4443001942694904), (0, 3.4385647580114265), (0, 3.423397073416727), (0, 3.438673244925286), (0, 3.424065266124511), (0, 3.427626466370162), (0, 3.4191301512133068), (0, 3.399589867869553), (0, 3.394528402076645), (0, 3.388494405463368), (0, 3.3666787489458914), (0, 3.4031701336497475), (0, 3.407352545328379), (0, 3.3786695299860297), (0, 3.35090104323335), (0, 3.3562705847745815), (0, 3.3211486026663724), (0, 3.3651295199188103), (0, 3.398797586520088), (0, 3.297852518394915), (0, 3.3261323474319577), (0, 3.3166085720021883), (0, 3.2736086104788935), (0, 3.3245581955614214), (0, 3.280021652671824), (0, 3.2845348682807467), (0, 3.3014148980915135), (0, 3.2838868023638343), (0, 3.2359263046649813), (0, 3.261521539938431), (0, 3.319173799389823), (0, 3.2019089086312293), (0, 3.266497163873361), (0, 3.3364952994766313), (0, 3.2370750480717634), (0, 3.169829390076659), (0, 3.208021404732986), (0, 3.20008348989882), (0, 3.1485234531320496), (0, 3.1724496508021747), (0, 3.1900732097362523), (0, 3.177592357059117), (0, 3.139373315937431), (0, 3.079008047531414), (0, 3.1767977880292553), (0, 3.118346970859231), (0, 3.0816754725971744), (0, 3.136234383286779), (0, 3.1606587643342903), (0, 3.0570355949316603), (0, 3.044022824398755), (0, 3.137627743263911), (0, 3.032821854252355), (0, 2.9939385370632197), (0, 3.017981534774091), (0, 3.011550078427281), (0, 2.9700522020484397), (0, 2.915405365665121), (0, 3.015006363413649), (0, 2.946220358683434), (0, 2.9160558301352855), (0, 2.977238842694297), (0, 2.996300312495022), (0, 2.9153174566080646), (0, 2.8683708352379913), (0, 2.9005409690473054), (0, 2.8477961871924844), (0, 2.8305679948403917), (0, 2.8734766124342674), (0, 2.9212164398191303), (0, 2.806382994089574), (0, 2.84531980947372), (0, 2.805711061397849), (0, 2.7933184549727614), (0, 2.839031916884948), (0, 2.8431624372425586), (0, 2.816466498497557), (0, 2.764511472728688), (0, 2.7387726217145674), (0, 2.7508604354251855), (0, 2.7276542659945777), (0, 2.704630655557874), (0, 2.7357982907245866), (0, 2.73146979006472), (0, 2.6923200933238043), (0, 2.722988020186122), (0, 2.7083501835954547), (0, 2.7534355293928177), (0, 2.6916450065997144), (0, 2.662987524071497), (0, 2.6947777302596863), (0, 2.7120463783530635), (0, 2.9598602789738178), (0, 2.8809558975603156), (0, 2.655564543819239), (0, 2.9054540285986232), (0, 2.7435024880179997), (0, 2.778663026044879), (0, 2.6503895068832737), (0, 2.6652630445032135), (0, 2.7404692526718644), (0, 2.751674373237494), (0, 2.683180924256608), (0, 2.6465990632976193), (0, 2.6368470396763795), (0, 2.677561281515111), (0, 2.6892686359464846), (0, 2.673780611519101), (0, 2.6352524764448435), (0, 2.6136324792440138), (0, 2.6230104387307756), (0, 2.6276899483763763), (0, 2.6237925698917484), (0, 2.616810061367105), (0, 2.6022113478055062), (0, 2.58425662054309), (0, 2.5893373537730606), (0, 2.573315312963728), (0, 2.566748272654437), (0, 2.5713739905146107), (0, 2.577588777096851), (0, 2.648880067336574), (0, 2.729884380505135), (0, 2.6822319865518853), (0, 2.5714370477592903), (0, 2.676443771209135), (0, 2.5722969247953618), (0, 2.628439178328427), (0, 2.772880121892639), (0, 2.620184446428948), (0, 2.5467190513621993), (0, 2.854851466474141), (0, 2.698147272553789), (0, 2.5608796122324695), (0, 2.8214661327706256), (0, 2.785547601884709), (0, 2.5597205358259747), (0, 2.6362635415958167), (0, 2.691017923045098), (0, 2.554070873956581), (0, 2.608396819757176), (0, 2.7715290600463773), (0, 2.7103071926364026), (0, 2.6091699386303593), (0, 2.570539780961027), (0, 2.7650895269294695), (0, 2.667709075056971), (0, 2.547232986776871), (0, 2.5920858294604368), (0, 2.642967464445184), (0, 2.5724252684698503), (0, 2.5488126637083734), (0, 2.602354600257109), (0, 2.6072360200154474), (0, 2.5679193724826423), (0, 2.593003516258492), (0, 2.608521501221144), (0, 2.610853511543755), (0, 2.5803849075076246), (0, 2.5491643851565815), (0, 2.5851987110020698), (0, 2.565009933542021), (0, 2.5315746958293435), (0, 2.6144479448785254), (0, 2.6076129000229034), (0, 2.523669229482663), (0, 2.520729826303205), (0, 2.5469597420629446), (0, 2.5256214423632724), (0, 2.5379908076043933), (0, 2.538298385780599), (0, 2.524155231197047), (0, 2.56164475380272), (0, 2.510190245157771), (0, 2.508538592110298), (0, 2.506803814497996), (0, 2.5160757696391545), (0, 2.5074518738945), (0, 2.528977976121695), (0, 2.5048380521914106), (0, 2.496627794190208), (0, 2.5355233849954497), (0, 2.5292798869211244), (0, 2.5606441855875275), (0, 2.530465839465547), (0, 2.511017717157277), (0, 2.482494802292434), (0, 2.49786710343289), (0, 2.4941429804910915), (0, 2.494349195211012), (0, 2.499679502086209), (0, 2.4840312314272364), (0, 2.499892120493751), (0, 2.531280847537624), (0, 2.508332522652069), (0, 2.5963581369586035), (0, 2.52321812948382), (0, 2.4953962940150927), (0, 2.4922246586017787), (0, 2.5176631384267356), (0, 2.541352849771702), (0, 2.491542990001061), (0, 2.5354122917328383), (0, 2.462800543688787), (0, 2.467098442689907), (0, 2.4566650255942672), (0, 2.5057403768075712), (0, 2.4913850813594602), (0, 2.48573860224489), (0, 2.4664478298812615), (0, 2.4973135180986348), (0, 2.470202314237218), (0, 2.4881845261091224), (0, 2.4720273148473026), (0, 2.474330514568334), (0, 2.4806315268116776), (0, 2.4554926041918526), (0, 2.468680905623439), (0, 2.4759057103679214), (0, 2.490751266799936), (0, 2.4814467532684272), (0, 2.479078730412267), (0, 2.4576083411314573), (0, 2.5042769338073976), (0, 2.459622626196846), (0, 2.5318876987444616), (0, 2.474476602073027), (0, 2.4383200483606275), (0, 2.4684295331553496), (0, 2.470350696582843), (0, 2.4523878505150045), (0, 2.4906377531307475), (0, 2.4413798901480948), (0, 2.5084064896121983), (0, 2.452077770437022), (0, 2.625174729544883), (0, 2.560854528271838), (0, 2.505159107342759), (0, 2.536389554466741), (0, 2.46752768079172), (0, 2.582075033054934), (0, 2.6092507852301803), (0, 2.51229184250551), (0, 2.513165581100107), (0, 2.5681624736745152), (0, 2.4266882084249555), (0, 2.4298713056367958), (0, 2.4330306017252497), (0, 2.4363420341961084), (0, 2.4179772437700193), (0, 2.5012787709321818), (0, 2.4647999821761375), (0, 2.4135807093244575), (0, 2.500327896691436), (0, 2.437774085671085), (0, 2.506447564650446), (0, 2.4391900890808444), (0, 2.536421751689181), (0, 2.5338143618333957), (0, 2.430665538752523), (0, 2.4470582750943106), (0, 2.4403266475547927), (0, 2.5934302640439473), (0, 2.5343581207258024), (0, 2.5294734908642407), (0, 2.535813368687908), (0, 2.4479021517744983), (0, 2.501417871940207), (0, 2.4591689200109736), (0, 2.5611885467989226), (0, 2.554358690547598), (0, 2.439875102277806), (0, 2.538785782108437), (0, 2.467076814179489), (0, 2.597885894867163), (0, 2.654503552225918), (0, 2.4324691999563477), (0, 2.5650772976921195), (0, 2.551857709092213), (0, 2.4449447360846155), (0, 2.5738186763759754), (0, 2.5479256980909555), (0, 2.464509236097367), (0, 2.5509665237995898), (0, 2.5144824273853428), (0, 2.436826642078751), (0, 2.518771141524052), (0, 2.4319097865304014), (0, 2.5914194925362946), (0, 2.5705520950184764), (0, 2.4337573596420743), (0, 2.541329360058896), (0, 2.491580289641529), (0, 2.4522212043039113), (0, 2.5670953082769663), (0, 2.5732532966477866), (0, 2.4663713921128734), (0, 2.5064651262248034), (0, 2.6536416099985063), (0, 2.4794602226882776), (0, 2.595593734212338), (0, 2.6717561952592552), (0, 2.4718518367001603), (0, 2.4853342525432556), (0, 2.6690510477945737), (0, 2.517192407003808), (0, 2.523517957855094), (0, 2.658097508960936), (0, 2.6261285709523374), (0, 2.4860515384044604), (0, 2.5543545718488248), (0, 2.67265425397611), (0, 2.510503164459855), (0, 2.421579154517381), (0, 2.629092620936366), (0, 2.6242694338320596), (0, 2.4214068312844104), (0, 2.631117936641171), (0, 2.75241972192514), (0, 2.5764235687818324), (0, 2.4717096650599344), (0, 2.589867031208001), (0, 2.588295592393963), (0, 2.479767547227416), (0, 2.534206906988567), (0, 2.6686681603949705), (0, 2.539947329036513), (0, 2.453311751856183), (0, 2.5411946714715246), (0, 2.51260449443843), (0, 2.429664693845029), (0, 2.5542578448568762), (0, 2.5042749378808598), (0, 2.416509837429293), (0, 2.5978259769141583), (0, 2.5732973486589357), (0, 2.467060445584825), (0, 2.5035431086920497), (0, 2.593832727991912), (0, 2.4412582759915242), (0, 2.4462666163907696), (0, 2.4138192996210415), (0, 2.416190975326149), (0, 2.4232151649486786), (0, 2.41453493582538), (0, 2.4259644460072263), (0, 2.402802865359773), (0, 2.4129312076798874), (0, 2.3986567386835396), (0, 2.399555414261495), (0, 2.4016202371438564), (0, 2.4224997335542855), (0, 2.4270556155351826), (0, 2.4396828389360525), (0, 2.415814604376213), (0, 2.385457556962738), (0, 2.4009440587116084), (0, 2.4553325449590346), (0, 2.448788842076455), (0, 2.4178960811656136), (0, 2.4607270652763584), (0, 2.4404953633297555), (0, 2.4073632393697415), (0, 2.4176866285859773), (0, 2.4287795831200403), (0, 2.38015671520066), (0, 2.4452638594328024), (0, 2.399620217182658), (0, 2.4732247964036564), (0, 2.480008477465536), (0, 2.393939269034016), (0, 2.411389918182875), (0, 2.3899212208050398), (0, 2.417806676630241), (0, 2.4373563281886437), (0, 2.385343497620695), (0, 2.4894696111079644), (0, 2.459262161997754), (0, 2.448850610596558), (0, 2.46979269570094), (0, 2.45246534909977), (0, 2.437964427932651), (0, 2.415849972375739), (0, 2.417807384356728), (0, 2.4139990505194984), (0, 2.355516612491001), (0, 2.3718439175371824), (0, 2.5320261879576655), (0, 2.4275671291941125), (0, 2.541600544399643), (0, 2.5995905566447375), (0, 2.444809260548179), (0, 2.5507313717915667), (0, 2.6330837800169173), (0, 2.590741006720205), (0, 2.4597206068415645), (0, 2.601728671300564), (0, 2.730499992646593), (0, 2.584217001311391), (0, 2.446616778533526), (0, 2.5671999375242627), (0, 2.596173181400293), (0, 2.3822419385847127), (0, 2.674682256225999), (0, 2.7892636791763055), (0, 2.645659072581785), (0, 2.3875119947563888), (0, 2.517388442156799), (0, 2.445196842866993), (0, 2.4487671068804473), (0, 2.459582334054472), (0, 2.427334595255189), (0, 2.4545898015547025), (0, 2.4209974982939686), (0, 2.4254024676174666), (0, 2.3928531120602545), (0, 2.445073924928236), (0, 2.388538952254365), (0, 2.471250538083642), (0, 2.4732925873230474), (0, 2.387409835122803), (0, 2.425061377433201), (0, 2.404952448622084), (0, 2.459293885888185), (0, 2.420074137610576), (0, 2.480571275958741), (0, 2.4953255084714834), (0, 2.403507609824475), (0, 2.51154764236704), (0, 2.520447250401556), (0, 2.364290335054004), (0, 2.559888493934882), (0, 2.5316317247490976), (0, 2.383436647476238), (0, 2.459205495086738), (0, 2.423424188823207), (0, 2.4415230920155726), (0, 2.450032145671072), (0, 2.388163880912447), (0, 2.3802089265805053), (0, 2.370691204686052), (0, 2.3660037613618843), (0, 2.440866183915994), (0, 2.441132282416735), (0, 2.4206889839900256), (0, 2.386962709154437), (0, 2.406389850262151), (0, 2.401124127417381), (0, 2.3891304360393817), (0, 2.395022426118708), (0, 2.3527208793346097), (0, 2.4460325672370775), (0, 2.4219506521814504), (0, 2.423630632733867), (0, 2.34571668230229), (0, 2.353963982513095), (0, 2.401900339914913), (0, 2.35566696361072), (0, 2.4775737923023176), (0, 2.3726855782435163), (0, 2.5584343821947773), (0, 2.5613779208841922), (0, 2.3657748177424938), (0, 2.630314087748204), (0, 2.673989740848027), (0, 2.491756395782865), (0, 2.519287343498547), (0, 2.6301988232879014), (0, 2.608156067002025), (0, 2.4679898270724863), (0, 2.467659731755844), (0, 2.542732979436512), (0, 2.3970596205236196), (0, 2.512612783531709), (0, 2.6614954767723797), (0, 2.53336967558834), (0, 2.3642363940185045), (0, 2.4377158922148703), (0, 2.3867152798859625), (0, 2.4083561607350696), (0, 2.3936885956570233), (0, 2.3666145210597858), (0, 2.3464944073723486), (0, 2.3405958062779733), (0, 2.3535989924456016), (0, 2.3427146915235033), (0, 2.4218494257140923), (0, 2.389244519045578), (0, 2.3778314129512115), (0, 2.347490061148666), (0, 2.5140488096184708), (0, 2.464803641421752), (0, 2.4250772411294457), (0, 2.489240666517622), (0, 2.4067659408555584), (0, 2.4369352238430975), (0, 2.482347457788295), (0, 2.335737984013022), (0, 2.393816336073411), (0, 2.329053360614552), (0, 2.3352894812289544), (0, 2.4497970968667313), (0, 2.3265172396367024), (0, 2.4935276633420234), (0, 2.4529705605403365), (0, 2.396916202487593), (0, 2.4540133990820303), (0, 2.3884665153401814), (0, 2.4226065982810154), (0, 2.3992546768378813), (0, 2.402263163072598), (0, 2.360514104483394), (0, 2.3868484799644425), (0, 2.363287782063199), (0, 2.383885516416396), (0, 2.332065934717095), (0, 2.3242277937631197), (0, 2.4089466221154554), (0, 2.3818128482907315), (0, 2.3838192050752407), (0, 2.3598900354588572), (0, 2.374266481670993), (0, 2.343074410082009), (0, 2.41167517772277), (0, 2.3957368226890883), (0, 2.394948147579546), (0, 2.3298548041074567), (0, 2.342616223794435), (0, 2.3909828145476903), (0, 2.343592252356782), (0, 2.3319192447234007), (0, 2.3537378417723054), (0, 2.3860570871853173), (0, 2.3369318734131705), (0, 2.504455179639214), (0, 2.4565548825810306), (0, 2.3717947666124966), (0, 2.48722733591591), (0, 2.4637031840874326), (0, 2.3998220216668003), (0, 2.4361314354956565), (0, 2.3744711477207185), (0, 2.4314664783541455), (0, 2.38618587669038), (0, 2.4300013611836153), (0, 2.414237699988466), (0, 2.3381259412894355), (0, 2.323320921589201), (0, 2.386325577327487), (0, 2.33429489619971), (0, 2.3231942245659924), (0, 2.3930543532164275), (0, 2.3068871167543006), (0, 2.5750477891142904), (0, 2.5500290830320167), (0, 2.338809391789717), (0, 2.585129534488775), (0, 2.6114545327022403), (0, 2.460610416156877), (0, 2.5364381494549706), (0, 2.6549855662506876), (0, 2.636391246482663), (0, 2.495624024655125), (0, 2.4076661094118568), (0, 2.5052857130681705), (0, 2.3524356915375515), (0, 2.5444390933401086), (0, 2.601399799550025), (0, 2.3781445255777016), (0, 2.4771804075566344), (0, 2.5447882383446645), (0, 2.3733945465009403), (0, 2.4481620867704073), (0, 2.5027332425010558), (0, 2.435690924304137), (0, 2.348159380007241), (0, 2.465883817942971), (0, 2.3608073351987007), (0, 2.512639031901946), (0, 2.517054695993934), (0, 2.322392117957403), (0, 2.553479445862672), (0, 2.5780396698573393), (0, 2.388070195925244), (0, 2.5011653548235766), (0, 2.595891218513189), (0, 2.5612590277175182), (0, 2.4141712870953267), (0, 2.4524385494793113), (0, 2.547406559171317), (0, 2.3583919072129795), (0, 2.4912320737111036), (0, 3.708944370034138), (0, 3.2851169204731034), (0, 2.790711074416001), (0, 2.830049587292653), (0, 2.8311835924585322), (0, 2.448824316083518), (0, 2.576994963912513), (0, 2.766242232525283), (0, 2.76251945617515), (0, 2.6441612345372203), (0, 2.5142458287098535), (0, 2.55199874425129), (0, 2.394010497062997), (0, 2.3902705002440436), (0, 2.4660730781852576), (0, 2.419599105236967), (0, 2.473990948569222), (0, 2.5177630313578745), (0, 2.466164294696554), (0, 2.401042345526139), (0, 2.44446240507953), (0, 2.427381061969274), (0, 2.3599599369250863), (0, 2.4128000670194885), (0, 2.4122052929803597), (0, 2.3190787367934695), (0, 2.3759444605380904), (0, 2.4070071486798814), (0, 2.3862626760724437), (0, 2.353939393667233), (0, 2.3272682362176003), (0, 2.333416630268114), (0, 2.348370148328655), (0, 2.3618728001830935), (0, 2.3377065323532533), (0, 2.368313226994043), (0, 2.34649523180974), (0, 2.339095405421327), (0, 2.286057241330022), (0, 2.403910253097321), (0, 2.304025516049449), (0, 2.5394712225179195), (0, 2.5450842555163615), (0, 2.299004869998124), (0, 2.4886186860256005), (0, 2.5069616472669622), (0, 2.387301628623087), (0, 2.431639512938997), (0, 2.5480148430426532), (0, 2.436852342127405), (0, 2.372306517515117), (0, 2.4379168084284277), (0, 2.40889808776806), (0, 2.3343536585894453), (0, 2.41477318559715), (0, 2.3731153719868923), (0, 2.39661169390243), (0, 2.434448918593271), (0, 2.330745187949671), (0, 2.407459051547376), (0, 2.3812430357601135), (0, 2.362814935897795), (0, 2.3968971543016857), (0, 2.3448392736456594), (0, 2.4068820727924707), (0, 2.3768592437663765), (0, 2.369801685733186), (0, 2.428492003146492), (0, 2.3828380949684207), (0, 2.341571917841934), (0, 2.3789788513144035), (0, 2.3108932983378683), (0, 2.3111196524926005), (0, 2.374108785876012), (0, 2.2973225724519377), (0, 2.416454059729057), (0, 2.4864017064482993), (0, 2.390575145804838), (0, 2.374412549921302), (0, 2.4611452775516907), (0, 2.3354109411880013), (0, 2.3890847299216404), (0, 2.415777662912848), (0, 2.3386451507200987), (0, 2.4067741892646795), (0, 2.452788233649622), (0, 2.3413981908787256), (0, 2.4892610252668117), (0, 2.4354805647468463), (0, 2.352479569382424), (0, 2.3883765080110084), (0, 2.393703031529974), (0, 2.3514776127217414), (0, 2.3917755081651184), (0, 2.3797621666268167), (0, 2.3620381424464987), (0, 2.3388544160839024), (0, 2.341069859530698), (0, 2.3108075668424894), (0, 2.348275610750141), (0, 2.3085561375103705), (0, 2.385709106526526), (0, 2.298059524399434), (0, 2.367477059445284), (0, 2.2981672198861016), (0, 2.352156593252203), (0, 2.3498456884708947), (0, 2.2786868044351003), (0, 2.335490302805324), (0, 2.3007949686866316), (0, 2.2868616436368687), (0, 2.3146098975335794), (0, 2.2773466418246193), (0, 2.291634995271991), (0, 2.304369172905154), (0, 2.297694398888483), (0, 2.270208101657447), (0, 2.2936482797701854), (0, 2.3784580235960533), (0, 2.278115512583156), (0, 2.37164499956109), (0, 2.326176704906484), (0, 2.3794257186946948), (0, 2.421152140869016), (0, 2.3695605536568354), (0, 2.3791246940415087), (0, 2.358858949367494), (0, 2.3051080601554976), (0, 2.282641016065291), (0, 2.386970950064175), (0, 2.349852980290247), (0, 2.457339966795454), (0, 2.4196816472994604), (0, 2.383120856690672), (0, 2.431400586494942), (0, 2.2864650810796836), (0, 2.3995721171214863), (0, 2.427991569550795), (0, 2.351450810284256), (0, 2.3718909669049686), (0, 2.415334591446175), (0, 2.297081526325619), (0, 2.3245903000433787), (0, 2.2932750168271707), (0, 2.268043959167484), (0, 2.388777043842927), (0, 2.3586885721711157), (0, 2.303190169913072), (0, 2.3760650095552944), (0, 2.3156064595626815), (0, 2.3424309913683476), (0, 2.3060967968157073), (0, 2.3561463576543513), (0, 2.2928362616124205), (0, 2.41990911545771), (0, 2.4064053384069557), (0, 2.2798395707378125), (0, 2.3754578639477213), (0, 2.3083338249990035), (0, 2.326251966004506), (0, 2.299518331159351), (0, 2.3656215032155665), (0, 2.2753380866806263), (0, 2.2724726065569865), (0, 2.2776063667138895), (0, 2.2777637902397796), (0, 2.3043907708015037), (0, 2.3002280248167213), (0, 2.299323971468478), (0, 2.333743438533052), (0, 2.294416462503445), (0, 2.3230129200830048), (0, 2.376089986716745), (0, 2.301866645066956), (0, 2.3044547107942646), (0, 2.353826919397835), (0, 2.285978701616401), (0, 2.348047212398326), (0, 2.2899344384567257), (0, 2.3183784430384153), (0, 2.3219502880336544), (0, 2.2603193124868506), (0, 2.4507072138153747), (0, 2.3600409488907803), (0, 2.425724526075297), (0, 2.4531416317616705), (0, 2.2486137515465696), (0, 2.5342433608106636), (0, 2.5392085363866603), (0, 2.2888266685829364), (0, 2.4291555528349758), (0, 2.524307786016442), (0, 2.3531001907331723), (0, 2.4233260043285907), (0, 2.4789485579909503), (0, 2.32353993736667), (0, 2.4308283413932332), (0, 2.501928961898415), (0, 2.452730660068302), (0, 2.3107934810094366), (0, 2.471001887394252), (0, 2.5311747367430137), (0, 2.3844662918761284), (0, 2.413287352351592), (0, 2.4483947792703593), (0, 2.2985790426163213), (0, 2.413693271744552), (0, 2.445214321816797), (0, 2.3104401622250195), (0, 2.4620755822892266), (0, 2.5302062539655523), (0, 2.479893325238051), (0, 2.340786304377652), (0, 2.4555942250920655), (0, 2.492261305077106), (0, 2.2975497513307643), (0, 2.3918521340444303), (0, 2.4911007876885867), (0, 2.35797734248109), (0, 2.3927771527352446), (0, 2.4743400186389715), (0, 2.353682906737899), (0, 2.39930766186583), (0, 2.500412122007295), (0, 2.482951643643928), (0, 2.3675319291740236), (0, 2.3800030193379054), (0, 2.4569834066628142), (0, 2.310459093772984), (0, 2.409040748255365), (0, 2.5488949261337095), (0, 2.35023219650591), (0, 2.407384037002039), (0, 2.4971665723415657), (0, 2.3536031405253044), (0, 2.3936051152735844), (0, 2.5113929976006726), (0, 2.4117682876287807), (0, 2.274386974111333), (0, 2.4254054972697343), (0, 2.3324620977037873), (0, 2.3529294221684234), (0, 2.3652817926638487), (0, 2.266281693519118), (0, 2.30818829425715), (0, 2.2743648594351464), (0, 2.309224846781595), (0, 2.295911835769601), (0, 2.2792967671693223), (0, 2.2990894365327526), (0, 2.2579536570657948), (0, 2.2746496316084017), (0, 2.291639680891384), (0, 2.3192150228082173), (0, 2.308486212559937), (0, 2.322785514974303), (0, 2.310524471663742), (0, 2.2988221224459156), (0, 2.2891480480648303), (0, 2.2588232834899924), (0, 2.288715447484302), (0, 2.2611074653077825), (0, 2.249913134289644), (0, 2.2898692899626183), (0, 2.262708698058749), (0, 2.252025907803833), (0, 2.260549298826519), (0, 2.2732024874276493), (0, 2.290497220395183), (0, 2.2624145459508367), (0, 2.3179382888147546), (0, 2.2417966719833204), (0, 2.2496619272897975), (0, 2.276086883597663), (0, 2.2741063413521254), (0, 2.2704571453879256), (0, 2.3289970681405006), (0, 2.2736163310157234), (0, 2.2732292110884504), (0, 2.2826961222700777), (0, 2.2679619527540655), (0, 2.2783890199028978), (0, 2.328396152724465), (0, 2.2769005492276424), (0, 2.3683537813612032), (0, 2.3281951245697163), (0, 2.2474153766572877), (0, 2.5088271042028523), (0, 2.4977949501641916), (0, 2.256590931091367), (0, 2.4409964916509392), (0, 2.6041523737245096), (0, 2.359760116255149), (0, 2.3933861685090996), (0, 2.483138197364198), (0, 2.307858492648778), (0, 2.4251944622382795), (0, 2.603460830542443), (0, 2.4525704284243925), (0, 2.283695603572513), (0, 2.5472938566363825), (0, 2.6351715919455754), (0, 2.455539176775752), (0, 2.2987267985821416), (0, 2.4854071650095557), (0, 2.327122132335221), (0, 2.340159642145378), (0, 2.3822363712960697), (0, 2.2593284528841626), (0, 2.3635205651798437), (0, 2.3865532913372367), (0, 2.299544286325044), (0, 2.314082757272978), (0, 2.273017924995754), (0, 2.350483233876359), (0, 2.3010730303705635), (0, 2.2528039953654275), (0, 2.2901656573747236), (0, 2.257812822804757), (0, 2.2379688157515885), (0, 2.2456721624950364), (0, 2.316506986549246), (0, 2.2807578057163793), (0, 2.3384217344851916), (0, 2.323726832716233), (0, 2.257484468616149), (0, 2.3089790904942804), (0, 2.280512850551155), (0, 2.2851928380453366), (0, 2.271252953333161), (0, 2.2700679852300523), (0, 2.2894765892572764), (0, 2.292586667435001), (0, 2.2539037354547573), (0, 2.3129633809310675), (0, 2.2290251841172695), (0, 2.2307190210449463), (0, 2.3626727651311015), (0, 2.2494287499331778), (0, 2.3242332409598174), (0, 2.3709857156701055), (0, 2.2506450337320185), (0, 2.4465541796068524), (0, 2.4819578216262332), (0, 2.310775625714745), (0, 2.392978124966584), (0, 2.5764111592831083), (0, 2.407721719469485), (0, 2.2396862719435924), (0, 2.4133741179352195), (0, 2.3269949457667662), (0, 2.322339845005897), (0, 2.3839747459905953), (0, 2.2917971744483103), (0, 2.3654493938646586), (0, 2.3511361098706463), (0, 2.291246024501415), (0, 2.31204414956629), (0, 2.2680089536965977), (0, 2.34772029603449), (0, 2.300349356582851), (0, 2.300230833409079), (0, 2.307758920951966), (0, 2.2545286572268095), (0, 2.3585492445814333), (0, 2.3456785371621955), (0, 2.2527520792923377), (0, 2.323362558418251), (0, 2.231886815439405), (0, 2.3885380165102705), (0, 2.319789611087725), (0, 2.3059274307292528), (0, 2.3547606366456604), (0, 2.3036695736530852), (0, 2.271468210399488), (0, 2.2867701781167615), (0, 2.2762712925997524), (0, 2.3274104677076695), (0, 2.22832654675193), (0, 2.3374411016011), (0, 2.2557248011881073), (0, 2.3348408361151693), (0, 2.3829823522826907), (0, 2.312624469412276), (0, 2.2455705228473097), (0, 2.2140743077452103), (0, 2.322250406602701), (0, 2.2805482176060603), (0, 2.341098945330659), (0, 2.320060436381139), (0, 2.2903938767273906), (0, 2.350824305331963), (0, 2.3114050045828063), (0, 2.2385360742973024), (0, 2.324148804394071), (0, 2.2177606770702534), (0, 2.281672142967875), (0, 2.238786239568104), (0, 2.3392181772773397), (0, 2.23017402741377), (0, 2.4032669293761626), (0, 2.4392007387711363), (0, 2.298385551568086), (0, 2.4139123554345137), (0, 2.4571001752854684), (0, 2.2584372265937507), (0, 2.3945117898254504), (0, 2.5159083073366584), (0, 2.3347579176911095), (0, 2.3116376775487466), (0, 2.3987369419754745), (0, 2.2778733168599405), (0, 2.323024817998361), (0, 2.3283408038451427), (0, 2.286748435549184), (0, 2.388705094531147), (0, 2.4095256525156064), (0, 2.2883808116213964), (0, 2.3541945916065377), (0, 2.4262101573128136), (0, 2.24258507615391), (0, 2.4095679934709846), (0, 2.4123581690247273), (0, 2.2433118511300623), (0, 2.3333500299686194), (0, 2.365926905573272), (0, 2.294341765882122), (0, 2.298055776994946), (0, 2.321342633183776), (0, 2.233442188474939), (0, 2.248322743163815), (0, 2.24520304828091), (0, 2.2207682302361675), (0, 2.2795444456786083), (0, 2.2859578012965995), (0, 2.234756538991947), (0, 2.261186306563668), (0, 2.289858465351556), (0, 2.30431673903282), (0, 2.255421847340727), (0, 2.3185947717061723), (0, 2.2878920132215175), (0, 2.2849390485236585), (0, 2.354598948305055), (0, 2.2661386886382324), (0, 2.327790243465247), (0, 2.3190069572036665), (0, 2.273221860011857), (0, 2.3169410624994473), (0, 2.287458031940867), (0, 2.217824556949283), (0, 2.2081883154223556), (0, 2.2091187824063443), (0, 2.2301462821735547), (0, 2.2285470932941207), (0, 2.235650987479278), (0, 2.2144805698132473), (0, 2.2359243208993806), (0, 2.215192958293207), (0, 2.2987429851213004), (0, 2.237350632826716), (0, 2.314381920386637), (0, 2.3258135383792204), (0, 2.2823444323106767), (0, 2.3640704509894954), (0, 2.3799134556483232), (0, 2.2612995659919153), (0, 2.3329560102186373), (0, 2.4104633346934303), (0, 2.2459141515822716), (0, 2.3311202507257467), (0, 2.34291995288703), (0, 2.2447481692596827), (0, 2.24103338055682), (0, 2.2419095264128863), (0, 2.2514997386822806), (0, 2.310834630837704), (0, 2.2613098772558042), (0, 2.260627989348352), (0, 2.2626329043710522), (0, 2.2325334188682247), (0, 2.3008805989923347), (0, 2.364285548190361), (0, 2.266402138614659), (0, 2.3500129519476567), (0, 2.219713814687952), (0, 2.3585267608758276), (0, 2.4018602952065904), (0, 2.344083918882075), (0, 2.3064617705115618), (0, 2.3017606453122226), (0, 2.2607073283247208), (0, 2.2454575818341596), (0, 2.2411460246751993), (0, 2.3061311590664784), (0, 2.287460998120174), (0, 2.241596479231401), (0, 2.263206499227276), (0, 2.2710823580896697), (0, 2.2602633707680506), (0, 5.057330373248642), (0, 2.957024354291976), (0, 2.920445107425631), (0, 3.4284295334835746), (0, 3.3065401003964583), (0, 3.018217718625415), (0, 2.7726212807053394), (0, 2.6804094575844593), (0, 2.9851820626190886), (0, 3.0122161100659155), (0, 2.6584334205598386), (0, 2.2964570011687546), (0, 2.604449764848933), (0, 2.844719308539817), (0, 2.9000589688379175), (0, 2.6451310788103215), (0, 2.3304450420908354), (0, 2.6419027969108737), (0, 2.8684359140777103), (0, 2.6551858185995427), (0, 2.272037116829269), (0, 2.4128635761390704), (0, 2.5965665078477738), (0, 2.610921513111779), (0, 2.478614841082471), (0, 2.340204242729901), (0, 2.420178786936076), (0, 2.557888447676173), (0, 2.508286923515303), (0, 2.352303536226604), (0, 2.2955312563056527), (0, 2.457148031526045), (0, 2.4985670052490443), (0, 2.414911895250956), (0, 2.25335992141012), (0, 2.3781441046998775), (0, 2.6206651209353016), (0, 2.479772558317829), (0, 2.2618292215831985), (0, 2.447890661419535), (0, 2.603547137059801), (0, 2.578523132614526), (0, 2.4168532852882865), (0, 2.3115186105899053), (0, 2.399056547460458), (0, 2.43957208596265), (0, 2.400103792569413), (0, 2.2953185935177833), (0, 2.2906347081346525), (0, 2.360819678514289), (0, 2.3230737829713166), (0, 2.2246699131919123), (0, 2.251944073687333), (0, 2.231028177067773), (0, 2.2675681100772414), (0, 2.2555115239929027), (0, 2.225464839653676), (0, 2.2327011427644172), (0, 2.243553289074635), (0, 2.2474310409366214), (0, 2.2205901119247256), (0, 2.2636975288842383), (0, 2.2568139853318), (0, 2.2405087492380202), (0, 2.2872974782901894), (0, 2.2662314919368107), (0, 2.241229679840444), (0, 2.2727162611745806), (0, 2.2162000608501797), (0, 2.339468456272347), (0, 2.337229589315598), (0, 2.223362141182177), (0, 2.260233684149915), (0, 2.2447787431123647), (0, 2.2447774802555376), (0, 2.223206071173138), (0, 2.2711590578291854), (0, 2.3025269340633767), (0, 2.2319530695023775), (0, 2.312517335214836), (0, 2.310493788316743), (0, 2.2239297581838824), (0, 2.258745885913502), (0, 2.2408712462206903), (0, 2.253692906324271), (0, 2.2587244537210514), (0, 2.2243821159841772), (0, 2.235389142469457), (0, 2.199645183584115), (0, 2.2089709399513486), (0, 2.2478109895117084), (0, 2.2270002177277366), (0, 2.238052648894208), (0, 2.211269923771222), (0, 2.1937389755518684), (0, 2.2962959689182028), (0, 2.280594726336714), (0, 2.206265241276746), (0, 2.3826842650230153), (0, 2.3674747980858064), (0, 2.2289405708707664), (0, 2.2815965166643974), (0, 2.2775260076745343), (0, 2.232099469037358), (0, 2.3020885032450322), (0, 2.2660685985151248), (0, 2.2874030676385306), (0, 2.3230769599177012), (0, 2.227936015278397), (0, 2.3238056427565446), (0, 2.303391286505282), (0, 2.228584302124965), (0, 2.257431293773433), (0, 2.227475065010313), (0, 2.25051695137099), (0, 2.2243298570224623), (0, 2.2994669661354634), (0, 2.3054130230141783), (0, 2.2638401751291224), (0, 2.2302282008430634), (0, 2.2556757015947055), (0, 2.221895882107685), (0, 2.234133552115928), (0, 2.2548639749416965), (0, 2.2868490131162478), (0, 2.245470545800383), (0, 2.294106144790088), (0, 2.2730287724225193), (0, 2.2261086488011155), (0, 2.309053654529248), (0, 2.2552433154002487), (0, 2.271632170951128), (0, 2.3109898673582134), (0, 2.2687479866387035), (0, 2.1984979117212626), (0, 2.291209290458634), (0, 2.219101430226844), (0, 2.2134037001486155), (0, 2.2133582457735135), (0, 2.2061248821268236), (0, 2.204124494970925), (0, 2.203167521700064), (0, 2.194641880472667), (0, 2.247580898617979), (0, 2.2043200778419543), (0, 2.232740404674141), (0, 2.2130335005089807), (0, 2.2768600466952424), (0, 2.2324013598683026), (0, 2.2662309679774073), (0, 2.3008453435069285), (0, 2.267680013661604), (0, 2.176824439977269), (0, 2.311217128746256), (0, 2.224850306946993), (0, 2.345049388821369), (0, 2.3245464565388487), (0, 2.2681541082102856), (0, 2.2682032643237195), (0, 2.2899416039010294), (0, 2.239908960954968), (0, 2.270388366596394), (0, 2.23700862139929), (0, 2.2421317430864716), (0, 2.2502692870506715), (0, 2.264128589138176), (0, 2.235625772994617), (0, 2.234607653650523), (0, 2.2107621855703714), (0, 2.2536893916510885), (0, 2.2472296082157417), (0, 2.250870209290245), (0, 2.2468736888436642), (0, 2.223031151852469), (0, 2.252002807506014), (0, 2.2360934623845448), (0, 2.191921138689418), (0, 2.236610540431308), (0, 2.2152311652096865), (0, 2.1853286662884943), (0, 2.3026091722376423), (0, 2.225152454021746), (0, 2.247554959399435), (0, 2.223140157731125), (0, 2.2533728116158716), (0, 2.1885451492355292), (0, 2.2044980929743923), (0, 2.1937938748316785), (0, 2.2218458294454106), (0, 2.2020612463846048), (0, 2.1790850720615897), (0, 2.2210207630823446), (0, 2.2517717909818424), (0, 2.286504940249552), (0, 2.2492268851751627), (0, 2.1962150991869622), (0, 2.205798368482741), (0, 2.166350487536958), (0, 2.189595930450295), (0, 2.232314886013332), (0, 2.2620480995842653), (0, 2.1853407048424702), (0, 2.378864478564861), (0, 2.327194061624525), (0, 2.238404698120997), (0, 2.3445325626973594), (0, 2.223330344673777), (0, 2.318556299312144), (0, 2.3473995645587786), (0, 2.230678416416727), (0, 2.371736928682662), (0, 2.273498526376973), (0, 2.2314427184124512), (0, 2.266525076294973), (0, 2.262821109265638), (0, 2.2673901165118013), (0, 2.2132408965077532), (0, 2.336190365170529), (0, 2.3035515636187296), (0, 2.228486476594747), (0, 2.2765010000914496), (0, 2.236312838519565), (0, 2.215612573550246), (0, 2.2091930709540937), (0, 2.2290467882559715), (0, 2.233255708342555), (0, 2.1755238762420386), (0, 2.3984786789047936), (0, 2.3420954715513123), (0, 2.234440111120866), (0, 2.3204544541669025), (0, 2.2202296816316545), (0, 2.2802548995870593), (0, 2.2911231421566582), (0, 2.1788364250963457), (0, 2.2137187976909796), (0, 2.234375508083401), (0, 2.297691174549413), (0, 2.2404200944688952), (0, 2.287589105258794), (0, 2.3256974484357524), (0, 2.2061712881924076), (0, 2.3739261973525303), (0, 2.408060879624131), (0, 2.282182585275659), (0, 2.4080865976977908), (0, 2.245387499783069), (0, 2.201575336312632), (0, 2.208070962256731), (0, 2.229742280098792), (0, 2.220778978955158), (0, 2.297783756381627), (0, 2.2480847711462015), (0, 2.252343406590818), (0, 2.2682982212930978), (0, 2.2330010769716524), (0, 2.2700099919343946), (0, 2.277036561198828), (0, 2.2100931013479195), (0, 2.2141061534828332), (0, 2.205577313779975), (0, 2.2353762276652387), (0, 2.190029830212568), (0, 2.2049507869512297), (0, 2.1729323637388913), (0, 2.2313499565374957), (0, 2.2331260816968075), (0, 2.2579054539193515), (0, 2.2145915405381675), (0, 2.2028059126409008), (0, 2.2113812765864522), (0, 2.210299298988929), (0, 2.1997559207951056), (0, 2.1804622253932777), (0, 2.178821969559531), (0, 2.199434836370673), (0, 2.1773721951951597), (0, 2.1866814146766487), (0, 2.1865588946211347), (0, 2.2040871391354333), (0, 2.2227137864051354), (0, 2.200500154327009), (0, 2.169088419808732), (0, 2.168004901092362), (0, 2.1904913098164616), (0, 2.1782276340641826), (0, 2.1897754991804774), (0, 2.1751700534564073), (0, 2.2101016423795676), (0, 2.2082632844143117), (0, 2.2130391818199198), (0, 2.190008191372083), (0, 2.240325033126043), (0, 2.215236488798459), (0, 2.1798543742384613), (0, 2.164647781932558), (0, 2.239329233995571), (0, 2.2149291088118233), (0, 2.258302306327155), (0, 2.226190904032926), (0, 2.15954820209437), (0, 2.1711655008642468), (0, 2.1741441450047243), (0, 2.2437672070878674), (0, 2.2823644252019197), (0, 2.2408584087330405), (0, 2.154053740002434), (0, 2.168427302199994), (0, 2.180769919816326), (0, 2.1857514666630515), (0, 2.178802079429117), (0, 2.2046966638246097), (0, 2.1618040102365907), (0, 2.202185873019606), (0, 2.1488034789914647), (0, 2.2199996531910533), (0, 2.226158786495192), (0, 2.2613607549045467), (0, 2.220932526438045), (0, 2.1891153438568876), (0, 2.1586536251937827), (0, 2.1632647974290635), (0, 2.1448737363972046), (0, 2.18037450217533), (0, 2.1923123828975695), (0, 2.2238312450290914), (0, 2.223597376099065), (0, 2.1821459616608787), (0, 2.2434584774404076), (0, 2.1756707947255047), (0, 2.30415251901073), (0, 2.2704494249931457), (0, 2.1887196856053794), (0, 2.1804195980064143), (0, 2.2323551100061407), (0, 2.2256975314485694), (0, 2.1558139479227134), (0, 2.161027369230225), (0, 2.1964975287986808), (0, 2.176351165432104), (0, 2.2394301193217596), (0, 2.1885328551659096), (0, 2.1839125399943864), (0, 2.1786477980635497), (0, 2.178593849120541), (0, 2.2193606557511454), (0, 2.183166581585557), (0, 2.174081943906311), (0, 2.22774540705695), (0, 2.200731450536618), (0, 2.2119839654694746), (0, 2.1610345236511996), (0, 2.3368139091053055), (0, 2.260622647977881), (0, 2.292311611855897), (0, 2.2397255798964166), (0, 2.1661293218514555), (0, 2.1804775332573367), (0, 2.2042612180092425), (0, 2.208261337054719), (0, 2.2014742554228213), (0, 2.2301267121075172), (0, 2.188624863046991), (0, 2.218070288799597), (0, 2.2075259126682854), (0, 2.2007516173636517), (0, 2.2701843187277686), (0, 2.210154494458027), (0, 2.2069797922668113), (0, 2.2476380662089137), (0, 2.209339513263438), (0, 2.2113498116922448), (0, 2.1560521564539985), (0, 2.143427060490031), (0, 2.1495219392717306), (0, 2.1513446591321497), (0, 2.1482648867407743), (0, 2.1435598576211485), (0, 2.225010504321692), (0, 2.184968123980508), (0, 2.163152301411552), (0, 2.157450016962633), (0, 2.238356385665759), (0, 2.2730863352649844), (0, 2.2323685661381405), (0, 2.211043156851091), (0, 2.254964588201925), (0, 2.1978169588523557), (0, 2.2165926314537034), (0, 2.1685081525054275), (0, 2.1800310309566417), (0, 2.166848288228662), (0, 2.233062953710725), (0, 2.1607934148325545), (0, 2.2693708011834697), (0, 2.1742649546429975), (0, 2.2764554113498594), (0, 2.235916528530891), (0, 2.1877651156074065), (0, 2.37703841069378), (0, 2.2775369832548544), (0, 2.259456253411938), (0, 2.4751460197483346), (0, 2.2728950567986237), (0, 2.3115095889658006), (0, 2.4242201002136796), (0, 2.230178189723196), (0, 2.416721397292596), (0, 2.3405809958120916), (0, 2.203131024993816), (0, 2.2819858579446515), (0, 2.2093380311216824), (0, 2.2569619825315494), (0, 2.2375238369375072), (0, 2.27105423446173), (0, 2.2233604152199606), (0, 2.2320087584125243), (0, 2.229246409583191), (0, 2.1617907937396015), (0, 2.3105895339963785), (0, 2.3021146617076362), (0, 2.2276076131449796), (0, 2.259353015107988), (0, 2.161002484143562), (0, 2.2375563801526837), (0, 2.1948498332138535), (0, 2.2400213263631517), (0, 2.2676253923716945), (0, 2.2488660862287366), (0, 2.217361458872994), (0, 2.1573140952232275), (0, 2.1823806806395756), (0, 2.156814120813814), (0, 2.2128490081761885), (0, 2.2320118912593587), (0, 2.162778188481638), (0, 2.281558234041327), (0, 2.2391725448993047), (0, 2.17031903743689), (0, 2.2172178601612815), (0, 2.182344697653969), (0, 2.1761901512939428), (0, 2.1855696636734874), (0, 2.153582249218801), (0, 2.154272258709192), (0, 2.1696186402738893), (0, 2.199164821692735), (0, 2.148211118316935), (0, 2.153045450240641), (0, 2.1580992317084733), (0, 2.1786576115703853), (0, 2.146338950498446), (0, 2.2147635630742233), (0, 2.1344185861427256), (0, 2.165635702352022), (0, 2.1364201461842636), (0, 2.130446455446143), (0, 2.1942086394245397), (0, 2.1757348400990217), (0, 2.1864451179009103), (0, 2.1431566727693316), (0, 2.3243652290200676), (0, 2.204115036695742), (0, 2.2495265875273076), (0, 2.241443661707046), (0, 2.1917246077090433), (0, 2.222863825557552), (0, 2.1926622121137815), (0, 2.193939787819959), (0, 2.127010801037273), (0, 2.1908360769630693), (0, 2.1921244771963915), (0, 2.1719119708906027), (0, 2.1505080267320684), (0, 2.1982278422834205), (0, 2.1850359016848113), (0, 2.162153626006269), (0, 2.2581390444526237), (0, 2.243071833573479), (0, 2.2170141825382927), (0, 2.154242652557873), (0, 2.147654673139431), (0, 2.2178204900900425), (0, 2.1829342880878575), (0, 2.2092485530665784), (0, 2.2033112974517297), (0, 2.2388409087594963), (0, 2.1731521375472678), (0, 2.1589344533326225), (0, 2.228945391041494), (0, 2.173734893000876), (0, 2.2234348018893715), (0, 2.1703942051217404), (0, 2.2476280292906328), (0, 2.144576007166297), (0, 2.175203635639192), (0, 2.15628306497657), (0, 2.249448563305361), (0, 2.164420636617192), (0, 2.1703150360729926), (0, 4.2497841318236205), (0, 2.6462226732469323), (0, 3.081492406921235), (0, 2.940936340501579), (0, 2.3691013860988828), (0, 2.7659803770107105), (0, 3.150371382087353), (0, 3.119852761603207), (0, 2.8708403148162662), (0, 2.4988890661477274), (0, 2.4446003584169342), (0, 2.595535885810789), (0, 2.43032634889608), (0, 2.1400112229999375), (0, 2.4232856548158868), (0, 2.4825404703135536), (0, 2.355916088636808), (0, 2.302087643634365), (0, 2.4898620416812602), (0, 2.2439560416925954), (0, 2.2121391145531537), (0, 2.263808240009275), (0, 2.157608295917176), (0, 2.20766161284693), (0, 2.2098382683833644), (0, 2.183501476614428), (0, 2.1849976143326435), (0, 2.1989528260252666), (0, 2.184832803770105), (0, 2.197463022019272), (0, 2.1613546943222137), (0, 2.1715261569718933), (0, 2.163768719740881), (0, 2.1659708904691666), (0, 2.157908706863938), (0, 2.2134482106709292), (0, 2.1367434914997143), (0, 2.1991739687044736), (0, 2.16227683671005), (0, 2.162289523105022), (0, 2.144703122611716), (0, 2.2172918681310074), (0, 2.1293237594436474), (0, 2.13113391337931), (0, 2.209110644478414), (0, 2.14191953760676), (0, 2.2655219479302087), (0, 2.232904697248862), (0, 2.163749756964227), (0, 2.198198563558991), (0, 2.1528324806548262), (0, 2.170906498520597), (0, 2.1341210344265744), (0, 2.18719657034433), (0, 2.134075857386747), (0, 2.1941268960483113), (0, 2.2416071258298627), (0, 2.146224114401556), (0, 2.322550618290859), (0, 2.3284976976416845), (0, 2.1253189888097803), (0, 2.294104148181263), (0, 2.296948134414322), (0, 2.126344110222394), (0, 2.3672543272532987), (0, 2.411536368626941), (0, 2.2524719028261706), (0, 2.2898041038004364), (0, 2.2603303829970867), (0, 2.1316304228235494), (0, 2.4242009669751323), (0, 2.490923817131905), (0, 2.365023221321617), (0, 2.2404413580374154), (0, 2.30999242873), (0, 2.301363204217923), (0, 2.1880360244009536), (0, 2.315962957845823), (0, 2.369536459323503), (0, 2.24948265260145), (0, 2.189013474807675), (0, 2.4031951920727335), (0, 2.189607398878851), (0, 2.1938359531322704), (0, 2.2743283482028986), (0, 2.161079454913845), (0, 2.220132824337928), (0, 2.2684716519377344), (0, 2.188333284920079), (0, 2.220076825865022), (0, 2.2258033608092704), (0, 2.1492767113503612), (0, 2.1790510140900063), (0, 2.164028418555297), (0, 2.1608273664529025), (0, 2.1627138612529473), (0, 2.1459314683165003), (0, 2.1454338205390857), (0, 2.120208577065138), (0, 2.133656957782911), (0, 2.117616289686683), (0, 2.130340962903205), (0, 2.116491589971916), (0, 2.137747910185427), (0, 2.1510620064027726), (0, 2.164710132188173), (0, 2.14752056169942), (0, 2.165211105559043), (0, 2.164313601064304), (0, 2.1358175248024303), (0, 2.232305989298304), (0, 2.156361344683088), (0, 2.230456034232786), (0, 2.247102630327397), (0, 2.1202957460455134), (0, 2.308449560375919), (0, 2.290421818295981), (0, 2.118044759024386), (0, 2.2431188544081846), (0, 2.1662591253544305), (0, 2.159893677233276), (0, 2.1279545296884597), (0, 2.1630657873630987), (0, 2.1636175403658524), (0, 2.116178716685926), (0, 2.1684428593805753), (0, 2.117801521256261), (0, 2.166274459418096), (0, 2.1092488323927423), (0, 2.1104033940622458), (0, 2.151545537859721), (0, 2.1562216905544678), (0, 2.1096778675683256), (0, 2.240097948551421), (0, 2.1733420945263284), (0, 2.1743308364805674), (0, 2.2338218672394614), (0, 2.1254788998261542), (0, 2.329400716243807), (0, 2.3333614109989935), (0, 2.150599917953823), (0, 2.35275176120028), (0, 2.391988894074402), (0, 2.1780172840299667), (0, 2.2841791225054116), (0, 2.3574751959255775), (0, 2.2378505245688527), (0, 2.1761045476642713), (0, 2.286742332269284), (0, 2.19756387546525), (0, 2.129332000221425), (0, 2.3704324942122756), (0, 2.348659606152515), (0, 2.1228927321059183), (0, 2.1931495152700737), (0, 2.1584771511096936), (0, 2.1789488137363984), (0, 2.1995822100093743), (0, 2.1734662586540687), (0, 2.1880728962829568), (0, 2.177275368198001), (0, 2.1603319079086103), (0, 2.178053133479904), (0, 2.142182047374128), (0, 2.1526392740759146), (0, 2.1337655563235427), (0, 2.1344589154478935), (0, 2.1828659037995313), (0, 2.1619631617290493), (0, 2.11329442431044), (0, 2.1617562677876894), (0, 2.154016151651596), (0, 2.1736871004860068), (0, 2.146277455793584), (0, 2.1763662940415784), (0, 2.183776467045787), (0, 2.161340396700106), (0, 2.162660639562993), (0, 2.150382478702186), (0, 2.1156456793375438), (0, 2.165289380498524), (0, 2.0957710842207558), (0, 2.1054564744534576), (0, 2.1183052490129586), (0, 2.1232198851027), (0, 2.1448825164034457), (0, 2.128242487265622), (0, 2.1199690221527545), (0, 2.1198251102206593), (0, 2.115966076925487), (0, 2.1120228157339223), (0, 2.1162930047657884), (0, 2.094795601074532), (0, 2.099597476795661), (0, 2.113250027148951), (0, 2.183876418517215), (0, 2.1723925682008014), (0, 2.1099439545808183), (0, 2.2545387615342474), (0, 2.208768630325093), (0, 2.1615611622167465), (0, 2.2494462682464227), (0, 2.134288291037875), (0, 2.3025723515843395), (0, 2.3144457828219434), (0, 2.135896657138373), (0, 2.3926822392321045), (0, 2.470742792716143), (0, 2.199362805144746), (0, 2.2422799159026945), (0, 2.2952094357950426), (0, 2.1665891652540674), (0, 2.187016209105987), (0, 2.1481081265028013), (0, 2.0833189086193626), (0, 2.0970278021646567), (0, 2.1496328083586196), (0, 2.124143637185998), (0, 2.1239359262631705), (0, 2.1433550296867425), (0, 2.1133374496571915), (0, 2.16759091092578), (0, 2.120107138731959), (0, 2.102573751699948), (0, 2.151847864804294), (0, 2.1598744557040304), (0, 2.136960962162729), (0, 2.1525979517113845), (0, 2.0778649371673272), (0, 2.129144070375), (0, 2.087014311524281), (0, 2.1169134901098006), (0, 2.1253304598628753), (0, 2.1304601196212007), (0, 2.084282023040704), (0, 2.1230982103879814), (0, 2.105519739197128), (0, 2.1276787673584185), (0, 2.129858773660893), (0, 2.15760019942549), (0, 2.097853196992153), (0, 2.1659986001335265), (0, 2.091400563515322), (0, 2.0993528666351993), (0, 2.1670520998674205), (0, 2.1093469280382426), (0, 2.180100421124238), (0, 2.130914835689601), (0, 2.0966446008916186), (0, 2.093726478063187), (0, 2.102605396073921), (0, 2.105297737295603), (0, 2.1497567922191028), (0, 2.110776535179195), (0, 2.1564741748602185), (0, 2.1287186977057324), (0, 2.1598029208838914), (0, 2.1238410609889273), (0, 2.178438191149421), (0, 2.1472807504277416), (0, 2.1910175960157043), (0, 2.1342501501406836), (0, 2.1100269304142176), (0, 2.070741122002021), (0, 2.0912826530400603), (0, 2.08115099925966), (0, 2.0783797685822214), (0, 2.2164005020234914), (0, 2.1557677433713), (0, 2.2034135307525733), (0, 2.247378337217521), (0, 2.082072472432365), (0, 2.1159358401235497), (0, 2.08782749461598), (0, 2.166736863985545), (0, 2.1150423618235727), (0, 2.237173675779151), (0, 2.1350385818060205), (0, 2.079106821557648), (0, 2.0936902863714693), (0, 2.0860848393398204), (0, 2.111717993998411), (0, 2.1090361348210567), (0, 2.122785210030295), (0, 2.083325805572074), (0, 2.083104902999509), (0, 2.1092107718494777), (0, 2.1160256969229105), (0, 2.108227897692563), (0, 2.1488489989753874), (0, 2.1433459837706668), (0, 2.0780070696440553), (0, 2.2170761550363127), (0, 2.134223467064444), (0, 2.2841403174421555), (0, 2.205034613366843), (0, 2.245444972319939), (0, 2.3363586110250427), (0, 2.121682340577966), (0, 2.283899779929492), (0, 2.3177298822600068), (0, 2.112243859735973), (0, 2.3107100393348374), (0, 2.3074161533470847), (0, 2.0805750355188217), (0, 2.2556435966521744), (0, 2.165003412146626), (0, 2.2383458487427874), (0, 2.32121234124417), (0, 2.1985352161324867), (0, 2.3107927040900496), (0, 2.271101666472163), (0, 2.113898583518938), (0, 2.36479151002693), (0, 2.383579628495964), (0, 2.1787363680019665), (0, 2.306894292310758), (0, 2.379868058575856), (0, 2.1727376959866587), (0, 2.20844293424908), (0, 2.2520786269230864), (0, 2.093960476472007), (0, 2.141020396189665), (0, 2.089771342357612), (0, 2.0767480124767754), (0, 2.0722008473481672), (0, 2.088217403279059), (0, 2.099924488365693), (0, 2.080625316466568), (0, 2.0839564041402117), (0, 2.099718823262424), (0, 2.0945595609673573), (0, 2.0949905105276625), (0, 2.099728901130865), (0, 2.081442413974967), (0, 2.0634665912924746), (0, 2.059650720341876), (0, 2.082830738385179), (0, 2.095334003249117), (0, 2.1132051668156873), (0, 2.079069619886123), (0, 2.1946186486107173), (0, 2.0943465416664893), (0, 2.2776265361791967), (0, 2.2373776830537353), (0, 2.1144290074465295), (0, 2.1567773692334664), (0, 2.080230713035742), (0, 2.0932219527771037), (0, 2.0663209132716798), (0, 2.1483127600660428), (0, 2.0813175538235598), (0, 2.0915946542053074), (0, 2.1328622452741985), (0, 2.0931146399893725), (0, 2.170512429416129), (0, 2.0976810222368183), (0, 2.1175486867825324), (0, 2.0478185991025346), (0, 2.0841298418224574), (0, 2.0676665569359587), (0, 2.1619276739028144), (0, 2.061867516793235), (0, 2.2698230484865833), (0, 2.2587982508069016), (0, 2.0499707599278207), (0, 2.377056719677436), (0, 2.4059260678897534), (0, 2.149191938966599), (0, 2.304642442362052), (0, 2.4329601206502605), (0, 2.15703626057055), (0, 2.326362683294742), (0, 2.5052632783265256), (0, 2.36491055015369), (0, 2.0706316655243775), (0, 2.246907884834236), (0, 2.1580967014696104), (0, 2.176303308339067), (0, 2.243469417213825), (0, 2.0688656093664832), (0, 2.198062606426766), (0, 2.159730905673082), (0, 2.128822154442421), (0, 2.165185424300581), (0, 2.095817031639997), (0, 2.130191483480556), (0, 2.0985206263128764), (0, 2.0829119459378487), (0, 2.0774483206550087), (0, 2.0661033747963478), (0, 2.1139249347996936), (0, 2.1287332132008987), (0, 2.0840320582255885), (0, 2.212044905159843), (0, 2.1997005614127048), (0, 2.093693555737367), (0, 2.1273302705388746), (0, 2.0999390082744367), (0, 2.089443549196421), (0, 2.0393954776117895), (0, 2.1016839938868754), (0, 2.1264878535738685), (0, 2.097475305589216), (0, 2.0495950014806525), (0, 2.220283358722995), (0, 2.1698556456625613), (0, 2.109293913929949), (0, 2.0979944576637086), (0, 2.1828065896351014), (0, 2.2168933884396704), (0, 2.044252029093469), (0, 2.138945627437761), (0, 2.0583742065371724), (0, 2.192500289229177), (0, 2.1300438824101096), (0, 2.15739094690401), (0, 2.154461321524639), (0, 2.103927332340357), (0, 2.104071987284644), (0, 2.1102083960474003), (0, 2.0838750851479126), (0, 2.0898558200881827), (0, 2.0461274095809308), (0, 2.130504183945024), (0, 2.116890730265891), (0, 2.085749950036572), (0, 2.0751731304730896), (0, 2.1270103642343257), (0, 2.0867827005915314), (0, 2.1286107247823356), (0, 2.119624666006644), (0, 2.0933845561941244), (0, 2.097100646634996), (0, 2.0933676224829765), (0, 2.0647108774459055), (0, 2.090020044099661), (0, 2.0906937469441895), (0, 2.171884010778921), (0, 2.230159095495863), (0, 2.0496128790221464), (0, 2.327591981622691), (0, 2.3914046229884702), (0, 2.1781575924368797), (0, 2.2168712909793715), (0, 2.3049978905945734), (0, 2.1262355341098242), (0, 2.1692600612515602), (0, 2.1724201192147348), (0, 2.1128598910949608), (0, 2.1420523658077197), (0, 2.045261869488218), (0, 2.1198477118344385), (0, 2.062667689331239), (0, 2.0694981424217493), (0, 2.0788984004588924), (0, 2.0761219062766454), (0, 2.0505571093937665), (0, 2.1465484496997544), (0, 2.069997740038548), (0, 2.2390592279278256), (0, 2.131549509267691), (0, 2.215118680869424), (0, 2.307636563479711), (0, 2.126824258990727), (0, 2.287732425980761), (0, 2.389810578307907), (0, 2.1804995921418513), (0, 2.272623121216304), (0, 2.471176442946079), (0, 2.4052587083271795), (0, 2.1467542579294485), (0, 2.3493964869502264), (0, 2.4802907132992087), (0, 2.2351628213643684), (0, 2.2162041270821833), (0, 2.3998012287439634), (0, 2.2910817525138545), (0, 2.036506269049448), (0, 2.290316084539458), (0, 2.2807668887624493), (0, 2.035079249842812), (0, 2.109577689396235), (0, 2.055907775353077), (0, 2.0742616917338013), (0, 2.0310450852089152), (0, 2.149056990473834), (0, 2.111591320689805), (0, 2.1183515323301796), (0, 2.0646735108639436), (0, 2.111988033234756), (0, 2.0857689900453327), (0, 2.1038673806797985), (0, 2.1160710992965384), (0, 2.074156010835794), (0, 2.128807379808421), (0, 2.0526813948576756), (0, 2.1475232311650765), (0, 2.049310486683323), (0, 2.131529421321741), (0, 4.806597593409999), (0, 2.960327681349902), (0, 2.6264038891264474), (0, 3.3718490006565065), (0, 3.6326870026905214), (0, 3.380572656762545), (0, 2.8438968190030405), (0, 2.3464570548756494), (0, 2.5977316318244132), (0, 2.980698935624372), (0, 2.794809167049662), (0, 2.292381969499326), (0, 2.2514418189886674), (0, 2.5942990094814937), (0, 2.659427551320846), (0, 2.4845163733994067), (0, 2.212147256280458), (0, 2.191671160276044), (0, 2.3896452201643283), (0, 2.3457014230365085), (0, 2.0988863864896077), (0, 2.255462069254485), (0, 2.467614161005955), (0, 2.4828750160449653), (0, 2.312600850992685), (0, 2.072647637219564), (0, 2.184655492121109), (0, 2.21296238587926), (0, 2.0863468220339065), (0, 2.1343286659650693), (0, 2.1653958376319964), (0, 2.0405610244943277), (0, 2.1881264165871), (0, 2.2581240908850218), (0, 2.0705770094452145), (0, 2.189514049959169), (0, 2.311453187827698), (0, 2.261437097363736), (0, 2.059895790936863), (0, 2.234748650236551), (0, 2.3677476988147084), (0, 2.2258871338763586), (0, 2.036685292010461), (0, 2.1807790880189386), (0, 2.159272148079234), (0, 2.090661314260787), (0, 2.118054914867002), (0, 2.1257382287462523), (0, 2.090003041919168), (0, 2.044063189893549), (0, 2.045300013559756), (0, 2.0600237986947074), (0, 2.1009754704285117), (0, 2.059902022658061), (0, 2.0710275031462397), (0, 2.057600614746626), (0, 2.086630077752837), (0, 2.072806824470879), (0, 2.0663272355714977), (0, 2.1033324364237838), (0, 2.040994188388625), (0, 2.0417398256267294), (0, 2.043563079070818), (0, 2.037725383030585), (0, 2.0569386431819345), (0, 2.038621290772358), (0, 2.046403531591819), (0, 2.0323023938886604), (0, 2.0190684329087), (0, 2.03420804031886), (0, 2.048854477936945), (0, 2.0516628348710326), (0, 2.0247459711878815), (0, 2.087156044218488), (0, 2.0215284801007716), (0, 2.04126535274354), (0, 2.025934286298711), (0, 2.0508656299602612), (0, 2.026514290860641), (0, 2.062043904005542), (0, 2.079814922018437), (0, 2.0640622055654956), (0, 2.0699604547650705), (0, 2.077392090355175), (0, 2.046318341317033), (0, 2.045505845821498), (0, 2.047946860548385), (0, 2.0180272388082803), (0, 2.019654856344961), (0, 2.0705619016668586), (0, 2.057929065694282), (0, 2.0736883311503522), (0, 2.0368036569489614), (0, 2.0244299522705305), (0, 2.014287828188936), (0, 2.097281788311974), (0, 2.0276552718253833), (0, 2.2109799088291338), (0, 2.1954007821480466), (0, 2.0403717170825355), (0, 2.2792132927524977), (0, 2.324522017599737), (0, 2.1325816515404963), (0, 2.223340469634423), (0, 2.310035918760686), (0, 2.1057077821509242), (0, 2.223992183842117), (0, 2.3751047906780722), (0, 2.2804808806250145), (0, 2.0541968715450696), (0, 2.376584821155416), (0, 2.4882858739829032), (0, 2.2931353044185556), (0, 2.077769520385217), (0, 2.2721715788524386), (0, 2.2665825439788656), (0, 2.0711674420057395), (0, 2.2335202772936755), (0, 2.3455455520977213), (0, 2.1333143411444464), (0, 2.1892692866661077), (0, 2.3438519272030263), (0, 2.256935312795369), (0, 2.0861760573323473), (0, 2.175706537732903), (0, 2.1526792183390344), (0, 2.0757391780464043), (0, 2.1286342962505813), (0, 2.046248224945386), (0, 2.1339554999312123), (0, 2.080882987937852), (0, 2.1346786969706826), (0, 2.1722362574733967), (0, 2.083351055011134), (0, 2.198519761694401), (0, 2.1714573087638183), (0, 2.0537021322625977), (0, 2.220758903762841), (0, 2.2525029490349215), (0, 2.099876340757822), (0, 2.11784447007774), (0, 2.149688890626923), (0, 2.012679892504086), (0, 2.091509210498509), (0, 2.010098571376437), (0, 2.157001546162112), (0, 2.148785331144055), (0, 2.0387154494881603), (0, 2.0794213661774097), (0, 2.057530634250036), (0, 2.085801738943487), (0, 2.036181471500855), (0, 2.05571306660995), (0, 2.025834053892499), (0, 2.0209472425966877), (0, 2.015489716137217), (0, 2.0037530549943345), (0, 2.044704903493279), (0, 2.057961008307542), (0, 2.004463124129673), (0, 2.0088882887960504), (0, 2.0044337119721187), (0, 2.05939521998833), (0, 1.9994094427799018), (0, 2.027829861536331), (0, 2.0089256594911897), (0, 2.0555881485061565), (0, 1.9923832427293013), (0, 1.9972357397734393), (0, 2.0181510794357935), (0, 1.9910667282630954), (0, 2.000365634369722), (0, 2.0475418177404534), (0, 1.9884264633527424), (0, 2.049998249317524), (0, 2.0056770822893157), (0, 2.026169433303322), (0, 2.082781479035421), (0, 2.0872741525946776), (0, 2.0270804064123324), (0, 1.9883105220027586), (0, 1.9865465259295798), (0, 1.9864284652903625), (0, 1.9894726815432486), (0, 2.105149011874367), (0, 2.023457931971485), (0, 2.064489773848761), (0, 2.008319515599152), (0, 2.1581992548003783), (0, 2.1484615032921948), (0, 2.0342342102112863), (0, 2.182544106369271), (0, 2.146248328651567), (0, 2.011299219661072), (0, 2.122527957177817), (0, 2.0033225034461655), (0, 2.109700242199311), (0, 2.0965949731238784), (0, 2.0038159681236447), (0, 2.0385376471096213), (0, 2.047805937051709), (0, 2.0282335708994697), (0, 2.0379718286021435), (0, 2.120718851669458), (0, 1.9785718877511487), (0, 2.09849009583522), (0, 2.078517421675382), (0, 2.0380518221357664), (0, 2.0215972734461016), (0, 1.988128603590107), (0, 2.1158691157005247), (0, 2.053818106014079), (0, 2.107550273234393), (0, 2.1078533672647164), (0, 2.064309705237778), (0, 2.0844744766798367), (0, 1.9908433370571494), (0, 2.0112371241757576), (0, 1.9912251032885366), (0, 2.0312237175048), (0, 1.9788618098530093), (0, 1.9815162757453693), (0, 1.983397702919661), (0, 1.981122394494495), (0, 1.975062383218315), (0, 1.9810247661188236), (0, 2.0171960999745937), (0, 2.018156222865315), (0, 2.142505780459908), (0, 2.0843347380731925), (0, 2.026980282696355), (0, 2.118681843409625), (0, 1.9794344380762745), (0, 2.088198467984525), (0, 2.0317605634393363), (0, 2.1701048128184923), (0, 2.12186668299465), (0, 2.0333811450642574), (0, 2.0763843919733413), (0, 2.0405048388693534), (0, 2.0794224183269723), (0, 2.049997100706704), (0, 2.040590326615371), (0, 2.0701041881852134), (0, 2.0085948932095903), (0, 1.9882668366045335), (0, 2.0375081925684864), (0, 2.0325792100158897), (0, 2.0124071261461665), (0, 1.9934280059298324), (0, 2.0517020439614218), (0, 2.0139114082708875), (0, 2.046029868074773), (0, 1.9979474731887301), (0, 2.008794668165852), (0, 1.958008409477438), (0, 1.963831148343631), (0, 1.9815265495364571), (0, 1.9596747454281849), (0, 2.0408182934548407), (0, 1.9608467456197218), (0, 2.042147085136443), (0, 1.9617017332454119), (0, 1.9824969976391673), (0, 2.019902521094535), (0, 1.9688322794979256), (0, 1.9594164865111345), (0, 2.0247399130222097), (0, 1.977110054127117), (0, 1.9639486146928133), (0, 2.0542024193192407), (0, 1.9792333636490682), (0, 2.0837908453389105), (0, 2.0133790592230003), (0, 2.1415897190547724), (0, 2.148440621825019), (0, 1.962621631031969), (0, 1.9571299088262777), (0, 2.1227551514832963), (0, 2.087175000989789), (0, 2.0702485482778403), (0, 2.0801293280021906), (0, 2.0024810392379915), (0, 2.097468585097955), (0, 2.038132896563281), (0, 2.057404003525524), (0, 2.0131586027760853), (0, 2.126536692262721), (0, 2.0134265993750833), (0, 2.1683621041493235), (0, 2.25166330678265), (0, 2.078329069588001), (0, 2.169414032192403), (0, 2.2732173189949503), (0, 2.114983213172924), (0, 2.0924976858120767), (0, 2.1842786637088314), (0, 2.0566326444997944), (0, 2.1002738049490985), (0, 2.145671126047395), (0, 1.9594681745669298), (0, 1.978387870102171), (0, 2.0514283794452113), (0, 2.039640849078447), (0, 2.0812480757654326), (0, 2.0527865042721634), (0, 2.0675782851553177), (0, 2.0055309916270576), (0, 2.0366962755642053), (0, 1.9841984368568995), (0, 2.0447160751373477), (0, 1.9554032592021293), (0, 2.0113049311715216), (0, 2.000230051876213), (0, 1.9637233736752442), (0, 2.058737019875775), (0, 2.024683355516594), (0, 2.0530757376280975), (0, 2.0193355077992305), (0, 1.986636414935657), (0, 1.9607524980954245), (0, 1.955659480584434), (0, 2.0838323559669067), (0, 2.053966750758404), (0, 2.1500685482656032), (0, 2.1234987684002915), (0, 1.9555596589405162), (0, 2.303594532782778), (0, 2.371737442434574), (0, 2.14901329449274), (0, 2.201500028334264), (0, 2.4443156933017396), (0, 2.4273553352954957), (0, 2.166465765998957), (0, 2.1579438145607974), (0, 2.3139466299036857), (0, 2.1965562729251937), (0, 1.9853964446477848), (0, 2.1017069715340653), (0, 1.9430290806446118), (0, 2.2318715961164077), (0, 2.2501140083590503), (0, 1.9826447611745162), (0, 2.2903325386971107), (0, 2.513320644189154), (0, 2.4039476084759923), (0, 2.0898591638886135), (0, 2.2444791509927806), (0, 2.4504710273432666), (0, 2.2880277319016087), (0, 2.0033884566856615), (0, 2.2761314622228777), (0, 2.388612752705175), (0, 2.239423059382439), (0, 1.944280847403064), (0, 2.1687205242913548), (0, 2.1636138544298213), (0, 2.01654173499363), (0, 2.0741458828715693), (0, 1.9735125939742573), (0, 2.0908463834065247), (0, 1.9839467338468724), (0, 2.0813217720175063), (0, 2.113436288369289), (0, 2.006904569170526), (0, 2.1916489055715194), (0, 2.2108269966153116), (0, 1.9922736020290202), (0, 2.10884422470501), (0, 2.1277107354646887), (0, 1.9828086296720573), (0, 2.2435913904529228), (0, 2.3159194321513), (0, 2.0916719673314415), (0, 2.149726033299028), (0, 2.3182611547191256), (0, 2.271242313136697), (0, 2.0281112243140007), (0, 2.258915113579699), (0, 2.450681253074553), (0, 2.264526840867919), (0, 2.0092924199236273), (0, 2.146318757716244), (0, 2.120147161304836), (0, 1.9869713427250206), (0, 2.0578123306851452), (0, 1.9606706647457732), (0, 2.146901077625777), (0, 2.265305622583674), (0, 2.1425298020018273), (0, 1.9922796222765817), (0, 2.0375501854468303), (0, 1.9962970232923696), (0, 2.0535645856268783), (0, 1.9721689075188609), (0, 1.9777468499250972), (0, 1.9684930702770507), (0, 1.9259654540364637), (0, 1.999647287418548), (0, 2.010269652442238), (0, 1.9522792883708504), (0, 2.084691246894467), (0, 2.0151438686406977), (0, 2.0850694754068995), (0, 2.0970756114505296), (0, 1.9818607998319266), (0, 2.0020448750583504), (0, 1.959992865496419), (0, 1.9607723149809957), (0, 2.017543657671873), (0, 1.9680774671323091), (0, 1.9357106049184407), (0, 1.9758590952809838), (0, 1.9613757838730221), (0, 1.9243946360421615), (0, 1.9460224043624024), (0, 2.009387549781856), (0, 1.9674254726412463), (0, 1.9784184838030592), (0, 1.9540915790928621), (0, 1.9390961793682697), (0, 1.9744203136793486), (0, 1.9858023925655572), (0, 1.9601159733151652), (0, 1.96141102468047), (0, 1.9701723131555822), (0, 1.9865724277155083), (0, 1.987387429266956), (0, 2.032935227821474), (0, 1.9594299930344428), (0, 2.001849801580351), (0, 1.9607222171973917), (0, 2.0685278399814466), (0, 2.0343287070511065), (0, 2.033426887986086), (0, 1.9926579098724224), (0, 2.046590793520525), (0, 2.0413179338510554), (0, 2.0358210363084606), (0, 2.0634850666172935), (0, 1.9947815279762153), (0, 2.1552349295878246), (0, 2.1172582283540513), (0, 1.9952123668812747), (0, 2.024842510157613), (0, 1.9262621047474688), (0, 1.9532251818840316), (0, 1.9817317394772334), (0, 1.9955610854271193), (0, 1.9443854032998968), (0, 1.9549867770259253), (0, 2.0334609257817324), (0, 1.992708633419938), (0, 2.056222366208416), (0, 2.052575426684765), (0, 1.9800405303755562), (0, 2.035278875608343), (0, 1.9562210563453588), (0, 1.9789949218146037), (0, 2.01686191256049), (0, 1.9670180199005267), (0, 2.1004843200821828), (0, 2.026085413910343), (0, 1.9803702610845348), (0, 1.955815973306025), (0, 2.0652903350747227), (0, 2.0629645497665785), (0, 1.9582425312239815), (0, 2.0858333634944106), (0, 1.9687961206532891), (0, 2.162154573834058), (0, 2.2723686208258993), (0, 2.176190109179779), (0, 1.919189619046027), (0, 2.2971506889291464), (0, 2.3921277657355247), (0, 2.1854723380966727), (0, 1.9767274150746035), (0, 2.0667647115610612), (0, 1.9723529801064539), (0, 2.0731736022317055), (0, 2.0417489178869), (0, 2.049956979732023), (0, 2.074013183333851), (0, 1.9966193667365233), (0, 2.0956375183656655), (0, 2.1126724261776086), (0, 1.95035174290747), (0, 2.0962413628720475), (0, 2.1055135473830124), (0, 1.9529281098841267), (0, 2.22664824499754), (0, 2.3448228419734627), (0, 2.1577890236993444), (0, 2.0545480894895918), (0, 2.148883270492581), (0, 2.059821712240037), (0, 2.0575464715069085), (0, 2.0896568776058584), (0, 2.0690749066010734), (0, 4.614886350440577), (0, 2.607978154546741), (0, 2.957243942888619), (0, 3.3035566444023705), (0, 2.8854606318842624), (0, 2.338503005703743), (0, 2.343637401439197), (0, 2.6243278600730906), (0, 2.55335188529142), (0, 2.346397726780283), (0, 2.310501968410363), (0, 2.35056038306967), (0, 2.3454291762950947), (0, 2.232155756145335), (0, 2.0619928086992307), (0, 2.121555881473863), (0, 2.161100281756221), (0, 2.0326499153708872), (0, 2.1066216530104716), (0, 2.235677721073172), (0, 2.197202246617418), (0, 2.042574568668119), (0, 2.1074453134492663), (0, 2.1768903275969085), (0, 2.016299620794082), (0, 2.0955296548634883), (0, 2.20036229190764), (0, 2.1492859524879533), (0, 1.9440481395877116), (0, 2.166316114544538), (0, 2.2474447908461483), (0, 2.139578481882023), (0, 1.9409575417509475), (0, 2.0843137125694238), (0, 2.087463166791211), (0, 1.9502601473160963), (0, 2.1650945823717085), (0, 2.2204687342018716), (0, 2.053446473077982), (0, 2.0320316136482197), (0, 2.145401683915233), (0, 2.1029435756931876), (0, 1.94245322894594), (0, 1.9863212491411704), (0, 1.900649502269367), (0, 1.8977853333441788), (0, 1.9717969827337851), (0, 1.9185072876837943), (0, 1.884998527770842), (0, 2.046862229331659), (0, 2.0064872550344277), (0, 1.932442927446296), (0, 1.9566355957218313), (0, 1.9717684148181063), (0, 1.9481843625742152), (0, 1.945188522124485), (0, 1.9955973429916078), (0, 1.9525905767593472), (0, 1.9593720735233604), (0, 1.9218975677891117), (0, 1.9315098748719377), (0, 1.9899298990611796), (0, 2.029023453192242), (0, 1.982660192181161), (0, 2.0129886164728927), (0, 1.8838943723040982), (0, 1.9045753448195335), (0, 1.9348623776390108), (0, 1.909494210576318), (0, 1.9791162376517228), (0, 1.8953592195687927), (0, 1.9317490910810273), (0, 1.9066675828928152), (0, 1.9483797916604828), (0, 1.9166093299995204), (0, 1.9100957856753327), (0, 1.892603006089709), (0, 1.9283150744204336), (0, 1.9045843905591782), (0, 1.9254047760003346), (0, 1.896783700522028), (0, 1.8822892430088183), (0, 2.0333419324635007), (0, 2.0173513066945934), (0, 1.9401972390576105), (0, 1.9169663473004113), (0, 1.9322705217804883), (0, 1.9134612096274155), (0, 1.9314099684260364), (0, 1.943089581893679), (0, 1.9082623794312226), (0, 1.913547830717328), (0, 1.9670809417047186), (0, 1.9246598920657705), (0, 1.9424546830731813), (0, 1.9613169347216093), (0, 1.8880684747263194), (0, 1.9134537963325402), (0, 1.9311660267504178), (0, 1.9073957098270446), (0, 1.9416414448480352), (0, 1.9501458960775773), (0, 1.9257863163525015), (0, 1.9678412897744735), (0, 1.9479678058179937), (0, 1.9782468410352472), (0, 1.8984105208344098), (0, 2.05214781349007), (0, 2.109920572834807), (0, 1.9539744472215554), (0, 2.054334513835704), (0, 2.0175443800790083), (0, 1.9929027367714858), (0, 2.0326728766721973), (0, 1.8571348629940019), (0, 1.9074255376234064), (0, 1.9224071344545939), (0, 1.9232832624927616), (0, 1.8921916817159172), (0, 1.9100045215903172), (0, 1.9686154005166714), (0, 1.934699315275967), (0, 2.0535612692990495), (0, 2.0457250151382174), (0, 1.9205090366265047), (0, 1.932934227587645), (0, 1.9771508714824784), (0, 1.9412343150204934), (0, 1.991584248647415), (0, 1.9968388488735223), (0, 1.913316603855212), (0, 1.8880889475915004), (0, 1.9347922262017014), (0, 1.8942337610383662), (0, 1.902324452513772), (0, 1.915354276278078), (0, 1.8801375445299975), (0, 1.9138048375176295), (0, 1.929122383150335), (0, 1.8786079711469525), (0, 1.9234240844268398), (0, 1.9201781447132513), (0, 1.923013133163157), (0, 1.9067541740758953), (0, 1.8873679194885875), (0, 1.9238870094858471), (0, 1.9797932533304499), (0, 1.94924733914561), (0, 1.944981768947377), (0, 1.9332944211050702), (0, 1.9002124784424632), (0, 1.961254320661827), (0, 1.894379370136768), (0, 2.0602145454025904), (0, 2.095335621318793), (0, 1.9889781693680981), (0, 2.0865318880840693), (0, 2.0317332754247626), (0, 1.9799774033473405), (0, 2.0804643982199265), (0, 2.034320601489035), (0, 2.022083344341423), (0, 2.12852005593865), (0, 1.979193196137325), (0, 2.0471896433523202), (0, 2.1571507328816724), (0, 2.0684446298454127), (0, 1.8836818053422106), (0, 2.061122782270287), (0, 2.0007025465431525), (0, 2.003541277274979), (0, 1.962626311393957), (0, 1.9770035838211668), (0, 1.9898528151706258), (0, 1.9756073703638222), (0, 2.0307285325240496), (0, 2.002690929823545), (0, 1.9116289350740383), (0, 2.1097831470219646), (0, 2.10262050975578), (0, 1.9017174978337368), (0, 2.1094282572567984), (0, 2.0605341122093077), (0, 1.9109051396339332), (0, 2.068566130196596), (0, 2.0015989871749524), (0, 2.1057862391021915), (0, 2.161779609472354), (0, 2.0449420098100974), (0, 2.0022707093328482), (0, 2.0189925806781805), (0, 1.9187715230982456), (0, 1.9672720025761234), (0, 1.9642398958595906), (0, 1.9060941502652453), (0, 1.9390531214508895), (0, 1.896519231599406), (0, 1.996830267958338), (0, 1.9338392034721357), (0, 2.072653310932144), (0, 2.0648093542199706), (0, 1.8466224025551135), (0, 2.09282238760162), (0, 2.060109538127042), (0, 1.8557023701054278), (0, 2.164198074634697), (0, 2.2328265320802023), (0, 2.0336105993711495), (0, 2.017127275459313), (0, 2.192378107548577), (0, 2.0543280229365526), (0, 1.9110092669981973), (0, 1.9714536339092952), (0, 1.9281640573315066), (0, 1.8852148923353378), (0, 2.0218236685056157), (0, 2.0050385958650625), (0, 1.9196585699864257), (0, 1.9148002369125925), (0, 1.9327500833985127), (0, 1.8595752206145912), (0, 1.9395516250649785), (0, 1.8828036460948978), (0, 1.9613301427746495), (0, 1.8446867432302516), (0, 2.003583163202346), (0, 1.8865140273281058), (0, 2.09901096949902), (0, 2.1645462152064106), (0, 1.940914646647856), (0, 2.135396953580948), (0, 2.2954490767277536), (0, 2.251379612742711), (0, 2.0543366067101867), (0, 2.060606602891886), (0, 2.138533545967425), (0, 1.983962960934784), (0, 1.9826499637675277), (0, 2.1272651877150763), (0, 1.9152683418973333), (0, 2.130485015430331), (0, 2.2963291453573715), (0, 2.1035114911131054), (0, 2.023010324466834), (0, 2.155917570527033), (0, 2.151455575712457), (0, 1.918700928142328), (0, 2.152341118153627), (0, 2.3489602977229613), (0, 2.1878415587621713), (0, 1.853404152708631), (0, 2.182909998661675), (0, 2.2186363618041427), (0, 2.0970196219412767), (0, 1.8866324533365857), (0, 2.0910779864204097), (0, 2.0699925794156635), (0, 1.8583346766535855), (0, 2.0767450201912214), (0, 2.1770578043168345), (0, 1.9304439416603927), (0, 2.0923120398167856), (0, 2.2260188766139213), (0, 2.114415949238967), (0, 1.8651545246322754), (0, 2.0213867491217354), (0, 1.9848256550831282), (0, 1.8734911997915902), (0, 1.8751054807649263), (0, 1.922847973842169), (0, 1.9073660330887643), (0, 2.0138799419412776), (0, 1.9913990995282356), (0, 1.9063511596356035), (0, 1.923364811230269), (0, 1.9215365798855102), (0, 1.9021909448892205), (0, 1.9321261652248596), (0, 1.9289667513315123), (0, 1.8896423909374194), (0, 1.8565706658142291), (0, 1.9886848234294896), (0, 2.032800905858022), (0, 1.8482342437580919), (0, 1.977146636914602), (0, 1.8875219949064255), (0, 2.0105138095280988), (0, 2.0706163036232375), (0, 1.9135771389526623), (0, 2.018825247394467), (0, 2.0803566622264564), (0, 1.876417059801269), (0, 2.0204553620328065), (0, 2.0669078006192336), (0, 1.852401257802619), (0, 2.05811255725114), (0, 2.0973457310446797), (0, 1.8974878077169848), (0, 2.1111780590266824), (0, 2.181701440749781), (0, 2.1124605499477656), (0, 1.8878234802412825), (0, 2.153176682889416), (0, 2.2498446612499055), (0, 2.0513993858874304), (0, 2.002561488005504), (0, 2.087184899314234), (0, 1.884633266718639), (0, 2.0736283035124106), (0, 2.222126670552047), (0, 2.011635972012197), (0, 2.0765774388418112), (0, 2.217479817664829), (0, 2.219532879573946), (0, 1.9432505996921996), (0, 2.088875332776404), (0, 2.2698385139613553), (0, 2.1366028735517166), (0, 1.8290966216033662), (0, 2.171477762509634), (0, 2.1731737657445667), (0, 2.0555285679094553), (0, 2.0271379695938205), (0, 2.1270403954238883), (0, 1.9641451918743242), (0, 2.0050118398330947), (0, 1.934938296132041), (0, 1.9007417200156427), (0, 1.9377737068027197), (0, 1.8694251282037142), (0, 1.8837038354332512), (0, 1.9142566474512532), (0, 1.9010909832951335), (0, 1.8922387844100534), (0, 1.8589513380095994), (0, 1.8279707282141409), (0, 1.8975208430069437), (0, 1.9624363204175082), (0, 1.8960465364789056), (0, 1.9408407785461776), (0, 1.9712652816926663), (0, 1.8666301654122994), (0, 1.936810323394201), (0, 1.868988992571415), (0, 2.0266073416447052), (0, 2.0671243821572394), (0, 1.919267780643485), (0, 2.00619366724828), (0, 2.1128944324511396), (0, 1.9744090180487277), (0, 1.9706560765730345), (0, 2.037461399611121), (0, 1.9297207821238784), (0, 1.93162590443619), (0, 1.992217137292262), (0, 1.834708234067365), (0, 2.1123409264990545), (0, 2.1563864828886974), (0, 2.076462415745091), (0, 1.9062902944945803), (0, 2.063013782549165), (0, 1.9694571016324978), (0, 1.8888104239130912), (0, 2.0043991067268387), (0, 1.9063406377841294), (0, 1.8779625728386713), (0, 1.9262768037949265), (0, 1.98572145545819), (0, 1.9244513277778355), (0, 2.0289566093477274), (0, 1.9431029488795473), (0, 1.8885668931991306), (0, 2.0650067722163197), (0, 1.9047660847432548), (0, 2.0768568887778334), (0, 2.197991768377037), (0, 2.074845550324758), (0, 1.9387688230136824), (0, 2.0402854139290403), (0, 1.9546678697457567), (0, 1.9333294522806448), (0, 1.947899826122074), (0, 1.8624028072627326), (0, 1.9064133863526715), (0, 1.869167905129553), (0, 1.8328466702183883), (0, 1.8766254222460417), (0, 1.8585195266993821), (0, 1.8457259468361484), (0, 1.8286676128833284), (0, 1.840287305002952), (0, 1.8236674386086236), (0, 1.8274581588069667), (0, 1.869995845882162), (0, 1.8377844813149538), (0, 1.9057679761767192), (0, 1.8337940811673947), (0, 2.0560076663394695), (0, 2.015170625078996), (0, 1.8739095132836616), (0, 2.0144507384832395), (0, 1.973007600004123), (0, 2.0011965887848584), (0, 2.043426244359501), (0, 1.929664750737188), (0, 1.9624568905650477), (0, 2.0355143095936516), (0, 1.9252409479492085), (0, 2.0532282168347233), (0, 2.074394078727989), (0, 1.993938929167561), (0, 2.035299363312101), (0, 2.1527041173722044), (0, 1.9417644976243305), (0, 1.985008385951935), (0, 2.2459149987645897), (0, 2.1227134021655996), (0, 2.016611259217941), (0, 2.118008740830204), (0, 2.05804098665006), (0, 1.9194489406830775), (0, 2.071694577089004), (0, 2.0290667574892214), (0, 1.8281795139944819), (0, 1.9527477077640638), (0, 1.9715696193358603), (0, 1.9632726323629077), (0, 1.880164941037352), (0, 1.8583096247882571), (0, 1.9590197927951691), (0, 1.8590527944336963), (0, 1.9470310737564036), (0, 1.8982853583885757), (0, 1.903123790812692), (0, 1.9455473131841723), (0, 1.835284756772002), (0, 1.9356270810696072), (0, 1.900319831986873), (0, 1.9159428145088417), (0, 1.9043974435906135), (0, 1.8890287556064755), (0, 1.9164150955553716), (0, 1.8655050634934107), (0, 1.9759191211519012), (0, 1.9107565444689136), (0, 1.8757561385628236), (0, 1.9051205554166406), (0, 1.9341110388891196), (0, 1.991575679457709), (0, 1.912384957320529), (0, 1.94126616345373), (0, 1.8337797533467872), (0, 1.9137060412045628), (0, 1.8736255446028445), (0, 1.9115462360512245), (0, 1.9311968508045845), (0, 1.8609657830822852), (0, 1.96310934421577), (0, 1.8543133060108672), (0, 1.891408112891252), (0, 1.8730572213086492), (0, 1.8796722197359608), (0, 1.8638088350737474), (0, 1.8907385722668928), (0, 1.889262181578529), (0, 1.8581745369876812), (0, 1.8669613568848058), (0, 1.987550612269832), (0, 1.8725659229975824), (0, 1.9206241261726253), (0, 1.9284924718649272), (0, 1.8654274881445405), (0, 1.9058781510822504), (0, 1.853652597532777), (0, 1.9217654685962087), (0, 1.8903584267577074), (0, 1.8797928126722758), (0, 1.9410182408088394), (0, 1.8410434103853601), (0, 1.8302753891288546), (0, 1.8295646718380125), (0, 1.799830968496522), (0, 1.810293736095881), (0, 1.8129977039438998), (0, 1.8287427412388233), (0, 1.8298855006689239), (0, 1.8416830941297837), (0, 1.8708175245991243), (0, 1.8151717618331973), (0, 1.9206518826359529), (0, 1.8612721176951177), (0, 1.9634934528549814), (0, 1.9386408344907566), (0, 1.8962153544449982), (0, 1.9188047738724492), (0, 1.9117615975454465), (0, 1.8914404880021858), (0, 1.8548004032540546), (0, 1.896512317908794)]