Model Setup for {PATIENT_GROUPS} Trained Network:

NODE Network Architecture Parameters
Input channels=2
Hidden channels=11
Output channels=2

Training hyperparameters
Optimizer=AdamW (
Parameter Group 0
    amsgrad: False
    betas: (0.9, 0.999)
    capturable: False
    differentiable: False
    eps: 1e-08
    foreach: None
    fused: None
    lr: 0.001
    maximize: False
    weight_decay: 0
)Training Iterations=1000
Learning rate=0.001
Weight decay=0
Optimizer reset frequency=500

Dropout probability (after initial linear layer before NCDE): 0.0
Training Data Selection Parameters
(If not virtual, the only important params are the groups and whether data was normalized/standardized)
Patient groups=['Control']
Augmentation strategy=Uniform
Noise Magnitude=0.05
Normalized/standardized=None
Number of virtual patients per real patient=100
Label smoothing factor=0
Test Patient Combinations:
Control: None
MDD: None
Training batch size=1
Training Results:
Runtime=72.42196202278137
Loss over time=[(0, 26.910670903563208), (0, 26.285427208531583), (0, 25.66081627073197), (0, 25.0376018794375), (0, 24.41589156178593), (0, 23.795121759364914), (0, 23.174918252333217), (0, 22.55547022009535), (0, 21.937175124178058), (0, 21.32029519164558), (0, 20.704787898569737), (0, 20.090248687213286), (0, 19.475926448505163), (0, 18.86079611241134), (0, 18.243665529911148), (0, 17.623291529565186), (0, 16.998482724152666), (0, 16.36816819551477), (0, 15.731412030413601), (0, 15.087363481810872), (0, 14.43517906146259), (0, 13.774022887195853), (0, 13.10319803120129), (0, 12.422277966391091), (0, 11.731120734675374), (0, 11.029819212387558), (0, 10.318655793980746), (0, 9.598077129402206), (0, 8.88424687123316), (0, 8.203890336207424), (0, 7.520223104595781), (0, 6.83437344527033), (0, 6.147970994604057), (0, 5.463241480996871), (0, 4.783079898569277), (0, 4.145185993691499), (0, 3.603326189558054), (0, 3.1035231034853252), (0, 2.63024979489896), (0, 2.234865118438463), (0, 1.9462131818997583), (0, 1.7868455091759572), (0, 1.7592028863572209), (0, 1.7941857965278212), (0, 1.9366463872137416), (0, 2.0808521988523276), (0, 2.2061364495044544), (0, 2.296884446600185), (0, 2.3589274140769847), (0, 2.3967223404838403), (0, 2.4136716967329934), (0, 2.412369139446358), (0, 2.394785384309475), (0, 2.3624079225886665), (0, 2.316345984228586), (0, 2.259976050519843), (0, 2.214059515750947), (0, 2.1608866625522127), (0, 2.119459282702589), (0, 2.079457275825801), (0, 2.044798219214908), (0, 2.0002262487202986), (0, 1.9465667823647714), (0, 1.9062931991789696), (0, 1.8689344293945238), (0, 1.8339805124703459), (0, 1.8236239954607951), (0, 1.8136729614814697), (0, 1.8112304946782949), (0, 1.8236825286386606), (0, 1.840927092685427), (0, 1.853752787288885), (0, 1.8633391853589478), (0, 1.869090246283767), (0, 1.8699453460666284), (0, 1.866354128947644), (0, 1.8587699183741213), (0, 1.8476405418797357), (0, 1.8340759012735484), (0, 1.8199964675664178), (0, 1.8061358001545011), (0, 1.7891209040081222), (0, 1.7794303189506722), (0, 1.7771433247750463), (0, 1.774664734209791), (0, 1.776109154921952), (0, 1.7766822436906664), (0, 1.7760444618256808), (0, 1.7743566037946243), (0, 1.7738523719734702), (0, 1.7718469209695322), (0, 1.7696272459758537), (0, 1.7669590686819432), (0, 1.7635188614275557), (0, 1.7596653654715475), (0, 1.7564893382960454), (0, 1.7514643028721402), (0, 1.747243319558335), (0, 1.7427915686709985), (0, 1.737420887543736), (0, 1.7337627761940433), (0, 1.7314055802353103), (0, 1.7289363185742785), (0, 1.727112245947751), (0, 1.7254175523428918), (0, 1.7232014328972243), (0, 1.7204845325710763), (0, 1.7177497599699263), (0, 1.7153052220036005), (0, 1.7143314544166715), (0, 1.7127433251282156), (0, 1.7105292411657766), (0, 1.7077242524515481), (0, 1.7049238450386512), (0, 1.702735349565007), (0, 1.701338142518685), (0, 1.6996692583797524), (0, 1.6973020370749468), (0, 1.6942839159432905), (0, 1.693946957237347), (0, 1.6921080895637208), (0, 1.688156653600344), (0, 1.6875418041686692), (0, 1.686789930496738), (0, 1.6851685982595732), (0, 1.6827311063092862), (0, 1.67954063307996), (0, 1.6756671496841546), (0, 1.6806180799070616), (0, 1.6731793706313973), (0, 1.6732196986576293), (0, 1.674808434807881), (0, 1.6752378203466713), (0, 1.6745529595358066), (0, 1.6728189634288675), (0, 1.6701155519978952), (0, 1.6665325192329605), (0, 1.6621659307383412), (0, 1.6571149406778432), (0, 1.653272462370726), (0, 1.65005174055448), (0, 1.6497579813849157), (0, 1.6492336929996751), (0, 1.6495703337574206), (0, 1.6487407082244987), (0, 1.6468225514646202), (0, 1.6439079141140227), (0, 1.6400983422031592), (0, 1.6355208138763637), (0, 1.6373626332764033), (0, 1.6358198089173235), (0, 1.633881202308644), (0, 1.6325651089015893), (0, 1.6301435208100725), (0, 1.6285712255092284), (0, 1.6277631895355953), (0, 1.625208907400485), (0, 1.6240022288577323), (0, 1.6229335568423204), (0, 1.6209284628866156), (0, 1.6196145676951113), (0, 1.6188067156288362), (0, 1.6172352628447841), (0, 1.6150727311347373), (0, 1.613408921445474), (0, 1.6120243599334254), (0, 1.6106219895869913), (0, 1.6096141745663848), (0, 1.6090969830494253), (0, 1.607831399621684), (0, 1.6048789646388009), (0, 1.6038810274092463), (0, 1.6027967970359784), (0, 1.6009496265146004), (0, 1.6011085879891005), (0, 1.598886170716881), (0, 1.598332082110881), (0, 1.5974124502886726), (0, 1.5959075945427779), (0, 1.5951024453171074), (0, 1.5931447025351446), (0, 1.5931358449859834), (0, 1.591894094345612), (0, 1.5893610526062083), (0, 1.5936303422001101), (0, 1.5870777143517578), (0, 1.5868923442835134), (0, 1.5858356310055812), (0, 1.5868071806161559), (0, 1.5838359154765944), (0, 1.5842025409097753), (0, 1.5825314634685865), (0, 1.579000865583113), (0, 1.5882503814565347), (0, 1.5795448369194778), (0, 1.583458745516384), (0, 1.5877311267868803), (0, 1.5902290080075623), (0, 1.5901823542670466), (0, 1.5877506649381552), (0, 1.5831552793615415), (0, 1.5767582730089933), (0, 1.5747721764439264), (0, 1.5712949749261569), (0, 1.576400407675199), (0, 1.5804013208064078), (0, 1.5775613945858498), (0, 1.5759401602479683), (0, 1.573798670049056), (0, 1.5691995795863714), (0, 1.5735072697296304), (0, 1.568835642995267), (0, 1.5685099236500528), (0, 1.5652769506825381), (0, 1.5662751854486503), (0, 1.567042472897287), (0, 1.5614559905664018), (0, 1.5584332124346632), (0, 1.5604979655886013), (0, 1.5599034091652313), (0, 1.5587181161719534), (0, 1.5559852534934577), (0, 1.5597179922521895), (0, 1.5597013305266325), (0, 1.5552713718636768), (0, 1.5552511061964829), (0, 1.5551927386858075), (0, 1.5544608404215905), (0, 1.5545873611233638), (0, 1.5517359428371658), (0, 1.5513289085583202), (0, 1.5496471776490663), (0, 1.5510449853497974), (0, 1.5512111662897654), (0, 1.548731557560707), (0, 1.5478308410123942), (0, 1.5487864143650798), (0, 1.5469118733774245), (0, 1.5481611098976777), (0, 1.547338609890881), (0, 1.546113170788413), (0, 1.5508652752136514), (0, 1.5500575086141557), (0, 1.548408147949121), (0, 1.5460214265180086), (0, 1.5465162420707386), (0, 1.5427665153005634), (0, 1.5463853392878535), (0, 1.5478561706435479), (0, 1.543938548516902), (0, 1.5424601241376172), (0, 1.544486043356219), (0, 1.5420947974783485), (0, 1.5395792072028713), (0, 1.5397892318473283), (0, 1.5382323310536448), (0, 1.5372718543047923), (0, 1.5394040088737668), (0, 1.5382964954188993), (0, 1.536964701436022), (0, 1.5369777845175114), (0, 1.5346461298539824), (0, 1.5336141312630922), (0, 1.5355285669848049), (0, 1.5327580870420134), (0, 1.535707095759627), (0, 1.5361225134566576), (0, 1.5339131865232887), (0, 1.5320372599429932), (0, 1.5318327727350474), (0, 1.531736431246899), (0, 1.531132529848202), (0, 1.5313030299648205), (0, 1.5330708308650456), (0, 1.5314610120646586), (0, 1.5305982445589779), (0, 1.530135938507898), (0, 1.5293927483688394), (0, 1.531698178630213), (0, 1.531712548744774), (0, 1.5275458908089086), (0, 1.5288146652885672), (0, 1.5305797657295002), (0, 1.5285077180222486), (0, 1.5259873513873194), (0, 1.5257902370346708), (0, 1.5259012404634134), (0, 1.5240433603734147), (0, 1.524849087520733), (0, 1.5229108766856003), (0, 1.5249058411108067), (0, 1.5274904663289681), (0, 1.52486717742658), (0, 1.5240676940914761), (0, 1.5244402221275437), (0, 1.5241944759171546), (0, 1.5196143861750329), (0, 1.5232741220263544), (0, 1.5254592964924678), (0, 1.5215741385543529), (0, 1.5181391070608425), (0, 1.520252440196399), (0, 1.5177793262842156), (0, 1.5171257032974388), (0, 1.5171694080794074), (0, 1.5168492402010387), (0, 1.5171778142258652), (0, 1.5154368073234321), (0, 1.5179102103268212), (0, 1.5182911539570585), (0, 1.5152760731770878), (0, 1.5148724345356113), (0, 1.517923740755821), (0, 1.5179301940270564), (0, 1.5135408061292843), (0, 1.512338825926267), (0, 1.5142718935731165), (0, 1.5099433315545099), (0, 1.5130007461354014), (0, 1.5153688323357586), (0, 1.513094359725728), (0, 1.5101166851608703), (0, 1.510979852807724), (0, 1.5113126759823465), (0, 1.5082072629338732), (0, 1.5090056815602155), (0, 1.509282817623201), (0, 1.5108524097583569), (0, 1.5083433502977577), (0, 1.5086039832508524), (0, 1.5076859536393288), (0, 1.50466623840078), (0, 1.5048822461577052), (0, 1.5063426407938565), (0, 1.506376074042158), (0, 1.5033077577104956), (0, 1.5025522996239398), (0, 1.5065995800538656), (0, 1.5042510986819528), (0, 1.5063692732545904), (0, 1.5059453262805873), (0, 1.504502176888132), (0, 1.503170552535889), (0, 1.5007144998755704), (0, 1.4985889640767864), (0, 1.4989461406216014), (0, 1.500525039049821), (0, 1.5010760130958196), (0, 1.4972125714880555), (0, 1.4960989229768151), (0, 1.4984181782644292), (0, 1.4960669095494998), (0, 1.494131898152269), (0, 1.499517388349059), (0, 1.499906150614992), (0, 1.4974789929025383), (0, 1.492738814628831), (0, 1.4930986480809212), (0, 1.4956583185136794), (0, 1.4937135077213322), (0, 1.4942718975864424), (0, 1.492500878849407), (0, 1.4924749522745069), (0, 1.495978735867896), (0, 1.4977989234442495), (0, 1.4949942023299878), (0, 1.494181025445091), (0, 1.4913772917282815), (0, 1.491974170338594), (0, 1.4927503234904145), (0, 1.490137375670175), (0, 1.4850918640488424), (0, 1.485475964962867), (0, 1.486601668193579), (0, 1.4841779630226257), (0, 1.4871423382456521), (0, 1.488463303099197), (0, 1.4832947849834575), (0, 1.483802314486744), (0, 1.4868272418338373), (0, 1.486473441278373), (0, 1.484100707959101), (0, 1.4799218504358365), (0, 1.4807402377211067), (0, 1.4843059676220323), (0, 1.478907051629369), (0, 1.4806042011914748), (0, 1.484013783196729), (0, 1.4819058241973282), (0, 1.47644682916715), (0, 1.4756818076537954), (0, 1.4730511197282363), (0, 1.4778181579090601), (0, 1.4804291874974107), (0, 1.4712260900263716), (0, 1.4830276278240175), (0, 1.4874319830617535), (0, 1.4814576205830134), (0, 1.4804656377250482), (0, 1.4751116333328307), (0, 1.4669953303019134), (0, 1.4820443307912698), (0, 1.4798200042601657), (0, 1.4733496991368704), (0, 1.4830473295369024), (0, 1.4821195619096372), (0, 1.4794289062410448), (0, 1.4793321922266287), (0, 1.4818717163758757), (0, 1.4695256414239588), (0, 1.4641911308128959), (0, 1.4735066860232626), (0, 1.4705014528417828), (0, 1.461875691308695), (0, 1.4643861928094), (0, 1.461242816864101), (0, 1.4645438081361932), (0, 1.4622560538020273), (0, 1.4614813449911617), (0, 1.463361038115882), (0, 1.4629573637549078), (0, 1.4599857302787145), (0, 1.4558408457590872), (0, 1.4557797902509897), (0, 1.4557552050980969), (0, 1.4578531674698283), (0, 1.4546520640890548), (0, 1.4524805743054954), (0, 1.4508638893270818), (0, 1.4526516642928986), (0, 1.4528521533147172), (0, 1.4513262594707521), (0, 1.4503440953570328), (0, 1.4519384695989177), (0, 1.4518956228490894), (0, 1.4565936701016304), (0, 1.4558305025695952), (0, 1.4500036625667894), (0, 1.4560118698318438), (0, 1.45386663655008), (0, 1.4513021691582717), (0, 1.4449487934787137), (0, 1.450289401939633), (0, 1.443900377303375), (0, 1.4456580232021983), (0, 1.4428585969131356), (0, 1.4450146267629473), (0, 1.446731526148455), (0, 1.4444623611854102), (0, 1.4458321858645704), (0, 1.448289347890333), (0, 1.4387613432570454), (0, 1.4484648598105763), (0, 1.4519534348360823), (0, 1.4485089996384397), (0, 1.4463073640058128), (0, 1.4453992582613298), (0, 1.4473871571471013), (0, 1.4418869186969177), (0, 1.4609163110111383), (0, 1.447419235266568), (0, 1.452723985947066), (0, 1.4426427479159591), (0, 1.4426156157539067), (0, 1.44758071646415), (0, 1.4391784492563067), (0, 1.4676308953306256), (0, 1.4348523413477865), (0, 1.454296725858268), (0, 1.4450588575159347), (0, 1.4446403279953812), (0, 1.453008359915257), (0, 1.4572469916009867), (0, 1.4485161318277433), (0, 1.4575086465159826), (0, 1.4353645035908382), (0, 1.451980626776089), (0, 1.4455300325879559), (0, 1.4424680901093831), (0, 1.444141097960057), (0, 1.4443587310391734), (0, 1.456639979666077), (0, 1.4553172057723338), (0, 1.4418542814860322), (0, 1.493139705876873), (0, 1.4375807479421285), (0, 1.5314906056958224), (0, 1.5670707418529362), (0, 1.4861094150540402), (0, 1.467328350704573), (0, 1.5082430168701217), (0, 1.4516093145710387), (0, 1.461738820382063), (0, 1.4659644113087973), (0, 1.4388944587937968), (0, 1.5061395864233007), (0, 1.5341990017953195), (0, 1.4784062775238562), (0, 1.4645258398501715), (0, 1.5254556164985167), (0, 1.4988272285348656), (0, 1.5705995060484335), (0, 1.5401634750246584), (0, 1.512914037914963), (0, 1.4848904928998161), (0, 1.4706045861183668), (0, 1.4877328002469894), (0, 1.4491749935824125), (0, 1.440444100287516), (0, 1.4572891234532344), (0, 1.4633819069582499), (0, 1.4582367304420698), (0, 1.4284690481792366), (0, 1.4389625096076475), (0, 1.4431848908216656), (0, 1.4373500035264346), (0, 1.4350332662284293), (0, 1.4263919668667357), (0, 1.4342631312469054), (0, 1.4626294587343975), (0, 1.4322637927497013), (0, 1.4707016936153805), (0, 1.4698869060772877), (0, 1.4460757152321444), (0, 1.4647683623783918), (0, 1.4705463570868338), (0, 1.4496692241109785), (0, 1.433191931426075), (0, 1.4463843283070636), (0, 1.440117636974927), (0, 1.4385816858350167), (0, 1.4220597258943848), (0, 1.441766692919906), (0, 1.432991461656534), (0, 1.4431971932800467), (0, 1.4460453546015624), (0, 1.441783388973895), (0, 1.4310255525995315), (0, 1.4420900805006711), (0, 1.416022975237262), (0, 1.4329774450097814), (0, 1.4331276757899651), (0, 1.4175448164811078), (0, 1.428389996035705), (0, 1.427837657349999), (0, 1.436957296372428), (0, 1.4307619794472164), (0, 1.4349673138374082), (0, 1.4326114363786897), (0, 1.4233986673863084), (0, 1.4186810804441958), (0, 1.4290592303913374), (0, 1.4332935266998101), (0, 1.422022722316235), (0, 1.425615906081475), (0, 1.425117467685018), (0, 1.4260352274915233), (0, 1.4210481409963907), (0, 1.414646140339366), (0, 1.423620127184974), (0, 1.414302749430346), (0, 1.4207340681213507), (0, 1.4241642369076315), (0, 1.4245297453063006), (0, 1.4218604217026412), (0, 1.4154558538852358), (0, 1.4349671051577155), (0, 1.4308600552859339), (0, 1.419691495386226), (0, 1.4459742876255761), (0, 1.446824641597794), (0, 1.446015736932481), (0, 1.4416449558514701), (0, 1.4341096058626919), (0, 1.4221333608397375), (0, 1.4212196924413105), (0, 1.4376386092908824), (0, 1.4253757772406486), (0, 1.4225348631818269), (0, 1.4337308552765178), (0, 1.436533738611406), (0, 1.438167941789985), (0, 1.4254802073142843), (0, 1.4162800828036153), (0, 1.4315561268522166), (0, 1.4482149091888663), (0, 1.4194600606132417), (0, 1.4214885530217287), (0, 1.4282992055912218), (0, 1.4305901265553786), (0, 1.431253426823507), (0, 1.4293240998966281), (0, 1.4255539001343447), (0, 1.422430031555458), (0, 1.4339546528897904), (0, 1.427311940761199), (0, 1.4568731045779182), (0, 1.4325654934844863), (0, 1.4273613793730928), (0, 1.4561302075094984), (0, 1.4339132653212678), (0, 1.4315212473830239), (0, 1.421892586034012), (0, 1.418081294286494), (0, 1.436736315987451), (0, 1.4227193808444367), (0, 1.4377649944311945), (0, 1.442388115186434), (0, 1.4426111165335764), (0, 1.4474240104541083), (0, 1.4391616604532504), (0, 1.4189847049747402), (0, 1.4406156154801766), (0, 1.4478621633238886), (0, 1.442228678426053), (0, 1.4160879622807847), (0, 1.4295157567424452), (0, 1.437339492103797), (0, 1.4368711034563786), (0, 1.4304301374961497), (0, 1.4297525901110182), (0, 1.4201042935941575), (0, 1.419653639587355), (0, 1.4329030252964345), (0, 1.426640639945441), (0, 1.4168318561678328), (0, 1.4257929720091764), (0, 1.4255398329001432), (0, 1.4286740252563184), (0, 1.4257546458606092), (0, 1.4216042293764815), (0, 1.4164723100120433), (0, 1.426388414199159), (0, 1.419066894552125), (0, 1.4250601799863538), (0, 1.4151234294641044), (0, 1.4383178352961705), (0, 1.4223833595124955), (0, 1.427172861357568), (0, 1.4298458875434938), (0, 1.4147979388864855), (0, 1.4229483648313532), (0, 1.422593451489561), (0, 1.4184866366163853), (0, 1.438389843620252), (0, 1.415921091339532), (0, 1.4318936199837105), (0, 1.4312700609530815), (0, 1.4158413252789226), (0, 1.4290867379572456), (0, 1.4263631893485833), (0, 1.4306996814033466), (0, 1.4156421109953825), (0, 1.4367848145673678), (0, 1.4169648283077132), (0, 1.4240881449363885), (0, 1.4142472564827242), (0, 1.4147136097851392), (0, 1.424206892902735), (0, 1.4365685226710754), (0, 1.4225630784144487), (0, 1.4332512788503502), (0, 1.4304372233644194), (0, 1.4362193860122707), (0, 1.4294587636050584), (0, 1.4212288343891033), (0, 1.4292850438277658), (0, 1.4231509302718435), (0, 1.4177103107867326), (0, 1.4230494837719625), (0, 1.4243388076718082), (0, 1.4317972039339013), (0, 1.430934289675779), (0, 1.4224757748746812), (0, 1.415869135393772), (0, 1.4190004640411684), (0, 1.428462856063095), (0, 1.4201244607815882), (0, 1.42181200386692), (0, 1.4289658723333734), (0, 1.4286080708232587), (0, 1.4205544250971358), (0, 1.418892339911601), (0, 1.4447017088650551), (0, 1.4199789643429777), (0, 1.4281778714097304), (0, 1.4168553415415792), (0, 1.425858470927472), (0, 1.4305548070469143), (0, 1.4237790139854156), (0, 1.4307617466343587), (0, 1.4168070441902898), (0, 1.425408496119721), (0, 1.4184997255784404), (0, 1.4385675544889134), (0, 1.419114200527847), (0, 1.4317363707262964), (0, 1.4314538936488586), (0, 1.4310746564891585), (0, 1.4611115335307199), (0, 1.4294638840388698), (0, 1.4273116429815431), (0, 1.4217890382671243), (0, 1.4342210705523935), (0, 1.4191209927339712), (0, 1.447935825197889), (0, 1.4227231059491237), (0, 1.4385908768741407), (0, 1.4457865810524233), (0, 1.4387847317472982), (0, 1.4650672060157213), (0, 1.4537846451071794), (0, 1.4254441164325247), (0, 1.4809724699668843), (0, 1.4268602325532747), (0, 1.4817761934959754), (0, 1.4960399541654235), (0, 1.4274826905283913), (0, 1.450515912377799), (0, 1.4266469148662309), (0, 1.4266024453879902), (0, 1.434665929021685), (0, 1.4236072338543246), (0, 1.4342281784548276), (0, 1.4186347030910975), (0, 1.4347146419891625), (0, 1.4473476771555982), (0, 1.4268540158668792), (0, 1.441448700285673), (0, 1.4245975525796388), (0, 1.4235430900493282), (0, 1.417294040752137), (0, 1.4405682267351745), (0, 1.4222539336387225), (0, 1.445924943201842), (0, 1.4346896783415894), (0, 1.433917925096587), (0, 1.4577435335927176), (0, 1.4393573108674358), (0, 1.4279177211170302), (0, 1.4606074287487445), (0, 1.4403468681755596), (0, 1.4692693472313465), (0, 1.486342473979718), (0, 1.4402404427048978), (0, 1.4519934636801481), (0, 1.47263233881327), (0, 1.462235381947282), (0, 1.4464129323942208), (0, 1.4548555606384823), (0, 1.4580986815539958), (0, 1.4222783540889201), (0, 1.4608294429994215), (0, 1.4383414944020927), (0, 1.4674667419749037), (0, 1.4758310834661108), (0, 1.423233958288043), (0, 1.461200542987514), (0, 1.5100976410280338), (0, 1.4759534552609517), (0, 1.4522709862925345), (0, 1.4658055794355747), (0, 1.4798917199235004), (0, 1.421016586434007), (0, 1.4425203129120883), (0, 1.4372706769321175), (0, 1.4595322134708602), (0, 1.460724652392476), (0, 1.416275562034439), (0, 1.4286238097626285), (0, 1.4248185328914313), (0, 1.4212533693125098), (0, 1.4337333625613373), (0, 1.429627285365769), (0, 1.432886967493078), (0, 1.4288675611887491), (0, 1.4265978584368317), (0, 1.4206603900257884), (0, 1.4180063579359092), (0, 1.4163255770139738), (0, 1.4163520051853482), (0, 1.4186951438426312), (0, 1.4174513690129238), (0, 1.4195675335224585), (0, 1.4151937514852395), (0, 1.4189282667602152), (0, 1.4225308808360189), (0, 1.4155699982199685), (0, 1.4189956501081271), (0, 1.4163742587117356), (0, 1.4255924950767858), (0, 1.424777110411977), (0, 1.4311954160905496), (0, 1.4256301152801985), (0, 1.4209852764411854), (0, 1.4345228914501744), (0, 1.4173976777806465), (0, 1.4217124280322304), (0, 1.4127466317995288), (0, 1.432528203266607), (0, 1.416570058019052), (0, 1.4291482481562385), (0, 1.4229274626921953), (0, 1.4233139906718024), (0, 1.4138518110797047), (0, 1.4285439763193197), (0, 1.4260813548013045), (0, 1.4139873363334876), (0, 1.4144336272533988), (0, 1.417589886618901), (0, 1.4148206300952815), (0, 1.4148869338289), (0, 1.415314358205374), (0, 1.418952523705619), (0, 1.424412844912642), (0, 1.4268751717692554), (0, 1.429380546870884), (0, 1.424107567698358), (0, 1.4286007323641903), (0, 1.4293070200485916), (0, 1.4228295581851045), (0, 1.4223758534216735), (0, 1.4231216579702108), (0, 1.4355738387247732), (0, 1.4300236047636468), (0, 1.4163721814085435), (0, 1.4321904274367017), (0, 1.4399116711688953), (0, 1.4288555413772963), (0, 1.4246497564451408), (0, 1.453454931893517), (0, 1.421856169044989), (0, 1.4329498180682392), (0, 1.4424461746148933), (0, 1.4219826258942818), (0, 1.4152315689230948), (0, 1.4261837294355173), (0, 1.4276576792837146), (0, 1.4143969452700793), (0, 1.4180754960115995), (0, 1.4137301172469492), (0, 1.4167744551369454), (0, 1.4176991372234096), (0, 1.4231726074130515), (0, 1.423810464263229), (0, 1.4160675954049753), (0, 1.4254337710636074), (0, 1.4217955580464123), (0, 1.4261735748697992), (0, 1.4175210205653115), (0, 1.432468680921692), (0, 1.4135602553942002), (0, 1.432829886130654), (0, 1.415190695250927), (0, 1.448112033458559), (0, 1.4359832643843227), (0, 1.4337771124377452), (0, 1.462690311717491), (0, 1.4586218662323993), (0, 1.431499751336288), (0, 1.4363595217320095), (0, 1.4321834987982112), (0, 1.427820458758459), (0, 1.4451877657036498), (0, 1.4264249323496803), (0, 1.4243122513719022), (0, 1.4286380651071724), (0, 1.4207122886383252), (0, 1.4171374360601503), (0, 1.4138258306237248), (0, 1.4247402509926346), (0, 1.4302508530230336), (0, 1.4154307126921248), (0, 1.4151712595405037), (0, 1.4167392169232067), (0, 1.417627301258923), (0, 1.4179458027335399), (0, 1.414599477898969), (0, 1.434142385194663), (0, 1.4116412238989118), (0, 1.4275130841924892), (0, 1.4124340100236947), (0, 1.4169441760726484), (0, 1.4146933582302763), (0, 1.4162132770008695), (0, 1.4219236875844794), (0, 1.4207962766698812), (0, 1.4205846002328821), (0, 1.4237959945701157), (0, 1.4118398165001307), (0, 1.4190217034186114), (0, 1.415349442025163), (0, 1.4240515367114657), (0, 1.4188143782374973), (0, 1.419868400959574), (0, 1.416695202534124), (0, 1.4317041886536557), (0, 1.4188475872420865), (0, 1.4234390001776906), (0, 1.4133022690134096), (0, 1.4158942067279734), (0, 1.4206364835193046), (0, 1.4181380317732495), (0, 1.427661769923396), (0, 1.4141809205556108), (0, 1.4213026694701911), (0, 1.4121981532455938), (0, 1.4129260372735495), (0, 1.4127535133134945), (0, 1.4129692475340572), (0, 1.412121417219751), (0, 1.4151692528902795), (0, 1.4135896180836243), (0, 1.4184908692223912), (0, 1.4131450075067327), (0, 1.4194558277038218), (0, 1.424153061841425), (0, 1.4291000537532859), (0, 1.427498777122664), (0, 1.4208720251676192), (0, 1.4255569449088745), (0, 1.4258193503665364), (0, 1.4189168063248563), (0, 1.4176055164454124), (0, 1.4347743305757517), (0, 1.4155035278724268), (0, 1.4221774181798736), (0, 1.4193813935701478), (0, 1.4194915907823835), (0, 1.416494509935073), (0, 1.420890860715148), (0, 1.4215101163058537), (0, 1.4233530234848748), (0, 1.4146262988633163), (0, 1.415595241996728), (0, 1.4227851722063678), (0, 1.422222894496368), (0, 1.420168902077583), (0, 1.428115983758875), (0, 1.4215818272696972), (0, 1.4236927655415088), (0, 1.4153245105903058), (0, 1.4186002306334051), (0, 1.4268999506102111), (0, 1.4144047133820337), (0, 1.414860525469653), (0, 1.4159742953848005), (0, 1.4162305495750913), (0, 1.412291518406547), (0, 1.4218632029881542), (0, 1.4175839882079868), (0, 1.4280393571326342), (0, 1.4175602023270688), (0, 1.4131049275572942), (0, 1.418766939774727), (0, 1.42024268267462), (0, 1.4205627472758773), (0, 1.415980860204961), (0, 1.4123503863755624), (0, 1.4179337370099758), (0, 1.4240107999737739), (0, 1.4224213600444964), (0, 1.4158288103332781), (0, 1.4152808569951711), (0, 1.4115110716308061), (0, 1.423434588058286), (0, 1.4165188660554628), (0, 1.4405712152365933), (0, 1.427200369529885), (0, 1.4488732762131569), (0, 1.4310092005310209), (0, 1.42965539439072), (0, 1.4686864251388234), (0, 1.4428241396372308), (0, 1.431033387011046), (0, 1.4519293912562965), (0, 1.4241382149386925), (0, 1.4750717662026382), (0, 1.504803101728252), (0, 1.430935866929737), (0, 1.4879545769352027), (0, 1.5177303503009687), (0, 1.4497314821679146), (0, 1.453599936801542), (0, 1.513778498509616), (0, 1.4536480341290228), (0, 1.4460862494037097), (0, 1.5220947810572092), (0, 1.4860559639705608), (0, 1.4110625171481879), (0, 1.4940492847622415), (0, 1.4805652435214347), (0, 1.4187444170220358), (0, 1.460408569478412), (0, 1.4400150854665366), (0, 1.4257320691885482), (0, 1.512707183470269), (0, 1.4929193012698532), (0, 1.4371884331042895), (0, 1.4743486609554042)]