Model Setup for {PATIENT_GROUPS} Trained Network:

NODE Network Architecture Parameters
Input channels=2
Hidden channels=32
Output channels=2

Training hyperparameters
Optimizer=AdamW (
Parameter Group 0
    amsgrad: False
    betas: (0.9, 0.999)
    capturable: False
    differentiable: False
    eps: 1e-08
    foreach: None
    fused: None
    lr: 0.001
    maximize: False
    weight_decay: 1e-06
)Training Iterations=4000
Learning rate=0.001
Weight decay=1e-06
Optimizer reset frequency=200

Dropout probability (after initial linear layer before NCDE): 0.0
Training Data Selection Parameters
(If not virtual, the only important params are the groups and whether data was normalized/standardized)
Patient groups=['Control']
Augmentation strategy=Uniform
Noise Magnitude=0.05
Normalized/standardized=None
Number of virtual patients per real patient=100
Label smoothing factor=0
Test Patient Combinations:
Control: None
MDD: None
Training batch size=1
Training Results:
Runtime=471.6557629108429
Loss over time=[(0, 8.180209924758417), (0, 6.202968782932314), (0, 4.798876531460209), (0, 4.424573681571267), (0, 4.424573681571267), (0, 4.424573681571267), (0, 4.424573681571267), (0, 4.424573681571267), (0, 4.424573681571267), (0, 4.424573681571267), (0, 4.424573681571267), (0, 4.424573681571267), (0, 4.424573681571267), (0, 4.424573681571267), (0, 4.424573681571267), (0, 4.424573681571267), (0, 4.424573681571267), (0, 4.424573681571267), (0, 4.424573681571267), (0, 4.424573681571267), (0, 4.424573681571267), (0, 4.424573681571267), (0, 4.424573681571267), (0, 4.424573681571267), (0, 4.424573681571267), (0, 4.424573681571267), (0, 4.424573681571267), (0, 4.424573681571267), (0, 4.424573681571267), (0, 4.424573681571267), (0, 4.424573681571267), (0, 4.424573681571267), (0, 4.424573681571267), (0, 4.424573681571267), (0, 4.424573681571267), (0, 4.424573681571267), (0, 4.424573681571267), (0, 4.424573681571267), (0, 4.424573681571267), (0, 4.424573681571267), (0, 4.424573681571267), (0, 4.424573681571267), (0, 4.424573681571267), (0, 4.424573681571267), (0, 4.424573681571267), (0, 4.424573681571267), (0, 4.424573681571267), (0, 4.424573681571267), (0, 4.424573681571267), (0, 4.424573681571267), (0, 4.424573681571267), (0, 4.424573681571267), (0, 4.424573681571267), (0, 4.424573681571267), (0, 4.424573681571267), (0, 4.424573681571267), (0, 4.424573681571267), (0, 4.424573681571267), (0, 4.424573681571267), (0, 4.424573681571267), (0, 4.424573681571267), (0, 4.424573681571267), (0, 4.424573681571267), (0, 4.424573681571267), (0, 4.424573681571267), (0, 4.424573681571267), (0, 4.424573681571267), (0, 4.424573681571267), (0, 4.424573681571267), (0, 4.424573681571267), (0, 4.424573681571267), (0, 4.424573681571267), (0, 4.424573681571267), (0, 4.424573681571267), (0, 4.424573681571267), (0, 4.424573681571267), (0, 4.424573681571267), (0, 4.424573681571267), (0, 4.424573681571267), (0, 4.424573681571267), (0, 4.424573681571267), (0, 4.424573681571267), (0, 4.424573681571267), (0, 4.424573681571267), (0, 4.424573681571267), (0, 4.424573681571267), (0, 4.424573681571267), (0, 4.424573681571267), (0, 4.424573681571267), (0, 4.424573681571267), (0, 4.424573681571267), (0, 4.424573681571267), (0, 4.424573681571267), (0, 4.424573681571267), (0, 4.424573681571267), (0, 4.424573681571267), (0, 4.424573681571267), (0, 4.424573681571267), (0, 4.424573681571267), (0, 4.424573681571267), (0, 4.424573681571267), (0, 4.424573681571267), (0, 4.424573681571267), (0, 4.424573681571267), (0, 4.424573681571267), (0, 4.424573681571267), (0, 4.424573681571267), (0, 4.424573681571267), (0, 4.424573681571267), (0, 4.424573681571267), (0, 4.424573681571267), (0, 4.424573681571267), (0, 4.424573681571267), (0, 4.424573681571267), (0, 4.424573681571267), (0, 4.424573681571267), (0, 4.424573681571267), (0, 4.424573681571267), (0, 4.424573681571267), (0, 4.424573681571267), (0, 4.424573681571267), (0, 4.424573681571267), (0, 4.424573681571267), (0, 4.424573681571267), (0, 4.424573681571267), (0, 4.424573681571267), (0, 4.424573681571267), (0, 4.424573681571267), (0, 4.424573681571267), (0, 4.424573681571267), (0, 4.424573681571267), (0, 4.424573681571267), (0, 4.424573681571267), (0, 4.424573681571267), (0, 4.424573681571267), (0, 4.424573681571267), (0, 4.424573681571267), (0, 4.424573681571267), (0, 4.424573681571267), (0, 4.424573681571267), (0, 4.424573681571267), (0, 4.424573681571267), (0, 4.424573681571267), (0, 4.424573681571267), (0, 4.424573681571267), (0, 4.424573681571267), (0, 4.424573681571267), (0, 4.424573681571267), (0, 4.424573681571267), (0, 4.424573681571267), (0, 4.424573681571267), (0, 4.424573681571267), (0, 4.424573681571267), (0, 4.424573681571267), (0, 4.424573681571267), (0, 4.424573681571267), (0, 4.424573681571267), (0, 4.424573681571267), (0, 4.424573681571267), (0, 4.424573681571267), (0, 4.424573681571267), (0, 4.424573681571267), (0, 4.424573681571267), (0, 4.424573681571267), (0, 4.424573681571267), (0, 4.424573681571267), (0, 4.424573681571267), (0, 4.424573681571267), (0, 4.424573681571267), (0, 4.424573681571267), (0, 4.424573681571267), (0, 4.424573681571267), (0, 4.424573681571267), (0, 4.424573681571267), (0, 4.424573681571267), (0, 4.424573681571267), (0, 4.424573681571267), (0, 4.424573681571267), (0, 4.424573681571267), (0, 4.424573681571267), (0, 4.424573681571267), (0, 4.424573681571267), (0, 4.424573681571267), (0, 4.424573681571267), (0, 4.424573681571267), (0, 4.424573681571267), (0, 4.424573681571267), (0, 4.424573681571267), (0, 4.424573681571267), (0, 4.424573681571267), (0, 4.424573681571267), (0, 4.424573681571267), (0, 4.424573681571267), (0, 4.424573681571267), (0, 4.424573681571267), (0, 4.424573681571267), (0, 4.424573681571267), (0, 4.424573681571267), (0, 4.424573681571267), (0, 4.424573681571267), (0, 4.424573681571267), (0, 4.424573681571267), (0, 4.424573681571267), (0, 4.424573681571267), (0, 4.424573681571267), (0, 4.424573681571267), (0, 4.424573681571267), (0, 4.424573681571267), (0, 4.424573681571267), (0, 4.424573681571267), (0, 4.424573681571267), (0, 4.424573681571267), (0, 4.424573681571267), (0, 4.424573681571267), (0, 4.424573681571267), (0, 4.424573681571267), (0, 4.424573681571267), (0, 4.424573681571267), (0, 4.424573681571267), (0, 4.424573681571267), (0, 4.424573681571267), (0, 4.424573681571267), (0, 4.424573681571267), (0, 4.424573681571267), (0, 4.424573681571267), (0, 4.424573681571267), (0, 4.424573681571267), (0, 4.424573681571267), (0, 4.424573681571267), (0, 4.424573681571267), (0, 4.424573681571267), (0, 4.424573681571267), (0, 4.424573681571267), (0, 4.424573681571267), (0, 4.424573681571267), (0, 4.424573681571267), (0, 4.424573681571267), (0, 4.424573681571267), (0, 4.424573681571267), (0, 4.424573681571267), (0, 4.424573681571267), (0, 4.424573681571267), (0, 4.424573681571267), (0, 4.424573681571267), (0, 4.424573681571267), (0, 4.424573681571267), (0, 4.424573681571267), (0, 4.424573681571267), (0, 4.424573681571267), (0, 4.424573681571267), (0, 4.424573681571267), (0, 4.424573681571267), (0, 4.424573681571267), (0, 4.424573681571267), (0, 4.424573681571267), (0, 4.424573681571267), (0, 4.424573681571267), (0, 4.424573681571267), (0, 4.424573681571267), (0, 4.424573681571267), (0, 4.424573681571267), (0, 4.424573681571267), (0, 4.424573681571267), (0, 4.424573681571267), (0, 4.424573681571267), (0, 4.424573681571267), (0, 4.424573681571267), (0, 4.424573681571267), (0, 4.424573681571267), (0, 4.424573681571267), (0, 4.424573681571267), (0, 4.424573681571267), (0, 4.424573681571267), (0, 4.424573681571267), (0, 4.424573681571267), (0, 4.424573681571267), (0, 4.424573681571267), (0, 4.424573681571267), (0, 4.424573681571267), (0, 4.424573681571267), (0, 4.424573681571267), (0, 4.424573681571267), (0, 4.424573681571267), (0, 4.424573681571267), (0, 4.424573681571267), (0, 4.424573681571267), (0, 4.424573681571267), (0, 4.424573681571267), (0, 4.424573681571267), (0, 4.424573681571267), (0, 4.424573681571267), (0, 4.424573681571267), (0, 4.424573681571267), (0, 4.424573681571267), (0, 4.424573681571267), (0, 4.424573681571267), (0, 4.424573681571267), (0, 4.424573681571267), (0, 4.424573681571267), (0, 4.424573681571267), (0, 4.424573681571267), (0, 4.424573681571267), (0, 4.424573681571267), (0, 4.424573681571267), (0, 4.424573681571267), (0, 4.424573681571267), (0, 4.424573681571267), (0, 4.424573681571267), (0, 4.424573681571267), (0, 4.424573681571267), (0, 4.424573681571267), (0, 4.424573681571267), (0, 4.424573681571267), (0, 4.424573681571267), (0, 4.424573681571267), (0, 4.424573681571267), (0, 4.424573681571267), (0, 4.424573681571267), (0, 4.424573681571267), (0, 4.424573681571267), (0, 4.424573681571267), (0, 4.424573681571267), (0, 4.424573681571267), (0, 4.424573681571267), (0, 4.424573681571267), (0, 4.424573681571267), (0, 4.424573681571267), (0, 4.424573681571267), (0, 4.424573681571267), (0, 4.424573681571267), (0, 4.424573681571267), (0, 4.424573681571267), (0, 4.424573681571267), (0, 4.424573681571267), (0, 4.424573681571267), (0, 4.424573681571267), (0, 4.424573681571267), (0, 4.424573681571267), (0, 4.424573681571267), (0, 4.424573681571267), (0, 4.424573681571267), (0, 4.424573681571267), (0, 4.424573681571267), (0, 4.424573681571267), (0, 4.424573681571267), (0, 4.424573681571267), (0, 4.424573681571267), (0, 4.424573681571267), (0, 4.424573681571267), (0, 4.424573681571267), (0, 4.424573681571267), (0, 4.424573681571267), (0, 4.424573681571267), (0, 4.424573681571267), (0, 4.424573681571267), (0, 4.424573681571267), (0, 4.424573681571267), (0, 4.424573681571267), (0, 4.424573681571267), (0, 4.424573681571267), (0, 4.424573681571267), (0, 4.424573681571267), (0, 4.424573681571267), (0, 4.424573681571267), (0, 4.424573681571267), (0, 4.424573681571267), (0, 4.424573681571267), (0, 4.424573681571267), (0, 4.424573681571267), (0, 4.424573681571267), (0, 4.424573681571267), (0, 4.424573681571267), (0, 4.424573681571267), (0, 4.424573681571267), (0, 4.424573681571267), (0, 4.424573681571267), (0, 4.424573681571267), (0, 4.424573681571267), (0, 4.424573681571267), (0, 4.424573681571267), (0, 4.424573681571267), (0, 4.424573681571267), (0, 4.424573681571267), (0, 4.424573681571267), (0, 4.424573681571267), (0, 4.424573681571267), (0, 4.424573681571267), (0, 4.424573681571267), (0, 4.424573681571267), (0, 4.424573681571267), (0, 4.424573681571267), (0, 4.424573681571267), (0, 4.424573681571267), (0, 4.424573681571267), (0, 4.424573681571267), (0, 4.424573681571267), (0, 4.424573681571267), (0, 4.424573681571267), (0, 4.424573681571267), (0, 4.424573681571267), (0, 4.424573681571267), (0, 4.424573681571267), (0, 4.424573681571267), (0, 4.424573681571267), (0, 4.424573681571267), (0, 4.424573681571267), (0, 4.424573681571267), (0, 4.424573681571267), (0, 4.424573681571267), (0, 4.424573681571267), (0, 4.424573681571267), (0, 4.424573681571267), (0, 4.424573681571267), (0, 4.424573681571267), (0, 4.424573681571267), (0, 4.424573681571267), (0, 4.424573681571267), (0, 4.424573681571267), (0, 4.424573681571267), (0, 4.424573681571267), (0, 4.424573681571267), (0, 4.424573681571267), (0, 4.424573681571267), (0, 4.424573681571267), (0, 4.424573681571267), (0, 4.424573681571267), (0, 4.424573681571267), (0, 4.424573681571267), (0, 4.424573681571267), (0, 4.424573681571267), (0, 4.424573681571267), (0, 4.424573681571267), (0, 4.424573681571267), (0, 4.424573681571267), (0, 4.424573681571267), (0, 4.424573681571267), (0, 4.424573681571267), (0, 4.424573681571267), (0, 4.424573681571267), (0, 4.424573681571267), (0, 4.424573681571267), (0, 4.424573681571267), (0, 4.424573681571267), (0, 4.424573681571267), (0, 4.424573681571267), (0, 4.424573681571267), (0, 4.424573681571267), (0, 4.424573681571267), (0, 4.424573681571267), (0, 4.424573681571267), (0, 4.424573681571267), (0, 4.424573681571267), (0, 4.424573681571267), (0, 4.424573681571267), (0, 4.424573681571267), (0, 4.424573681571267), (0, 4.424573681571267), (0, 4.424573681571267), (0, 4.424573681571267), (0, 4.424573681571267), (0, 4.424573681571267), (0, 4.424573681571267), (0, 4.424573681571267), (0, 4.424573681571267), (0, 4.424573681571267), (0, 4.424573681571267), (0, 4.424573681571267), (0, 4.424573681571267), (0, 4.424573681571267), (0, 4.424573681571267), (0, 4.424573681571267), (0, 4.424573681571267), (0, 4.424573681571267), (0, 4.424573681571267), (0, 4.424573681571267), (0, 4.424573681571267), (0, 4.424573681571267), (0, 4.424573681571267), (0, 4.424573681571267), (0, 4.424573681571267), (0, 4.424573681571267), (0, 4.424573681571267), (0, 4.424573681571267), (0, 4.424573681571267), (0, 4.424573681571267), (0, 4.424573681571267), (0, 4.424573681571267), (0, 4.424573681571267), (0, 4.424573681571267), (0, 4.424573681571267), (0, 4.424573681571267), (0, 4.424573681571267), (0, 4.424573681571267), (0, 4.424573681571267), (0, 4.424573681571267), (0, 4.424573681571267), (0, 4.424573681571267), (0, 4.424573681571267), (0, 4.424573681571267), (0, 4.424573681571267), (0, 4.424573681571267), (0, 4.424573681571267), (0, 4.424573681571267), (0, 4.424573681571267), (0, 4.424573681571267), (0, 4.424573681571267), (0, 4.424573681571267), (0, 4.424573681571267), (0, 4.424573681571267), (0, 4.424573681571267), (0, 4.424573681571267), (0, 4.424573681571267), (0, 4.424573681571267), (0, 4.424573681571267), (0, 4.424573681571267), (0, 4.424573681571267), (0, 4.424573681571267), (0, 4.424573681571267), (0, 4.424573681571267), (0, 4.424573681571267), (0, 4.424573681571267), (0, 4.424573681571267), (0, 4.424573681571267), (0, 4.424573681571267), (0, 4.424573681571267), (0, 4.424573681571267), (0, 4.424573681571267), (0, 4.424573681571267), (0, 4.424573681571267), (0, 4.424573681571267), (0, 4.424573681571267), (0, 4.424573681571267), (0, 4.424573681571267), (0, 4.424573681571267), (0, 4.424573681571267), (0, 4.424573681571267), (0, 4.424573681571267), (0, 4.424573681571267), (0, 4.424573681571267), (0, 4.424573681571267), (0, 4.424573681571267), (0, 4.424573681571267), (0, 4.424573681571267), (0, 4.424573681571267), (0, 4.424573681571267), (0, 4.424573681571267), (0, 4.424573681571267), (0, 4.424573681571267), (0, 4.424573681571267), (0, 4.424573681571267), (0, 4.424573681571267), (0, 4.424573681571267), (0, 4.424573681571267), (0, 4.424573681571267), (0, 4.424573681571267), (0, 4.424573681571267), (0, 4.424573681571267), (0, 4.424573681571267), (0, 4.424573681571267), (0, 4.424573681571267), (0, 4.424573681571267), (0, 4.424573681571267), (0, 4.424573681571267), (0, 4.424573681571267), (0, 4.424573681571267), (0, 4.424573681571267), (0, 4.424573681571267), (0, 4.424573681571267), (0, 4.424573681571267), (0, 4.424573681571267), (0, 4.424573681571267), (0, 4.424573681571267), (0, 4.424573681571267), (0, 4.424573681571267), (0, 4.424573681571267), (0, 4.424573681571267), (0, 4.424573681571267), (0, 4.424573681571267), (0, 4.424573681571267), (0, 4.424573681571267), (0, 4.424573681571267), (0, 4.424573681571267), (0, 4.424573681571267), (0, 4.424573681571267), (0, 4.424573681571267), (0, 4.424573681571267), (0, 4.424573681571267), (0, 4.424573681571267), (0, 4.424573681571267), (0, 4.424573681571267), (0, 4.424573681571267), (0, 4.424573681571267), (0, 4.424573681571267), (0, 4.424573681571267), (0, 4.424573681571267), (0, 4.424573681571267), (0, 4.424573681571267), (0, 4.424573681571267), (0, 4.424573681571267), (0, 4.424573681571267), (0, 4.424573681571267), (0, 4.424573681571267), (0, 4.424573681571267), (0, 4.424573681571267), (0, 4.424573681571267), (0, 4.424573681571267), (0, 4.424573681571267), (0, 4.424573681571267), (0, 4.424573681571267), (0, 4.424573681571267), (0, 4.424573681571267), (0, 4.424573681571267), (0, 4.424573681571267), (0, 4.424573681571267), (0, 4.424573681571267), (0, 4.424573681571267), (0, 4.424573681571267), (0, 4.424573681571267), (0, 4.424573681571267), (0, 4.424573681571267), (0, 4.424573681571267), (0, 4.424573681571267), (0, 4.424573681571267), (0, 4.424573681571267), (0, 4.424573681571267), (0, 4.424573681571267), (0, 4.424573681571267), (0, 4.424573681571267), (0, 4.424573681571267), (0, 4.424573681571267), (0, 4.424573681571267), (0, 4.424573681571267), (0, 4.424573681571267), (0, 4.424573681571267), (0, 4.424573681571267), (0, 4.424573681571267), (0, 4.424573681571267), (0, 4.424573681571267), (0, 4.424573681571267), (0, 4.424573681571267), (0, 4.424573681571267), (0, 4.424573681571267), (0, 4.424573681571267), (0, 4.424573681571267), (0, 4.424573681571267), (0, 4.424573681571267), (0, 4.424573681571267), (0, 4.424573681571267), (0, 4.424573681571267), (0, 4.424573681571267), (0, 4.424573681571267), (0, 4.424573681571267), (0, 4.424573681571267), (0, 4.424573681571267), (0, 4.424573681571267), (0, 4.424573681571267), (0, 4.424573681571267), (0, 4.424573681571267), (0, 4.424573681571267), (0, 4.424573681571267), (0, 4.424573681571267), (0, 4.424573681571267), (0, 4.424573681571267), (0, 4.424573681571267), (0, 4.424573681571267), (0, 4.424573681571267), (0, 4.424573681571267), (0, 4.424573681571267), (0, 4.424573681571267), (0, 4.424573681571267), (0, 4.424573681571267), (0, 4.424573681571267), (0, 4.424573681571267), (0, 4.424573681571267), (0, 4.424573681571267), (0, 4.424573681571267), (0, 4.424573681571267), (0, 4.424573681571267), (0, 4.424573681571267), (0, 4.424573681571267), (0, 4.424573681571267), (0, 4.424573681571267), (0, 4.424573681571267), (0, 4.424573681571267), (0, 4.424573681571267), (0, 4.424573681571267), (0, 4.424573681571267), (0, 4.424573681571267), (0, 4.424573681571267), (0, 4.424573681571267), (0, 4.424573681571267), (0, 4.424573681571267), (0, 4.424573681571267), (0, 4.424573681571267), (0, 4.424573681571267), (0, 4.424573681571267), (0, 4.424573681571267), (0, 4.424573681571267), (0, 4.424573681571267), (0, 4.424573681571267), (0, 4.424573681571267), (0, 4.424573681571267), (0, 4.424573681571267), (0, 4.424573681571267), (0, 4.424573681571267), (0, 4.424573681571267), (0, 4.424573681571267), (0, 4.424573681571267), (0, 4.424573681571267), (0, 4.424573681571267), (0, 4.424573681571267), (0, 4.424573681571267), (0, 4.424573681571267), (0, 4.424573681571267), (0, 4.424573681571267), (0, 4.424573681571267), (0, 4.424573681571267), (0, 4.424573681571267), (0, 4.424573681571267), (0, 4.424573681571267), (0, 4.424573681571267), (0, 4.424573681571267), (0, 4.424573681571267), (0, 4.424573681571267), (0, 4.424573681571267), (0, 4.424573681571267), (0, 4.424573681571267), (0, 4.424573681571267), (0, 4.424573681571267), (0, 4.424573681571267), (0, 4.424573681571267), (0, 4.424573681571267), (0, 4.424573681571267), (0, 4.424573681571267), (0, 4.424573681571267), (0, 4.424573681571267), (0, 4.424573681571267), (0, 4.424573681571267), (0, 4.424573681571267), (0, 4.424573681571267), (0, 4.424573681571267), (0, 4.424573681571267), (0, 4.424573681571267), (0, 4.424573681571267), (0, 4.424573681571267), (0, 4.424573681571267), (0, 4.424573681571267), (0, 4.424573681571267), (0, 4.424573681571267), (0, 4.424573681571267), (0, 4.424573681571267), (0, 4.424573681571267), (0, 4.424573681571267), (0, 4.424573681571267), (0, 4.424573681571267), (0, 4.424573681571267), (0, 4.424573681571267), (0, 4.424573681571267), (0, 4.424573681571267), (0, 4.424573681571267), (0, 4.424573681571267), (0, 4.424573681571267), (0, 4.424573681571267), (0, 4.424573681571267), (0, 4.424573681571267), (0, 4.424573681571267), (0, 4.424573681571267), (0, 4.424573681571267), (0, 4.424573681571267), (0, 4.424573681571267), (0, 4.424573681571267), (0, 4.424573681571267), (0, 4.424573681571267), (0, 4.424573681571267), (0, 4.424573681571267), (0, 4.424573681571267), (0, 4.424573681571267), (0, 4.424573681571267), (0, 4.424573681571267), (0, 4.424573681571267), (0, 4.424573681571267), (0, 4.424573681571267), (0, 4.424573681571267), (0, 4.424573681571267), (0, 4.424573681571267), (0, 4.424573681571267), (0, 4.424573681571267), (0, 4.424573681571267), (0, 4.424573681571267), (0, 4.424573681571267), (0, 4.424573681571267), (0, 4.424573681571267), (0, 4.424573681571267), (0, 4.424573681571267), (0, 4.424573681571267), (0, 4.424573681571267), (0, 4.424573681571267), (0, 4.424573681571267), (0, 4.424573681571267), (0, 4.424573681571267), (0, 4.424573681571267), (0, 4.424573681571267), (0, 4.424573681571267), (0, 4.424573681571267), (0, 4.424573681571267), (0, 4.424573681571267), (0, 4.424573681571267), (0, 4.424573681571267), (0, 4.424573681571267), (0, 4.424573681571267), (0, 4.424573681571267), (0, 4.424573681571267), (0, 4.424573681571267), (0, 4.424573681571267), (0, 4.424573681571267), (0, 4.424573681571267), (0, 4.424573681571267), (0, 4.424573681571267), (0, 4.424573681571267), (0, 4.424573681571267), (0, 4.424573681571267), (0, 4.424573681571267), (0, 4.424573681571267), (0, 4.424573681571267), (0, 4.424573681571267), (0, 4.424573681571267), (0, 4.424573681571267), (0, 4.424573681571267), (0, 4.424573681571267), (0, 4.424573681571267), (0, 4.424573681571267), (0, 4.424573681571267), (0, 4.424573681571267), (0, 4.424573681571267), (0, 4.424573681571267), (0, 4.424573681571267), (0, 4.424573681571267), (0, 4.424573681571267), (0, 4.424573681571267), (0, 4.424573681571267), (0, 4.424573681571267), (0, 4.424573681571267), (0, 4.424573681571267), (0, 4.424573681571267), (0, 4.424573681571267), (0, 4.424573681571267), (0, 4.424573681571267), (0, 4.424573681571267), (0, 4.424573681571267), (0, 4.424573681571267), (0, 4.424573681571267), (0, 4.424573681571267), (0, 4.424573681571267), (0, 4.424573681571267), (0, 4.424573681571267), (0, 4.424573681571267), (0, 4.424573681571267), (0, 4.424573681571267), (0, 4.424573681571267), (0, 4.424573681571267), (0, 4.424573681571267), (0, 4.424573681571267), (0, 4.424573681571267), (0, 4.424573681571267), (0, 4.424573681571267), (0, 4.424573681571267), (0, 4.424573681571267), (0, 4.424573681571267), (0, 4.424573681571267), (0, 4.424573681571267), (0, 4.424573681571267), (0, 4.424573681571267), (0, 4.424573681571267), (0, 4.424573681571267), (0, 4.424573681571267), (0, 4.424573681571267), (0, 4.424573681571267), (0, 4.424573681571267), (0, 4.424573681571267), (0, 4.424573681571267), (0, 4.424573681571267), (0, 4.424573681571267), (0, 4.424573681571267), (0, 4.424573681571267), (0, 4.424573681571267), (0, 4.424573681571267), (0, 4.424573681571267), (0, 4.424573681571267), (0, 4.424573681571267), (0, 4.424573681571267), (0, 4.424573681571267), (0, 4.424573681571267), (0, 4.424573681571267), (0, 4.424573681571267), (0, 4.424573681571267), (0, 4.424573681571267), (0, 4.424573681571267), (0, 4.424573681571267), (0, 4.424573681571267), (0, 4.424573681571267), (0, 4.424573681571267), (0, 4.424573681571267), (0, 4.424573681571267), (0, 4.424573681571267), (0, 4.424573681571267), (0, 4.424573681571267), (0, 4.424573681571267), (0, 4.424573681571267), (0, 4.424573681571267), (0, 4.424573681571267), (0, 4.424573681571267), (0, 4.424573681571267), (0, 4.424573681571267), (0, 4.424573681571267), (0, 4.424573681571267), (0, 4.424573681571267), (0, 4.424573681571267), (0, 4.424573681571267), (0, 4.424573681571267), (0, 4.424573681571267), (0, 4.424573681571267), (0, 4.424573681571267), (0, 4.424573681571267), (0, 4.424573681571267), (0, 4.424573681571267), (0, 4.424573681571267), (0, 4.424573681571267), (0, 4.424573681571267), (0, 4.424573681571267), (0, 4.424573681571267), (0, 4.424573681571267), (0, 4.424573681571267), (0, 4.424573681571267), (0, 4.424573681571267), (0, 4.424573681571267), (0, 4.424573681571267), (0, 4.424573681571267), (0, 4.424573681571267), (0, 4.424573681571267), (0, 4.424573681571267), (0, 4.424573681571267), (0, 4.424573681571267), (0, 4.424573681571267), (0, 4.424573681571267), (0, 4.424573681571267), (0, 4.424573681571267), (0, 4.424573681571267), (0, 4.424573681571267), (0, 4.424573681571267), (0, 4.424573681571267), (0, 4.424573681571267), (0, 4.424573681571267), (0, 4.424573681571267), (0, 4.424573681571267), (0, 4.424573681571267), (0, 4.424573681571267), (0, 4.424573681571267), (0, 4.424573681571267), (0, 4.424573681571267), (0, 4.424573681571267), (0, 4.424573681571267), (0, 4.424573681571267), (0, 4.424573681571267), (0, 4.424573681571267), (0, 4.424573681571267), (0, 4.424573681571267), (0, 4.424573681571267), (0, 4.424573681571267), (0, 4.424573681571267), (0, 4.424573681571267), (0, 4.424573681571267), (0, 4.424573681571267), (0, 4.424573681571267), (0, 4.424573681571267), (0, 4.424573681571267), (0, 4.424573681571267), (0, 4.424573681571267), (0, 4.424573681571267), (0, 4.424573681571267), (0, 4.424573681571267), (0, 4.424573681571267), (0, 4.424573681571267), (0, 4.424573681571267), (0, 4.424573681571267), (0, 4.424573681571267), (0, 4.424573681571267), (0, 4.424573681571267), (0, 4.424573681571267), (0, 4.424573681571267), (0, 4.424573681571267), (0, 4.424573681571267), (0, 4.424573681571267), (0, 4.424573681571267), (0, 4.424573681571267), (0, 4.424573681571267), (0, 4.424573681571267), (0, 4.424573681571267), (0, 4.424573681571267), (0, 4.424573681571267), (0, 4.424573681571267), (0, 4.424573681571267), (0, 4.424573681571267), (0, 4.424573681571267), (0, 4.424573681571267), (0, 4.424573681571267), (0, 4.424573681571267), (0, 4.424573681571267), (0, 4.424573681571267), (0, 4.424573681571267), (0, 4.424573681571267), (0, 4.424573681571267), (0, 4.424573681571267), (0, 4.424573681571267), (0, 4.424573681571267), (0, 4.424573681571267), (0, 4.424573681571267), (0, 4.424573681571267), (0, 4.424573681571267), (0, 4.424573681571267), (0, 4.424573681571267), (0, 4.424573681571267), (0, 4.424573681571267), (0, 4.424573681571267), (0, 4.424573681571267), (0, 4.424573681571267), (0, 4.424573681571267), (0, 4.424573681571267), (0, 4.424573681571267), (0, 4.424573681571267), (0, 4.424573681571267), (0, 4.424573681571267), (0, 4.424573681571267), (0, 4.424573681571267), (0, 4.424573681571267), (0, 4.424573681571267), (0, 4.424573681571267), (0, 4.424573681571267), (0, 4.424573681571267), (0, 4.424573681571267), (0, 4.424573681571267), (0, 4.424573681571267), (0, 4.424573681571267), (0, 4.424573681571267), (0, 4.424573681571267), (0, 4.424573681571267), (0, 4.424573681571267), (0, 4.424573681571267), (0, 4.424573681571267), (0, 4.424573681571267), (0, 4.424573681571267), (0, 4.424573681571267), (0, 4.424573681571267), (0, 4.424573681571267), (0, 4.424573681571267), (0, 4.424573681571267), (0, 4.424573681571267), (0, 4.424573681571267), (0, 4.424573681571267), (0, 4.424573681571267), (0, 4.424573681571267), (0, 4.424573681571267), (0, 4.424573681571267), (0, 4.424573681571267), (0, 4.424573681571267), (0, 4.424573681571267), (0, 4.424573681571267), (0, 4.424573681571267), (0, 4.424573681571267), (0, 4.424573681571267), (0, 4.424573681571267), (0, 4.424573681571267), (0, 4.424573681571267), (0, 4.424573681571267), (0, 4.424573681571267), (0, 4.424573681571267), (0, 4.424573681571267), (0, 4.424573681571267), (0, 4.424573681571267), (0, 4.424573681571267), (0, 4.424573681571267), (0, 4.424573681571267), (0, 4.424573681571267), (0, 4.424573681571267), (0, 4.424573681571267), (0, 4.424573681571267), (0, 4.424573681571267), (0, 4.424573681571267), (0, 4.424573681571267), (0, 4.424573681571267), (0, 4.424573681571267), (0, 4.424573681571267), (0, 4.424573681571267), (0, 4.424573681571267), (0, 4.424573681571267), (0, 4.424573681571267), (0, 4.424573681571267), (0, 4.424573681571267), (0, 4.424573681571267), (0, 4.424573681571267), (0, 4.424573681571267), (0, 4.424573681571267), (0, 4.424573681571267), (0, 4.424573681571267), (0, 4.424573681571267), (0, 4.424573681571267), (0, 4.424573681571267), (0, 4.424573681571267), (0, 4.424573681571267), (0, 4.424573681571267), (0, 4.424573681571267), (0, 4.424573681571267), (0, 4.424573681571267), (0, 4.424573681571267), (0, 4.424573681571267), (0, 4.424573681571267), (0, 4.424573681571267), (0, 4.424573681571267), (0, 4.424573681571267), (0, 4.424573681571267), (0, 4.424573681571267), (0, 4.424573681571267), (0, 4.424573681571267), (0, 4.424573681571267), (0, 4.424573681571267), (0, 4.424573681571267), (0, 4.424573681571267), (0, 4.424573681571267), (0, 4.424573681571267), (0, 4.424573681571267), (0, 4.424573681571267), (0, 4.424573681571267), (0, 4.424573681571267), (0, 4.424573681571267), (0, 4.424573681571267), (0, 4.424573681571267), (0, 4.424573681571267), (0, 4.424573681571267), (0, 4.424573681571267), (0, 4.424573681571267), (0, 4.424573681571267), (0, 4.424573681571267), (0, 4.424573681571267), (0, 4.424573681571267), (0, 4.424573681571267), (0, 4.424573681571267), (0, 4.424573681571267), (0, 4.424573681571267), (0, 4.424573681571267), (0, 4.424573681571267), (0, 4.424573681571267), (0, 4.424573681571267), (0, 4.424573681571267), (0, 4.424573681571267), (0, 4.424573681571267), (0, 4.424573681571267), (0, 4.424573681571267), (0, 4.424573681571267), (0, 4.424573681571267), (0, 4.424573681571267), (0, 4.424573681571267), (0, 4.424573681571267), (0, 4.424573681571267), (0, 4.424573681571267), (0, 4.424573681571267), (0, 4.424573681571267), (0, 4.424573681571267), (0, 4.424573681571267), (0, 4.424573681571267), (0, 4.424573681571267), (0, 4.424573681571267), (0, 4.424573681571267), (0, 4.424573681571267), (0, 4.424573681571267), (0, 4.424573681571267), (0, 4.424573681571267), (0, 4.424573681571267), (0, 4.424573681571267), (0, 4.424573681571267), (0, 4.424573681571267), (0, 4.424573681571267), (0, 4.424573681571267), (0, 4.424573681571267), (0, 4.424573681571267), (0, 4.424573681571267), (0, 4.424573681571267), (0, 4.424573681571267), (0, 4.424573681571267), (0, 4.424573681571267), (0, 4.424573681571267), (0, 4.424573681571267), (0, 4.424573681571267), (0, 4.424573681571267), (0, 4.424573681571267), (0, 4.424573681571267), (0, 4.424573681571267), (0, 4.424573681571267), (0, 4.424573681571267), (0, 4.424573681571267), (0, 4.424573681571267), (0, 4.424573681571267), (0, 4.424573681571267), (0, 4.424573681571267), (0, 4.424573681571267), (0, 4.424573681571267), (0, 4.424573681571267), (0, 4.424573681571267), (0, 4.424573681571267), (0, 4.424573681571267), (0, 4.424573681571267), (0, 4.424573681571267), (0, 4.424573681571267), (0, 4.424573681571267), (0, 4.424573681571267), (0, 4.424573681571267), (0, 4.424573681571267), (0, 4.424573681571267), (0, 4.424573681571267), (0, 4.424573681571267), (0, 4.424573681571267), (0, 4.424573681571267), (0, 4.424573681571267), (0, 4.424573681571267), (0, 4.424573681571267), (0, 4.424573681571267), (0, 4.424573681571267), (0, 4.424573681571267), (0, 4.424573681571267), (0, 4.424573681571267), (0, 4.424573681571267), (0, 4.424573681571267), (0, 4.424573681571267), (0, 4.424573681571267), (0, 4.424573681571267), (0, 4.424573681571267), (0, 4.424573681571267), (0, 4.424573681571267), (0, 4.424573681571267), (0, 4.424573681571267), (0, 4.424573681571267), (0, 4.424573681571267), (0, 4.424573681571267), (0, 4.424573681571267), (0, 4.424573681571267), (0, 4.424573681571267), (0, 4.424573681571267), (0, 4.424573681571267), (0, 4.424573681571267), (0, 4.424573681571267), (0, 4.424573681571267), (0, 4.424573681571267), (0, 4.424573681571267), (0, 4.424573681571267), (0, 4.424573681571267), (0, 4.424573681571267), (0, 4.424573681571267), (0, 4.424573681571267), (0, 4.424573681571267), (0, 4.424573681571267), (0, 4.424573681571267), (0, 4.424573681571267), (0, 4.424573681571267), (0, 4.424573681571267), (0, 4.424573681571267), (0, 4.424573681571267), (0, 4.424573681571267), (0, 4.424573681571267), (0, 4.424573681571267), (0, 4.424573681571267), (0, 4.424573681571267), (0, 4.424573681571267), (0, 4.424573681571267), (0, 4.424573681571267), (0, 4.424573681571267), (0, 4.424573681571267), (0, 4.424573681571267), (0, 4.424573681571267), (0, 4.424573681571267), (0, 4.424573681571267), (0, 4.424573681571267), (0, 4.424573681571267), (0, 4.424573681571267), (0, 4.424573681571267), (0, 4.424573681571267), (0, 4.424573681571267), (0, 4.424573681571267), (0, 4.424573681571267), (0, 4.424573681571267), (0, 4.424573681571267), (0, 4.424573681571267), (0, 4.424573681571267), (0, 4.424573681571267), (0, 4.424573681571267), (0, 4.424573681571267), (0, 4.424573681571267), (0, 4.424573681571267), (0, 4.424573681571267), (0, 4.424573681571267), (0, 4.424573681571267), (0, 4.424573681571267), (0, 4.424573681571267), (0, 4.424573681571267), (0, 4.424573681571267), (0, 4.424573681571267), (0, 4.424573681571267), (0, 4.424573681571267), (0, 4.424573681571267), (0, 4.424573681571267), (0, 4.424573681571267), (0, 4.424573681571267), (0, 4.424573681571267), (0, 4.424573681571267), (0, 4.424573681571267), (0, 4.424573681571267), (0, 4.424573681571267), (0, 4.424573681571267), (0, 4.424573681571267), (0, 4.424573681571267), (0, 4.424573681571267), (0, 4.424573681571267), (0, 4.424573681571267), (0, 4.424573681571267), (0, 4.424573681571267), (0, 4.424573681571267), (0, 4.424573681571267), (0, 4.424573681571267), (0, 4.424573681571267), (0, 4.424573681571267), (0, 4.424573681571267), (0, 4.424573681571267), (0, 4.424573681571267), (0, 4.424573681571267), (0, 4.424573681571267), (0, 4.424573681571267), (0, 4.424573681571267), (0, 4.424573681571267), (0, 4.424573681571267), (0, 4.424573681571267), (0, 4.424573681571267), (0, 4.424573681571267), (0, 4.424573681571267), (0, 4.424573681571267), (0, 4.424573681571267), (0, 4.424573681571267), (0, 4.424573681571267), (0, 4.424573681571267), (0, 4.424573681571267), (0, 4.424573681571267), (0, 4.424573681571267), (0, 4.424573681571267), (0, 4.424573681571267), (0, 4.424573681571267), (0, 4.424573681571267), (0, 4.424573681571267), (0, 4.424573681571267), (0, 4.424573681571267), (0, 4.424573681571267), (0, 4.424573681571267), (0, 4.424573681571267), (0, 4.424573681571267), (0, 4.424573681571267), (0, 4.424573681571267), (0, 4.424573681571267), (0, 4.424573681571267), (0, 4.424573681571267), (0, 4.424573681571267), (0, 4.424573681571267), (0, 4.424573681571267), (0, 4.424573681571267), (0, 4.424573681571267), (0, 4.424573681571267), (0, 4.424573681571267), (0, 4.424573681571267), (0, 4.424573681571267), (0, 4.424573681571267), (0, 4.424573681571267), (0, 4.424573681571267), (0, 4.424573681571267), (0, 4.424573681571267), (0, 4.424573681571267), (0, 4.424573681571267), (0, 4.424573681571267), (0, 4.424573681571267), (0, 4.424573681571267), (0, 4.424573681571267), (0, 4.424573681571267), (0, 4.424573681571267), (0, 4.424573681571267), (0, 4.424573681571267), (0, 4.424573681571267), (0, 4.424573681571267), (0, 4.424573681571267), (0, 4.424573681571267), (0, 4.424573681571267), (0, 4.424573681571267), (0, 4.424573681571267), (0, 4.424573681571267), (0, 4.424573681571267), (0, 4.424573681571267), (0, 4.424573681571267), (0, 4.424573681571267), (0, 4.424573681571267), (0, 4.424573681571267), (0, 4.424573681571267), (0, 4.424573681571267), (0, 4.424573681571267), (0, 4.424573681571267), (0, 4.424573681571267), (0, 4.424573681571267), (0, 4.424573681571267), (0, 4.424573681571267), (0, 4.424573681571267), (0, 4.424573681571267), (0, 4.424573681571267), (0, 4.424573681571267), (0, 4.424573681571267), (0, 4.424573681571267), (0, 4.424573681571267), (0, 4.424573681571267), (0, 4.424573681571267), (0, 4.424573681571267), (0, 4.424573681571267), (0, 4.424573681571267), (0, 4.424573681571267), (0, 4.424573681571267), (0, 4.424573681571267), (0, 4.424573681571267), (0, 4.424573681571267), (0, 4.424573681571267), (0, 4.424573681571267), (0, 4.424573681571267), (0, 4.424573681571267), (0, 4.424573681571267), (0, 4.424573681571267), (0, 4.424573681571267), (0, 4.424573681571267), (0, 4.424573681571267), (0, 4.424573681571267), (0, 4.424573681571267), (0, 4.424573681571267), (0, 4.424573681571267), (0, 4.424573681571267), (0, 4.424573681571267), (0, 4.424573681571267), (0, 4.424573681571267), (0, 4.424573681571267), (0, 4.424573681571267), (0, 4.424573681571267), (0, 4.424573681571267), (0, 4.424573681571267), (0, 4.424573681571267), (0, 4.424573681571267), (0, 4.424573681571267), (0, 4.424573681571267), (0, 4.424573681571267), (0, 4.424573681571267), (0, 4.424573681571267), (0, 4.424573681571267), (0, 4.424573681571267), (0, 4.424573681571267), (0, 4.424573681571267), (0, 4.424573681571267), (0, 4.424573681571267), (0, 4.424573681571267), (0, 4.424573681571267), (0, 4.424573681571267), (0, 4.424573681571267), (0, 4.424573681571267), (0, 4.424573681571267), (0, 4.424573681571267), (0, 4.424573681571267), (0, 4.424573681571267), (0, 4.424573681571267), (0, 4.424573681571267), (0, 4.424573681571267), (0, 4.424573681571267), (0, 4.424573681571267), (0, 4.424573681571267), (0, 4.424573681571267), (0, 4.424573681571267), (0, 4.424573681571267), (0, 4.424573681571267), (0, 4.424573681571267), (0, 4.424573681571267), (0, 4.424573681571267), (0, 4.424573681571267), (0, 4.424573681571267), (0, 4.424573681571267), (0, 4.424573681571267), (0, 4.424573681571267), (0, 4.424573681571267), (0, 4.424573681571267), (0, 4.424573681571267), (0, 4.424573681571267), (0, 4.424573681571267), (0, 4.424573681571267), (0, 4.424573681571267), (0, 4.424573681571267), (0, 4.424573681571267), (0, 4.424573681571267), (0, 4.424573681571267), (0, 4.424573681571267), (0, 4.424573681571267), (0, 4.424573681571267), (0, 4.424573681571267), (0, 4.424573681571267), (0, 4.424573681571267), (0, 4.424573681571267), (0, 4.424573681571267), (0, 4.424573681571267), (0, 4.424573681571267), (0, 4.424573681571267), (0, 4.424573681571267), (0, 4.424573681571267), (0, 4.424573681571267), (0, 4.424573681571267), (0, 4.424573681571267), (0, 4.424573681571267), (0, 4.424573681571267), (0, 4.424573681571267), (0, 4.424573681571267), (0, 4.424573681571267), (0, 4.424573681571267), (0, 4.424573681571267), (0, 4.424573681571267), (0, 4.424573681571267), (0, 4.424573681571267), (0, 4.424573681571267), (0, 4.424573681571267), (0, 4.424573681571267), (0, 4.424573681571267), (0, 4.424573681571267), (0, 4.424573681571267), (0, 4.424573681571267), (0, 4.424573681571267), (0, 4.424573681571267), (0, 4.424573681571267), (0, 4.424573681571267), (0, 4.424573681571267), (0, 4.424573681571267), (0, 4.424573681571267), (0, 4.424573681571267), (0, 4.424573681571267), (0, 4.424573681571267), (0, 4.424573681571267), (0, 4.424573681571267), (0, 4.424573681571267), (0, 4.424573681571267), (0, 4.424573681571267), (0, 4.424573681571267), (0, 4.424573681571267), (0, 4.424573681571267), (0, 4.424573681571267), (0, 4.424573681571267), (0, 4.424573681571267), (0, 4.424573681571267), (0, 4.424573681571267), (0, 4.424573681571267), (0, 4.424573681571267), (0, 4.424573681571267), (0, 4.424573681571267), (0, 4.424573681571267), (0, 4.424573681571267), (0, 4.424573681571267), (0, 4.424573681571267), (0, 4.424573681571267), (0, 4.424573681571267), (0, 4.424573681571267), (0, 4.424573681571267), (0, 4.424573681571267), (0, 4.424573681571267), (0, 4.424573681571267), (0, 4.424573681571267), (0, 4.424573681571267), (0, 4.424573681571267), (0, 4.424573681571267), (0, 4.424573681571267), (0, 4.424573681571267), (0, 4.424573681571267), (0, 4.424573681571267), (0, 4.424573681571267), (0, 4.424573681571267), (0, 4.424573681571267), (0, 4.424573681571267), (0, 4.424573681571267), (0, 4.424573681571267), (0, 4.424573681571267), (0, 4.424573681571267), (0, 4.424573681571267), (0, 4.424573681571267), (0, 4.424573681571267), (0, 4.424573681571267), (0, 4.424573681571267), (0, 4.424573681571267), (0, 4.424573681571267), (0, 4.424573681571267), (0, 4.424573681571267), (0, 4.424573681571267), (0, 4.424573681571267), (0, 4.424573681571267), (0, 4.424573681571267), (0, 4.424573681571267), (0, 4.424573681571267), (0, 4.424573681571267), (0, 4.424573681571267), (0, 4.424573681571267), (0, 4.424573681571267), (0, 4.424573681571267), (0, 4.424573681571267), (0, 4.424573681571267), (0, 4.424573681571267), (0, 4.424573681571267), (0, 4.424573681571267), (0, 4.424573681571267), (0, 4.424573681571267), (0, 4.424573681571267), (0, 4.424573681571267), (0, 4.424573681571267), (0, 4.424573681571267), (0, 4.424573681571267), (0, 4.424573681571267), (0, 4.424573681571267), (0, 4.424573681571267), (0, 4.424573681571267), (0, 4.424573681571267), (0, 4.424573681571267), (0, 4.424573681571267), (0, 4.424573681571267), (0, 4.424573681571267), (0, 4.424573681571267), (0, 4.424573681571267), (0, 4.424573681571267), (0, 4.424573681571267), (0, 4.424573681571267), (0, 4.424573681571267), (0, 4.424573681571267), (0, 4.424573681571267), (0, 4.424573681571267), (0, 4.424573681571267), (0, 4.424573681571267), (0, 4.424573681571267), (0, 4.424573681571267), (0, 4.424573681571267), (0, 4.424573681571267), (0, 4.424573681571267), (0, 4.424573681571267), (0, 4.424573681571267), (0, 4.424573681571267), (0, 4.424573681571267), (0, 4.424573681571267), (0, 4.424573681571267), (0, 4.424573681571267), (0, 4.424573681571267), (0, 4.424573681571267), (0, 4.424573681571267), (0, 4.424573681571267), (0, 4.424573681571267), (0, 4.424573681571267), (0, 4.424573681571267), (0, 4.424573681571267), (0, 4.424573681571267), (0, 4.424573681571267), (0, 4.424573681571267), (0, 4.424573681571267), (0, 4.424573681571267), (0, 4.424573681571267), (0, 4.424573681571267), (0, 4.424573681571267), (0, 4.424573681571267), (0, 4.424573681571267), (0, 4.424573681571267), (0, 4.424573681571267), (0, 4.424573681571267), (0, 4.424573681571267), (0, 4.424573681571267), (0, 4.424573681571267), (0, 4.424573681571267), (0, 4.424573681571267), (0, 4.424573681571267), (0, 4.424573681571267), (0, 4.424573681571267), (0, 4.424573681571267), (0, 4.424573681571267), (0, 4.424573681571267), (0, 4.424573681571267), (0, 4.424573681571267), (0, 4.424573681571267), (0, 4.424573681571267), (0, 4.424573681571267), (0, 4.424573681571267), (0, 4.424573681571267), (0, 4.424573681571267), (0, 4.424573681571267), (0, 4.424573681571267), (0, 4.424573681571267), (0, 4.424573681571267), (0, 4.424573681571267), (0, 4.424573681571267), (0, 4.424573681571267), (0, 4.424573681571267), (0, 4.424573681571267), (0, 4.424573681571267), (0, 4.424573681571267), (0, 4.424573681571267), (0, 4.424573681571267), (0, 4.424573681571267), (0, 4.424573681571267), (0, 4.424573681571267), (0, 4.424573681571267), (0, 4.424573681571267), (0, 4.424573681571267), (0, 4.424573681571267), (0, 4.424573681571267), (0, 4.424573681571267), (0, 4.424573681571267), (0, 4.424573681571267), (0, 4.424573681571267), (0, 4.424573681571267), (0, 4.424573681571267), (0, 4.424573681571267), (0, 4.424573681571267), (0, 4.424573681571267), (0, 4.424573681571267), (0, 4.424573681571267), (0, 4.424573681571267), (0, 4.424573681571267), (0, 4.424573681571267), (0, 4.424573681571267), (0, 4.424573681571267), (0, 4.424573681571267), (0, 4.424573681571267), (0, 4.424573681571267), (0, 4.424573681571267), (0, 4.424573681571267), (0, 4.424573681571267), (0, 4.424573681571267), (0, 4.424573681571267), (0, 4.424573681571267), (0, 4.424573681571267), (0, 4.424573681571267), (0, 4.424573681571267), (0, 4.424573681571267), (0, 4.424573681571267), (0, 4.424573681571267), (0, 4.424573681571267), (0, 4.424573681571267), (0, 4.424573681571267), (0, 4.424573681571267), (0, 4.424573681571267), (0, 4.424573681571267), (0, 4.424573681571267), (0, 4.424573681571267), (0, 4.424573681571267), (0, 4.424573681571267), (0, 4.424573681571267), (0, 4.424573681571267), (0, 4.424573681571267), (0, 4.424573681571267), (0, 4.424573681571267), (0, 4.424573681571267), (0, 4.424573681571267), (0, 4.424573681571267), (0, 4.424573681571267), (0, 4.424573681571267), (0, 4.424573681571267), (0, 4.424573681571267), (0, 4.424573681571267), (0, 4.424573681571267), (0, 4.424573681571267), (0, 4.424573681571267), (0, 4.424573681571267), (0, 4.424573681571267), (0, 4.424573681571267), (0, 4.424573681571267), (0, 4.424573681571267), (0, 4.424573681571267), (0, 4.424573681571267), (0, 4.424573681571267), (0, 4.424573681571267), (0, 4.424573681571267), (0, 4.424573681571267), (0, 4.424573681571267), (0, 4.424573681571267), (0, 4.424573681571267), (0, 4.424573681571267), (0, 4.424573681571267), (0, 4.424573681571267), (0, 4.424573681571267), (0, 4.424573681571267), (0, 4.424573681571267), (0, 4.424573681571267), (0, 4.424573681571267), (0, 4.424573681571267), (0, 4.424573681571267), (0, 4.424573681571267), (0, 4.424573681571267), (0, 4.424573681571267), (0, 4.424573681571267), (0, 4.424573681571267), (0, 4.424573681571267), (0, 4.424573681571267), (0, 4.424573681571267), (0, 4.424573681571267), (0, 4.424573681571267), (0, 4.424573681571267), (0, 4.424573681571267), (0, 4.424573681571267), (0, 4.424573681571267), (0, 4.424573681571267), (0, 4.424573681571267), (0, 4.424573681571267), (0, 4.424573681571267), (0, 4.424573681571267), (0, 4.424573681571267), (0, 4.424573681571267), (0, 4.424573681571267), (0, 4.424573681571267), (0, 4.424573681571267), (0, 4.424573681571267), (0, 4.424573681571267), (0, 4.424573681571267), (0, 4.424573681571267), (0, 4.424573681571267), (0, 4.424573681571267), (0, 4.424573681571267), (0, 4.424573681571267), (0, 4.424573681571267), (0, 4.424573681571267), (0, 4.424573681571267), (0, 4.424573681571267), (0, 4.424573681571267), (0, 4.424573681571267), (0, 4.424573681571267), (0, 4.424573681571267), (0, 4.424573681571267), (0, 4.424573681571267), (0, 4.424573681571267), (0, 4.424573681571267), (0, 4.424573681571267), (0, 4.424573681571267), (0, 4.424573681571267), (0, 4.424573681571267), (0, 4.424573681571267), (0, 4.424573681571267), (0, 4.424573681571267), (0, 4.424573681571267), (0, 4.424573681571267), (0, 4.424573681571267), (0, 4.424573681571267), (0, 4.424573681571267), (0, 4.424573681571267), (0, 4.424573681571267), (0, 4.424573681571267), (0, 4.424573681571267), (0, 4.424573681571267), (0, 4.424573681571267), (0, 4.424573681571267), (0, 4.424573681571267), (0, 4.424573681571267), (0, 4.424573681571267), (0, 4.424573681571267), (0, 4.424573681571267), (0, 4.424573681571267), (0, 4.424573681571267), (0, 4.424573681571267), (0, 4.424573681571267), (0, 4.424573681571267), (0, 4.424573681571267), (0, 4.424573681571267), (0, 4.424573681571267), (0, 4.424573681571267), (0, 4.424573681571267), (0, 4.424573681571267), (0, 4.424573681571267), (0, 4.424573681571267), (0, 4.424573681571267), (0, 4.424573681571267), (0, 4.424573681571267), (0, 4.424573681571267), (0, 4.424573681571267), (0, 4.424573681571267), (0, 4.424573681571267), (0, 4.424573681571267), (0, 4.424573681571267), (0, 4.424573681571267), (0, 4.424573681571267), (0, 4.424573681571267), (0, 4.424573681571267), (0, 4.424573681571267), (0, 4.424573681571267), (0, 4.424573681571267), (0, 4.424573681571267), (0, 4.424573681571267), (0, 4.424573681571267), (0, 4.424573681571267), (0, 4.424573681571267), (0, 4.424573681571267), (0, 4.424573681571267), (0, 4.424573681571267), (0, 4.424573681571267), (0, 4.424573681571267), (0, 4.424573681571267), (0, 4.424573681571267), (0, 4.424573681571267), (0, 4.424573681571267), (0, 4.424573681571267), (0, 4.424573681571267), (0, 4.424573681571267), (0, 4.424573681571267), (0, 4.424573681571267), (0, 4.424573681571267), (0, 4.424573681571267), (0, 4.424573681571267), (0, 4.424573681571267), (0, 4.424573681571267), (0, 4.424573681571267), (0, 4.424573681571267), (0, 4.424573681571267), (0, 4.424573681571267), (0, 4.424573681571267), (0, 4.424573681571267), (0, 4.424573681571267), (0, 4.424573681571267), (0, 4.424573681571267), (0, 4.424573681571267), (0, 4.424573681571267), (0, 4.424573681571267), (0, 4.424573681571267), (0, 4.424573681571267), (0, 4.424573681571267), (0, 4.424573681571267), (0, 4.424573681571267), (0, 4.424573681571267), (0, 4.424573681571267), (0, 4.424573681571267), (0, 4.424573681571267), (0, 4.424573681571267), (0, 4.424573681571267), (0, 4.424573681571267), (0, 4.424573681571267), (0, 4.424573681571267), (0, 4.424573681571267), (0, 4.424573681571267), (0, 4.424573681571267), (0, 4.424573681571267), (0, 4.424573681571267), (0, 4.424573681571267), (0, 4.424573681571267), (0, 4.424573681571267), (0, 4.424573681571267), (0, 4.424573681571267), (0, 4.424573681571267), (0, 4.424573681571267), (0, 4.424573681571267), (0, 4.424573681571267), (0, 4.424573681571267), (0, 4.424573681571267), (0, 4.424573681571267), (0, 4.424573681571267), (0, 4.424573681571267), (0, 4.424573681571267), (0, 4.424573681571267), (0, 4.424573681571267), (0, 4.424573681571267), (0, 4.424573681571267), (0, 4.424573681571267), (0, 4.424573681571267), (0, 4.424573681571267), (0, 4.424573681571267), (0, 4.424573681571267), (0, 4.424573681571267), (0, 4.424573681571267), (0, 4.424573681571267), (0, 4.424573681571267), (0, 4.424573681571267), (0, 4.424573681571267), (0, 4.424573681571267), (0, 4.424573681571267), (0, 4.424573681571267), (0, 4.424573681571267), (0, 4.424573681571267), (0, 4.424573681571267), (0, 4.424573681571267), (0, 4.424573681571267), (0, 4.424573681571267), (0, 4.424573681571267), (0, 4.424573681571267), (0, 4.424573681571267), (0, 4.424573681571267), (0, 4.424573681571267), (0, 4.424573681571267), (0, 4.424573681571267), (0, 4.424573681571267), (0, 4.424573681571267), (0, 4.424573681571267), (0, 4.424573681571267), (0, 4.424573681571267), (0, 4.424573681571267), (0, 4.424573681571267), (0, 4.424573681571267), (0, 4.424573681571267), (0, 4.424573681571267), (0, 4.424573681571267), (0, 4.424573681571267), (0, 4.424573681571267), (0, 4.424573681571267), (0, 4.424573681571267), (0, 4.424573681571267), (0, 4.424573681571267), (0, 4.424573681571267), (0, 4.424573681571267), (0, 4.424573681571267), (0, 4.424573681571267), (0, 4.424573681571267), (0, 4.424573681571267), (0, 4.424573681571267), (0, 4.424573681571267), (0, 4.424573681571267), (0, 4.424573681571267), (0, 4.424573681571267), (0, 4.424573681571267), (0, 4.424573681571267), (0, 4.424573681571267), (0, 4.424573681571267), (0, 4.424573681571267), (0, 4.424573681571267), (0, 4.424573681571267), (0, 4.424573681571267), (0, 4.424573681571267), (0, 4.424573681571267), (0, 4.424573681571267), (0, 4.424573681571267), (0, 4.424573681571267), (0, 4.424573681571267), (0, 4.424573681571267), (0, 4.424573681571267), (0, 4.424573681571267), (0, 4.424573681571267), (0, 4.424573681571267), (0, 4.424573681571267), (0, 4.424573681571267), (0, 4.424573681571267), (0, 4.424573681571267), (0, 4.424573681571267), (0, 4.424573681571267), (0, 4.424573681571267), (0, 4.424573681571267), (0, 4.424573681571267), (0, 4.424573681571267), (0, 4.424573681571267), (0, 4.424573681571267), (0, 4.424573681571267), (0, 4.424573681571267), (0, 4.424573681571267), (0, 4.424573681571267), (0, 4.424573681571267), (0, 4.424573681571267), (0, 4.424573681571267), (0, 4.424573681571267), (0, 4.424573681571267), (0, 4.424573681571267), (0, 4.424573681571267), (0, 4.424573681571267), (0, 4.424573681571267), (0, 4.424573681571267), (0, 4.424573681571267), (0, 4.424573681571267), (0, 4.424573681571267), (0, 4.424573681571267), (0, 4.424573681571267), (0, 4.424573681571267), (0, 4.424573681571267), (0, 4.424573681571267), (0, 4.424573681571267), (0, 4.424573681571267), (0, 4.424573681571267), (0, 4.424573681571267), (0, 4.424573681571267), (0, 4.424573681571267), (0, 4.424573681571267), (0, 4.424573681571267), (0, 4.424573681571267), (0, 4.424573681571267), (0, 4.424573681571267), (0, 4.424573681571267), (0, 4.424573681571267), (0, 4.424573681571267), (0, 4.424573681571267), (0, 4.424573681571267), (0, 4.424573681571267), (0, 4.424573681571267), (0, 4.424573681571267), (0, 4.424573681571267), (0, 4.424573681571267), (0, 4.424573681571267), (0, 4.424573681571267), (0, 4.424573681571267), (0, 4.424573681571267), (0, 4.424573681571267), (0, 4.424573681571267), (0, 4.424573681571267), (0, 4.424573681571267), (0, 4.424573681571267), (0, 4.424573681571267), (0, 4.424573681571267), (0, 4.424573681571267), (0, 4.424573681571267), (0, 4.424573681571267), (0, 4.424573681571267), (0, 4.424573681571267), (0, 4.424573681571267), (0, 4.424573681571267), (0, 4.424573681571267), (0, 4.424573681571267), (0, 4.424573681571267), (0, 4.424573681571267), (0, 4.424573681571267), (0, 4.424573681571267), (0, 4.424573681571267), (0, 4.424573681571267), (0, 4.424573681571267), (0, 4.424573681571267), (0, 4.424573681571267), (0, 4.424573681571267), (0, 4.424573681571267), (0, 4.424573681571267), (0, 4.424573681571267), (0, 4.424573681571267), (0, 4.424573681571267), (0, 4.424573681571267), (0, 4.424573681571267), (0, 4.424573681571267), (0, 4.424573681571267), (0, 4.424573681571267), (0, 4.424573681571267), (0, 4.424573681571267), (0, 4.424573681571267), (0, 4.424573681571267), (0, 4.424573681571267), (0, 4.424573681571267), (0, 4.424573681571267), (0, 4.424573681571267), (0, 4.424573681571267), (0, 4.424573681571267), (0, 4.424573681571267), (0, 4.424573681571267), (0, 4.424573681571267), (0, 4.424573681571267), (0, 4.424573681571267), (0, 4.424573681571267), (0, 4.424573681571267), (0, 4.424573681571267), (0, 4.424573681571267), (0, 4.424573681571267), (0, 4.424573681571267), (0, 4.424573681571267), (0, 4.424573681571267), (0, 4.424573681571267), (0, 4.424573681571267), (0, 4.424573681571267), (0, 4.424573681571267), (0, 4.424573681571267), (0, 4.424573681571267), (0, 4.424573681571267), (0, 4.424573681571267), (0, 4.424573681571267), (0, 4.424573681571267), (0, 4.424573681571267), (0, 4.424573681571267), (0, 4.424573681571267), (0, 4.424573681571267), (0, 4.424573681571267), (0, 4.424573681571267), (0, 4.424573681571267), (0, 4.424573681571267), (0, 4.424573681571267), (0, 4.424573681571267), (0, 4.424573681571267), (0, 4.424573681571267), (0, 4.424573681571267), (0, 4.424573681571267), (0, 4.424573681571267), (0, 4.424573681571267), (0, 4.424573681571267), (0, 4.424573681571267), (0, 4.424573681571267), (0, 4.424573681571267), (0, 4.424573681571267), (0, 4.424573681571267), (0, 4.424573681571267), (0, 4.424573681571267), (0, 4.424573681571267), (0, 4.424573681571267), (0, 4.424573681571267), (0, 4.424573681571267), (0, 4.424573681571267), (0, 4.424573681571267), (0, 4.424573681571267), (0, 4.424573681571267), (0, 4.424573681571267), (0, 4.424573681571267), (0, 4.424573681571267), (0, 4.424573681571267), (0, 4.424573681571267), (0, 4.424573681571267), (0, 4.424573681571267), (0, 4.424573681571267), (0, 4.424573681571267), (0, 4.424573681571267), (0, 4.424573681571267), (0, 4.424573681571267), (0, 4.424573681571267), (0, 4.424573681571267), (0, 4.424573681571267), (0, 4.424573681571267), (0, 4.424573681571267), (0, 4.424573681571267), (0, 4.424573681571267), (0, 4.424573681571267), (0, 4.424573681571267), (0, 4.424573681571267), (0, 4.424573681571267), (0, 4.424573681571267), (0, 4.424573681571267), (0, 4.424573681571267), (0, 4.424573681571267), (0, 4.424573681571267), (0, 4.424573681571267), (0, 4.424573681571267), (0, 4.424573681571267), (0, 4.424573681571267), (0, 4.424573681571267), (0, 4.424573681571267), (0, 4.424573681571267), (0, 4.424573681571267), (0, 4.424573681571267), (0, 4.424573681571267), (0, 4.424573681571267), (0, 4.424573681571267), (0, 4.424573681571267), (0, 4.424573681571267), (0, 4.424573681571267), (0, 4.424573681571267), (0, 4.424573681571267), (0, 4.424573681571267), (0, 4.424573681571267), (0, 4.424573681571267), (0, 4.424573681571267), (0, 4.424573681571267), (0, 4.424573681571267), (0, 4.424573681571267), (0, 4.424573681571267), (0, 4.424573681571267), (0, 4.424573681571267), (0, 4.424573681571267), (0, 4.424573681571267), (0, 4.424573681571267), (0, 4.424573681571267), (0, 4.424573681571267), (0, 4.424573681571267), (0, 4.424573681571267), (0, 4.424573681571267), (0, 4.424573681571267), (0, 4.424573681571267), (0, 4.424573681571267), (0, 4.424573681571267), (0, 4.424573681571267), (0, 4.424573681571267), (0, 4.424573681571267), (0, 4.424573681571267), (0, 4.424573681571267), (0, 4.424573681571267), (0, 4.424573681571267), (0, 4.424573681571267), (0, 4.424573681571267), (0, 4.424573681571267), (0, 4.424573681571267), (0, 4.424573681571267), (0, 4.424573681571267), (0, 4.424573681571267), (0, 4.424573681571267), (0, 4.424573681571267), (0, 4.424573681571267), (0, 4.424573681571267), (0, 4.424573681571267), (0, 4.424573681571267), (0, 4.424573681571267), (0, 4.424573681571267), (0, 4.424573681571267), (0, 4.424573681571267), (0, 4.424573681571267), (0, 4.424573681571267), (0, 4.424573681571267), (0, 4.424573681571267), (0, 4.424573681571267), (0, 4.424573681571267), (0, 4.424573681571267), (0, 4.424573681571267), (0, 4.424573681571267), (0, 4.424573681571267), (0, 4.424573681571267), (0, 4.424573681571267), (0, 4.424573681571267), (0, 4.424573681571267), (0, 4.424573681571267), (0, 4.424573681571267), (0, 4.424573681571267), (0, 4.424573681571267), (0, 4.424573681571267), (0, 4.424573681571267), (0, 4.424573681571267), (0, 4.424573681571267), (0, 4.424573681571267), (0, 4.424573681571267), (0, 4.424573681571267), (0, 4.424573681571267), (0, 4.424573681571267), (0, 4.424573681571267), (0, 4.424573681571267), (0, 4.424573681571267), (0, 4.424573681571267), (0, 4.424573681571267), (0, 4.424573681571267), (0, 4.424573681571267), (0, 4.424573681571267), (0, 4.424573681571267), (0, 4.424573681571267), (0, 4.424573681571267), (0, 4.424573681571267), (0, 4.424573681571267), (0, 4.424573681571267), (0, 4.424573681571267), (0, 4.424573681571267), (0, 4.424573681571267), (0, 4.424573681571267), (0, 4.424573681571267), (0, 4.424573681571267), (0, 4.424573681571267), (0, 4.424573681571267), (0, 4.424573681571267), (0, 4.424573681571267), (0, 4.424573681571267), (0, 4.424573681571267), (0, 4.424573681571267), (0, 4.424573681571267), (0, 4.424573681571267), (0, 4.424573681571267), (0, 4.424573681571267), (0, 4.424573681571267), (0, 4.424573681571267), (0, 4.424573681571267), (0, 4.424573681571267), (0, 4.424573681571267), (0, 4.424573681571267), (0, 4.424573681571267), (0, 4.424573681571267), (0, 4.424573681571267), (0, 4.424573681571267), (0, 4.424573681571267), (0, 4.424573681571267), (0, 4.424573681571267), (0, 4.424573681571267), (0, 4.424573681571267), (0, 4.424573681571267), (0, 4.424573681571267), (0, 4.424573681571267), (0, 4.424573681571267), (0, 4.424573681571267), (0, 4.424573681571267), (0, 4.424573681571267), (0, 4.424573681571267), (0, 4.424573681571267), (0, 4.424573681571267), (0, 4.424573681571267), (0, 4.424573681571267), (0, 4.424573681571267), (0, 4.424573681571267), (0, 4.424573681571267), (0, 4.424573681571267), (0, 4.424573681571267), (0, 4.424573681571267), (0, 4.424573681571267), (0, 4.424573681571267), (0, 4.424573681571267), (0, 4.424573681571267), (0, 4.424573681571267), (0, 4.424573681571267), (0, 4.424573681571267), (0, 4.424573681571267), (0, 4.424573681571267), (0, 4.424573681571267), (0, 4.424573681571267), (0, 4.424573681571267), (0, 4.424573681571267), (0, 4.424573681571267), (0, 4.424573681571267), (0, 4.424573681571267), (0, 4.424573681571267), (0, 4.424573681571267), (0, 4.424573681571267), (0, 4.424573681571267), (0, 4.424573681571267), (0, 4.424573681571267), (0, 4.424573681571267), (0, 4.424573681571267), (0, 4.424573681571267), (0, 4.424573681571267), (0, 4.424573681571267), (0, 4.424573681571267), (0, 4.424573681571267), (0, 4.424573681571267), (0, 4.424573681571267), (0, 4.424573681571267), (0, 4.424573681571267), (0, 4.424573681571267), (0, 4.424573681571267), (0, 4.424573681571267), (0, 4.424573681571267), (0, 4.424573681571267), (0, 4.424573681571267), (0, 4.424573681571267), (0, 4.424573681571267), (0, 4.424573681571267), (0, 4.424573681571267), (0, 4.424573681571267), (0, 4.424573681571267), (0, 4.424573681571267), (0, 4.424573681571267), (0, 4.424573681571267), (0, 4.424573681571267), (0, 4.424573681571267), (0, 4.424573681571267), (0, 4.424573681571267), (0, 4.424573681571267), (0, 4.424573681571267), (0, 4.424573681571267), (0, 4.424573681571267), (0, 4.424573681571267), (0, 4.424573681571267), (0, 4.424573681571267), (0, 4.424573681571267), (0, 4.424573681571267), (0, 4.424573681571267), (0, 4.424573681571267), (0, 4.424573681571267), (0, 4.424573681571267), (0, 4.424573681571267), (0, 4.424573681571267), (0, 4.424573681571267), (0, 4.424573681571267), (0, 4.424573681571267), (0, 4.424573681571267), (0, 4.424573681571267), (0, 4.424573681571267), (0, 4.424573681571267), (0, 4.424573681571267), (0, 4.424573681571267), (0, 4.424573681571267), (0, 4.424573681571267), (0, 4.424573681571267), (0, 4.424573681571267), (0, 4.424573681571267), (0, 4.424573681571267), (0, 4.424573681571267), (0, 4.424573681571267), (0, 4.424573681571267), (0, 4.424573681571267), (0, 4.424573681571267), (0, 4.424573681571267), (0, 4.424573681571267), (0, 4.424573681571267), (0, 4.424573681571267), (0, 4.424573681571267), (0, 4.424573681571267), (0, 4.424573681571267), (0, 4.424573681571267), (0, 4.424573681571267), (0, 4.424573681571267), (0, 4.424573681571267), (0, 4.424573681571267), (0, 4.424573681571267), (0, 4.424573681571267), (0, 4.424573681571267), (0, 4.424573681571267), (0, 4.424573681571267), (0, 4.424573681571267), (0, 4.424573681571267), (0, 4.424573681571267), (0, 4.424573681571267), (0, 4.424573681571267), (0, 4.424573681571267), (0, 4.424573681571267), (0, 4.424573681571267), (0, 4.424573681571267), (0, 4.424573681571267), (0, 4.424573681571267), (0, 4.424573681571267), (0, 4.424573681571267), (0, 4.424573681571267), (0, 4.424573681571267), (0, 4.424573681571267), (0, 4.424573681571267), (0, 4.424573681571267), (0, 4.424573681571267), (0, 4.424573681571267), (0, 4.424573681571267), (0, 4.424573681571267), (0, 4.424573681571267), (0, 4.424573681571267), (0, 4.424573681571267), (0, 4.424573681571267), (0, 4.424573681571267), (0, 4.424573681571267), (0, 4.424573681571267), (0, 4.424573681571267), (0, 4.424573681571267), (0, 4.424573681571267), (0, 4.424573681571267), (0, 4.424573681571267), (0, 4.424573681571267), (0, 4.424573681571267), (0, 4.424573681571267), (0, 4.424573681571267), (0, 4.424573681571267), (0, 4.424573681571267), (0, 4.424573681571267), (0, 4.424573681571267), (0, 4.424573681571267), (0, 4.424573681571267), (0, 4.424573681571267), (0, 4.424573681571267), (0, 4.424573681571267), (0, 4.424573681571267), (0, 4.424573681571267), (0, 4.424573681571267), (0, 4.424573681571267), (0, 4.424573681571267), (0, 4.424573681571267), (0, 4.424573681571267), (0, 4.424573681571267), (0, 4.424573681571267), (0, 4.424573681571267), (0, 4.424573681571267), (0, 4.424573681571267), (0, 4.424573681571267), (0, 4.424573681571267), (0, 4.424573681571267), (0, 4.424573681571267), (0, 4.424573681571267), (0, 4.424573681571267), (0, 4.424573681571267), (0, 4.424573681571267), (0, 4.424573681571267), (0, 4.424573681571267), (0, 4.424573681571267), (0, 4.424573681571267), (0, 4.424573681571267), (0, 4.424573681571267), (0, 4.424573681571267), (0, 4.424573681571267), (0, 4.424573681571267), (0, 4.424573681571267), (0, 4.424573681571267), (0, 4.424573681571267), (0, 4.424573681571267), (0, 4.424573681571267), (0, 4.424573681571267), (0, 4.424573681571267), (0, 4.424573681571267), (0, 4.424573681571267), (0, 4.424573681571267), (0, 4.424573681571267), (0, 4.424573681571267), (0, 4.424573681571267), (0, 4.424573681571267), (0, 4.424573681571267), (0, 4.424573681571267), (0, 4.424573681571267), (0, 4.424573681571267), (0, 4.424573681571267), (0, 4.424573681571267), (0, 4.424573681571267), (0, 4.424573681571267), (0, 4.424573681571267), (0, 4.424573681571267), (0, 4.424573681571267), (0, 4.424573681571267), (0, 4.424573681571267), (0, 4.424573681571267), (0, 4.424573681571267), (0, 4.424573681571267), (0, 4.424573681571267), (0, 4.424573681571267), (0, 4.424573681571267), (0, 4.424573681571267), (0, 4.424573681571267), (0, 4.424573681571267), (0, 4.424573681571267), (0, 4.424573681571267), (0, 4.424573681571267), (0, 4.424573681571267), (0, 4.424573681571267), (0, 4.424573681571267), (0, 4.424573681571267), (0, 4.424573681571267), (0, 4.424573681571267), (0, 4.424573681571267), (0, 4.424573681571267), (0, 4.424573681571267), (0, 4.424573681571267), (0, 4.424573681571267), (0, 4.424573681571267), (0, 4.424573681571267), (0, 4.424573681571267), (0, 4.424573681571267), (0, 4.424573681571267), (0, 4.424573681571267), (0, 4.424573681571267), (0, 4.424573681571267), (0, 4.424573681571267), (0, 4.424573681571267), (0, 4.424573681571267), (0, 4.424573681571267), (0, 4.424573681571267), (0, 4.424573681571267), (0, 4.424573681571267), (0, 4.424573681571267), (0, 4.424573681571267), (0, 4.424573681571267), (0, 4.424573681571267), (0, 4.424573681571267), (0, 4.424573681571267), (0, 4.424573681571267), (0, 4.424573681571267), (0, 4.424573681571267), (0, 4.424573681571267), (0, 4.424573681571267), (0, 4.424573681571267), (0, 4.424573681571267), (0, 4.424573681571267), (0, 4.424573681571267), (0, 4.424573681571267), (0, 4.424573681571267), (0, 4.424573681571267), (0, 4.424573681571267), (0, 4.424573681571267), (0, 4.424573681571267), (0, 4.424573681571267), (0, 4.424573681571267), (0, 4.424573681571267), (0, 4.424573681571267), (0, 4.424573681571267), (0, 4.424573681571267), (0, 4.424573681571267), (0, 4.424573681571267), (0, 4.424573681571267), (0, 4.424573681571267), (0, 4.424573681571267), (0, 4.424573681571267), (0, 4.424573681571267), (0, 4.424573681571267), (0, 4.424573681571267), (0, 4.424573681571267), (0, 4.424573681571267), (0, 4.424573681571267), (0, 4.424573681571267), (0, 4.424573681571267), (0, 4.424573681571267), (0, 4.424573681571267), (0, 4.424573681571267), (0, 4.424573681571267), (0, 4.424573681571267), (0, 4.424573681571267), (0, 4.424573681571267), (0, 4.424573681571267), (0, 4.424573681571267), (0, 4.424573681571267), (0, 4.424573681571267), (0, 4.424573681571267), (0, 4.424573681571267), (0, 4.424573681571267), (0, 4.424573681571267), (0, 4.424573681571267), (0, 4.424573681571267), (0, 4.424573681571267), (0, 4.424573681571267), (0, 4.424573681571267), (0, 4.424573681571267), (0, 4.424573681571267), (0, 4.424573681571267), (0, 4.424573681571267), (0, 4.424573681571267), (0, 4.424573681571267), (0, 4.424573681571267), (0, 4.424573681571267), (0, 4.424573681571267), (0, 4.424573681571267), (0, 4.424573681571267), (0, 4.424573681571267), (0, 4.424573681571267), (0, 4.424573681571267), (0, 4.424573681571267), (0, 4.424573681571267), (0, 4.424573681571267), (0, 4.424573681571267), (0, 4.424573681571267), (0, 4.424573681571267), (0, 4.424573681571267), (0, 4.424573681571267), (0, 4.424573681571267), (0, 4.424573681571267), (0, 4.424573681571267), (0, 4.424573681571267), (0, 4.424573681571267), (0, 4.424573681571267), (0, 4.424573681571267), (0, 4.424573681571267), (0, 4.424573681571267), (0, 4.424573681571267), (0, 4.424573681571267), (0, 4.424573681571267), (0, 4.424573681571267), (0, 4.424573681571267), (0, 4.424573681571267), (0, 4.424573681571267), (0, 4.424573681571267), (0, 4.424573681571267), (0, 4.424573681571267), (0, 4.424573681571267), (0, 4.424573681571267), (0, 4.424573681571267), (0, 4.424573681571267), (0, 4.424573681571267), (0, 4.424573681571267), (0, 4.424573681571267), (0, 4.424573681571267), (0, 4.424573681571267), (0, 4.424573681571267), (0, 4.424573681571267), (0, 4.424573681571267), (0, 4.424573681571267), (0, 4.424573681571267), (0, 4.424573681571267), (0, 4.424573681571267), (0, 4.424573681571267), (0, 4.424573681571267), (0, 4.424573681571267), (0, 4.424573681571267), (0, 4.424573681571267), (0, 4.424573681571267), (0, 4.424573681571267), (0, 4.424573681571267), (0, 4.424573681571267), (0, 4.424573681571267), (0, 4.424573681571267), (0, 4.424573681571267), (0, 4.424573681571267), (0, 4.424573681571267), (0, 4.424573681571267), (0, 4.424573681571267), (0, 4.424573681571267), (0, 4.424573681571267), (0, 4.424573681571267), (0, 4.424573681571267), (0, 4.424573681571267), (0, 4.424573681571267), (0, 4.424573681571267), (0, 4.424573681571267), (0, 4.424573681571267), (0, 4.424573681571267), (0, 4.424573681571267), (0, 4.424573681571267), (0, 4.424573681571267), (0, 4.424573681571267), (0, 4.424573681571267), (0, 4.424573681571267), (0, 4.424573681571267), (0, 4.424573681571267), (0, 4.424573681571267), (0, 4.424573681571267), (0, 4.424573681571267), (0, 4.424573681571267), (0, 4.424573681571267), (0, 4.424573681571267), (0, 4.424573681571267), (0, 4.424573681571267), (0, 4.424573681571267), (0, 4.424573681571267), (0, 4.424573681571267), (0, 4.424573681571267), (0, 4.424573681571267), (0, 4.424573681571267), (0, 4.424573681571267), (0, 4.424573681571267), (0, 4.424573681571267), (0, 4.424573681571267), (0, 4.424573681571267), (0, 4.424573681571267), (0, 4.424573681571267), (0, 4.424573681571267), (0, 4.424573681571267), (0, 4.424573681571267), (0, 4.424573681571267), (0, 4.424573681571267), (0, 4.424573681571267), (0, 4.424573681571267), (0, 4.424573681571267), (0, 4.424573681571267), (0, 4.424573681571267), (0, 4.424573681571267), (0, 4.424573681571267), (0, 4.424573681571267), (0, 4.424573681571267), (0, 4.424573681571267), (0, 4.424573681571267), (0, 4.424573681571267), (0, 4.424573681571267), (0, 4.424573681571267), (0, 4.424573681571267), (0, 4.424573681571267), (0, 4.424573681571267), (0, 4.424573681571267), (0, 4.424573681571267), (0, 4.424573681571267), (0, 4.424573681571267), (0, 4.424573681571267), (0, 4.424573681571267), (0, 4.424573681571267), (0, 4.424573681571267), (0, 4.424573681571267), (0, 4.424573681571267), (0, 4.424573681571267), (0, 4.424573681571267), (0, 4.424573681571267), (0, 4.424573681571267), (0, 4.424573681571267), (0, 4.424573681571267), (0, 4.424573681571267), (0, 4.424573681571267), (0, 4.424573681571267), (0, 4.424573681571267), (0, 4.424573681571267), (0, 4.424573681571267), (0, 4.424573681571267), (0, 4.424573681571267), (0, 4.424573681571267), (0, 4.424573681571267), (0, 4.424573681571267), (0, 4.424573681571267), (0, 4.424573681571267), (0, 4.424573681571267), (0, 4.424573681571267), (0, 4.424573681571267), (0, 4.424573681571267), (0, 4.424573681571267), (0, 4.424573681571267), (0, 4.424573681571267), (0, 4.424573681571267), (0, 4.424573681571267), (0, 4.424573681571267), (0, 4.424573681571267), (0, 4.424573681571267), (0, 4.424573681571267), (0, 4.424573681571267), (0, 4.424573681571267), (0, 4.424573681571267), (0, 4.424573681571267), (0, 4.424573681571267), (0, 4.424573681571267), (0, 4.424573681571267), (0, 4.424573681571267), (0, 4.424573681571267), (0, 4.424573681571267), (0, 4.424573681571267), (0, 4.424573681571267), (0, 4.424573681571267), (0, 4.424573681571267), (0, 4.424573681571267), (0, 4.424573681571267), (0, 4.424573681571267), (0, 4.424573681571267), (0, 4.424573681571267), (0, 4.424573681571267), (0, 4.424573681571267), (0, 4.424573681571267), (0, 4.424573681571267), (0, 4.424573681571267), (0, 4.424573681571267), (0, 4.424573681571267), (0, 4.424573681571267), (0, 4.424573681571267), (0, 4.424573681571267), (0, 4.424573681571267), (0, 4.424573681571267), (0, 4.424573681571267), (0, 4.424573681571267), (0, 4.424573681571267), (0, 4.424573681571267), (0, 4.424573681571267), (0, 4.424573681571267), (0, 4.424573681571267), (0, 4.424573681571267), (0, 4.424573681571267), (0, 4.424573681571267), (0, 4.424573681571267), (0, 4.424573681571267), (0, 4.424573681571267), (0, 4.424573681571267), (0, 4.424573681571267), (0, 4.424573681571267), (0, 4.424573681571267), (0, 4.424573681571267), (0, 4.424573681571267), (0, 4.424573681571267), (0, 4.424573681571267), (0, 4.424573681571267), (0, 4.424573681571267), (0, 4.424573681571267), (0, 4.424573681571267), (0, 4.424573681571267), (0, 4.424573681571267), (0, 4.424573681571267), (0, 4.424573681571267), (0, 4.424573681571267), (0, 4.424573681571267), (0, 4.424573681571267), (0, 4.424573681571267), (0, 4.424573681571267), (0, 4.424573681571267), (0, 4.424573681571267), (0, 4.424573681571267), (0, 4.424573681571267), (0, 4.424573681571267), (0, 4.424573681571267), (0, 4.424573681571267), (0, 4.424573681571267), (0, 4.424573681571267), (0, 4.424573681571267), (0, 4.424573681571267), (0, 4.424573681571267), (0, 4.424573681571267), (0, 4.424573681571267), (0, 4.424573681571267), (0, 4.424573681571267), (0, 4.424573681571267), (0, 4.424573681571267), (0, 4.424573681571267), (0, 4.424573681571267), (0, 4.424573681571267), (0, 4.424573681571267), (0, 4.424573681571267), (0, 4.424573681571267), (0, 4.424573681571267), (0, 4.424573681571267), (0, 4.424573681571267), (0, 4.424573681571267), (0, 4.424573681571267), (0, 4.424573681571267), (0, 4.424573681571267), (0, 4.424573681571267), (0, 4.424573681571267), (0, 4.424573681571267), (0, 4.424573681571267), (0, 4.424573681571267), (0, 4.424573681571267), (0, 4.424573681571267), (0, 4.424573681571267), (0, 4.424573681571267), (0, 4.424573681571267), (0, 4.424573681571267), (0, 4.424573681571267), (0, 4.424573681571267), (0, 4.424573681571267), (0, 4.424573681571267), (0, 4.424573681571267), (0, 4.424573681571267), (0, 4.424573681571267), (0, 4.424573681571267), (0, 4.424573681571267), (0, 4.424573681571267), (0, 4.424573681571267), (0, 4.424573681571267), (0, 4.424573681571267), (0, 4.424573681571267), (0, 4.424573681571267), (0, 4.424573681571267), (0, 4.424573681571267), (0, 4.424573681571267), (0, 4.424573681571267), (0, 4.424573681571267), (0, 4.424573681571267), (0, 4.424573681571267), (0, 4.424573681571267), (0, 4.424573681571267), (0, 4.424573681571267), (0, 4.424573681571267), (0, 4.424573681571267), (0, 4.424573681571267), (0, 4.424573681571267), (0, 4.424573681571267), (0, 4.424573681571267), (0, 4.424573681571267), (0, 4.424573681571267), (0, 4.424573681571267), (0, 4.424573681571267), (0, 4.424573681571267), (0, 4.424573681571267), (0, 4.424573681571267), (0, 4.424573681571267), (0, 4.424573681571267), (0, 4.424573681571267), (0, 4.424573681571267), (0, 4.424573681571267), (0, 4.424573681571267), (0, 4.424573681571267), (0, 4.424573681571267), (0, 4.424573681571267), (0, 4.424573681571267), (0, 4.424573681571267), (0, 4.424573681571267), (0, 4.424573681571267), (0, 4.424573681571267), (0, 4.424573681571267), (0, 4.424573681571267), (0, 4.424573681571267), (0, 4.424573681571267), (0, 4.424573681571267), (0, 4.424573681571267), (0, 4.424573681571267), (0, 4.424573681571267), (0, 4.424573681571267), (0, 4.424573681571267), (0, 4.424573681571267), (0, 4.424573681571267), (0, 4.424573681571267), (0, 4.424573681571267), (0, 4.424573681571267), (0, 4.424573681571267), (0, 4.424573681571267), (0, 4.424573681571267), (0, 4.424573681571267), (0, 4.424573681571267), (0, 4.424573681571267), (0, 4.424573681571267), (0, 4.424573681571267), (0, 4.424573681571267), (0, 4.424573681571267), (0, 4.424573681571267), (0, 4.424573681571267), (0, 4.424573681571267), (0, 4.424573681571267), (0, 4.424573681571267), (0, 4.424573681571267), (0, 4.424573681571267), (0, 4.424573681571267), (0, 4.424573681571267), (0, 4.424573681571267), (0, 4.424573681571267), (0, 4.424573681571267), (0, 4.424573681571267), (0, 4.424573681571267), (0, 4.424573681571267), (0, 4.424573681571267), (0, 4.424573681571267), (0, 4.424573681571267), (0, 4.424573681571267), (0, 4.424573681571267), (0, 4.424573681571267), (0, 4.424573681571267), (0, 4.424573681571267), (0, 4.424573681571267), (0, 4.424573681571267), (0, 4.424573681571267), (0, 4.424573681571267), (0, 4.424573681571267), (0, 4.424573681571267), (0, 4.424573681571267), (0, 4.424573681571267), (0, 4.424573681571267), (0, 4.424573681571267), (0, 4.424573681571267), (0, 4.424573681571267), (0, 4.424573681571267), (0, 4.424573681571267), (0, 4.424573681571267), (0, 4.424573681571267), (0, 4.424573681571267), (0, 4.424573681571267), (0, 4.424573681571267), (0, 4.424573681571267), (0, 4.424573681571267), (0, 4.424573681571267), (0, 4.424573681571267), (0, 4.424573681571267), (0, 4.424573681571267), (0, 4.424573681571267), (0, 4.424573681571267), (0, 4.424573681571267), (0, 4.424573681571267), (0, 4.424573681571267), (0, 4.424573681571267), (0, 4.424573681571267), (0, 4.424573681571267), (0, 4.424573681571267), (0, 4.424573681571267), (0, 4.424573681571267), (0, 4.424573681571267), (0, 4.424573681571267), (0, 4.424573681571267), (0, 4.424573681571267), (0, 4.424573681571267), (0, 4.424573681571267), (0, 4.424573681571267), (0, 4.424573681571267), (0, 4.424573681571267), (0, 4.424573681571267), (0, 4.424573681571267), (0, 4.424573681571267), (0, 4.424573681571267), (0, 4.424573681571267), (0, 4.424573681571267), (0, 4.424573681571267), (0, 4.424573681571267), (0, 4.424573681571267), (0, 4.424573681571267), (0, 4.424573681571267), (0, 4.424573681571267), (0, 4.424573681571267), (0, 4.424573681571267), (0, 4.424573681571267), (0, 4.424573681571267), (0, 4.424573681571267), (0, 4.424573681571267), (0, 4.424573681571267), (0, 4.424573681571267), (0, 4.424573681571267), (0, 4.424573681571267), (0, 4.424573681571267), (0, 4.424573681571267), (0, 4.424573681571267), (0, 4.424573681571267), (0, 4.424573681571267), (0, 4.424573681571267), (0, 4.424573681571267), (0, 4.424573681571267), (0, 4.424573681571267), (0, 4.424573681571267), (0, 4.424573681571267), (0, 4.424573681571267), (0, 4.424573681571267), (0, 4.424573681571267), (0, 4.424573681571267), (0, 4.424573681571267), (0, 4.424573681571267), (0, 4.424573681571267), (0, 4.424573681571267), (0, 4.424573681571267), (0, 4.424573681571267), (0, 4.424573681571267), (0, 4.424573681571267), (0, 4.424573681571267), (0, 4.424573681571267), (0, 4.424573681571267), (0, 4.424573681571267), (0, 4.424573681571267), (0, 4.424573681571267), (0, 4.424573681571267), (0, 4.424573681571267), (0, 4.424573681571267), (0, 4.424573681571267), (0, 4.424573681571267), (0, 4.424573681571267), (0, 4.424573681571267), (0, 4.424573681571267), (0, 4.424573681571267), (0, 4.424573681571267), (0, 4.424573681571267), (0, 4.424573681571267), (0, 4.424573681571267), (0, 4.424573681571267), (0, 4.424573681571267), (0, 4.424573681571267), (0, 4.424573681571267), (0, 4.424573681571267), (0, 4.424573681571267), (0, 4.424573681571267), (0, 4.424573681571267), (0, 4.424573681571267), (0, 4.424573681571267), (0, 4.424573681571267), (0, 4.424573681571267), (0, 4.424573681571267), (0, 4.424573681571267), (0, 4.424573681571267), (0, 4.424573681571267), (0, 4.424573681571267), (0, 4.424573681571267), (0, 4.424573681571267), (0, 4.424573681571267), (0, 4.424573681571267), (0, 4.424573681571267), (0, 4.424573681571267), (0, 4.424573681571267), (0, 4.424573681571267), (0, 4.424573681571267), (0, 4.424573681571267), (0, 4.424573681571267), (0, 4.424573681571267), (0, 4.424573681571267), (0, 4.424573681571267), (0, 4.424573681571267), (0, 4.424573681571267), (0, 4.424573681571267), (0, 4.424573681571267), (0, 4.424573681571267), (0, 4.424573681571267), (0, 4.424573681571267), (0, 4.424573681571267), (0, 4.424573681571267), (0, 4.424573681571267), (0, 4.424573681571267), (0, 4.424573681571267), (0, 4.424573681571267), (0, 4.424573681571267), (0, 4.424573681571267), (0, 4.424573681571267), (0, 4.424573681571267), (0, 4.424573681571267), (0, 4.424573681571267), (0, 4.424573681571267), (0, 4.424573681571267), (0, 4.424573681571267), (0, 4.424573681571267), (0, 4.424573681571267), (0, 4.424573681571267), (0, 4.424573681571267), (0, 4.424573681571267), (0, 4.424573681571267), (0, 4.424573681571267), (0, 4.424573681571267), (0, 4.424573681571267), (0, 4.424573681571267), (0, 4.424573681571267), (0, 4.424573681571267), (0, 4.424573681571267), (0, 4.424573681571267), (0, 4.424573681571267), (0, 4.424573681571267), (0, 4.424573681571267), (0, 4.424573681571267), (0, 4.424573681571267), (0, 4.424573681571267), (0, 4.424573681571267), (0, 4.424573681571267), (0, 4.424573681571267), (0, 4.424573681571267), (0, 4.424573681571267), (0, 4.424573681571267), (0, 4.424573681571267), (0, 4.424573681571267), (0, 4.424573681571267), (0, 4.424573681571267), (0, 4.424573681571267), (0, 4.424573681571267), (0, 4.424573681571267), (0, 4.424573681571267), (0, 4.424573681571267), (0, 4.424573681571267), (0, 4.424573681571267), (0, 4.424573681571267), (0, 4.424573681571267), (0, 4.424573681571267), (0, 4.424573681571267), (0, 4.424573681571267), (0, 4.424573681571267), (0, 4.424573681571267), (0, 4.424573681571267), (0, 4.424573681571267), (0, 4.424573681571267), (0, 4.424573681571267), (0, 4.424573681571267), (0, 4.424573681571267), (0, 4.424573681571267), (0, 4.424573681571267), (0, 4.424573681571267), (0, 4.424573681571267), (0, 4.424573681571267), (0, 4.424573681571267), (0, 4.424573681571267), (0, 4.424573681571267), (0, 4.424573681571267), (0, 4.424573681571267), (0, 4.424573681571267), (0, 4.424573681571267), (0, 4.424573681571267), (0, 4.424573681571267), (0, 4.424573681571267), (0, 4.424573681571267), (0, 4.424573681571267), (0, 4.424573681571267), (0, 4.424573681571267), (0, 4.424573681571267), (0, 4.424573681571267), (0, 4.424573681571267), (0, 4.424573681571267), (0, 4.424573681571267), (0, 4.424573681571267), (0, 4.424573681571267), (0, 4.424573681571267), (0, 4.424573681571267), (0, 4.424573681571267), (0, 4.424573681571267), (0, 4.424573681571267), (0, 4.424573681571267), (0, 4.424573681571267), (0, 4.424573681571267), (0, 4.424573681571267), (0, 4.424573681571267), (0, 4.424573681571267), (0, 4.424573681571267), (0, 4.424573681571267), (0, 4.424573681571267), (0, 4.424573681571267), (0, 4.424573681571267), (0, 4.424573681571267), (0, 4.424573681571267), (0, 4.424573681571267), (0, 4.424573681571267), (0, 4.424573681571267), (0, 4.424573681571267), (0, 4.424573681571267), (0, 4.424573681571267), (0, 4.424573681571267), (0, 4.424573681571267), (0, 4.424573681571267), (0, 4.424573681571267), (0, 4.424573681571267), (0, 4.424573681571267), (0, 4.424573681571267), (0, 4.424573681571267), (0, 4.424573681571267), (0, 4.424573681571267), (0, 4.424573681571267), (0, 4.424573681571267), (0, 4.424573681571267), (0, 4.424573681571267), (0, 4.424573681571267), (0, 4.424573681571267), (0, 4.424573681571267), (0, 4.424573681571267), (0, 4.424573681571267), (0, 4.424573681571267), (0, 4.424573681571267), (0, 4.424573681571267), (0, 4.424573681571267), (0, 4.424573681571267), (0, 4.424573681571267), (0, 4.424573681571267), (0, 4.424573681571267), (0, 4.424573681571267), (0, 4.424573681571267), (0, 4.424573681571267), (0, 4.424573681571267), (0, 4.424573681571267), (0, 4.424573681571267), (0, 4.424573681571267), (0, 4.424573681571267), (0, 4.424573681571267), (0, 4.424573681571267), (0, 4.424573681571267), (0, 4.424573681571267), (0, 4.424573681571267), (0, 4.424573681571267), (0, 4.424573681571267), (0, 4.424573681571267), (0, 4.424573681571267), (0, 4.424573681571267), (0, 4.424573681571267), (0, 4.424573681571267), (0, 4.424573681571267), (0, 4.424573681571267), (0, 4.424573681571267), (0, 4.424573681571267), (0, 4.424573681571267), (0, 4.424573681571267), (0, 4.424573681571267), (0, 4.424573681571267), (0, 4.424573681571267), (0, 4.424573681571267), (0, 4.424573681571267), (0, 4.424573681571267), (0, 4.424573681571267), (0, 4.424573681571267), (0, 4.424573681571267), (0, 4.424573681571267), (0, 4.424573681571267), (0, 4.424573681571267), (0, 4.424573681571267), (0, 4.424573681571267), (0, 4.424573681571267), (0, 4.424573681571267), (0, 4.424573681571267), (0, 4.424573681571267), (0, 4.424573681571267), (0, 4.424573681571267), (0, 4.424573681571267), (0, 4.424573681571267), (0, 4.424573681571267), (0, 4.424573681571267), (0, 4.424573681571267), (0, 4.424573681571267), (0, 4.424573681571267), (0, 4.424573681571267), (0, 4.424573681571267), (0, 4.424573681571267), (0, 4.424573681571267), (0, 4.424573681571267), (0, 4.424573681571267), (0, 4.424573681571267), (0, 4.424573681571267), (0, 4.424573681571267), (0, 4.424573681571267), (0, 4.424573681571267), (0, 4.424573681571267), (0, 4.424573681571267), (0, 4.424573681571267), (0, 4.424573681571267), (0, 4.424573681571267), (0, 4.424573681571267), (0, 4.424573681571267), (0, 4.424573681571267), (0, 4.424573681571267), (0, 4.424573681571267), (0, 4.424573681571267), (0, 4.424573681571267), (0, 4.424573681571267), (0, 4.424573681571267), (0, 4.424573681571267), (0, 4.424573681571267), (0, 4.424573681571267), (0, 4.424573681571267), (0, 4.424573681571267), (0, 4.424573681571267), (0, 4.424573681571267), (0, 4.424573681571267), (0, 4.424573681571267), (0, 4.424573681571267), (0, 4.424573681571267), (0, 4.424573681571267), (0, 4.424573681571267), (0, 4.424573681571267), (0, 4.424573681571267), (0, 4.424573681571267), (0, 4.424573681571267), (0, 4.424573681571267), (0, 4.424573681571267), (0, 4.424573681571267), (0, 4.424573681571267), (0, 4.424573681571267), (0, 4.424573681571267), (0, 4.424573681571267), (0, 4.424573681571267), (0, 4.424573681571267), (0, 4.424573681571267), (0, 4.424573681571267), (0, 4.424573681571267), (0, 4.424573681571267), (0, 4.424573681571267), (0, 4.424573681571267), (0, 4.424573681571267), (0, 4.424573681571267), (0, 4.424573681571267), (0, 4.424573681571267), (0, 4.424573681571267), (0, 4.424573681571267), (0, 4.424573681571267), (0, 4.424573681571267), (0, 4.424573681571267), (0, 4.424573681571267), (0, 4.424573681571267), (0, 4.424573681571267), (0, 4.424573681571267), (0, 4.424573681571267), (0, 4.424573681571267), (0, 4.424573681571267), (0, 4.424573681571267), (0, 4.424573681571267), (0, 4.424573681571267), (0, 4.424573681571267), (0, 4.424573681571267), (0, 4.424573681571267), (0, 4.424573681571267), (0, 4.424573681571267), (0, 4.424573681571267), (0, 4.424573681571267), (0, 4.424573681571267), (0, 4.424573681571267), (0, 4.424573681571267), (0, 4.424573681571267), (0, 4.424573681571267), (0, 4.424573681571267), (0, 4.424573681571267), (0, 4.424573681571267), (0, 4.424573681571267), (0, 4.424573681571267), (0, 4.424573681571267), (0, 4.424573681571267), (0, 4.424573681571267), (0, 4.424573681571267), (0, 4.424573681571267), (0, 4.424573681571267), (0, 4.424573681571267), (0, 4.424573681571267), (0, 4.424573681571267), (0, 4.424573681571267), (0, 4.424573681571267), (0, 4.424573681571267), (0, 4.424573681571267), (0, 4.424573681571267), (0, 4.424573681571267), (0, 4.424573681571267), (0, 4.424573681571267), (0, 4.424573681571267), (0, 4.424573681571267), (0, 4.424573681571267), (0, 4.424573681571267), (0, 4.424573681571267), (0, 4.424573681571267), (0, 4.424573681571267), (0, 4.424573681571267), (0, 4.424573681571267), (0, 4.424573681571267), (0, 4.424573681571267), (0, 4.424573681571267), (0, 4.424573681571267), (0, 4.424573681571267), (0, 4.424573681571267), (0, 4.424573681571267), (0, 4.424573681571267), (0, 4.424573681571267), (0, 4.424573681571267), (0, 4.424573681571267), (0, 4.424573681571267), (0, 4.424573681571267), (0, 4.424573681571267), (0, 4.424573681571267), (0, 4.424573681571267), (0, 4.424573681571267), (0, 4.424573681571267), (0, 4.424573681571267), (0, 4.424573681571267), (0, 4.424573681571267), (0, 4.424573681571267), (0, 4.424573681571267), (0, 4.424573681571267), (0, 4.424573681571267), (0, 4.424573681571267), (0, 4.424573681571267), (0, 4.424573681571267), (0, 4.424573681571267), (0, 4.424573681571267), (0, 4.424573681571267), (0, 4.424573681571267), (0, 4.424573681571267), (0, 4.424573681571267), (0, 4.424573681571267), (0, 4.424573681571267), (0, 4.424573681571267), (0, 4.424573681571267), (0, 4.424573681571267), (0, 4.424573681571267), (0, 4.424573681571267), (0, 4.424573681571267), (0, 4.424573681571267), (0, 4.424573681571267), (0, 4.424573681571267), (0, 4.424573681571267), (0, 4.424573681571267), (0, 4.424573681571267), (0, 4.424573681571267), (0, 4.424573681571267), (0, 4.424573681571267), (0, 4.424573681571267), (0, 4.424573681571267), (0, 4.424573681571267), (0, 4.424573681571267), (0, 4.424573681571267), (0, 4.424573681571267), (0, 4.424573681571267), (0, 4.424573681571267), (0, 4.424573681571267), (0, 4.424573681571267), (0, 4.424573681571267), (0, 4.424573681571267), (0, 4.424573681571267), (0, 4.424573681571267), (0, 4.424573681571267), (0, 4.424573681571267), (0, 4.424573681571267), (0, 4.424573681571267), (0, 4.424573681571267), (0, 4.424573681571267), (0, 4.424573681571267), (0, 4.424573681571267), (0, 4.424573681571267), (0, 4.424573681571267), (0, 4.424573681571267), (0, 4.424573681571267), (0, 4.424573681571267), (0, 4.424573681571267), (0, 4.424573681571267), (0, 4.424573681571267), (0, 4.424573681571267), (0, 4.424573681571267), (0, 4.424573681571267), (0, 4.424573681571267), (0, 4.424573681571267), (0, 4.424573681571267), (0, 4.424573681571267), (0, 4.424573681571267), (0, 4.424573681571267), (0, 4.424573681571267), (0, 4.424573681571267), (0, 4.424573681571267), (0, 4.424573681571267), (0, 4.424573681571267), (0, 4.424573681571267), (0, 4.424573681571267), (0, 4.424573681571267), (0, 4.424573681571267), (0, 4.424573681571267), (0, 4.424573681571267), (0, 4.424573681571267), (0, 4.424573681571267), (0, 4.424573681571267), (0, 4.424573681571267), (0, 4.424573681571267), (0, 4.424573681571267), (0, 4.424573681571267), (0, 4.424573681571267), (0, 4.424573681571267), (0, 4.424573681571267), (0, 4.424573681571267), (0, 4.424573681571267), (0, 4.424573681571267), (0, 4.424573681571267), (0, 4.424573681571267), (0, 4.424573681571267), (0, 4.424573681571267), (0, 4.424573681571267), (0, 4.424573681571267), (0, 4.424573681571267), (0, 4.424573681571267), (0, 4.424573681571267), (0, 4.424573681571267), (0, 4.424573681571267), (0, 4.424573681571267), (0, 4.424573681571267), (0, 4.424573681571267), (0, 4.424573681571267), (0, 4.424573681571267), (0, 4.424573681571267), (0, 4.424573681571267), (0, 4.424573681571267), (0, 4.424573681571267), (0, 4.424573681571267), (0, 4.424573681571267), (0, 4.424573681571267), (0, 4.424573681571267), (0, 4.424573681571267), (0, 4.424573681571267), (0, 4.424573681571267), (0, 4.424573681571267), (0, 4.424573681571267), (0, 4.424573681571267), (0, 4.424573681571267), (0, 4.424573681571267), (0, 4.424573681571267), (0, 4.424573681571267), (0, 4.424573681571267), (0, 4.424573681571267), (0, 4.424573681571267), (0, 4.424573681571267), (0, 4.424573681571267), (0, 4.424573681571267), (0, 4.424573681571267), (0, 4.424573681571267), (0, 4.424573681571267), (0, 4.424573681571267), (0, 4.424573681571267), (0, 4.424573681571267), (0, 4.424573681571267), (0, 4.424573681571267), (0, 4.424573681571267), (0, 4.424573681571267), (0, 4.424573681571267), (0, 4.424573681571267), (0, 4.424573681571267), (0, 4.424573681571267), (0, 4.424573681571267), (0, 4.424573681571267), (0, 4.424573681571267), (0, 4.424573681571267), (0, 4.424573681571267), (0, 4.424573681571267), (0, 4.424573681571267), (0, 4.424573681571267), (0, 4.424573681571267), (0, 4.424573681571267), (0, 4.424573681571267), (0, 4.424573681571267), (0, 4.424573681571267), (0, 4.424573681571267), (0, 4.424573681571267), (0, 4.424573681571267), (0, 4.424573681571267), (0, 4.424573681571267), (0, 4.424573681571267), (0, 4.424573681571267), (0, 4.424573681571267), (0, 4.424573681571267), (0, 4.424573681571267), (0, 4.424573681571267), (0, 4.424573681571267), (0, 4.424573681571267), (0, 4.424573681571267), (0, 4.424573681571267), (0, 4.424573681571267), (0, 4.424573681571267), (0, 4.424573681571267), (0, 4.424573681571267), (0, 4.424573681571267), (0, 4.424573681571267), (0, 4.424573681571267), (0, 4.424573681571267), (0, 4.424573681571267), (0, 4.424573681571267), (0, 4.424573681571267), (0, 4.424573681571267), (0, 4.424573681571267), (0, 4.424573681571267), (0, 4.424573681571267), (0, 4.424573681571267), (0, 4.424573681571267), (0, 4.424573681571267), (0, 4.424573681571267), (0, 4.424573681571267), (0, 4.424573681571267), (0, 4.424573681571267), (0, 4.424573681571267), (0, 4.424573681571267), (0, 4.424573681571267), (0, 4.424573681571267), (0, 4.424573681571267), (0, 4.424573681571267), (0, 4.424573681571267), (0, 4.424573681571267), (0, 4.424573681571267), (0, 4.424573681571267), (0, 4.424573681571267), (0, 4.424573681571267), (0, 4.424573681571267), (0, 4.424573681571267), (0, 4.424573681571267), (0, 4.424573681571267), (0, 4.424573681571267), (0, 4.424573681571267), (0, 4.424573681571267), (0, 4.424573681571267), (0, 4.424573681571267), (0, 4.424573681571267), (0, 4.424573681571267), (0, 4.424573681571267), (0, 4.424573681571267), (0, 4.424573681571267), (0, 4.424573681571267), (0, 4.424573681571267), (0, 4.424573681571267), (0, 4.424573681571267), (0, 4.424573681571267), (0, 4.424573681571267), (0, 4.424573681571267), (0, 4.424573681571267), (0, 4.424573681571267), (0, 4.424573681571267), (0, 4.424573681571267), (0, 4.424573681571267), (0, 4.424573681571267), (0, 4.424573681571267), (0, 4.424573681571267), (0, 4.424573681571267), (0, 4.424573681571267), (0, 4.424573681571267), (0, 4.424573681571267), (0, 4.424573681571267), (0, 4.424573681571267), (0, 4.424573681571267), (0, 4.424573681571267), (0, 4.424573681571267), (0, 4.424573681571267), (0, 4.424573681571267), (0, 4.424573681571267), (0, 4.424573681571267), (0, 4.424573681571267), (0, 4.424573681571267), (0, 4.424573681571267), (0, 4.424573681571267), (0, 4.424573681571267), (0, 4.424573681571267), (0, 4.424573681571267), (0, 4.424573681571267), (0, 4.424573681571267), (0, 4.424573681571267), (0, 4.424573681571267), (0, 4.424573681571267), (0, 4.424573681571267), (0, 4.424573681571267), (0, 4.424573681571267), (0, 4.424573681571267), (0, 4.424573681571267), (0, 4.424573681571267), (0, 4.424573681571267), (0, 4.424573681571267), (0, 4.424573681571267), (0, 4.424573681571267), (0, 4.424573681571267), (0, 4.424573681571267), (0, 4.424573681571267), (0, 4.424573681571267), (0, 4.424573681571267), (0, 4.424573681571267), (0, 4.424573681571267), (0, 4.424573681571267), (0, 4.424573681571267), (0, 4.424573681571267), (0, 4.424573681571267), (0, 4.424573681571267), (0, 4.424573681571267), (0, 4.424573681571267), (0, 4.424573681571267), (0, 4.424573681571267), (0, 4.424573681571267), (0, 4.424573681571267), (0, 4.424573681571267), (0, 4.424573681571267), (0, 4.424573681571267), (0, 4.424573681571267), (0, 4.424573681571267), (0, 4.424573681571267), (0, 4.424573681571267), (0, 4.424573681571267), (0, 4.424573681571267), (0, 4.424573681571267), (0, 4.424573681571267), (0, 4.424573681571267), (0, 4.424573681571267), (0, 4.424573681571267), (0, 4.424573681571267), (0, 4.424573681571267), (0, 4.424573681571267), (0, 4.424573681571267), (0, 4.424573681571267), (0, 4.424573681571267), (0, 4.424573681571267), (0, 4.424573681571267), (0, 4.424573681571267), (0, 4.424573681571267), (0, 4.424573681571267), (0, 4.424573681571267), (0, 4.424573681571267), (0, 4.424573681571267), (0, 4.424573681571267), (0, 4.424573681571267), (0, 4.424573681571267), (0, 4.424573681571267), (0, 4.424573681571267), (0, 4.424573681571267), (0, 4.424573681571267), (0, 4.424573681571267), (0, 4.424573681571267), (0, 4.424573681571267), (0, 4.424573681571267), (0, 4.424573681571267), (0, 4.424573681571267), (0, 4.424573681571267), (0, 4.424573681571267), (0, 4.424573681571267), (0, 4.424573681571267), (0, 4.424573681571267), (0, 4.424573681571267), (0, 4.424573681571267), (0, 4.424573681571267), (0, 4.424573681571267), (0, 4.424573681571267), (0, 4.424573681571267), (0, 4.424573681571267), (0, 4.424573681571267), (0, 4.424573681571267), (0, 4.424573681571267), (0, 4.424573681571267), (0, 4.424573681571267), (0, 4.424573681571267), (0, 4.424573681571267), (0, 4.424573681571267), (0, 4.424573681571267), (0, 4.424573681571267), (0, 4.424573681571267), (0, 4.424573681571267), (0, 4.424573681571267), (0, 4.424573681571267), (0, 4.424573681571267), (0, 4.424573681571267), (0, 4.424573681571267), (0, 4.424573681571267), (0, 4.424573681571267), (0, 4.424573681571267), (0, 4.424573681571267), (0, 4.424573681571267), (0, 4.424573681571267), (0, 4.424573681571267), (0, 4.424573681571267), (0, 4.424573681571267), (0, 4.424573681571267), (0, 4.424573681571267), (0, 4.424573681571267), (0, 4.424573681571267), (0, 4.424573681571267), (0, 4.424573681571267), (0, 4.424573681571267), (0, 4.424573681571267), (0, 4.424573681571267), (0, 4.424573681571267), (0, 4.424573681571267), (0, 4.424573681571267), (0, 4.424573681571267), (0, 4.424573681571267), (0, 4.424573681571267), (0, 4.424573681571267), (0, 4.424573681571267), (0, 4.424573681571267), (0, 4.424573681571267), (0, 4.424573681571267), (0, 4.424573681571267), (0, 4.424573681571267), (0, 4.424573681571267), (0, 4.424573681571267), (0, 4.424573681571267), (0, 4.424573681571267), (0, 4.424573681571267), (0, 4.424573681571267), (0, 4.424573681571267), (0, 4.424573681571267), (0, 4.424573681571267), (0, 4.424573681571267), (0, 4.424573681571267), (0, 4.424573681571267), (0, 4.424573681571267), (0, 4.424573681571267), (0, 4.424573681571267), (0, 4.424573681571267), (0, 4.424573681571267), (0, 4.424573681571267), (0, 4.424573681571267), (0, 4.424573681571267), (0, 4.424573681571267), (0, 4.424573681571267), (0, 4.424573681571267), (0, 4.424573681571267), (0, 4.424573681571267), (0, 4.424573681571267), (0, 4.424573681571267), (0, 4.424573681571267), (0, 4.424573681571267), (0, 4.424573681571267), (0, 4.424573681571267), (0, 4.424573681571267), (0, 4.424573681571267), (0, 4.424573681571267), (0, 4.424573681571267), (0, 4.424573681571267), (0, 4.424573681571267), (0, 4.424573681571267), (0, 4.424573681571267), (0, 4.424573681571267), (0, 4.424573681571267), (0, 4.424573681571267), (0, 4.424573681571267), (0, 4.424573681571267), (0, 4.424573681571267), (0, 4.424573681571267), (0, 4.424573681571267), (0, 4.424573681571267), (0, 4.424573681571267), (0, 4.424573681571267), (0, 4.424573681571267), (0, 4.424573681571267), (0, 4.424573681571267), (0, 4.424573681571267), (0, 4.424573681571267), (0, 4.424573681571267), (0, 4.424573681571267)]