Model Setup for {PATIENT_GROUPS} Trained Network:

NODE Network Architecture Parameters
Input channels=2
Hidden channels=32
Output channels=2

Training hyperparameters
Optimizer=AdamW (
Parameter Group 0
    amsgrad: False
    betas: (0.9, 0.999)
    capturable: False
    differentiable: False
    eps: 1e-08
    foreach: None
    fused: None
    lr: 0.0001
    maximize: False
    weight_decay: 1e-06
)Training Iterations=2500
Learning rate=0.0001
Weight decay=1e-06
Optimizer reset frequency=1000

Dropout probability (after initial linear layer before NCDE): 0.0
Training Data Selection Parameters
(If not virtual, the only important params are the groups and whether data was normalized/standardized)
Patient groups=['Control']
Augmentation strategy=Uniform
Noise Magnitude=0.05
Normalized/standardized=StandardizeAbleson
Number of virtual patients per real patient=100
Label smoothing factor=0
Test Patient Combinations:
Control: None
MDD: None
Training batch size=1
Training Results:
Runtime=379.32422709465027
Loss over time=[(0, 0.7204262434859027), (0, 0.7140379406510144), (0, 0.7072481565399823), (0, 0.6999918569821851), (0, 0.6921971346495301), (0, 0.6837777762821522), (0, 0.6746289844046557), (0, 0.6646241917234711), (0, 0.6536093835833673), (0, 0.6413924905706021), (0, 0.627729233680455), (0, 0.6123103156312083), (0, 0.5972370191301983), (0, 0.58241306703229), (0, 0.5647137539310984), (0, 0.5434017104758291), (0, 0.5175464762479037), (0, 0.48592786615597744), (0, 0.4468512091446234), (0, 0.4076664702187254), (0, 0.39771291361757977), (0, 0.4201616372676049), (0, 0.43265483171969116), (0, 0.4314105582825957), (0, 0.42035912599033887), (0, 0.40337502980956635), (0, 0.3835317371768204), (0, 0.36421065815906123), (0, 0.35854339672591706), (0, 0.3597313401933997), (0, 0.36136296057420586), (0, 0.3633720475771462), (0, 0.3613670174200435), (0, 0.35542659723451986), (0, 0.3460490936638685), (0, 0.335334895036599), (0, 0.32507050946316846), (0, 0.31528483216764713), (0, 0.3079023984022952), (0, 0.3040276578237492), (0, 0.302385069458286), (0, 0.297812905203088), (0, 0.2907731654013533), (0, 0.2818349370283734), (0, 0.27157754809031776), (0, 0.2644009049064105), (0, 0.2589096551357281), (0, 0.25364052835808876), (0, 0.2474328563595038), (0, 0.24021257199065046), (0, 0.2318277067654804), (0, 0.22203581347534468), (0, 0.21128392963237586), (0, 0.20205310967744794), (0, 0.19532031445571585), (0, 0.18773092727078966), (0, 0.17938795628908136), (0, 0.1703649835722396), (0, 0.1606907916788501), (0, 0.15033541991998145), (0, 0.13919392809151657), (0, 0.12999270182776979), (0, 0.12339016443091223), (0, 0.11523380623879365), (0, 0.10579520035992497), (0, 0.1035592328452493), (0, 0.10229041271314916), (0, 0.10040379237812919), (0, 0.0971690775874719), (0, 0.09659502760873705), (0, 0.09789721370720382), (0, 0.0998997109656255), (0, 0.10093137061990146), (0, 0.10158455103729937), (0, 0.10328483153241005), (0, 0.10452477737205754), (0, 0.10450969656056022), (0, 0.10435999524080146), (0, 0.10489345590929275), (0, 0.10473633237619895), (0, 0.10399190550525352), (0, 0.10314166640115528), (0, 0.10224584561921932), (0, 0.10131788467542382), (0, 0.10047522821369949), (0, 0.09947361786822845), (0, 0.09828721580320895), (0, 0.09759553083357358), (0, 0.09667817952553306), (0, 0.0963018532657105), (0, 0.09675530248842601), (0, 0.09644765125134253), (0, 0.09659978136484003), (0, 0.0968491349453891), (0, 0.09698755693111773), (0, 0.09702201467600903), (0, 0.09695774859393333), (0, 0.09797258854047249), (0, 0.09738874120232795), (0, 0.09719683351205446), (0, 0.09730445945377011), (0, 0.09731968981989203), (0, 0.09725523513512326), (0, 0.09712063056472665), (0, 0.0969228863378026), (0, 0.09682626320897159), (0, 0.09682560747133719), (0, 0.09700703413551605), (0, 0.09676316896882281), (0, 0.09669831992719655), (0, 0.09662331056189583), (0, 0.09653564965277503), (0, 0.09643207680122058), (0, 0.09630832311150751), (0, 0.09629706030537126), (0, 0.09676974372723168), (0, 0.09609725830741013), (0, 0.09613487405713625), (0, 0.09613949091882407), (0, 0.09611563824845688), (0, 0.09606479792069038), (0, 0.0961274592196964), (0, 0.09608231396548254), (0, 0.09613511748480366), (0, 0.09615474017061883), (0, 0.0961469178814265), (0, 0.09611423518025998), (0, 0.09605689017747653), (0, 0.09597302846664992), (0, 0.09604785826059357), (0, 0.0959355379548949), (0, 0.09596846535005733), (0, 0.0959657053934997), (0, 0.0959309821676999), (0, 0.09586470272663648), (0, 0.0959863489442687), (0, 0.09586394333039694), (0, 0.0959135464500318), (0, 0.09601360564137794), (0, 0.09581276101300436), (0, 0.09606067984677233), (0, 0.09573064166237541), (0, 0.09574740348466976), (0, 0.09572100227119705), (0, 0.09579446205631159), (0, 0.09579485012988434), (0, 0.0959842489481611), (0, 0.09582385771314961), (0, 0.0957363833476663), (0, 0.09562526770657674), (0, 0.09570429086719413), (0, 0.09574426428843319), (0, 0.09573853765847376), (0, 0.0956910715615753), (0, 0.09560117790839419), (0, 0.09580562255202157), (0, 0.09557114895518369), (0, 0.09561382783255469), (0, 0.09560362514047932), (0, 0.09554480844867488), (0, 0.0955009936831669), (0, 0.0955731595382623), (0, 0.0956406411850446), (0, 0.09565390384516274), (0, 0.0956201113741971), (0, 0.09554045690841653), (0, 0.09541111263468478), (0, 0.09576742872814817), (0, 0.09531562955832631), (0, 0.09533231445460406), (0, 0.09528313653012949), (0, 0.09561801470176573), (0, 0.09533506890296413), (0, 0.09541423984879688), (0, 0.09542594653353044), (0, 0.09537864728138108), (0, 0.09527280624933705), (0, 0.09532051365826129), (0, 0.09522677214367889), (0, 0.09526640576384385), (0, 0.09523495268635611), (0, 0.09513571916384954), (0, 0.09537040195957919), (0, 0.09510420720633829), (0, 0.0951501847724244), (0, 0.09511733523410518), (0, 0.09500936704817757), (0, 0.09540576809748869), (0, 0.0949635768752818), (0, 0.09500313418662786), (0, 0.09495488707565179), (0, 0.09501452609324001), (0, 0.09501542276751884), (0, 0.09530593834386644), (0, 0.0949467494326745), (0, 0.09503741194137896), (0, 0.09481732508988747), (0, 0.09481954180660607), (0, 0.09472315913099115), (0, 0.09525809037816226), (0, 0.09469845082744283), (0, 0.09474493853752444), (0, 0.09468306226424755), (0, 0.094902001319647), (0, 0.09471999625159393), (0, 0.0947932462246936), (0, 0.09475868241857656), (0, 0.09462164063258825), (0, 0.09484641184327432), (0, 0.09452395425873633), (0, 0.09453697201654129), (0, 0.09442656136039919), (0, 0.09498360210985914), (0, 0.09437291824367723), (0, 0.09440176084332728), (0, 0.09436662454454604), (0, 0.09458562522930301), (0, 0.09482763058093259), (0, 0.09453451657949498), (0, 0.0942281837430461), (0, 0.0953173992870497), (0, 0.09516566023982188), (0, 0.09423720283633469), (0, 0.09446797066795067), (0, 0.09453914784755929), (0, 0.09447862482584167), (0, 0.09428863711849428), (0, 0.09411826924275325), (0, 0.0940839149504252), (0, 0.09403747557944779), (0, 0.09414692646105358), (0, 0.09408183071414174), (0, 0.09414391850590877), (0, 0.09403632692839624), (0, 0.0938856394454395), (0, 0.09397356151895235), (0, 0.09398631859137385), (0, 0.09381562006700972), (0, 0.09419792894967238), (0, 0.0936788942260691), (0, 0.09423224506639104), (0, 0.09485973517431225), (0, 0.09466527097217424), (0, 0.09408091620208107), (0, 0.09358045506099959), (0, 0.09368254636357572), (0, 0.09379012907545675), (0, 0.09395965720138463), (0, 0.09391943282195346), (0, 0.09367990582483197), (0, 0.09354919591751822), (0, 0.09348427749919597), (0, 0.09348051044568342), (0, 0.09322991991481629), (0, 0.09386833690432353), (0, 0.09327290760713854), (0, 0.09336455372890716), (0, 0.09318283871503909), (0, 0.09357811120004382), (0, 0.09310430883109361), (0, 0.09362078374891812), (0, 0.09407799444633741), (0, 0.09380387204280809), (0, 0.09341314156037267), (0, 0.09286153414191901), (0, 0.09277496310226076), (0, 0.09331986280427386), (0, 0.09354713341355013), (0, 0.09349857756426411), (0, 0.09318796358032869), (0, 0.09256656329034393), (0, 0.09414000833628436), (0, 0.0944200846448159), (0, 0.0935289075675722), (0, 0.09285735468854654), (0, 0.0933925817426659), (0, 0.09361095052105074), (0, 0.09311203108386351), (0, 0.09229998964795216), (0, 0.09410689968540976), (0, 0.09440357071956926), (0, 0.09294811235664735), (0, 0.09285689949148575), (0, 0.09380847873679024), (0, 0.09372063876250025), (0, 0.09277250563929114), (0, 0.09226282638839732), (0, 0.09270405549463363), (0, 0.09195500893428754), (0, 0.09271944423796694), (0, 0.09320911615920192), (0, 0.09329877627863269), (0, 0.0930478561078994), (0, 0.09241722484525555), (0, 0.09199212677818243), (0, 0.09188615534808092), (0, 0.09223863618908065), (0, 0.09258702442057275), (0, 0.09245188892776461), (0, 0.091836058863224), (0, 0.0919266828122999), (0, 0.09220500774609654), (0, 0.09117993738672023), (0, 0.09126701248912909), (0, 0.09138812702081402), (0, 0.09098680538442526), (0, 0.09126939955451686), (0, 0.09105073862819416), (0, 0.09076489550932915), (0, 0.0918500290925195), (0, 0.0917858537492572), (0, 0.09069451596371005), (0, 0.09234823814496931), (0, 0.09265832230472787), (0, 0.0912346052735929), (0, 0.0913031993911695), (0, 0.09239621393393213), (0, 0.09149847603133023), (0, 0.0963119287637313), (0, 0.09035192905957913), (0, 0.09899507055901012), (0, 0.09761149461198833), (0, 0.09025343168054162), (0, 0.09469665180514529), (0, 0.09180425371653868), (0, 0.0913333271235552), (0, 0.09324239199900958), (0, 0.09219061333807989), (0, 0.0909747231675553), (0, 0.09152139603607959), (0, 0.09204701967047196), (0, 0.09015955857786118), (0, 0.09040576332852585), (0, 0.09022071548955496), (0, 0.08991479637536072), (0, 0.08985537335952999), (0, 0.08959438596155755), (0, 0.09006739409621803), (0, 0.089182136853523), (0, 0.09046717919986604), (0, 0.09271160387961842), (0, 0.089297812075183), (0, 0.09083092298390229), (0, 0.09021612790943954), (0, 0.08871170637874798), (0, 0.09293989793060148), (0, 0.0892530496292435), (0, 0.09026757360014535), (0, 0.09082080645501683), (0, 0.08876373865421526), (0, 0.09074252031798152), (0, 0.09058417168193574), (0, 0.08827615193525294), (0, 0.08939045141952039), (0, 0.08839815767888064), (0, 0.0885084105386769), (0, 0.0879840366511477), (0, 0.08846316463613144), (0, 0.08828907533224815), (0, 0.08831849870699703), (0, 0.0883172493604509), (0, 0.08843592683206147), (0, 0.08800715441636425), (0, 0.08801870848023106), (0, 0.08767142682821075), (0, 0.08766531305527277), (0, 0.08712251596704461), (0, 0.08867199816450294), (0, 0.08742444910971363), (0, 0.09045339717184588), (0, 0.08685127268973468), (0, 0.08979441992954168), (0, 0.0870426257992769), (0, 0.09283123602306141), (0, 0.0880094822759283), (0, 0.09086124270871232), (0, 0.089848359050813), (0, 0.08860854668712868), (0, 0.08806979071294484), (0, 0.08687372711044879), (0, 0.08644482736385012), (0, 0.08830019966758762), (0, 0.08847361781678083), (0, 0.08677020721525618), (0, 0.0879549211350352), (0, 0.08692589937368565), (0, 0.08666622260267212), (0, 0.08720779356527031), (0, 0.08633233533668992), (0, 0.08626753264515676), (0, 0.08605509197733786), (0, 0.08573183441586439), (0, 0.08531343939017838), (0, 0.08493611035956766), (0, 0.0853447982695668), (0, 0.08592946027594137), (0, 0.08453538882884548), (0, 0.08671083074852017), (0, 0.08584332690137449), (0, 0.08499184386554975), (0, 0.08986383202903343), (0, 0.08513742082058144), (0, 0.09171911337584185), (0, 0.08830192506012322), (0, 0.09058160295502721), (0, 0.09037231717685901), (0, 0.08585833927265178), (0, 0.08984721116462709), (0, 0.0846091918461393), (0, 0.09065478979130596), (0, 0.08552825623413315), (0, 0.0875832485478168), (0, 0.08884190174592468), (0, 0.08446051890231555), (0, 0.08539372386371741), (0, 0.08581725243477213), (0, 0.08591198445657744), (0, 0.08572109629472338), (0, 0.08519256690012461), (0, 0.08414975791949185), (0, 0.08618610157795638), (0, 0.08453240063204812), (0, 0.08402603089592882), (0, 0.08430035696087519), (0, 0.08405665274940106), (0, 0.0833237264208234), (0, 0.08332898954391187), (0, 0.08370850747909574), (0, 0.08208108153693616), (0, 0.08519824891673676), (0, 0.08216997394412258), (0, 0.08482523266512748), (0, 0.08168269571347685), (0, 0.08563053123998757), (0, 0.08143415996233903), (0, 0.08292996245605094), (0, 0.08116617008820669), (0, 0.0816553339015821), (0, 0.0812893448267277), (0, 0.08106483783208517), (0, 0.08109170194958569), (0, 0.0804898687976085), (0, 0.0810488801131173), (0, 0.08249343946479158), (0, 0.0908881016690748), (0, 0.11026998526381955), (0, 0.0796372854699851), (0, 0.09177002303516647), (0, 0.09793356426713862), (0, 0.08730517391283615), (0, 0.0873008612179143), (0, 0.08499955600835384), (0, 0.08026336836782674), (0, 0.08612984539119832), (0, 0.08202461072657993), (0, 0.0851466075115955), (0, 0.08101380443594712), (0, 0.08036570306155029), (0, 0.08136198814842027), (0, 0.08152396155997046), (0, 0.08097219187142247), (0, 0.08006157375987161), (0, 0.08034355486438984), (0, 0.08038433398393185), (0, 0.08030634125644998), (0, 0.08014430814947869), (0, 0.0798788126051792), (0, 0.07943432460542947), (0, 0.08034434816679453), (0, 0.08033425703513597), (0, 0.0793057357196642), (0, 0.07946303166931329), (0, 0.08535926391049198), (0, 0.1152291919012415), (0, 0.09011750530842878), (0, 0.10916586577380633), (0, 0.08494372388055858), (0, 0.13291063573031175), (0, 0.13909315542661627), (0, 0.07892106834734319), (0, 0.14370685524634802), (0, 0.08497815713438774), (0, 0.10071351081977334), (0, 0.10160620850735648), (0, 0.08052368952396699), (0, 0.12945553966066312), (0, 0.0822245849309546), (0, 0.08675635124736382), (0, 0.09990379520267624), (0, 0.08006451539913628), (0, 0.09067116377378014), (0, 0.08129563603580989), (0, 0.08062635137661146), (0, 0.0861555584896502), (0, 0.08397802821086621), (0, 0.08012686203340413), (0, 0.08337971032901875), (0, 0.08584843686165605), (0, 0.0804068347330027), (0, 0.08351132260964299), (0, 0.08516970498015092), (0, 0.0812837705090696), (0, 0.08063511187057025), (0, 0.08253989105760268), (0, 0.08409105285887457), (0, 0.08075813710022327), (0, 0.08241347589117506), (0, 0.08897175301402342), (0, 0.0821795826059859), (0, 0.08042735142636287), (0, 0.08333461255232268), (0, 0.08079566916615427), (0, 0.08018682421871529), (0, 0.08076935743101211), (0, 0.08081015569081507), (0, 0.08039364228068695), (0, 0.07991988299724472), (0, 0.08004680431616279), (0, 0.08019325628654607), (0, 0.07981153879772657), (0, 0.0794537919976905), (0, 0.07993195158203055), (0, 0.08000669145064404), (0, 0.07959729612597141), (0, 0.07911961735856123), (0, 0.07939811637197632), (0, 0.07908758791050588), (0, 0.07892838113322344), (0, 0.07900703970673162), (0, 0.0785250381973903), (0, 0.07907052947103527), (0, 0.07919931029471511), (0, 0.07861288818392317), (0, 0.0785034656298058), (0, 0.07878372866060879), (0, 0.07850123042924331), (0, 0.07769294603132569), (0, 0.07793160473471035), (0, 0.07752332933663411), (0, 0.07758364520703348), (0, 0.07755399598657355), (0, 0.07725109916284434), (0, 0.07794254883669033), (0, 0.07791513666547213), (0, 0.07706757507121714), (0, 0.08143604177566793), (0, 0.07724436233986053), (0, 0.077960627720651), (0, 0.07790793712455636), (0, 0.07726462302214931), (0, 0.07682012538731381), (0, 0.07705108581971774), (0, 0.07637253988219582), (0, 0.0770852606930766), (0, 0.07738593266622205), (0, 0.07733097644048757), (0, 0.07628799972956432), (0, 0.076359049711338), (0, 0.07650481198455492), (0, 0.07584482057779476), (0, 0.07582381575874213), (0, 0.0757295177101354), (0, 0.07559093191620946), (0, 0.07551360842190825), (0, 0.07528000477983378), (0, 0.07511887260105092), (0, 0.07496475257802583), (0, 0.07477724363746147), (0, 0.0745293596425811), (0, 0.07528293329624217), (0, 0.07546967252519336), (0, 0.07755695414789086), (0, 0.07472653806924097), (0, 0.0786862093456455), (0, 0.08287863609186567), (0, 0.07976759430992367), (0, 0.0815006618579896), (0, 0.07665271876726099), (0, 0.08759098692225575), (0, 0.07384266245647467), (0, 0.08056053790640966), (0, 0.0867356763488746), (0, 0.09037322632950823), (0, 0.07353717421738548), (0, 0.124467102584759), (0, 0.07414020832879414), (0, 0.10951491829283513), (0, 0.07732663204865585), (0, 0.11220984822656527), (0, 0.07417387478611644), (0, 0.08092036453002223), (0, 0.07846476419497432), (0, 0.07435032238747678), (0, 0.10454038743589461), (0, 0.07412185255480287), (0, 0.08868351487215748), (0, 0.08665388342493484), (0, 0.07410607497487427), (0, 0.10284142871314944), (0, 0.07404188822905128), (0, 0.0771826336581327), (0, 0.07617042493734477), (0, 0.07417345669393276), (0, 0.076815180506828), (0, 0.0779735724472927), (0, 0.08279544901767721), (0, 0.07419329215775541), (0, 0.08233101492336772), (0, 0.07606696449600112), (0, 0.08993542581410678), (0, 0.07854948246802174), (0, 0.07737562367706255), (0, 0.07413051529850456), (0, 0.07526041503558328), (0, 0.07574416366052937), (0, 0.07508739766999123), (0, 0.07413669200793183), (0, 0.07407622406041114), (0, 0.0819577085043106), (0, 0.08066748917805527), (0, 0.09051989323243208), (0, 0.07575353346346542), (0, 0.07456124851972981), (0, 0.07823731328355016), (0, 0.08452882431982801), (0, 0.09623269898798038), (0, 0.07537379268424535), (0, 0.08291295978650687), (0, 0.074023296517865), (0, 0.07624520179390451), (0, 0.07830209116693755), (0, 0.07405321493818472), (0, 0.07589307461654649), (0, 0.07417862677300378), (0, 0.07398345684663102), (0, 0.0753308990985943), (0, 0.07570262299951219), (0, 0.07393127226332713), (0, 0.07389043124665387), (0, 0.08803392542310061), (0, 0.07514250964421819), (0, 0.09284711024410765), (0, 0.07951684837373742), (0, 0.07482372910842149), (0, 0.09301321851242333), (0, 0.07427584795855895), (0, 0.08723322725981811), (0, 0.08410298880617671), (0, 0.0734057990374946), (0, 0.096877100996408), (0, 0.07340508898881204), (0, 0.07474709862091884), (0, 0.07883923710161576), (0, 0.07494753315928972), (0, 0.07319077773401518), (0, 0.08178882310649277), (0, 0.07517733662792256), (0, 0.08957595157192937), (0, 0.08115463992399402), (0, 0.07308391445090812), (0, 0.10715054166268434), (0, 0.07305515439691926), (0, 0.08157439272676435), (0, 0.08401509350705362), (0, 0.07410587751355989), (0, 0.08327772064720956), (0, 0.07310848212780495), (0, 0.07588468657903565), (0, 0.07777834133946883), (0, 0.07386451372216622), (0, 0.07737011919838142), (0, 0.07381255590429368), (0, 0.07612507226262631), (0, 0.07634038569572858), (0, 0.07425323553803873), (0, 0.07293271319904178), (0, 0.08103903397477014), (0, 0.07487866173311969), (0, 0.08949363863263537), (0, 0.08258574636248385), (0, 0.07299611018106701), (0, 0.09647043217598267), (0, 0.07301210930290113), (0, 0.07346268347897), (0, 0.0753732120021551), (0, 0.07478710738204922), (0, 0.0734908097763471), (0, 0.07276820537341427), (0, 0.07787205100072297), (0, 0.07558463412881962), (0, 0.08913072871914805), (0, 0.07993349252476652), (0, 0.07260295374786079), (0, 0.11339009440479784), (0, 0.07265833453670702), (0, 0.086442130593477), (0, 0.10254234685809709), (0, 0.07468354550189993), (0, 0.09114308348125477), (0, 0.08448653337014869), (0, 0.07921497970702772), (0, 0.09482943167154924), (0, 0.07948496849361152), (0, 0.07247071524111265), (0, 0.11195525908385778), (0, 0.076373988373125), (0, 0.09496656377718761), (0, 0.12047887675221039), (0, 0.0887824290084501), (0, 0.07347956203901695), (0, 0.1094987315346157), (0, 0.07696487216206695), (0, 0.08984408399078753), (0, 0.1194609640513606), (0, 0.09510814711502782), (0, 0.07350855631214626), (0, 0.11158309692176696), (0, 0.09584423278720341), (0, 0.07591302314123868), (0, 0.09755569030000108), (0, 0.09521675739232541), (0, 0.07653452679827921), (0, 0.07613855918405575), (0, 0.09176599911776888), (0, 0.07511980982655499), (0, 0.07583297983863992), (0, 0.07814191913845718), (0, 0.0771626636947269), (0, 0.07647720354016004), (0, 0.07556600075335061), (0, 0.07536504078701055), (0, 0.07566078970175626), (0, 0.07753927514591322), (0, 0.07534959215700601), (0, 0.07546841908993386), (0, 0.0763263491906022), (0, 0.07677792981964535), (0, 0.07675152184694056), (0, 0.07628847007547218), (0, 0.07539129154895419), (0, 0.07466656122599873), (0, 0.0749558238647729), (0, 0.07796101676927912), (0, 0.07513597299916398), (0, 0.08092814039147561), (0, 0.0832807665610127), (0, 0.07637301208801425), (0, 0.07443188511659359), (0, 0.07580145935844101), (0, 0.07708936193536635), (0, 0.07571450647194616), (0, 0.08733654072739361), (0, 0.0864082078347934), (0, 0.07614354503420917), (0, 0.07394107141491738), (0, 0.07999191985779702), (0, 0.07384690302297642), (0, 0.07557469173086141), (0, 0.07946082945218266), (0, 0.07659364751395993), (0, 0.07459671118190711), (0, 0.07363822644096175), (0, 0.08134593632295763), (0, 0.07361476576360731), (0, 0.07571913333242374), (0, 0.08037094212423748), (0, 0.07714095565292567), (0, 0.07345934390909965), (0, 0.0816755264675339), (0, 0.07300905898090114), (0, 0.0739230238815491), (0, 0.07497750154880735), (0, 0.07523623208294508), (0, 0.07483883725287276), (0, 0.07376390983466724), (0, 0.0726445746949255), (0, 0.07346223907754554), (0, 0.07253432609966476), (0, 0.07239110967627173), (0, 0.07281567397236044), (0, 0.07282329392850215), (0, 0.07240779845707208), (0, 0.07169517184974632), (0, 0.07162471388821713), (0, 0.07171380957333708), (0, 0.0724447667359322), (0, 0.07202351958174026), (0, 0.07062580589728444), (0, 0.07379736928303798), (0, 0.07394594611796904), (0, 0.08318794208216916), (0, 0.07895873469419547), (0, 0.07122045336715782), (0, 0.09332128725830537), (0, 0.08074606587878345), (0, 0.07728042995652774), (0, 0.09503386405790136), (0, 0.08203262817919738), (0, 0.06988659699123777), (0, 0.11424884192433912), (0, 0.09007990323934155), (0, 0.07705434474669268), (0, 0.10335927298809512), (0, 0.08536247700684933), (0, 0.07010609388998695), (0, 0.11841319669886263), (0, 0.0973632525912476), (0, 0.07369679873430347), (0, 0.10002548058307457), (0, 0.09726971802885419), (0, 0.07350448054403061), (0, 0.08832010922733197), (0, 0.08839806542030226), (0, 0.07278456587756907), (0, 0.0820778456757044), (0, 0.0847541798558737), (0, 0.07563733116823947), (0, 0.07218435811425038), (0, 0.0825763485737392), (0, 0.07149105629303376), (0, 0.07251332169045094), (0, 0.07351481917480102), (0, 0.07379217224045852), (0, 0.0733028519427612), (0, 0.07224926040927099), (0, 0.07129331178314256), (0, 0.07135982976159423), (0, 0.07123515253143474), (0, 0.07154314128773395), (0, 0.07170135160835686), (0, 0.07216708933752858), (0, 0.0721280984106323), (0, 0.07162715267052676), (0, 0.07058093290861737), (0, 0.07655615550039417), (0, 0.07206022277888206), (0, 0.0745340794161077), (0, 0.07618390934230954), (0, 0.07264852064125331), (0, 0.06994028809542882), (0, 0.08431151128962183), (0, 0.07019628693278594), (0, 0.07243610230014803), (0, 0.07371444063895315), (0, 0.07309008067816088), (0, 0.07163940701713449), (0, 0.06942786698324108), (0, 0.08139994198795628), (0, 0.06958639477876308), (0, 0.07142124319047741), (0, 0.07218421110437623), (0, 0.07184581044542915), (0, 0.07062004849536209), (0, 0.06917864428897752), (0, 0.07433885533747188), (0, 0.07089598688951543), (0, 0.07993541572627985), (0, 0.07601343434499755), (0, 0.06867609255379131), (0, 0.09330131869346586), (0, 0.0747551491981833), (0, 0.08274065955853066), (0, 0.10598921703651505), (0, 0.08073617196820225), (0, 0.07265954200329719), (0, 0.07847559666438922), (0, 0.07126158482604415), (0, 0.08062038738600848), (0, 0.07811010590281456), (0, 0.06971429692174201), (0, 0.08746136404988233), (0, 0.07925481843663454), (0, 0.0739703258767456), (0, 0.09469024371549367), (0, 0.08566152566658447), (0, 0.06994317313653234), (0, 0.09621518263242143), (0, 0.09391071662268778), (0, 0.07026193158077086), (0, 0.08054697351762977), (0, 0.0830819502914569), (0, 0.0731672500397227), (0, 0.06844273027830491), (0, 0.09493872873186669), (0, 0.0832465644834423), (0, 0.07303226197153152), (0, 0.0964862558462418), (0, 0.08898909865445224), (0, 0.07202839818051233), (0, 0.08079221349448519), (0, 0.079367673519016), (0, 0.0719213214105367), (0, 0.0828152419424034), (0, 0.0840230925351691), (0, 0.07343712689496364), (0, 0.0695229171847238), (0, 0.09223522924711546), (0, 0.08067744949288347), (0, 0.07310786026173283), (0, 0.09039135901888805), (0, 0.08534295685174977), (0, 0.07274675436694927), (0, 0.06989247949722767), (0, 0.08276006590366994), (0, 0.06974926056249645), (0, 0.07142844277288098), (0, 0.07254457295810583), (0, 0.07281376639745686), (0, 0.07227815777233772), (0, 0.07116273211784199), (0, 0.06969227776797139), (0, 0.07726159324279713), (0, 0.07027249406460932), (0, 0.07192518644733212), (0, 0.07306775351633216), (0, 0.07228839464115201), (0, 0.07108508928857325), (0, 0.06961283529361664), (0, 0.07523021037959486), (0, 0.07009577050205183), (0, 0.07186558820816735), (0, 0.07407739420857475), (0, 0.07098065667081516), (0, 0.0688226227585324), (0, 0.07962131108293041), (0, 0.06833877594606434), (0, 0.06978323139551268), (0, 0.07043916633296284), (0, 0.06994458590462976), (0, 0.06844170544859797), (0, 0.07178213576326596), (0, 0.06926718420576536), (0, 0.07141100932120534), (0, 0.07105343321173975), (0, 0.0687077509891555), (0, 0.06970101390232518), (0, 0.06876118060186873), (0, 0.07080749519896896), (0, 0.07009804982848612), (0, 0.06788793318067893), (0, 0.07449774824893064), (0, 0.06819213606090421), (0, 0.07084692164232302), (0, 0.07087535629255724), (0, 0.06811481826737678), (0, 0.0676808048283399), (0, 0.0690435425983102), (0, 0.07192382064503092), (0, 0.0668847711599765), (0, 0.0790722116158357), (0, 0.06549982566010781), (0, 0.0669857640103682), (0, 0.06665805774186519), (0, 0.06506886324795341), (0, 0.06473143215834186), (0, 0.06947390290582348), (0, 0.07044827138768678), (0, 0.07918667088510506), (0, 0.07012161297658079), (0, 0.06652587933560473), (0, 0.06594320089817302), (0, 0.06654687073090465), (0, 0.06559840161723218), (0, 0.06675149970242658), (0, 0.06982156625168078), (0, 0.07371300514430085), (0, 0.06504109326452981), (0, 0.08625245340886546), (0, 0.0691776372944583), (0, 0.08929198541596421), (0, 0.1020050837674792), (0, 0.06777481749283797), (0, 0.10093741180746646), (0, 0.08408896605697709), (0, 0.07558198881319433), (0, 0.09165875096462087), (0, 0.0742720540177893), (0, 0.07876325352672436), (0, 0.08380026773770245), (0, 0.06700180310696857), (0, 0.07750596417595507), (0, 0.07321912886336429), (0, 0.06615337289689106), (0, 0.0649241669042444), (0, 0.06527364391287206), (0, 0.0721940805239669), (0, 0.072497031768847), (0, 0.06503088596402913), (0, 0.09003488413147562), (0, 0.08044998826591691), (0, 0.07098118159076074), (0, 0.09081119182252521), (0, 0.08029092096518958), (0, 0.06565102682320301), (0, 0.09785218309242931), (0, 0.08013786173683739), (0, 0.0739904857598351), (0, 0.08774583761587451), (0, 0.07424259073775813), (0, 0.07241235415071286), (0, 0.07638140329539209), (0, 0.22108809931150802), (0, 0.1900006330276889), (0, 0.0873979556957667), (0, 0.13091416175950726), (0, 0.15859725558929624), (0, 0.11088721463485435), (0, 0.06972272521916559), (0, 0.10804034078351282), (0, 0.1253195280599439), (0, 0.10842080109499178), (0, 0.07564286131329064), (0, 0.07350525600478236), (0, 0.09366481389444478), (0, 0.09593084843363973), (0, 0.07520279689773238), (0, 0.07171394094158928), (0, 0.08679766785020021), (0, 0.10012578847272911), (0, 0.09079916210124547), (0, 0.07546630034951586), (0, 0.070664455100406), (0, 0.08512683365999366), (0, 0.09442886443672283), (0, 0.0859981840832675), (0, 0.07023202086102115), (0, 0.07217315896907926), (0, 0.07482568352378942), (0, 0.07767339688988129), (0, 0.07458317140628647), (0, 0.07212385199967931), (0, 0.0705612259365401), (0, 0.07602601988613118), (0, 0.07539014301192867), (0, 0.07051050839527989), (0, 0.07211201201328862), (0, 0.07337974874644689), (0, 0.07409034917651575), (0, 0.07475575182438253), (0, 0.07404962694496715), (0, 0.0729576368950934), (0, 0.07154110317949), (0, 0.07043219233706831), (0, 0.07222440246862667), (0, 0.06972219163459224), (0, 0.07003912999064883), (0, 0.06999829599396808), (0, 0.06962675668070227), (0, 0.0701261093340479), (0, 0.0692146848101244), (0, 0.06999627526105069), (0, 0.07068450767469024), (0, 0.0708248415965897), (0, 0.07030084708927603), (0, 0.06922391434408656), (0, 0.06919559616829285), (0, 0.06953052269580393), (0, 0.0702795758631991), (0, 0.07225867180643168), (0, 0.07504916825682054), (0, 0.07291697068062432), (0, 0.07052909233030907), (0, 0.06845821085173147), (0, 0.07559930803684795), (0, 0.06969191727363513), (0, 0.07053201379887225), (0, 0.07996298874818938), (0, 0.08222400237603428), (0, 0.07451131364969986), (0, 0.06865411776165488), (0, 0.08265053614036746), (0, 0.08477403283238498), (0, 0.06757266703013166), (0, 0.07054705925730048), (0, 0.08055121701684782), (0, 0.081756845503224), (0, 0.07275652209787259), (0, 0.06765503173321173), (0, 0.08604441743909118), (0, 0.088088551083519), (0, 0.06910383498242251), (0, 0.07560851895426132), (0, 0.09066331792522703), (0, 0.08583332007889549), (0, 0.07197755796766923), (0, 0.06705971829326149), (0, 0.0900684252638357), (0, 0.0929523577611389), (0, 0.0747065939319124), (0, 0.07192517887316739), (0, 0.09078204865570266), (0, 0.09272203393826545), (0, 0.07521428535891851), (0, 0.06771177832763385), (0, 0.08923046541769165), (0, 0.09027730386050666), (0, 0.07145323524336343), (0, 0.07352194732724356), (0, 0.08898328914448805), (0, 0.08934743086745058), (0, 0.07591028547010657), (0, 0.06903889421776797), (0, 0.09128867210481516), (0, 0.10071831730595146), (0, 0.07758374182983727), (0, 0.07180516528789185), (0, 0.09009559154831102), (0, 0.09755737185397605), (0, 0.0826736750097492), (0, 0.0712953597177305), (0, 0.07338299526051993), (0, 0.07855840631119881), (0, 0.0692427712274548), (0, 0.07049579243908027), (0, 0.07116034146829885), (0, 0.07143836165027699), (0, 0.07143037029280142), (0, 0.07122732847435564), (0, 0.07061144280786112), (0, 0.06974158077767859), (0, 0.06846713640733942), (0, 0.07477329192216178), (0, 0.06832719118380726), (0, 0.07104546706606539), (0, 0.07260330101199618), (0, 0.07339169380524999), (0, 0.07299071635030585), (0, 0.07207902774509305), (0, 0.07051357325954347), (0, 0.06809289901864496), (0, 0.07644419272420842), (0, 0.06979566831051116), (0, 0.07107987267142998), (0, 0.08070263513660522), (0, 0.08180197617749893), (0, 0.07229993049587156), (0, 0.06900090790968548), (0, 0.07758064130470482), (0, 0.07590833734591389), (0, 0.06951570460541824), (0, 0.07243571965563501), (0, 0.07860309389539163), (0, 0.07455631326425083), (0, 0.0693336351058108), (0, 0.07463242223777805), (0, 0.07305807278801514), (0, 0.06930563612304282), (0, 0.07357940842307921), (0, 0.07340182633637642), (0, 0.06908459825378785), (0, 0.06837454411259114), (0, 0.06657795275616417), (0, 0.0664076027949601), (0, 0.06810983070240056), (0, 0.06910221843568932), (0, 0.07149128142396678), (0, 0.07236153599353777), (0, 0.07077754136385293), (0, 0.06893905628825897), (0, 0.06590538103570673), (0, 0.07997598387988088), (0, 0.07303407283499211), (0, 0.06954937968727325), (0, 0.08131400039551141), (0, 0.08192394180416206), (0, 0.07053966518259482), (0, 0.06587064683401136), (0, 0.08844860538190842), (0, 0.08801568220671734), (0, 0.06580027222007849), (0, 0.07231455202962016), (0, 0.07872208374255196), (0, 0.07289042817644416), (0, 0.06651316118148755), (0, 0.08489977406366135), (0, 0.08503420322366863), (0, 0.06556761898594153), (0, 0.06869750433951206), (0, 0.0718115944099783), (0, 0.07126617444731533), (0, 0.0684847678468228), (0, 0.06537688320300263), (0, 0.0774824120819379), (0, 0.0695453513105309), (0, 0.07056811802821414), (0, 0.08381797932954341), (0, 0.08129674246875752), (0, 0.06852323237709991), (0, 0.06966521503819693), (0, 0.06872095435795728), (0, 0.06843665451270996), (0, 0.07767382327219785), (0, 0.07653021313763322), (0, 0.06795228405995567), (0, 0.06876820267539596), (0, 0.06511672331963068), (0, 0.06700335556228873), (0, 0.06795576466825198), (0, 0.06802804067839861), (0, 0.06704421586779391), (0, 0.06510834149816043), (0, 0.07273129920540868), (0, 0.06444042234876936), (0, 0.06562116121708284), (0, 0.06529257422160571), (0, 0.06380724859189005), (0, 0.06413445725377001), (0, 0.06955665124972406), (0, 0.07785154084376528), (0, 0.07053603602383846), (0, 0.06398626061885052), (0, 0.08318123492184762), (0, 0.07909953499517655), (0, 0.06592121293639504), (0, 0.0768605106297713), (0, 0.07628919420208993), (0, 0.06571807000902247), (0, 0.07416329394434838), (0, 0.07011088697584124), (0, 0.06873989666983123), (0, 0.07853251198481286), (0, 0.07358349077961121), (0, 0.06340486917611302), (0, 0.08840043407484091), (0, 0.08782230434881046), (0, 0.06282326324312214), (0, 0.06816141887535927), (0, 0.07156052604270843), (0, 0.0655953604284823), (0, 0.06938832266465746), (0, 0.06238115035593795), (0, 0.06230417822533419), (0, 0.06388984277078011), (0, 0.06332560935189574), (0, 0.06574368618666235), (0, 0.06564936626124096), (0, 0.06805376616855628), (0, 0.06502482063783067), (0, 0.06314745943219928), (0, 0.06489151389234377), (0, 0.06703127005618174), (0, 0.06482951001110719), (0, 0.06471284891993272), (0, 0.06376256753224642), (0, 0.0649364793622872), (0, 0.06253960816048915), (0, 0.07055626680254651), (0, 0.06223229768837364), (0, 0.06357177899392555), (0, 0.06255984390859845), (0, 0.06484029188699884), (0, 0.06502644690402538), (0, 0.06740333518814902), (0, 0.0625489928096502), (0, 0.07025126974438756), (0, 0.06084126222174843), (0, 0.061601361627762134), (0, 0.06047349791000809), (0, 0.06943523342326786), (0, 0.06701964529292903), (0, 0.0610216344751932), (0, 0.06278209469527268), (0, 0.06135796523132942), (0, 0.06491861890734917), (0, 0.06487688287509945), (0, 0.0655939026854158), (0, 0.05921647775724281), (0, 0.06011060102989592), (0, 0.07514971368603861), (0, 0.07672845314871755), (0, 0.0614188692799241), (0, 0.08757182897808485), (0, 0.08582214492730468), (0, 0.06169394406510082), (0, 0.0721394835581703), (0, 0.0649832170519365), (0, 0.07045826739165335), (0, 0.06226322707354986), (0, 0.07971580168289495), (0, 0.08666296366465996), (0, 0.06390897183906764), (0, 0.08902959632854483), (0, 0.09625386624048958), (0, 0.0615496327601381), (0, 0.07742824253768897), (0, 0.07411126854970664), (0, 0.05929078899790201), (0, 0.09339479714218549), (0, 0.07641372685658275), (0, 0.07273266014627891), (0, 0.08715094586605382), (0, 0.07186715549981719), (0, 0.0716825308172606), (0, 0.07714194072392655), (0, 0.06156339368608017), (0, 0.06726322980388098), (0, 0.06599446322263215), (0, 0.059903639749275255), (0, 0.06338683413718044), (0, 0.06727292080975021), (0, 0.07130425379813884), (0, 0.06263548368751816), (0, 0.07333901283601656), (0, 0.06613899678220835), (0, 0.07259544794907882), (0, 0.07973033179165342), (0, 0.06781838278350856), (0, 0.06701748722507873), (0, 0.0650469063524263), (0, 0.06938663627869952), (0, 0.07259239978345972), (0, 0.06318877451796752), (0, 0.07254099053195665), (0, 0.06642464657960075), (0, 0.07092160611941187), (0, 0.07707193149668333), (0, 0.06600292577087774), (0, 0.07096177390649364), (0, 0.06985289540908773), (0, 0.06613280903617336), (0, 0.07313693409004847), (0, 0.06550524799401364), (0, 0.06624366976136219), (0, 0.06052124739730122), (0, 0.07403917611038074), (0, 0.07771784473019548), (0, 0.06583596182978296), (0, 0.07024065809214128), (0, 0.06842153734310547), (0, 0.06719183686356493), (0, 0.074924129385401), (0, 0.06838358746418645), (0, 0.061339312182233735), (0, 0.08531465901940403), (0, 0.08201381558968818), (0, 0.062837007939309), (0, 0.0717852231095212), (0, 0.07012560299384017), (0, 0.061657815715737516), (0, 0.08411842411598677), (0, 0.08244551794084852), (0, 0.06223122161025611), (0, 0.0685525319436622), (0, 0.06903642829186007), (0, 0.06343966631654287), (0, 0.07073834000261359), (0, 0.0643486424148007), (0, 0.07106749694896936), (0, 0.07514946791145938), (0, 0.06494919776730286), (0, 0.07173571390852623), (0, 0.06970331272681508), (0, 0.06648332558596422), (0, 0.07382262093747521), (0, 0.06774840403346939), (0, 0.06144709752657171), (0, 0.08493401170302574), (0, 0.08118775488735928), (0, 0.06324328754460841), (0, 0.0727379986207476), (0, 0.07139411362228054), (0, 0.062172808424956025), (0, 0.0812323710207782), (0, 0.07928328227230809), (0, 0.06290562453529001), (0, 0.07049229351544141), (0, 0.06695958278388396), (0, 0.06083364404555305), (0, 0.0840705604732908), (0, 0.07680767393306748), (0, 0.06569647223684329), (0, 0.07929768160882004), (0, 0.07625803654543478), (0, 0.06290440931688605), (0, 0.08102172629659159), (0, 0.0816280029003452), (0, 0.06186917697041916), (0, 0.06719184145717069), (0, 0.06809565636263931), (0, 0.06362906746697859), (0, 0.06558766126710647), (0, 0.062264471720837336), (0, 0.06294171145103199), (0, 0.06169894942825744), (0, 0.06639244608956271), (0, 0.06296062690328529), (0, 0.06539714660609391), (0, 0.06353118574914804), (0, 0.06333662852470091), (0, 0.06221131049391468), (0, 0.06285556321585925), (0, 0.06102453537109984), (0, 0.06883878128721702), (0, 0.06066619031064069), (0, 0.061657027167163925), (0, 0.060048834657229315), (0, 0.06944142266093567), (0, 0.06027105590157977), (0, 0.06158765099728674), (0, 0.0591968886961169), (0, 0.05954543875522609), (0, 0.06211743295725892), (0, 0.0662148765223079), (0, 0.06884147393193753), (0, 0.058733405039457405), (0, 0.08535670601134218), (0, 0.07506384511798164), (0, 0.06836739398923945), (0, 0.07677782966190998), (0, 0.06472435535110323), (0, 0.07358270307173409), (0, 0.07120536699220799), (0, 0.06654137284070477), (0, 0.0770409885243357), (0, 0.06619299466317048), (0, 0.06783844559406206), (0, 0.06367104764469379), (0, 0.07256810834049683), (0, 0.07532639796977966), (0, 0.06043352119649856), (0, 0.08604910783816211), (0, 0.0812073727702569), (0, 0.06436185415544228), (0, 0.07739147181875061), (0, 0.07004514290188006), (0, 0.06589341338016946), (0, 0.06561589670682763), (0, 0.06798269511955997), (0, 0.06969976794205607), (0, 0.05892317745112879), (0, 0.08561213798984274), (0, 0.07713551983021917), (0, 0.06680480678688222), (0, 0.08263552946209195), (0, 0.07260658710262571), (0, 0.06573544549584227), (0, 0.0693311015796383), (0, 0.06367392612733669), (0, 0.06720523344783914), (0, 0.0630999814865021), (0, 0.06572444519559324), (0, 0.05965334225138108), (0, 0.05959235259920012), (0, 0.06532975322968572), (0, 0.062993689170194), (0, 0.06540047038112679), (0, 0.060825086293422446), (0, 0.06934731487935758), (0, 0.059531642847798105), (0, 0.07909351737123074), (0, 0.08556640287052124), (0, 0.06468675249254476), (0, 0.08165938791085327), (0, 0.08489219486066381), (0, 0.060086324237682544), (0, 0.0679596170762164), (0, 0.0655805038544631), (0, 0.06125900665074958), (0, 0.06193863751069852), (0, 0.0611063557330485), (0, 0.06289724560862169), (0, 0.06429800315860713), (0, 0.06541263638972822), (0, 0.06007298784721145), (0, 0.07324953904118675), (0, 0.06311867227848302), (0, 0.07623001873421321), (0, 0.08518837381012143), (0, 0.06547209056858429), (0, 0.07755084570268522), (0, 0.0793884390160898), (0, 0.06140474710159938), (0, 0.06856635767318675), (0, 0.06259923255020482), (0, 0.06928017210832259), (0, 0.06264082142711035), (0, 0.07358252075689688), (0, 0.0787142823895954), (0, 0.0660135991328341), (0, 0.06989757688893554), (0, 0.06958319705812181), (0, 0.06493157986101615), (0, 0.07108706288806954), (0, 0.06292551789616387), (0, 0.07106190750500373), (0, 0.06663538329877222), (0, 0.0681510842252178), (0, 0.0728432875128196), (0, 0.062325666013302854), (0, 0.07590399575227758), (0, 0.07132306458928925), (0, 0.0666445038670993), (0, 0.07834434703718397), (0, 0.07170455310289423), (0, 0.06194807146201577), (0, 0.06315891370833428), (0, 0.06706055672581757), (0, 0.07316164411874686), (0, 0.06412336848944189), (0, 0.07110349445502999), (0, 0.06948067426340482), (0, 0.06514651507099818), (0, 0.07187279190596362), (0, 0.06445252134842429), (0, 0.0683317177657861), (0, 0.06523864190879909), (0, 0.0678331171600281), (0, 0.07623403948422137), (0, 0.06718190632115749), (0, 0.06379803284916451), (0, 0.06250974687516875), (0, 0.06828467116077798), (0, 0.07671656053923337), (0, 0.06786356475588556), (0, 0.06089244792171031), (0, 0.060426429214740326), (0, 0.06095974989241675), (0, 0.0668177797600248), (0, 0.07053517565570357), (0, 0.06245527828726869), (0, 0.07105194324316734), (0, 0.06402493054457875), (0, 0.07115889282123213), (0, 0.07648154889268993), (0, 0.06589429791353707), (0, 0.0679398914139675), (0, 0.06719260606281036), (0, 0.06565277401721747), (0, 0.07172364014758686), (0, 0.06438998043214905), (0, 0.06637590370377053), (0, 0.061756077417423526), (0, 0.07109489260186824), (0, 0.07472270432935811), (0, 0.06402325712211666), (0, 0.07129280732212027), (0, 0.06788792564969807), (0, 0.06629350495408882), (0, 0.07455851543991282), (0, 0.06721467814032417), (0, 0.06073485677055367), (0, 0.06076712555390775), (0, 0.05988436327040309), (0, 0.06683188832396753), (0, 0.07001320358367695), (0, 0.062231133960931745), (0, 0.07259573284651054), (0, 0.06574145069624741), (0, 0.06918129289234633), (0, 0.07536175271101699), (0, 0.06581646853971082), (0, 0.06707671872398549), (0, 0.06568679574049968), (0, 0.06658325951956222), (0, 0.07364020301208457), (0, 0.0659400065849313), (0, 0.06462201324771435), (0, 0.06153974289933746), (0, 0.06983181566680127), (0, 0.0723073786782416), (0, 0.06252353212518037), (0, 0.07327978065296491), (0, 0.0675725391481202), (0, 0.06811871449942265), (0, 0.08031998087432499), (0, 0.07383307316080179), (0, 0.06066726084655454), (0, 0.09017496124677253), (0, 0.08963565408172909), (0, 0.060401600481118874), (0, 0.06679200746559812), (0, 0.06998517179604011), (0, 0.0632811730347449), (0, 0.06791270942701196), (0, 0.06132930238910132), (0, 0.07264925196591437), (0, 0.0787721154104864), (0, 0.06859896145864014), (0, 0.060584885267024303), (0, 0.060540763418384325), (0, 0.06321631957249757), (0, 0.06486919628494753), (0, 0.06839223891595556), (0, 0.06485389359281908), (0, 0.060725097829184345), (0, 0.061914837974607506), (0, 0.06185526601775715), (0, 0.060242502043887744), (0, 0.06550136819928049), (0, 0.06633707950350333), (0, 0.06140139998598209), (0, 0.0717305816882627), (0, 0.06200346266465591), (0, 0.07460408227199382), (0, 0.08166719095849553), (0, 0.07145712951396548), (0, 0.06413865690088737), (0, 0.06771401674209769), (0, 0.06367569262800057), (0, 0.06809584913737203), (0, 0.06587920751474587), (0, 0.059763720791745474), (0, 0.08171923258853547), (0, 0.07291972061955644), (0, 0.06623273493517617), (0, 0.07803161724961809), (0, 0.07273973188277089), (0, 0.05953279849027349), (0, 0.09205981741210909), (0, 0.09024441728519202), (0, 0.05980117645040403), (0, 0.06829284993242303), (0, 0.0732875408006358), (0, 0.06358534292876468), (0, 0.07080178025890306), (0, 0.066595241996412), (0, 0.06746017056336204), (0, 0.07735805944888245), (0, 0.06978235940582027), (0, 0.06302673657245544), (0, 0.06418197663905632), (0, 0.06608696115607016), (0, 0.07108167611881493), (0, 0.06327337996707237), (0, 0.0702065229738456), (0, 0.06491821956851461), (0, 0.06859905789135129), (0, 0.07252190980178469), (0, 0.06292906522279332), (0, 0.07363716307655371), (0, 0.06994097422410078), (0, 0.06529187892396554), (0, 0.072810656477917), (0, 0.06624616543294144), (0, 0.06275162160838219), (0, 0.06014504832599635), (0, 0.061573228995747555), (0, 0.0664890864316098), (0, 0.0701956880011211), (0, 0.062490836640028385), (0, 0.06998742376944683), (0, 0.06291770672910987), (0, 0.07159760729608534), (0, 0.07689314783071657), (0, 0.06635147393200809), (0, 0.06625085392317054), (0, 0.0654617214178165), (0, 0.06621949372611105), (0, 0.07258310296195808), (0, 0.06496699842318837), (0, 0.06681489112734203), (0, 0.06426522460978891), (0, 0.06754191153025384), (0, 0.0750770084532726), (0, 0.06669512548095358), (0, 0.06267845657156941), (0, 0.059865337652701654), (0, 0.070269956910805), (0, 0.07199631183209997), (0, 0.06218545484822579), (0, 0.07474667072286598), (0, 0.06952470152530657), (0, 0.06691112318017586), (0, 0.0777071561957308), (0, 0.07218167998683406), (0, 0.06086324747537739), (0, 0.08679064241628147), (0, 0.08482357457568622), (0, 0.06149256043946143), (0, 0.0694140026846064), (0, 0.0684471157052215), (0, 0.06286381087888265), (0, 0.0681136142745974), (0, 0.061080590958074034), (0, 0.0728579092165559), (0, 0.0793692961279437), (0, 0.06940720496530446), (0, 0.06552970658578854), (0, 0.0692461815915406), (0, 0.06278671149019376), (0, 0.06754287698477952), (0, 0.06592795225267173), (0, 0.060771839296941306), (0, 0.07803541992059837), (0, 0.07005599578058906), (0, 0.06794515042812327), (0, 0.08036197091711815), (0, 0.07443644608532146), (0, 0.06117079314844178), (0, 0.0860925269537896), (0, 0.0853535084291634), (0, 0.06109889791304331), (0, 0.06780089028674866), (0, 0.07098547623268504), (0, 0.06364365564447855), (0, 0.07037989484914815), (0, 0.06722748597402867), (0, 0.06652864703116733), (0, 0.07405082905197763), (0, 0.06818088570955541), (0, 0.06108380572131817), (0, 0.0804369311638048), (0, 0.07477852820883865), (0, 0.0648110355655286), (0, 0.0764228498759671), (0, 0.07328720186521123), (0, 0.061638864708924185), (0, 0.08249724989019275), (0, 0.08075062723131138), (0, 0.06210645130134202), (0, 0.07075945232706876), (0, 0.06954581619793658), (0, 0.06145771320803616), (0, 0.08004600366054936), (0, 0.07542355655263967), (0, 0.06418448975549883), (0, 0.07410612759873039), (0, 0.07034932860761842), (0, 0.06110655575724456), (0, 0.08461976741679451), (0, 0.08176688536622873), (0, 0.06225830286474979), (0, 0.07126177058067175), (0, 0.07077410413692119), (0, 0.0622754222373338), (0, 0.07565282928678436), (0, 0.07108682060488149), (0, 0.06513914219008629), (0, 0.07459648015334529), (0, 0.06958917082385564), (0, 0.06041090184309159), (0, 0.08832397953516576), (0, 0.08624351231643813), (0, 0.061040556643591766), (0, 0.06777089893894349), (0, 0.07123713207016774), (0, 0.06347575863164172), (0, 0.0681267352436829), (0, 0.06345085085796782), (0, 0.068815158642965), (0, 0.07810780233841329), (0, 0.0708540810941592), (0, 0.06167320683882141), (0, 0.06401194095801052), (0, 0.06537480092189929), (0, 0.06999843297367668), (0, 0.06417135359908561), (0, 0.0668919107595307), (0, 0.06271098369150231), (0, 0.06896173186255784), (0, 0.079079296152495), (0, 0.07268956718899053), (0, 0.060775204421561875), (0, 0.0895448694896635), (0, 0.08966565633950038), (0, 0.06181215578943478), (0, 0.08697520534225514), (0, 0.10683109939550067), (0, 0.08746540918300778), (0, 0.06290698873734404), (0, 0.09634363171086323), (0, 0.09437954814071065), (0, 0.06328835050442509), (0, 0.07658292414881507), (0, 0.08352427584613607), (0, 0.07458707598232205), (0, 0.06357262766639703), (0, 0.08635621570137293), (0, 0.09093978035650051), (0, 0.07051865858666494), (0, 0.07360908195824976), (0, 0.09020820789789541), (0, 0.08493046122914087), (0, 0.06758278700033363), (0, 0.07218718691080082), (0, 0.07869744170791772), (0, 0.06518569396122038), (0, 0.07215129678309719), (0, 0.08306005575390803), (0, 0.07884673899837755), (0, 0.06690799251397363), (0, 0.0676429590841569), (0, 0.06886074569047208), (0, 0.06575391085661676), (0, 0.06878485221732719), (0, 0.07014180252597844), (0, 0.06748476529352027), (0, 0.0651450583368654), (0, 0.068282282782625), (0, 0.06351941147700213), (0, 0.06578886563097056), (0, 0.06697322207019887), (0, 0.06706949741949089), (0, 0.06619840666877425), (0, 0.06425586605440894), (0, 0.06824683737651327), (0, 0.0630921067701467), (0, 0.06355212745393189), (0, 0.06254407696309673), (0, 0.06950830302783609), (0, 0.0635153384765757), (0, 0.0650467967805933), (0, 0.0651299506427861), (0, 0.06390388457876246), (0, 0.06255510216522521), (0, 0.06424823156800014), (0, 0.06558187002565607), (0, 0.06434570535416546), (0, 0.061739023798529254), (0, 0.0724865306574378), (0, 0.062375967630452694), (0, 0.073292080828324), (0, 0.08088771119477327), (0, 0.07124962261909042), (0, 0.06338410472013829), (0, 0.06788768286878075), (0, 0.06332830840397424), (0, 0.06790477839802082), (0, 0.06710059082451743), (0, 0.062221609738185905), (0, 0.07101902414164017), (0, 0.06422536213819575), (0, 0.06991745012897552), (0, 0.0761533567656518), (0, 0.06689404928091688), (0, 0.06354712379834077), (0, 0.061807119613953576), (0, 0.06795081859585371), (0, 0.07428113919920852), (0, 0.06573433993745602), (0, 0.06541031283988122), (0, 0.06348584544113348), (0, 0.06717740055102013), (0, 0.0732606812385659), (0, 0.065145716786829), (0, 0.0666110718575598), (0, 0.06460528526728389), (0, 0.06696567482468653), (0, 0.07461626065884723), (0, 0.06696729729047513), (0, 0.06121317175179994), (0, 0.06011055477401461), (0, 0.06305178062171245), (0, 0.0646312694017661), (0, 0.06808070161921415), (0, 0.06451960562312521), (0, 0.06103777088631534), (0, 0.061587824354374016), (0, 0.061645514768407385), (0, 0.05950368700737048), (0, 0.07306079589411572), (0, 0.05940836502684017), (0, 0.06794093285851549), (0, 0.07384232621600434), (0, 0.064440037079466), (0, 0.06988522957013782), (0, 0.06681988545698159), (0, 0.06665217216441745), (0, 0.07520624335228362), (0, 0.06722633075288806), (0, 0.06108155912448021), (0, 0.05974238052279563), (0, 0.06052049955957529), (0, 0.06681391788550836), (0, 0.07087718647153252), (0, 0.06172398132452896), (0, 0.07583715508474133), (0, 0.07099571396923993), (0, 0.0664915359298216), (0, 0.07800835197996431), (0, 0.07166806796537041), (0, 0.06094702687761828), (0, 0.06208627490357807), (0, 0.06716771805154993), (0, 0.07319685323808263), (0, 0.06406026774034111), (0, 0.07062176033031607), (0, 0.06932030127623179), (0, 0.06462706352378994), (0, 0.07070789090917272), (0, 0.06408349692813785), (0, 0.06766833069797426), (0, 0.06232116278942394), (0, 0.071041812931715), (0, 0.07507398831403232), (0, 0.0637943448299016), (0, 0.07357964496767279), (0, 0.07180246210968995), (0, 0.06465711612928994), (0, 0.07262843390175115), (0, 0.06590156451321909), (0, 0.06305424306590722), (0, 0.05935701409855168), (0, 0.062154531888544765), (0, 0.06589934509648473), (0, 0.0692495751592692), (0, 0.06182857203616576), (0, 0.07405723459896259), (0, 0.06854055534920965), (0, 0.06757039829276362), (0, 0.07989992857201698), (0, 0.07311089736137422), (0, 0.05927614003069593), (0, 0.07398334246581374), (0, 0.06097589315868306), (0, 0.07747718342845941), (0, 0.08825269952533571), (0, 0.07328304320345255), (0, 0.06470474759002631), (0, 0.07144329152975094), (0, 0.061476640666109805), (0, 0.06467402575879722), (0, 0.06315949737287778), (0, 0.06127220119411181), (0, 0.06243991671179782), (0, 0.06267162495847987), (0, 0.05965760726357037), (0, 0.07460273564559815), (0, 0.062418070332219446), (0, 0.0760876173589345), (0, 0.08493564043596057), (0, 0.06829889310834093), (0, 0.06717473187316775), (0, 0.07101680560697297), (0, 0.061948848571469366), (0, 0.06724251506710009), (0, 0.06648706398113356), (0, 0.06115419328021005), (0, 0.07322816454076365), (0, 0.06654490183797962), (0, 0.06843972648514095), (0, 0.07420670380203749), (0, 0.06505927622002351), (0, 0.06819005104492307), (0, 0.0670601920828599), (0, 0.06534936687179141), (0, 0.07141653871552016), (0, 0.06412413276765876), (0, 0.06833502156210693), (0, 0.06392373270160422), (0, 0.06945432899879217), (0, 0.07372412628925702), (0, 0.063722376029471), (0, 0.07025431253243458), (0, 0.06650793560726491), (0, 0.06671956984970356), (0, 0.07525787586048263), (0, 0.06788489949764052), (0, 0.05992945143573875), (0, 0.08471259318490035), (0, 0.07947306897842256), (0, 0.06294053206476188), (0, 0.07370794091906757), (0, 0.07078584002374348), (0, 0.060756731111520045), (0, 0.08352520803184245), (0, 0.07998795702854897), (0, 0.06236384505641719), (0, 0.07386965114774414), (0, 0.07375791108795994), (0, 0.06242648229297947), (0, 0.07402010358157811), (0, 0.07009829801136092), (0, 0.06514360524009218), (0, 0.07249577469751732), (0, 0.0664447224670365), (0, 0.06145712660975608), (0, 0.06057669442904309), (0, 0.05976968832407426), (0, 0.06835791901238673), (0, 0.061270282750145795), (0, 0.06328503394395606), (0, 0.06170321704472626), (0, 0.0630813268127318), (0, 0.06229755912152484), (0, 0.06464319758206401), (0, 0.06108391306854679), (0, 0.0683056911321707), (0, 0.059724347615191804), (0, 0.06047728186692083), (0, 0.059120892383862624), (0, 0.06011413261340741), (0, 0.05882453867369226), (0, 0.06914299489352543), (0, 0.060145927162783025), (0, 0.06319428732771137), (0, 0.0596602843312449), (0, 0.06826749769215407), (0, 0.05868355779685916), (0, 0.05946226882332518), (0, 0.05872388471626226), (0, 0.0669362596849818), (0, 0.0705059958830967), (0, 0.058727096491500104), (0, 0.081770354609888), (0, 0.07354507525541064), (0, 0.06828528832738033), (0, 0.07740876441763338), (0, 0.06590218306232641), (0, 0.0668531691673274), (0, 0.06426896018055345), (0, 0.2651601356367493), (0, 0.2404873432389609), (0, 0.13457591886107959), (0, 0.1063851406347783), (0, 0.1355105679642798), (0, 0.07190284225911053), (0, 0.09082986185326125), (0, 0.11779160150997653), (0, 0.1072753094923832), (0, 0.07537053336026388), (0, 0.0732747731606966), (0, 0.09177395288150124), (0, 0.080568286434998), (0, 0.06398130665443673), (0, 0.0734715566312127), (0, 0.07709205447247786), (0, 0.07142747512945215), (0, 0.06386275940639945), (0, 0.07654112499167055), (0, 0.07914070111141362), (0, 0.06573734804466012), (0, 0.06932647034880039), (0, 0.08220711015138132), (0, 0.08538223425709139), (0, 0.07375362279751045), (0, 0.06343702792446054), (0, 0.08213416954555676), (0, 0.0887791358685886), (0, 0.07495808675861597), (0, 0.06540445149138882), (0, 0.07823312035694717), (0, 0.08320558715434617), (0, 0.07652147033986809), (0, 0.06573831823901503), (0, 0.06827904767155343), (0, 0.07190957560404375), (0, 0.06312069875133972), (0, 0.06472937824555032), (0, 0.0652979403379059), (0, 0.06504598897902736), (0, 0.06399938664215274), (0, 0.06320458374436949), (0, 0.06398482531161964), (0, 0.06495448952616938), (0, 0.06484145743675213), (0, 0.06376308768099472), (0, 0.06337885611458471), (0, 0.06386820798264808), (0, 0.06470184256562218), (0, 0.06444882047922901), (0, 0.06298404163876176), (0, 0.06498617127539343), (0, 0.0629618452799312), (0, 0.06398324714443207), (0, 0.06385258018804589), (0, 0.06261306180161069), (0, 0.06450443883587112), (0, 0.06266225851407069), (0, 0.06377920432082006), (0, 0.06340081402983976), (0, 0.06145027159514535), (0, 0.0684767986794551), (0, 0.06082804262768373), (0, 0.06173411699643095), (0, 0.06067049864990564), (0, 0.06657704020593473), (0, 0.06175593531520858), (0, 0.06385035417986713), (0, 0.06224511494578635), (0, 0.05987297722561762), (0, 0.06292250410350414), (0, 0.0632897963645875), (0, 0.05993031955990755), (0, 0.07181998184143358), (0, 0.060442776224762775), (0, 0.07599580084493013), (0, 0.08489980284003235), (0, 0.06961791334067985), (0, 0.06960505008232391), (0, 0.07587898287449185), (0, 0.05994424393402562), (0, 0.06495778117033459), (0, 0.06406268436318338), (0, 0.059112630666634386), (0, 0.06127597665897639), (0, 0.0663865187425322), (0, 0.0708039670874988), (0, 0.06247956160229262), (0, 0.07296788620913347), (0, 0.06928239609392302), (0, 0.06597381622529981), (0, 0.07610470351464885), (0, 0.06915615145856843), (0, 0.06250052278335455), (0, 0.06332352807249925), (0, 0.06582389652757281), (0, 0.07118602798454944), (0, 0.06264389375940618), (0, 0.07243381352287676), (0, 0.06898250785408985), (0, 0.06585458341537283), (0, 0.07570823615480754), (0, 0.06857402426689832), (0, 0.06291549855388191), (0, 0.06392515616065221), (0, 0.06525579790858128), (0, 0.06995154421766502), (0, 0.062004632996706756), (0, 0.0713615965821815), (0, 0.06625105594975172), (0, 0.06757335549725832), (0, 0.07922324028102277), (0, 0.07351403872552006), (0, 0.05924767880963784), (0, 0.08866663496009436), (0, 0.08810888167278064), (0, 0.059080700632390085), (0, 0.07870693086093071), (0, 0.09066773236961717), (0, 0.07331102546152533), (0, 0.06535127657495737), (0, 0.07396125752975448), (0, 0.05970171339396066), (0, 0.06861897658150802), (0, 0.07029271400520849), (0, 0.06185001109449548), (0, 0.0742481471331376), (0, 0.07326607732011439), (0, 0.06256491959380366), (0, 0.0691649821210738), (0, 0.06562238508191981), (0, 0.05944834027358534), (0, 0.06092976390042349), (0, 0.060458044030879426), (0, 0.06332427714994199), (0, 0.06239597429239634), (0, 0.06382108048405127), (0, 0.06127595657820299), (0, 0.06471087724524995), (0, 0.06067306201304752), (0, 0.0615280485714804), (0, 0.060192518579189884), (0, 0.06561787659907911), (0, 0.06052681006160943), (0, 0.06196941499910529), (0, 0.059536884201103965), (0, 0.06852533014826437), (0, 0.05943909786650587), (0, 0.06077503609601644), (0, 0.05858457693543861), (0, 0.059343138280809365), (0, 0.05948041177631736), (0, 0.06606109394446227), (0, 0.0689754190571071), (0, 0.05938989526139487), (0, 0.07818694911113515), (0, 0.07102075653911433), (0, 0.06705220388212728), (0, 0.08116016150940084), (0, 0.07480611941928555), (0, 0.05792335636349524), (0, 0.09377386712322505), (0, 0.07826185122926556), (0, 0.06700751812252634), (0, 0.08682257582126991), (0, 0.08098939553217836), (0, 0.06015216056070956), (0, 0.09443025870309993), (0, 0.08534679836988128), (0, 0.061580016588200275), (0, 0.07455822152692416), (0, 0.07420545504562961), (0, 0.06250334249135733), (0, 0.07767541249667013), (0, 0.07982348594427183), (0, 0.059779566284750764), (0, 0.06672871466711659), (0, 0.06753050602965817), (0, 0.06188717321792502), (0, 0.06860942006912964), (0, 0.06366318670401662), (0, 0.06840574520527917), (0, 0.0732368672999347), (0, 0.06324624842954168), (0, 0.07189617718436216), (0, 0.07005183077631826), (0, 0.06403756645326163), (0, 0.07112154031613847), (0, 0.06435913342298728), (0, 0.06506327385394263), (0, 0.061194984045802474), (0, 0.06879301231628697), (0, 0.07100799852259324), (0, 0.061063176700526606), (0, 0.07704486037551687), (0, 0.07477032303795182), (0, 0.06162595075874056), (0, 0.06787079669619303), (0, 0.06774304195614239), (0, 0.06190442242591328), (0, 0.07012455341111738), (0, 0.06576290663192229), (0, 0.06694247407843407), (0, 0.0761149237394503), (0, 0.06917578011305738), (0, 0.06186791417708613), (0, 0.06303772401919652), (0, 0.06543847260248273), (0, 0.0697884632495782), (0, 0.06223015996887266), (0, 0.07050611437528415), (0, 0.065858789438822), (0, 0.066963453249146), (0, 0.07595982189784048), (0, 0.06838978593868186), (0, 0.06286351014358776), (0, 0.06445470865182906), (0, 0.06451661013340476), (0, 0.06791954994636275), (0, 0.06507690451694886), (0, 0.05982173800268103), (0, 0.06054103345952473), (0, 0.060184453092728483), (0, 0.0622535257210265), (0, 0.06257201281037822), (0, 0.06414388330128817), (0, 0.060153786600657295), (0, 0.06951604295109842), (0, 0.0592343539863265), (0, 0.07564153288745011), (0, 0.08192295886638226), (0, 0.06977014617118339), (0, 0.06736828307244434), (0, 0.07409586191784974), (0, 0.059871287711782364), (0, 0.06445078218212426), (0, 0.06311220977542654), (0, 0.06110729287816186), (0, 0.06098901598854893), (0, 0.06044043067703344), (0, 0.06043992621275196), (0, 0.06389079270150132), (0, 0.06462163642430582), (0, 0.05938752473172823), (0, 0.07268560563634757), (0, 0.06267793384830372), (0, 0.07253797402550871), (0, 0.0791436540593853), (0, 0.06698745484076901), (0, 0.06487583120246776), (0, 0.06550959238629338), (0, 0.06465674902072441), (0, 0.06948379369271172), (0, 0.061441978471292354), (0, 0.07221944917102299), (0, 0.06704995272045434), (0, 0.0666598491085652), (0, 0.0768518553518624), (0, 0.06961658131112212), (0, 0.062208634356813224), (0, 0.06336321818683835), (0, 0.06558191336557143), (0, 0.07051030875958131), (0, 0.06276255522718918), (0, 0.07072734116262361), (0, 0.06677716590681575), (0, 0.06600157184409863), (0, 0.07497530247196947), (0, 0.06698198963141733), (0, 0.06063161134611965), (0, 0.05863144557199425), (0, 0.06210171705278255), (0, 0.06060540380159589), (0, 0.06452240740679227), (0, 0.059387974401191986), (0, 0.059944325883201637), (0, 0.05846065241471179), (0, 0.05904222936038688), (0, 0.059311458530794274), (0, 0.06552526333694954), (0, 0.06751999507731815), (0, 0.058984550644324445), (0, 0.07811286585001621), (0, 0.07072054504156061), (0, 0.06698109922457371), (0, 0.08084178783964176), (0, 0.07617451432742019), (0, 0.05921325854619097), (0, 0.08957734232027245), (0, 0.09100368942584156), (0, 0.05991245025760638), (0, 0.09335504533228192), (0, 0.1103391106607547), (0, 0.08598385127050981), (0, 0.059060242350883495), (0, 0.08778127457789245), (0, 0.08396350126500295), (0, 0.060760335407413546), (0, 0.07204973053513798), (0, 0.07224264479811665), (0, 0.06217683415438436), (0, 0.0762267053250278), (0, 0.07597700404343338), (0, 0.061162734163399506), (0, 0.06754569744039048), (0, 0.06876098707144838), (0, 0.06072940171251039), (0, 0.07421789889251937), (0, 0.06832651638480926), (0, 0.06666824634038034), (0, 0.07716228723257344), (0, 0.07029114035195558), (0, 0.060866081875344286), (0, 0.06358935785938367), (0, 0.06415426311810349), (0, 0.06695789922926519), (0, 0.06357380017532224), (0, 0.06340965572998843), (0, 0.05924041305325483), (0, 0.06008415279300475), (0, 0.0659150284943513), (0, 0.06917162044275234), (0, 0.061564241287115046), (0, 0.07352479067723008), (0, 0.06962226015519092), (0, 0.06522282697518683), (0, 0.07409155668152315), (0, 0.06788007346723775), (0, 0.05992354572727027), (0, 0.07896834221621298), (0, 0.07380468709377341), (0, 0.06395695142621255), (0, 0.07280749762146989), (0, 0.06771972539446557), (0, 0.06024407001838965), (0, 0.07767354287463119), (0, 0.07229174583116299), (0, 0.06394383513256967), (0, 0.0720557698099969), (0, 0.06749165791014519), (0, 0.06010725634183048), (0, 0.07741163645812156), (0, 0.07147280077605518), (0, 0.06532211967357675), (0, 0.07569510757369233), (0, 0.0707095019516717), (0, 0.059003490651406997), (0, 0.08930110317168029), (0, 0.08846518505167907), (0, 0.059774173920544425), (0, 0.08927120628661908), (0, 0.11038256204308126), (0, 0.09234610103674554), (0, 0.06188557267074421), (0, 0.09669227686804976), (0, 0.09766927095116751), (0, 0.0607346979446584), (0, 0.07276543988197715), (0, 0.07821942203898789), (0, 0.0712391729324444), (0, 0.061142315995532055), (0, 0.08688553443283543), (0, 0.08764772999156484), (0, 0.06401732100164592), (0, 0.0799664313347681), (0, 0.10197611624651923), (0, 0.09232706320068979), (0, 0.06675403416712801), (0, 0.08119374980088924), (0, 0.09901259897887399), (0, 0.07507288828133596), (0, 0.06939571296102547), (0, 0.0897753236890002), (0, 0.09108962887662217), (0, 0.0740365844736247), (0, 0.06285076229436172), (0, 0.07241091018632635), (0, 0.06314793222660092), (0, 0.07007860243330645), (0, 0.07757619318500666), (0, 0.07317987776301803), (0, 0.06519762212193589), (0, 0.07181947478559403), (0, 0.0726888936999437), (0, 0.06398358470671874), (0, 0.06654317339231124), (0, 0.06891630555531511), (0, 0.06806513587527831), (0, 0.06518560824607667), (0, 0.0639703453000044), (0, 0.0633942710672349), (0, 0.06355464348351482), (0, 0.062393212809786075), (0, 0.06991047914874837), (0, 0.06283039059817928), (0, 0.06403081419283871), (0, 0.0638428736793397), (0, 0.06236224702646717), (0, 0.06874015593071638), (0, 0.062299799686639096), (0, 0.06319147551804657), (0, 0.0625719752215693), (0, 0.06402844255579093), (0, 0.0637609257453128), (0, 0.06528129432276303), (0, 0.0644690182958856), (0, 0.06240388881822196), (0, 0.06744172043641959), (0, 0.06139267143671642), (0, 0.06205554352087197), (0, 0.060925772576675884), (0, 0.06752987808704622), (0, 0.06176469075342128), (0, 0.06325873259470165), (0, 0.06297427222878123), (0, 0.06096883034774536), (0, 0.06790971758186497), (0, 0.059951735933916256), (0, 0.060488601622472056), (0, 0.0606749304671336), (0, 0.06493764745431427), (0, 0.06683216460573119), (0, 0.06272016105105992), (0, 0.06491839326377397), (0, 0.05890142869929611), (0, 0.0646159770110665), (0, 0.06520302458781808), (0, 0.0601112651840855), (0, 0.07106392094891745), (0, 0.061566425193078936), (0, 0.07336613934858605), (0, 0.07993749062633794), (0, 0.06736208915105232), (0, 0.06450412900178683), (0, 0.06532641038289798), (0, 0.06485998501619727), (0, 0.06969586419295005), (0, 0.06231549487317178), (0, 0.07177363145198133), (0, 0.06984363123446537), (0, 0.06394805510955026), (0, 0.07019587594477632), (0, 0.06373190086609565), (0, 0.06691340593777445), (0, 0.06339698551294778), (0, 0.0679436742985823), (0, 0.07054212818515108), (0, 0.05994318529271279), (0, 0.07670143174159699), (0, 0.07106827709488645), (0, 0.06588336385556354), (0, 0.07761276019885505), (0, 0.0719007917390913), (0, 0.05891621376820922), (0, 0.06045884137232125), (0, 0.06685731044986781), (0, 0.0723619379149837), (0, 0.06323961472120368), (0, 0.07108142232226407), (0, 0.07044426313891936), (0, 0.06282464745234488), (0, 0.06744687389326381), (0, 0.06517011240983801), (0, 0.05872245961487792), (0, 0.06351992389161092), (0, 0.06350492080793643), (0, 0.06553973786873724), (0, 0.06086928691124764), (0, 0.06954407774082393), (0, 0.061877430848748284), (0, 0.07285512007654847), (0, 0.0789101111716455), (0, 0.06671726879690568), (0, 0.06448864000833242), (0, 0.06436621391331739), (0, 0.06569410841243313), (0, 0.07155940232325524), (0, 0.06421049205039141), (0, 0.06680025197566138), (0, 0.06417636638961201), (0, 0.06695698791250268), (0, 0.07548226065573177), (0, 0.06711848578542162), (0, 0.05990574033677338), (0, 0.058745188145271764), (0, 0.061176443065114786), (0, 0.06476967285582375), (0, 0.06695224654082303), (0, 0.061707634555087126), (0, 0.06815252149649315), (0, 0.06045871711383137), (0, 0.07270665127837894), (0, 0.07766962592202939), (0, 0.0654148259574271), (0, 0.06816179215575105), (0, 0.06696111841038287), (0, 0.06478993931978803), (0, 0.07082611535025617), (0, 0.06401351544833347)]