Model Setup for {PATIENT_GROUPS} #{INDIVIDUAL_NUMBER} Trained Network:

RNN Network Architecture Parameters
Input channels=1
Hidden channels=128
Output channels=4

Training hyperparameters
Optimizer=AdamW (
Parameter Group 0
    amsgrad: False
    betas: (0.9, 0.999)
    capturable: False
    differentiable: False
    eps: 1e-08
    foreach: None
    fused: None
    lr: 0.001
    maximize: False
    weight_decay: 1e-06
)
Training Iterations=1000
Learning rate=0.001
Weight decay=1e-06
Optimizer reset frequency=1000

Dropout probability (after initial linear layer before NCDE): 0.0
Training Data Selection Parameters
(If not virtual, the only important params are the groups and whether data was normalized/standardized)
Patient groups=['Control']
Augmentation strategy=None
Noise Magnitude=0.0
Normalized/standardized=None
Number of virtual patients per real patient=0
Label smoothing factor=0
Test Patient Combinations:
Training batch size=1
Training Results:
Runtime=3.3384060859680176
Loss over time=[(0, 5.708277072661177), (0, 5.70182948079005), (0, 5.6875643008068835), (0, 5.658319374355491), (0, 5.620139160604509), (0, 5.57658188220446), (0, 5.529472708993262), (0, 5.479793311654192), (0, 5.428307210361642), (0, 5.375694058705003), (0, 5.3224967530688065), (0, 5.269125564244225), (0, 5.215923986786791), (0, 5.163201507977541), (0, 5.11121175807719), (0, 5.060126344040574), (0, 5.01007128706809), (0, 4.961176349392932), (0, 4.914282062908846), (0, 4.869071716775906), (0, 4.825173377111243), (0, 4.7824662283882216), (0, 4.7408786961996565), (0, 4.700365990846086), (0, 4.660692728151477), (0, 4.6216891578159816), (0, 4.583076110571056), (0, 4.544674007113113), (0, 4.506437758590539), (0, 4.468421416978834), (0, 4.430705220296454), (0, 4.393374376506085), (0, 4.356347524468706), (0, 4.319560991235384), (0, 4.283092154570161), (0, 4.246909961522251), (0, 4.211043043902317), (0, 4.17752167001411), (0, 4.14105290168935), (0, 4.106867969201124), (0, 4.072949067459513), (0, 4.03995937995368), (0, 4.008857154067619), (0, 3.978130024594809), (0, 3.9476519188380825), (0, 3.9195488200421646), (0, 3.8923304316902843), (0, 3.8651862061869653), (0, 3.840669019254145), (0, 3.8164356653075933), (0, 3.7922439482706505), (0, 3.7680940617775187), (0, 3.7440028988658254), (0, 3.719942401616896), (0, 3.6959109513433877), (0, 3.6719070436921406), (0, 3.6498914667884095), (0, 3.6282693261380086), (0, 3.606795350640019), (0, 3.5854991139468955), (0, 3.5644471247006324), (0, 3.5436721627580976), (0, 3.5231473167489504), (0, 3.5027540655204916), (0, 3.482447453930437), (0, 3.462189885396924), (0, 3.441919591451094), (0, 3.4216323934682213), (0, 3.4013323572901077), (0, 3.3810274174693604), (0, 3.361799142938083), (0, 3.342919077257198), (0, 3.3240759628735095), (0, 3.3052799786866314), (0, 3.2865341831388566), (0, 3.2678308878980316), (0, 3.249154103865468), (0, 3.2304866781594352), (0, 3.2118189859917403), (0, 3.193172289711724), (0, 3.1745357354224186), (0, 3.155872984362785), (0, 3.1371843555240826), (0, 3.119784306813823), (0, 3.104407563072995), (0, 3.089429475915675), (0, 3.0754355342263295), (0, 3.061536646356843), (0, 3.047799237497214), (0, 3.0343329159554946), (0, 3.021161554333563), (0, 3.0082211790252416), (0, 2.9952072325946046), (0, 2.982078205921504), (0, 2.9688970010598448), (0, 2.9557390017469376), (0, 2.9428365204208333), (0, 2.9303315496545834), (0, 2.9178600855579324), (0, 2.9053753618276836), (0, 2.8928291097620438), (0, 2.8801494978022726), (0, 2.8669905117553895), (0, 2.6385898822610354), (0, 2.128272332758423), (0, 1.9949455781847585), (0, 1.9169326506735007), (0, 1.9050217421300202), (0, 1.893020811122731), (0, 1.8809494365237194), (0, 1.8689280078476285), (0, 1.8567912678856706), (0, 1.8473408382857803), (0, 1.8432831640535527), (0, 1.839404013678254), (0, 1.8356890529136303), (0, 1.832124224317573), (0, 1.8286959618453837), (0, 1.8253913331708485), (0, 1.822198120096622), (0, 1.8191048523531088), (0, 1.8161008078990666), (0, 1.8132188137925302), (0, 1.8103742714187083), (0, 1.8075728935664763), (0, 1.8048592085899127), (0, 1.8021882432731364), (0, 1.7995528594875898), (0, 1.7969461431451885), (0, 1.794361236397775), (0, 1.7917910996271855), (0, 1.7892281769997607), (0, 1.7866639772588266), (0, 1.7840887248017774), (0, 1.7814915720998223), (0, 1.778862351072931), (0, 1.7762051624436896), (0, 1.7735165421475076), (0, 1.7710668645625953), (0, 1.7687845498207195), (0, 1.7665725491923545), (0, 1.764390693537016), (0, 1.7620475085281244), (0, 1.7594554507102382), (0, 1.7567790970632533), (0, 1.754399224829972), (0, 1.7520067701486317), (0, 1.7496706256369834), (0, 1.7473947223277004), (0, 1.7451161531741521), (0, 1.7428078019024167), (0, 1.7404477619872847), (0, 1.7380141561273295), (0, 1.7354798872015627), (0, 1.7328146474763217), (0, 1.7300022648214757), (0, 1.7270903955884183), (0, 1.7248139606202448), (0, 1.7227477370601019), (0, 1.7205538753925942), (0, 1.7180845012328598), (0, 1.715693223875761), (0, 1.713239050022708), (0, 1.7109379480346347), (0, 1.7086861539857787), (0, 1.7064242115320085), (0, 1.7041721687895288), (0, 1.7018729422446497), (0, 1.6994959264314067), (0, 1.69706871592197), (0, 1.6946288971192172), (0, 1.6922147632195843), (0, 1.689940716471121), (0, 1.6876111515309957), (0, 1.6852049061587195), (0, 1.6828307872066435), (0, 1.6804310082487681), (0, 1.6780574718595742), (0, 1.6756611283113323), (0, 1.6732705761579802), (0, 1.6709008595790174), (0, 1.668532866436414), (0, 1.666135823879897), (0, 1.6637030731756743), (0, 1.6613174930691437), (0, 1.6588569361229257), (0, 1.6563882351503478), (0, 1.6539618691149696), (0, 1.6515188023142398), (0, 1.6490556040105784), (0, 1.646571820002539), (0, 1.644067551905082), (0, 1.6415656927424958), (0, 1.6390982414466775), (0, 1.6365875541234665), (0, 1.6340273496053868), (0, 1.63149249357118), (0, 1.6290280394203982), (0, 1.6276975934124023), (0, 1.6264203079589847), (0, 1.625111425462232), (0, 1.62384393077464), (0, 1.6226107046561882), (0, 1.6213320659476345), (0, 1.6200721844589832), (0, 1.618838665007598), (0, 1.6175708740573578), (0, 1.6164092758618986), (0, 1.6152564323990437), (0, 1.6139661556290437), (0, 1.6130202826946547), (0, 1.6121842047038195), (0, 1.6113554508808055), (0, 1.6104019737817459), (0, 1.6093157526704398), (0, 1.6080837062804798), (0, 1.6068271166448458), (0, 1.605578061519106), (0, 1.6043527034476919), (0, 1.6031209174548546), (0, 1.6017934327297103), (0, 1.600290207983639), (0, 1.5987266674900715), (0, 1.5978321880122763), (0, 1.5968574495297998), (0, 1.5953804863156575), (0, 1.593910124589675), (0, 1.5930382383140558), (0, 1.5919218434516542), (0, 1.5911013922381647), (0, 1.5904465143201283), (0, 1.5899786195835164), (0, 1.5891373229296804), (0, 1.5881775942101137), (0, 1.5871738318706463), (0, 1.5860281338892819), (0, 1.5849395006198854), (0, 1.5841734513004397), (0, 1.5833658687417702), (0, 1.5826268720328436), (0, 1.5817880175391374), (0, 1.5808995014522071), (0, 1.579983521921012), (0, 1.5792607159399552), (0, 1.5782069060380475), (0, 1.5773939219373405), (0, 1.5766499403495944), (0, 1.5756713955665107), (0, 1.5747378198382906), (0, 1.5739703630881077), (0, 1.573169430742461), (0, 1.5722612922291797), (0, 1.5715909448839978), (0, 1.5704481156908165), (0, 1.5697481651001808), (0, 1.569060072179613), (0, 1.568090549477314), (0, 1.5671953879824472), (0, 1.566465124423518), (0, 1.5656234473745627), (0, 1.5647278632246007), (0, 1.5639283996463595), (0, 1.5635918201186745), (0, 1.563053264788805), (0, 1.5621675438109006), (0, 1.561296498593188), (0, 1.5606795568139091), (0, 1.5598665571275547), (0, 1.5595171234857734), (0, 1.5591655493098957), (0, 1.5579548597743451), (0, 1.5567822323654306), (0, 1.5566462274167776), (0, 1.5560588504172332), (0, 1.5549465388297847), (0, 1.5538834077773653), (0, 1.5531713049086084), (0, 1.552470184166384), (0, 1.551802175640958), (0, 1.5509950232674852), (0, 1.5501198756378358), (0, 1.549129792803317), (0, 1.5480764345323657), (0, 1.5474340959592567), (0, 1.5467678962349451), (0, 1.54583645746242), (0, 1.5446978957099753), (0, 1.5439884817732774), (0, 1.5433179874615663), (0, 1.5425423898953137), (0, 1.5416219684688375), (0, 1.5406465918146348), (0, 1.539584847747575), (0, 1.538966233031242), (0, 1.5380761265883307), (0, 1.5370455598318409), (0, 1.5360476829311285), (0, 1.5351682908858275), (0, 1.5343609774563802), (0, 1.5334343099660779), (0, 1.5329611728045687), (0, 1.532174710827935), (0, 1.5314675650234557), (0, 1.531127291151519), (0, 1.5305589384851925), (0, 1.5297175100960267), (0, 1.5291516656038913), (0, 1.528501885227813), (0, 1.5277304020085931), (0, 1.527126021109987), (0, 1.5265666758518972), (0, 1.525977265410738), (0, 1.525439812178851), (0, 1.5248611827376104), (0, 1.5242158249919788), (0, 1.5238624880672875), (0, 1.5231933200875205), (0, 1.5225754686919903), (0, 1.5220344207944079), (0, 1.5215072379394667), (0, 1.520942061453597), (0, 1.5203922435995496), (0, 1.5198218741250504), (0, 1.5193306015450885), (0, 1.5190273204106397), (0, 1.5183277432405828), (0, 1.5177511890317368), (0, 1.517598028307126), (0, 1.516966793586834), (0, 1.5165467093766056), (0, 1.5165558193900068), (0, 1.5158029057977243), (0, 1.515058208010147), (0, 1.5151831975250176), (0, 1.5149826580017707), (0, 1.5139651120500301), (0, 1.5132596283927215), (0, 1.5132442264228487), (0, 1.5125348744839553), (0, 1.511761725921989), (0, 1.5114543002404535), (0, 1.5106903291785576), (0, 1.5107154942836596), (0, 1.5099576891674522), (0, 1.5098765255284456), (0, 1.509682377505664), (0, 1.50921108043664), (0, 1.5084982535612752), (0, 1.5083351254353559), (0, 1.5073965780395726), (0, 1.5072783767316775), (0, 1.5072772856986305), (0, 1.5064876738926145), (0, 1.5058241742414453), (0, 1.506161680834114), (0, 1.505275863554003), (0, 1.5043962304865706), (0, 1.5044286842569836), (0, 1.5038271995001458), (0, 1.5033778655064653), (0, 1.5031757981992875), (0, 1.5025919537400447), (0, 1.5017793165609323), (0, 1.501648548651969), (0, 1.501116073415114), (0, 1.5003894365335892), (0, 1.5001282560965667), (0, 1.499599527526566), (0, 1.499076959670731), (0, 1.4986094915840815), (0, 1.4986364739778457), (0, 1.498204363230155), (0, 1.4975849987865568), (0, 1.4973973776833107), (0, 1.4971052372208091), (0, 1.49663282669272), (0, 1.4959750582228306), (0, 1.4955034457978544), (0, 1.4954936542603239), (0, 1.495519655955939), (0, 1.4944309366211743), (0, 1.4943552439680572), (0, 1.4939356251948146), (0, 1.4932285340652816), (0, 1.4938316849438802), (0, 1.4933436642470612), (0, 1.4919972757782747), (0, 1.4917984930171555), (0, 1.4917732417622462), (0, 1.4912576104255), (0, 1.490283202650084), (0, 1.4897573223668612), (0, 1.4894516598205854), (0, 1.4891012238182515), (0, 1.4887569979666397), (0, 1.488102827874403), (0, 1.4878780802780653), (0, 1.4873912572999188), (0, 1.4869049260954479), (0, 1.4863552781170495), (0, 1.48615203649609), (0, 1.4855780760359534), (0, 1.4852676423399833), (0, 1.4847884514256868), (0, 1.4845300320052932), (0, 1.4840829689059996), (0, 1.4836661563136126), (0, 1.4830391591199625), (0, 1.4831653300054777), (0, 1.4822165674371142), (0, 1.482451228931143), (0, 1.482330405610902), (0, 1.4813874208403779), (0, 1.4808810806106718), (0, 1.4805315939276038), (0, 1.47958814251892), (0, 1.479717565099596), (0, 1.4794723552333198), (0, 1.4785492891606216), (0, 1.479159930662887), (0, 1.478691747615375), (0, 1.4772928926694353), (0, 1.4773299640349793), (0, 1.4775139116889482), (0, 1.4770736238864304), (0, 1.4759111542690884), (0, 1.4752977449646194), (0, 1.47494360507612), (0, 1.4746504130573406), (0, 1.4743460061175389), (0, 1.473782173184566), (0, 1.4732870045510433), (0, 1.4725149848873975), (0, 1.472143203992496), (0, 1.4720395030402664), (0, 1.4710783684307887), (0, 1.4709024620668387), (0, 1.4703078235311504), (0, 1.469658042645023), (0, 1.4692972386902765), (0, 1.4688907857913887), (0, 1.4681952867912185), (0, 1.468009881033567), (0, 1.4674682928094243), (0, 1.4673944501700664), (0, 1.4671473146413982), (0, 1.465942657601423), (0, 1.4657157908657152), (0, 1.4657376977235015), (0, 1.4652083398390863), (0, 1.464532459085728), (0, 1.4641629293536838), (0, 1.4633067003549092), (0, 1.463253672550345), (0, 1.4634490310462045), (0, 1.462814201236388), (0, 1.4613984433837717), (0, 1.4613782447199797), (0, 1.4614669543020717), (0, 1.4608022825311706), (0, 1.460364621366286), (0, 1.4600661271092576), (0, 1.459428408872903), (0, 1.458449449389452), (0, 1.4585779993032286), (0, 1.458619864337125), (0, 1.4575395337510408), (0, 1.457018682021553), (0, 1.4567781516198517), (0, 1.455703532486154), (0, 1.455373036577968), (0, 1.4550412195872555), (0, 1.4541349847154965), (0, 1.4538038789443766), (0, 1.4534087627963097), (0, 1.4531549995767488), (0, 1.4524253568210663), (0, 1.4518936257546222), (0, 1.4518161627308892), (0, 1.4513440948716754), (0, 1.4515881180397012), (0, 1.450366275480353), (0, 1.450444556654035), (0, 1.4495807292101068), (0, 1.449159583601051), (0, 1.449065995359226), (0, 1.4484360476655491), (0, 1.448442262700341), (0, 1.4473455235455013), (0, 1.4480852440353376), (0, 1.4468278653543956), (0, 1.4468094666457287), (0, 1.4467022151634343), (0, 1.445907194549919), (0, 1.4447841440651656), (0, 1.445690544524839), (0, 1.4442773002017129), (0, 1.4450020230558296), (0, 1.444572395818963), (0, 1.4426663661425505), (0, 1.4435650755065006), (0, 1.4419761903123192), (0, 1.443071971874911), (0, 1.4437865885391714), (0, 1.4427941658368635), (0, 1.441687951144936), (0, 1.4403090319663998), (0, 1.4417167939155042), (0, 1.4408350671999175), (0, 1.438999641479975), (0, 1.439243530171568), (0, 1.4381442219570948), (0, 1.4382031717533823), (0, 1.4371301430365464), (0, 1.4373028100272807), (0, 1.4369722709883328), (0, 1.4364456726501018), (0, 1.4364671724269178), (0, 1.435068475143248), (0, 1.4356151766531235), (0, 1.434725864529741), (0, 1.434695128959918), (0, 1.4340548383432465), (0, 1.433647532333253), (0, 1.433501551536544), (0, 1.432811784028925), (0, 1.4331318514747162), (0, 1.4321606396574875), (0, 1.431536585916779), (0, 1.4313556326231107), (0, 1.4312057534424045), (0, 1.4307133059961363), (0, 1.4299163988869075), (0, 1.4306692959835206), (0, 1.4297432016693223), (0, 1.4306866133744065), (0, 1.4309058705204691), (0, 1.4297630582263752), (0, 1.428415879514365), (0, 1.4284561266185833), (0, 1.4285006241270857), (0, 1.4276405830271788), (0, 1.4274832045077512), (0, 1.4265623264880303), (0, 1.425463135019701), (0, 1.426558649331644), (0, 1.4261128188496217), (0, 1.4252390802962351), (0, 1.4254479665452178), (0, 1.4243656031801086), (0, 1.4236725486564255), (0, 1.424434183169133), (0, 1.4236335406814329), (0, 1.422650695150995), (0, 1.4229285915568601), (0, 1.4218127180188864), (0, 1.4213285414829493), (0, 1.4209009805860338), (0, 1.4212705604832707), (0, 1.4211667679591926), (0, 1.4199494178348704), (0, 1.420068291114881), (0, 1.4197913856422648), (0, 1.4187694320143036), (0, 1.4189021995323632), (0, 1.4176633753806198), (0, 1.417978932194434), (0, 1.4172856159730325), (0, 1.4172188762494886), (0, 1.4165117121241502), (0, 1.4167272957458388), (0, 1.4161526519164258), (0, 1.415500794914203), (0, 1.4154156414908703), (0, 1.4143896411011614), (0, 1.414965226009882), (0, 1.4142660336428063), (0, 1.4132865178201872), (0, 1.412911044609123), (0, 1.4122447743075128), (0, 1.4120084320619566), (0, 1.4117704272189722), (0, 1.4115567271088707), (0, 1.410929536192493), (0, 1.4113651603864246), (0, 1.4109987871650103), (0, 1.4103057026873602), (0, 1.4097716010035515), (0, 1.4090655823644527), (0, 1.4092077772208942), (0, 1.408340226829715), (0, 1.4077494145639469), (0, 1.4076977185640978), (0, 1.4078565527399818), (0, 1.4077467764558873), (0, 1.4069303978711556), (0, 1.4068306102808847), (0, 1.4060854449014932), (0, 1.405663751786158), (0, 1.4052709064924367), (0, 1.4047401365654621), (0, 1.4042743220744909), (0, 1.4038970025751556), (0, 1.4041332403764506), (0, 1.4035974293445175), (0, 1.403184802847107), (0, 1.402784515438128), (0, 1.402008562314255), (0, 1.402019273347895), (0, 1.40199421177663), (0, 1.4012966745272584), (0, 1.40088600385379), (0, 1.4003422995382075), (0, 1.399998928328459), (0, 1.3998772080155366), (0, 1.399896251386809), (0, 1.3989641620147883), (0, 1.3984829211071106), (0, 1.3982815200777283), (0, 1.3978611527737512), (0, 1.3979885105880578), (0, 1.3973693503440945), (0, 1.3971767738336283), (0, 1.3964805891756311), (0, 1.396560888855611), (0, 1.3954868199340933), (0, 1.396388445756028), (0, 1.3954902142799523), (0, 1.3949991529323476), (0, 1.395756883067205), (0, 1.3945296721631215), (0, 1.395098374133686), (0, 1.3954134362150843), (0, 1.3936459040353073), (0, 1.3940569398275797), (0, 1.3940262720903616), (0, 1.3921943957726304), (0, 1.3924214276890794), (0, 1.391790400282539), (0, 1.3920911642666565), (0, 1.3917502820174203), (0, 1.3914944823283153), (0, 1.391141446745002), (0, 1.3902092809272795), (0, 1.3903136464234231), (0, 1.389954575186191), (0, 1.3898022401081778), (0, 1.3889729704900338), (0, 1.3888588503856527), (0, 1.389050390047229), (0, 1.3879677780098205), (0, 1.3889699127620285), (0, 1.38876477307068), (0, 1.3872801444715916), (0, 1.387834312777589), (0, 1.387439977039978), (0, 1.3864439100507124), (0, 1.386747678686582), (0, 1.3857105955157645), (0, 1.3850736014415732), (0, 1.3838549014522223), (0, 1.382768611671241), (0, 1.380365258827517), (0, 1.377451040856387), (0, 1.377221861762834), (0, 1.378998181960172), (0, 1.3790771856459803), (0, 1.3788459092571324), (0, 1.3778988942874753), (0, 1.3769247991128402), (0, 1.3768162416603762), (0, 1.3754872961672393), (0, 1.3739324331600937), (0, 1.373166585753173), (0, 1.373712322053927), (0, 1.3736680153181502), (0, 1.3735249712307855), (0, 1.3716306501572486), (0, 1.3703959852655907), (0, 1.3701361367304081), (0, 1.3699367416351231), (0, 1.3697215151346052), (0, 1.3698151891862824), (0, 1.3694308327898692), (0, 1.368170285045522), (0, 1.3676940749791549), (0, 1.3665423033204178), (0, 1.3668123519140685), (0, 1.3664718433528962), (0, 1.3652210964915716), (0, 1.3650119375664398), (0, 1.3639503498151624), (0, 1.3632456093017429), (0, 1.3631332397465734), (0, 1.362461071026947), (0, 1.3619040425780824), (0, 1.3615110364386203), (0, 1.3610024056860581), (0, 1.36041833505515), (0, 1.3600138643894817), (0, 1.3594509657967986), (0, 1.3589215623650388), (0, 1.3583774574461875), (0, 1.357755248873728), (0, 1.3568124434408468), (0, 1.3567582376793526), (0, 1.3562426497391815), (0, 1.3563113768244006), (0, 1.3554921949096594), (0, 1.3548239019021482), (0, 1.354376026370879), (0, 1.353721543967355), (0, 1.352813792984727), (0, 1.3524804587958918), (0, 1.351750306095022), (0, 1.3509239083034188), (0, 1.350360442794885), (0, 1.3497823004133616), (0, 1.3492973138488202), (0, 1.3494756963142753), (0, 1.348248307806462), (0, 1.348267315420721), (0, 1.3473163366227006), (0, 1.3478310619219365), (0, 1.347411087925625), (0, 1.3459480514674826), (0, 1.346143069656724), (0, 1.346295014322891), (0, 1.3447855967710887), (0, 1.3445687350762638), (0, 1.3441009409435654), (0, 1.342948856358983), (0, 1.3424028442031413), (0, 1.3427022309473893), (0, 1.3411351551895379), (0, 1.3408438471707165), (0, 1.3406256166045742), (0, 1.3393998405359628), (0, 1.3390539039956177), (0, 1.3383157779412278), (0, 1.3372354310320453), (0, 1.3369048802644221), (0, 1.3360927858233684), (0, 1.335376271741004), (0, 1.335466191138828), (0, 1.3349514283466242), (0, 1.33386063160772), (0, 1.3334523907032627), (0, 1.333482222981673), (0, 1.3322651163443273), (0, 1.3323690886298079), (0, 1.3314085767742263), (0, 1.3310083763947276), (0, 1.330841271366357), (0, 1.3296032748696398), (0, 1.3299939965617986), (0, 1.3290121410168152), (0, 1.3288830643575684), (0, 1.3280664857176923), (0, 1.3273728739289428), (0, 1.3268191388277264), (0, 1.326116205871703), (0, 1.3253668893475996), (0, 1.3246677696167735), (0, 1.324799223007135), (0, 1.3238633803703528), (0, 1.323924829569697), (0, 1.3230200707056223), (0, 1.3226492683041777), (0, 1.3227428526145846), (0, 1.3211294139546992), (0, 1.3207511813489434), (0, 1.3199414081639305), (0, 1.3195241021739514), (0, 1.3190111950086902), (0, 1.317917187472139), (0, 1.3178122987661338), (0, 1.317643297536106), (0, 1.3168518874486865), (0, 1.317165419682559), (0, 1.3166948122095707), (0, 1.3149448045864345), (0, 1.3155642022483582), (0, 1.3154993120654002), (0, 1.3143125041513881), (0, 1.3127299701604844), (0, 1.3133985446531724), (0, 1.312385846145423), (0, 1.3112284333311799), (0, 1.3107425364796041), (0, 1.3104567825895175), (0, 1.3097154562021533), (0, 1.3087150779106775), (0, 1.3092551464269295), (0, 1.308019909201666), (0, 1.3077881904207913), (0, 1.307821992999578), (0, 1.306228884851444), (0, 1.305528006867624), (0, 1.3050016284139656), (0, 1.3041248352542285), (0, 1.3036002265538595), (0, 1.3034578246456194), (0, 1.303045344766295), (0, 1.3023640072564886), (0, 1.3023627832576161), (0, 1.3010377001218958), (0, 1.3013532228123952), (0, 1.3011498328504307), (0, 1.3002834801538603), (0, 1.2999622387096081), (0, 1.298930790062812), (0, 1.2981537379000432), (0, 1.2979204803408735), (0, 1.2971725241753582), (0, 1.297090825455836), (0, 1.2970580918892167), (0, 1.2966395820598484), (0, 1.295733132847233), (0, 1.2957386390965255), (0, 1.2954151555267899), (0, 1.295691997181268), (0, 1.295106926127089), (0, 1.2934228184142824), (0, 1.2940769031327894), (0, 1.2935006775282998), (0, 1.292887871097156), (0, 1.2924201850874588), (0, 1.2926141443836823), (0, 1.2921885790825298), (0, 1.2913221871484915), (0, 1.2912619191536319), (0, 1.290919628055804), (0, 1.2905410096287195), (0, 1.2901909218534429), (0, 1.2895359868198641), (0, 1.2895465936731838), (0, 1.28887444974393), (0, 1.2884338887229463), (0, 1.2875769231671315), (0, 1.2880420060472433), (0, 1.2876361925044157), (0, 1.2871908825462866), (0, 1.286384601372058), (0, 1.2860831038504004), (0, 1.286328005749245), (0, 1.2856319532640827), (0, 1.285120057353365), (0, 1.284861623730579), (0, 1.2842062115746506), (0, 1.2839391344954278), (0, 1.2832949689199291), (0, 1.2828369566144413), (0, 1.2821941326681408), (0, 1.2825828978507368), (0, 1.2817658880338416), (0, 1.2813791584464804), (0, 1.2812659430100415), (0, 1.2807271740040365), (0, 1.2804451920964164), (0, 1.2800500263582426), (0, 1.2795554348784999), (0, 1.2791808540310945), (0, 1.2791713428236746), (0, 1.2785904885830854), (0, 1.2783783493224847), (0, 1.2780729577585968), (0, 1.2774834832433244), (0, 1.2774422345076777), (0, 1.2776914979976177), (0, 1.2766304063127079), (0, 1.2763203118302462), (0, 1.2762910816804758), (0, 1.2758199287828063), (0, 1.2757308096662276), (0, 1.2752998234851842), (0, 1.274985055289788), (0, 1.2742254555127173), (0, 1.2740176034308393), (0, 1.2738914828137287), (0, 1.2733688117196227), (0, 1.2729627521084654), (0, 1.2725098544420976), (0, 1.2723829087766172), (0, 1.2719095610559978), (0, 1.2715954705588748), (0, 1.2713259975029274), (0, 1.2709911830407206), (0, 1.2704745959160915), (0, 1.2701316293490232), (0, 1.2698766659851382), (0, 1.2696196474407602), (0, 1.2700099562340927), (0, 1.2693583400850907), (0, 1.2689318347294873), (0, 1.268767462649621), (0, 1.268016596094595), (0, 1.2675627048005484), (0, 1.2673941866873373), (0, 1.2674056988179039), (0, 1.267024311728449), (0, 1.2662865689328942), (0, 1.2663029024223857), (0, 1.2662209153448145), (0, 1.2658886563413316), (0, 1.2657798807889271), (0, 1.2652883648460853), (0, 1.2644070313487197), (0, 1.264377645665256), (0, 1.2636981524078377), (0, 1.2637066788751141), (0, 1.2637118457611272), (0, 1.2626016596527614), (0, 1.2625082217251213), (0, 1.262240585799158), (0, 1.2618503809899835), (0, 1.2610239051403485), (0, 1.2605950127762953), (0, 1.2608622633603899), (0, 1.2606336258667392), (0, 1.2600260254265172), (0, 1.2596961110830383), (0, 1.259138135865244), (0, 1.2594744788753283), (0, 1.2589133140127275), (0, 1.2578327868201438), (0, 1.257965238955201), (0, 1.258376970434154), (0, 1.2577248775692662), (0, 1.2570610127507487), (0, 1.2571649493480084), (0, 1.256940474492558), (0, 1.2564442772748892), (0, 1.2553323911303598), (0, 1.2557068920529681), (0, 1.255733515651082), (0, 1.255220375472096), (0, 1.2552132338241604), (0, 1.2542096410595764), (0, 1.2538647972575627), (0, 1.2540920827666158), (0, 1.253146357506011), (0, 1.2527395691625556), (0, 1.2525251274092184), (0, 1.2526793254211668), (0, 1.2519423014246525), (0, 1.2512964667356328), (0, 1.2510342029259538), (0, 1.2513011963252063), (0, 1.250885350733605), (0, 1.250286644857838), (0, 1.2493767051398648), (0, 1.2492424562491222), (0, 1.248880786318404), (0, 1.2481528668415403), (0, 1.2481281458035889), (0, 1.247748235995379), (0, 1.2474240552549816), (0, 1.2473420366395775), (0, 1.247340552339235), (0, 1.2467127508118576), (0, 1.2463187809810616), (0, 1.2462666439839256), (0, 1.2458185300847824), (0, 1.2456026188821137), (0, 1.245180361080486), (0, 1.244931590422663), (0, 1.2444652018594387), (0, 1.2442238627696933), (0, 1.2439892002866133), (0, 1.2433828542710244), (0, 1.2431181355112757), (0, 1.242565396347488), (0, 1.2422999735635953), (0, 1.2422573942785906), (0, 1.242021009140255), (0, 1.2414988253486452), (0, 1.2408294538678728), (0, 1.2408416063264416), (0, 1.2401783276647127), (0, 1.2401206348033627), (0, 1.2399394028703865), (0, 1.2396316571474002), (0, 1.2392587791628984), (0, 1.239395769367326), (0, 1.2391285112169255), (0, 1.2380542674024537), (0, 1.237851500487714), (0, 1.2376947477045943), (0, 1.2373144513787537), (0, 1.2371658718301757), (0, 1.2362393395541638), (0, 1.2365601711642504), (0, 1.2364392587935804), (0, 1.2360478726025153), (0, 1.2354857750144375), (0, 1.2355754499506681), (0, 1.235073656357333), (0, 1.2357058326572918), (0, 1.2348549793164216)]