Model Setup for {PATIENT_GROUPS} #{INDIVIDUAL_NUMBER} Trained Network:

RNN Network Architecture Parameters
Input channels=1
Hidden channels=128
Output channels=4

Training hyperparameters
Optimizer=AdamW (
Parameter Group 0
    amsgrad: False
    betas: (0.9, 0.999)
    capturable: False
    differentiable: False
    eps: 1e-08
    foreach: None
    fused: None
    lr: 0.001
    maximize: False
    weight_decay: 1e-06
)
Training Iterations=3000
Learning rate=0.001
Weight decay=1e-06
Optimizer reset frequency=1000

Dropout probability (after initial linear layer before NCDE): 0.0
Training Data Selection Parameters
(If not virtual, the only important params are the groups and whether data was normalized/standardized)
Patient groups=['Control']
Augmentation strategy=None
Noise Magnitude=0.0
Normalized/standardized=None
Number of virtual patients per real patient=0
Label smoothing factor=0
Test Patient Combinations:
Training batch size=1
Training Results:
Runtime=10.117743968963623
Loss over time=[(0, 5.708277072661177), (0, 5.70182948079005), (0, 5.6875643008068835), (0, 5.658319374355491), (0, 5.620139160604509), (0, 5.57658188220446), (0, 5.529472708993262), (0, 5.479793311654192), (0, 5.428307210361642), (0, 5.375694058705003), (0, 5.3224967530688065), (0, 5.269125564244225), (0, 5.215923986786791), (0, 5.163201507977541), (0, 5.11121175807719), (0, 5.060126344040574), (0, 5.01007128706809), (0, 4.961176349392932), (0, 4.914282062908846), (0, 4.869071716775906), (0, 4.825173377111243), (0, 4.7824662283882216), (0, 4.7408786961996565), (0, 4.700365990846086), (0, 4.660692728151477), (0, 4.6216891578159816), (0, 4.583076110571056), (0, 4.544674007113113), (0, 4.506437758590539), (0, 4.468421416978834), (0, 4.430705220296454), (0, 4.393374376506085), (0, 4.356347524468706), (0, 4.319560991235384), (0, 4.283092154570161), (0, 4.246909961522251), (0, 4.211043043902317), (0, 4.17752167001411), (0, 4.14105290168935), (0, 4.106867969201124), (0, 4.072949067459513), (0, 4.03995937995368), (0, 4.008857154067619), (0, 3.978130024594809), (0, 3.9476519188380825), (0, 3.9195488200421646), (0, 3.8923304316902843), (0, 3.8651862061869653), (0, 3.840669019254145), (0, 3.8164356653075933), (0, 3.7922439482706505), (0, 3.7680940617775187), (0, 3.7440028988658254), (0, 3.719942401616896), (0, 3.6959109513433877), (0, 3.6719070436921406), (0, 3.6498914667884095), (0, 3.6282693261380086), (0, 3.606795350640019), (0, 3.5854991139468955), (0, 3.5644471247006324), (0, 3.5436721627580976), (0, 3.5231473167489504), (0, 3.5027540655204916), (0, 3.482447453930437), (0, 3.462189885396924), (0, 3.441919591451094), (0, 3.4216323934682213), (0, 3.4013323572901077), (0, 3.3810274174693604), (0, 3.361799142938083), (0, 3.342919077257198), (0, 3.3240759628735095), (0, 3.3052799786866314), (0, 3.2865341831388566), (0, 3.2678308878980316), (0, 3.249154103865468), (0, 3.2304866781594352), (0, 3.2118189859917403), (0, 3.193172289711724), (0, 3.1745357354224186), (0, 3.155872984362785), (0, 3.1371843555240826), (0, 3.119784306813823), (0, 3.104407563072995), (0, 3.089429475915675), (0, 3.0754355342263295), (0, 3.061536646356843), (0, 3.047799237497214), (0, 3.0343329159554946), (0, 3.021161554333563), (0, 3.0082211790252416), (0, 2.9952072325946046), (0, 2.982078205921504), (0, 2.9688970010598448), (0, 2.9557390017469376), (0, 2.9428365204208333), (0, 2.9303315496545834), (0, 2.9178600855579324), (0, 2.9053753618276836), (0, 2.8928291097620438), (0, 2.8801494978022726), (0, 2.8669905117553895), (0, 2.6385898822610354), (0, 2.128272332758423), (0, 1.9949455781847585), (0, 1.9169326506735007), (0, 1.9050217421300202), (0, 1.893020811122731), (0, 1.8809494365237194), (0, 1.8689280078476285), (0, 1.8567912678856706), (0, 1.8473408382857803), (0, 1.8432831640535527), (0, 1.839404013678254), (0, 1.8356890529136303), (0, 1.832124224317573), (0, 1.8286959618453837), (0, 1.8253913331708485), (0, 1.822198120096622), (0, 1.8191048523531088), (0, 1.8161008078990666), (0, 1.8132188137925302), (0, 1.8103742714187083), (0, 1.8075728935664763), (0, 1.8048592085899127), (0, 1.8021882432731364), (0, 1.7995528594875898), (0, 1.7969461431451885), (0, 1.794361236397775), (0, 1.7917910996271855), (0, 1.7892281769997607), (0, 1.7866639772588266), (0, 1.7840887248017774), (0, 1.7814915720998223), (0, 1.778862351072931), (0, 1.7762051624436896), (0, 1.7735165421475076), (0, 1.7710668645625953), (0, 1.7687845498207195), (0, 1.7665725491923545), (0, 1.764390693537016), (0, 1.7620475085281244), (0, 1.7594554507102382), (0, 1.7567790970632533), (0, 1.754399224829972), (0, 1.7520067701486317), (0, 1.7496706256369834), (0, 1.7473947223277004), (0, 1.7451161531741521), (0, 1.7428078019024167), (0, 1.7404477619872847), (0, 1.7380141561273295), (0, 1.7354798872015627), (0, 1.7328146474763217), (0, 1.7300022648214757), (0, 1.7270903955884183), (0, 1.7248139606202448), (0, 1.7227477370601019), (0, 1.7205538753925942), (0, 1.7180845012328598), (0, 1.715693223875761), (0, 1.713239050022708), (0, 1.7109379480346347), (0, 1.7086861539857787), (0, 1.7064242115320085), (0, 1.7041721687895288), (0, 1.7018729422446497), (0, 1.6994959264314067), (0, 1.69706871592197), (0, 1.6946288971192172), (0, 1.6922147632195843), (0, 1.689940716471121), (0, 1.6876111515309957), (0, 1.6852049061587195), (0, 1.6828307872066435), (0, 1.6804310082487681), (0, 1.6780574718595742), (0, 1.6756611283113323), (0, 1.6732705761579802), (0, 1.6709008595790174), (0, 1.668532866436414), (0, 1.666135823879897), (0, 1.6637030731756743), (0, 1.6613174930691437), (0, 1.6588569361229257), (0, 1.6563882351503478), (0, 1.6539618691149696), (0, 1.6515188023142398), (0, 1.6490556040105784), (0, 1.646571820002539), (0, 1.644067551905082), (0, 1.6415656927424958), (0, 1.6390982414466775), (0, 1.6365875541234665), (0, 1.6340273496053868), (0, 1.63149249357118), (0, 1.6290280394203982), (0, 1.6276975934124023), (0, 1.6264203079589847), (0, 1.625111425462232), (0, 1.62384393077464), (0, 1.6226107046561882), (0, 1.6213320659476345), (0, 1.6200721844589832), (0, 1.618838665007598), (0, 1.6175708740573578), (0, 1.6164092758618986), (0, 1.6152564323990437), (0, 1.6139661556290437), (0, 1.6130202826946547), (0, 1.6121842047038195), (0, 1.6113554508808055), (0, 1.6104019737817459), (0, 1.6093157526704398), (0, 1.6080837062804798), (0, 1.6068271166448458), (0, 1.605578061519106), (0, 1.6043527034476919), (0, 1.6031209174548546), (0, 1.6017934327297103), (0, 1.600290207983639), (0, 1.5987266674900715), (0, 1.5978321880122763), (0, 1.5968574495297998), (0, 1.5953804863156575), (0, 1.593910124589675), (0, 1.5930382383140558), (0, 1.5919218434516542), (0, 1.5911013922381647), (0, 1.5904465143201283), (0, 1.5899786195835164), (0, 1.5891373229296804), (0, 1.5881775942101137), (0, 1.5871738318706463), (0, 1.5860281338892819), (0, 1.5849395006198854), (0, 1.5841734513004397), (0, 1.5833658687417702), (0, 1.5826268720328436), (0, 1.5817880175391374), (0, 1.5808995014522071), (0, 1.579983521921012), (0, 1.5792607159399552), (0, 1.5782069060380475), (0, 1.5773939219373405), (0, 1.5766499403495944), (0, 1.5756713955665107), (0, 1.5747378198382906), (0, 1.5739703630881077), (0, 1.573169430742461), (0, 1.5722612922291797), (0, 1.5715909448839978), (0, 1.5704481156908165), (0, 1.5697481651001808), (0, 1.569060072179613), (0, 1.568090549477314), (0, 1.5671953879824472), (0, 1.566465124423518), (0, 1.5656234473745627), (0, 1.5647278632246007), (0, 1.5639283996463595), (0, 1.5635918201186745), (0, 1.563053264788805), (0, 1.5621675438109006), (0, 1.561296498593188), (0, 1.5606795568139091), (0, 1.5598665571275547), (0, 1.5595171234857734), (0, 1.5591655493098957), (0, 1.5579548597743451), (0, 1.5567822323654306), (0, 1.5566462274167776), (0, 1.5560588504172332), (0, 1.5549465388297847), (0, 1.5538834077773653), (0, 1.5531713049086084), (0, 1.552470184166384), (0, 1.551802175640958), (0, 1.5509950232674852), (0, 1.5501198756378358), (0, 1.549129792803317), (0, 1.5480764345323657), (0, 1.5474340959592567), (0, 1.5467678962349451), (0, 1.54583645746242), (0, 1.5446978957099753), (0, 1.5439884817732774), (0, 1.5433179874615663), (0, 1.5425423898953137), (0, 1.5416219684688375), (0, 1.5406465918146348), (0, 1.539584847747575), (0, 1.538966233031242), (0, 1.5380761265883307), (0, 1.5370455598318409), (0, 1.5360476829311285), (0, 1.5351682908858275), (0, 1.5343609774563802), (0, 1.5334343099660779), (0, 1.5329611728045687), (0, 1.532174710827935), (0, 1.5314675650234557), (0, 1.531127291151519), (0, 1.5305589384851925), (0, 1.5297175100960267), (0, 1.5291516656038913), (0, 1.528501885227813), (0, 1.5277304020085931), (0, 1.527126021109987), (0, 1.5265666758518972), (0, 1.525977265410738), (0, 1.525439812178851), (0, 1.5248611827376104), (0, 1.5242158249919788), (0, 1.5238624880672875), (0, 1.5231933200875205), (0, 1.5225754686919903), (0, 1.5220344207944079), (0, 1.5215072379394667), (0, 1.520942061453597), (0, 1.5203922435995496), (0, 1.5198218741250504), (0, 1.5193306015450885), (0, 1.5190273204106397), (0, 1.5183277432405828), (0, 1.5177511890317368), (0, 1.517598028307126), (0, 1.516966793586834), (0, 1.5165467093766056), (0, 1.5165558193900068), (0, 1.5158029057977243), (0, 1.515058208010147), (0, 1.5151831975250176), (0, 1.5149826580017707), (0, 1.5139651120500301), (0, 1.5132596283927215), (0, 1.5132442264228487), (0, 1.5125348744839553), (0, 1.511761725921989), (0, 1.5114543002404535), (0, 1.5106903291785576), (0, 1.5107154942836596), (0, 1.5099576891674522), (0, 1.5098765255284456), (0, 1.509682377505664), (0, 1.50921108043664), (0, 1.5084982535612752), (0, 1.5083351254353559), (0, 1.5073965780395726), (0, 1.5072783767316775), (0, 1.5072772856986305), (0, 1.5064876738926145), (0, 1.5058241742414453), (0, 1.506161680834114), (0, 1.505275863554003), (0, 1.5043962304865706), (0, 1.5044286842569836), (0, 1.5038271995001458), (0, 1.5033778655064653), (0, 1.5031757981992875), (0, 1.5025919537400447), (0, 1.5017793165609323), (0, 1.501648548651969), (0, 1.501116073415114), (0, 1.5003894365335892), (0, 1.5001282560965667), (0, 1.499599527526566), (0, 1.499076959670731), (0, 1.4986094915840815), (0, 1.4986364739778457), (0, 1.498204363230155), (0, 1.4975849987865568), (0, 1.4973973776833107), (0, 1.4971052372208091), (0, 1.49663282669272), (0, 1.4959750582228306), (0, 1.4955034457978544), (0, 1.4954936542603239), (0, 1.495519655955939), (0, 1.4944309366211743), (0, 1.4943552439680572), (0, 1.4939356251948146), (0, 1.4932285340652816), (0, 1.4938316849438802), (0, 1.4933436642470612), (0, 1.4919972757782747), (0, 1.4917984930171555), (0, 1.4917732417622462), (0, 1.4912576104255), (0, 1.490283202650084), (0, 1.4897573223668612), (0, 1.4894516598205854), (0, 1.4891012238182515), (0, 1.4887569979666397), (0, 1.488102827874403), (0, 1.4878780802780653), (0, 1.4873912572999188), (0, 1.4869049260954479), (0, 1.4863552781170495), (0, 1.48615203649609), (0, 1.4855780760359534), (0, 1.4852676423399833), (0, 1.4847884514256868), (0, 1.4845300320052932), (0, 1.4840829689059996), (0, 1.4836661563136126), (0, 1.4830391591199625), (0, 1.4831653300054777), (0, 1.4822165674371142), (0, 1.482451228931143), (0, 1.482330405610902), (0, 1.4813874208403779), (0, 1.4808810806106718), (0, 1.4805315939276038), (0, 1.47958814251892), (0, 1.479717565099596), (0, 1.4794723552333198), (0, 1.4785492891606216), (0, 1.479159930662887), (0, 1.478691747615375), (0, 1.4772928926694353), (0, 1.4773299640349793), (0, 1.4775139116889482), (0, 1.4770736238864304), (0, 1.4759111542690884), (0, 1.4752977449646194), (0, 1.47494360507612), (0, 1.4746504130573406), (0, 1.4743460061175389), (0, 1.473782173184566), (0, 1.4732870045510433), (0, 1.4725149848873975), (0, 1.472143203992496), (0, 1.4720395030402664), (0, 1.4710783684307887), (0, 1.4709024620668387), (0, 1.4703078235311504), (0, 1.469658042645023), (0, 1.4692972386902765), (0, 1.4688907857913887), (0, 1.4681952867912185), (0, 1.468009881033567), (0, 1.4674682928094243), (0, 1.4673944501700664), (0, 1.4671473146413982), (0, 1.465942657601423), (0, 1.4657157908657152), (0, 1.4657376977235015), (0, 1.4652083398390863), (0, 1.464532459085728), (0, 1.4641629293536838), (0, 1.4633067003549092), (0, 1.463253672550345), (0, 1.4634490310462045), (0, 1.462814201236388), (0, 1.4613984433837717), (0, 1.4613782447199797), (0, 1.4614669543020717), (0, 1.4608022825311706), (0, 1.460364621366286), (0, 1.4600661271092576), (0, 1.459428408872903), (0, 1.458449449389452), (0, 1.4585779993032286), (0, 1.458619864337125), (0, 1.4575395337510408), (0, 1.457018682021553), (0, 1.4567781516198517), (0, 1.455703532486154), (0, 1.455373036577968), (0, 1.4550412195872555), (0, 1.4541349847154965), (0, 1.4538038789443766), (0, 1.4534087627963097), (0, 1.4531549995767488), (0, 1.4524253568210663), (0, 1.4518936257546222), (0, 1.4518161627308892), (0, 1.4513440948716754), (0, 1.4515881180397012), (0, 1.450366275480353), (0, 1.450444556654035), (0, 1.4495807292101068), (0, 1.449159583601051), (0, 1.449065995359226), (0, 1.4484360476655491), (0, 1.448442262700341), (0, 1.4473455235455013), (0, 1.4480852440353376), (0, 1.4468278653543956), (0, 1.4468094666457287), (0, 1.4467022151634343), (0, 1.445907194549919), (0, 1.4447841440651656), (0, 1.445690544524839), (0, 1.4442773002017129), (0, 1.4450020230558296), (0, 1.444572395818963), (0, 1.4426663661425505), (0, 1.4435650755065006), (0, 1.4419761903123192), (0, 1.443071971874911), (0, 1.4437865885391714), (0, 1.4427941658368635), (0, 1.441687951144936), (0, 1.4403090319663998), (0, 1.4417167939155042), (0, 1.4408350671999175), (0, 1.438999641479975), (0, 1.439243530171568), (0, 1.4381442219570948), (0, 1.4382031717533823), (0, 1.4371301430365464), (0, 1.4373028100272807), (0, 1.4369722709883328), (0, 1.4364456726501018), (0, 1.4364671724269178), (0, 1.435068475143248), (0, 1.4356151766531235), (0, 1.434725864529741), (0, 1.434695128959918), (0, 1.4340548383432465), (0, 1.433647532333253), (0, 1.433501551536544), (0, 1.432811784028925), (0, 1.4331318514747162), (0, 1.4321606396574875), (0, 1.431536585916779), (0, 1.4313556326231107), (0, 1.4312057534424045), (0, 1.4307133059961363), (0, 1.4299163988869075), (0, 1.4306692959835206), (0, 1.4297432016693223), (0, 1.4306866133744065), (0, 1.4309058705204691), (0, 1.4297630582263752), (0, 1.428415879514365), (0, 1.4284561266185833), (0, 1.4285006241270857), (0, 1.4276405830271788), (0, 1.4274832045077512), (0, 1.4265623264880303), (0, 1.425463135019701), (0, 1.426558649331644), (0, 1.4261128188496217), (0, 1.4252390802962351), (0, 1.4254479665452178), (0, 1.4243656031801086), (0, 1.4236725486564255), (0, 1.424434183169133), (0, 1.4236335406814329), (0, 1.422650695150995), (0, 1.4229285915568601), (0, 1.4218127180188864), (0, 1.4213285414829493), (0, 1.4209009805860338), (0, 1.4212705604832707), (0, 1.4211667679591926), (0, 1.4199494178348704), (0, 1.420068291114881), (0, 1.4197913856422648), (0, 1.4187694320143036), (0, 1.4189021995323632), (0, 1.4176633753806198), (0, 1.417978932194434), (0, 1.4172856159730325), (0, 1.4172188762494886), (0, 1.4165117121241502), (0, 1.4167272957458388), (0, 1.4161526519164258), (0, 1.415500794914203), (0, 1.4154156414908703), (0, 1.4143896411011614), (0, 1.414965226009882), (0, 1.4142660336428063), (0, 1.4132865178201872), (0, 1.412911044609123), (0, 1.4122447743075128), (0, 1.4120084320619566), (0, 1.4117704272189722), (0, 1.4115567271088707), (0, 1.410929536192493), (0, 1.4113651603864246), (0, 1.4109987871650103), (0, 1.4103057026873602), (0, 1.4097716010035515), (0, 1.4090655823644527), (0, 1.4092077772208942), (0, 1.408340226829715), (0, 1.4077494145639469), (0, 1.4076977185640978), (0, 1.4078565527399818), (0, 1.4077467764558873), (0, 1.4069303978711556), (0, 1.4068306102808847), (0, 1.4060854449014932), (0, 1.405663751786158), (0, 1.4052709064924367), (0, 1.4047401365654621), (0, 1.4042743220744909), (0, 1.4038970025751556), (0, 1.4041332403764506), (0, 1.4035974293445175), (0, 1.403184802847107), (0, 1.402784515438128), (0, 1.402008562314255), (0, 1.402019273347895), (0, 1.40199421177663), (0, 1.4012966745272584), (0, 1.40088600385379), (0, 1.4003422995382075), (0, 1.399998928328459), (0, 1.3998772080155366), (0, 1.399896251386809), (0, 1.3989641620147883), (0, 1.3984829211071106), (0, 1.3982815200777283), (0, 1.3978611527737512), (0, 1.3979885105880578), (0, 1.3973693503440945), (0, 1.3971767738336283), (0, 1.3964805891756311), (0, 1.396560888855611), (0, 1.3954868199340933), (0, 1.396388445756028), (0, 1.3954902142799523), (0, 1.3949991529323476), (0, 1.395756883067205), (0, 1.3945296721631215), (0, 1.395098374133686), (0, 1.3954134362150843), (0, 1.3936459040353073), (0, 1.3940569398275797), (0, 1.3940262720903616), (0, 1.3921943957726304), (0, 1.3924214276890794), (0, 1.391790400282539), (0, 1.3920911642666565), (0, 1.3917502820174203), (0, 1.3914944823283153), (0, 1.391141446745002), (0, 1.3902092809272795), (0, 1.3903136464234231), (0, 1.389954575186191), (0, 1.3898022401081778), (0, 1.3889729704900338), (0, 1.3888588503856527), (0, 1.389050390047229), (0, 1.3879677780098205), (0, 1.3889699127620285), (0, 1.38876477307068), (0, 1.3872801444715916), (0, 1.387834312777589), (0, 1.387439977039978), (0, 1.3864439100507124), (0, 1.386747678686582), (0, 1.3857105955157645), (0, 1.3850736014415732), (0, 1.3838549014522223), (0, 1.382768611671241), (0, 1.380365258827517), (0, 1.377451040856387), (0, 1.377221861762834), (0, 1.378998181960172), (0, 1.3790771856459803), (0, 1.3788459092571324), (0, 1.3778988942874753), (0, 1.3769247991128402), (0, 1.3768162416603762), (0, 1.3754872961672393), (0, 1.3739324331600937), (0, 1.373166585753173), (0, 1.373712322053927), (0, 1.3736680153181502), (0, 1.3735249712307855), (0, 1.3716306501572486), (0, 1.3703959852655907), (0, 1.3701361367304081), (0, 1.3699367416351231), (0, 1.3697215151346052), (0, 1.3698151891862824), (0, 1.3694308327898692), (0, 1.368170285045522), (0, 1.3676940749791549), (0, 1.3665423033204178), (0, 1.3668123519140685), (0, 1.3664718433528962), (0, 1.3652210964915716), (0, 1.3650119375664398), (0, 1.3639503498151624), (0, 1.3632456093017429), (0, 1.3631332397465734), (0, 1.362461071026947), (0, 1.3619040425780824), (0, 1.3615110364386203), (0, 1.3610024056860581), (0, 1.36041833505515), (0, 1.3600138643894817), (0, 1.3594509657967986), (0, 1.3589215623650388), (0, 1.3583774574461875), (0, 1.357755248873728), (0, 1.3568124434408468), (0, 1.3567582376793526), (0, 1.3562426497391815), (0, 1.3563113768244006), (0, 1.3554921949096594), (0, 1.3548239019021482), (0, 1.354376026370879), (0, 1.353721543967355), (0, 1.352813792984727), (0, 1.3524804587958918), (0, 1.351750306095022), (0, 1.3509239083034188), (0, 1.350360442794885), (0, 1.3497823004133616), (0, 1.3492973138488202), (0, 1.3494756963142753), (0, 1.348248307806462), (0, 1.348267315420721), (0, 1.3473163366227006), (0, 1.3478310619219365), (0, 1.347411087925625), (0, 1.3459480514674826), (0, 1.346143069656724), (0, 1.346295014322891), (0, 1.3447855967710887), (0, 1.3445687350762638), (0, 1.3441009409435654), (0, 1.342948856358983), (0, 1.3424028442031413), (0, 1.3427022309473893), (0, 1.3411351551895379), (0, 1.3408438471707165), (0, 1.3406256166045742), (0, 1.3393998405359628), (0, 1.3390539039956177), (0, 1.3383157779412278), (0, 1.3372354310320453), (0, 1.3369048802644221), (0, 1.3360927858233684), (0, 1.335376271741004), (0, 1.335466191138828), (0, 1.3349514283466242), (0, 1.33386063160772), (0, 1.3334523907032627), (0, 1.333482222981673), (0, 1.3322651163443273), (0, 1.3323690886298079), (0, 1.3314085767742263), (0, 1.3310083763947276), (0, 1.330841271366357), (0, 1.3296032748696398), (0, 1.3299939965617986), (0, 1.3290121410168152), (0, 1.3288830643575684), (0, 1.3280664857176923), (0, 1.3273728739289428), (0, 1.3268191388277264), (0, 1.326116205871703), (0, 1.3253668893475996), (0, 1.3246677696167735), (0, 1.324799223007135), (0, 1.3238633803703528), (0, 1.323924829569697), (0, 1.3230200707056223), (0, 1.3226492683041777), (0, 1.3227428526145846), (0, 1.3211294139546992), (0, 1.3207511813489434), (0, 1.3199414081639305), (0, 1.3195241021739514), (0, 1.3190111950086902), (0, 1.317917187472139), (0, 1.3178122987661338), (0, 1.317643297536106), (0, 1.3168518874486865), (0, 1.317165419682559), (0, 1.3166948122095707), (0, 1.3149448045864345), (0, 1.3155642022483582), (0, 1.3154993120654002), (0, 1.3143125041513881), (0, 1.3127299701604844), (0, 1.3133985446531724), (0, 1.312385846145423), (0, 1.3112284333311799), (0, 1.3107425364796041), (0, 1.3104567825895175), (0, 1.3097154562021533), (0, 1.3087150779106775), (0, 1.3092551464269295), (0, 1.308019909201666), (0, 1.3077881904207913), (0, 1.307821992999578), (0, 1.306228884851444), (0, 1.305528006867624), (0, 1.3050016284139656), (0, 1.3041248352542285), (0, 1.3036002265538595), (0, 1.3034578246456194), (0, 1.303045344766295), (0, 1.3023640072564886), (0, 1.3023627832576161), (0, 1.3010377001218958), (0, 1.3013532228123952), (0, 1.3011498328504307), (0, 1.3002834801538603), (0, 1.2999622387096081), (0, 1.298930790062812), (0, 1.2981537379000432), (0, 1.2979204803408735), (0, 1.2971725241753582), (0, 1.297090825455836), (0, 1.2970580918892167), (0, 1.2966395820598484), (0, 1.295733132847233), (0, 1.2957386390965255), (0, 1.2954151555267899), (0, 1.295691997181268), (0, 1.295106926127089), (0, 1.2934228184142824), (0, 1.2940769031327894), (0, 1.2935006775282998), (0, 1.292887871097156), (0, 1.2924201850874588), (0, 1.2926141443836823), (0, 1.2921885790825298), (0, 1.2913221871484915), (0, 1.2912619191536319), (0, 1.290919628055804), (0, 1.2905410096287195), (0, 1.2901909218534429), (0, 1.2895359868198641), (0, 1.2895465936731838), (0, 1.28887444974393), (0, 1.2884338887229463), (0, 1.2875769231671315), (0, 1.2880420060472433), (0, 1.2876361925044157), (0, 1.2871908825462866), (0, 1.286384601372058), (0, 1.2860831038504004), (0, 1.286328005749245), (0, 1.2856319532640827), (0, 1.285120057353365), (0, 1.284861623730579), (0, 1.2842062115746506), (0, 1.2839391344954278), (0, 1.2832949689199291), (0, 1.2828369566144413), (0, 1.2821941326681408), (0, 1.2825828978507368), (0, 1.2817658880338416), (0, 1.2813791584464804), (0, 1.2812659430100415), (0, 1.2807271740040365), (0, 1.2804451920964164), (0, 1.2800500263582426), (0, 1.2795554348784999), (0, 1.2791808540310945), (0, 1.2791713428236746), (0, 1.2785904885830854), (0, 1.2783783493224847), (0, 1.2780729577585968), (0, 1.2774834832433244), (0, 1.2774422345076777), (0, 1.2776914979976177), (0, 1.2766304063127079), (0, 1.2763203118302462), (0, 1.2762910816804758), (0, 1.2758199287828063), (0, 1.2757308096662276), (0, 1.2752998234851842), (0, 1.274985055289788), (0, 1.2742254555127173), (0, 1.2740176034308393), (0, 1.2738914828137287), (0, 1.2733688117196227), (0, 1.2729627521084654), (0, 1.2725098544420976), (0, 1.2723829087766172), (0, 1.2719095610559978), (0, 1.2715954705588748), (0, 1.2713259975029274), (0, 1.2709911830407206), (0, 1.2704745959160915), (0, 1.2701316293490232), (0, 1.2698766659851382), (0, 1.2696196474407602), (0, 1.2700099562340927), (0, 1.2693583400850907), (0, 1.2689318347294873), (0, 1.268767462649621), (0, 1.268016596094595), (0, 1.2675627048005484), (0, 1.2673941866873373), (0, 1.2674056988179039), (0, 1.267024311728449), (0, 1.2662865689328942), (0, 1.2663029024223857), (0, 1.2662209153448145), (0, 1.2658886563413316), (0, 1.2657798807889271), (0, 1.2652883648460853), (0, 1.2644070313487197), (0, 1.264377645665256), (0, 1.2636981524078377), (0, 1.2637066788751141), (0, 1.2637118457611272), (0, 1.2626016596527614), (0, 1.2625082217251213), (0, 1.262240585799158), (0, 1.2618503809899835), (0, 1.2610239051403485), (0, 1.2605950127762953), (0, 1.2608622633603899), (0, 1.2606336258667392), (0, 1.2600260254265172), (0, 1.2596961110830383), (0, 1.259138135865244), (0, 1.2594744788753283), (0, 1.2589133140127275), (0, 1.2578327868201438), (0, 1.257965238955201), (0, 1.258376970434154), (0, 1.2577248775692662), (0, 1.2570610127507487), (0, 1.2571649493480084), (0, 1.256940474492558), (0, 1.2564442772748892), (0, 1.2553323911303598), (0, 1.2557068920529681), (0, 1.255733515651082), (0, 1.255220375472096), (0, 1.2552132338241604), (0, 1.2542096410595764), (0, 1.2538647972575627), (0, 1.2540920827666158), (0, 1.253146357506011), (0, 1.2527395691625556), (0, 1.2525251274092184), (0, 1.2526793254211668), (0, 1.2519423014246525), (0, 1.2512964667356328), (0, 1.2510342029259538), (0, 1.2513011963252063), (0, 1.250885350733605), (0, 1.250286644857838), (0, 1.2493767051398648), (0, 1.2492424562491222), (0, 1.248880786318404), (0, 1.2481528668415403), (0, 1.2481281458035889), (0, 1.247748235995379), (0, 1.2474240552549816), (0, 1.2473420366395775), (0, 1.247340552339235), (0, 1.2467127508118576), (0, 1.2463187809810616), (0, 1.2462666439839256), (0, 1.2458185300847824), (0, 1.2456026188821137), (0, 1.245180361080486), (0, 1.244931590422663), (0, 1.2444652018594387), (0, 1.2442238627696933), (0, 1.2439892002866133), (0, 1.2433828542710244), (0, 1.2431181355112757), (0, 1.242565396347488), (0, 1.2422999735635953), (0, 1.2422573942785906), (0, 1.242021009140255), (0, 1.2414988253486452), (0, 1.2408294538678728), (0, 1.2408416063264416), (0, 1.2401783276647127), (0, 1.2401206348033627), (0, 1.2399394028703865), (0, 1.2396316571474002), (0, 1.2392587791628984), (0, 1.239395769367326), (0, 1.2391285112169255), (0, 1.2380542674024537), (0, 1.237851500487714), (0, 1.2376947477045943), (0, 1.2373144513787537), (0, 1.2371658718301757), (0, 1.2362393395541638), (0, 1.2365601711642504), (0, 1.2364392587935804), (0, 1.2360478726025153), (0, 1.2354857750144375), (0, 1.2355754499506681), (0, 1.235073656357333), (0, 1.2357058326572918), (0, 1.2348549793164216), (0, 1.2336456641804605), (0, 1.2342112717205622), (0, 1.2330049322796008), (0, 1.2328377688113232), (0, 1.2321427873574615), (0, 1.2319364154605417), (0, 1.2316547820738553), (0, 1.2319867339029438), (0, 1.231297938364803), (0, 1.2310558306781283), (0, 1.2307456226962101), (0, 1.2300435243146393), (0, 1.229604273382644), (0, 1.2297272500688843), (0, 1.2290356378703513), (0, 1.228559245470693), (0, 1.2283010962438663), (0, 1.2282275952235397), (0, 1.2276278937768437), (0, 1.2274905081422331), (0, 1.2271779245325065), (0, 1.2266470940306213), (0, 1.2273414276882428), (0, 1.2268665345883518), (0, 1.225843325051984), (0, 1.2260745248292495), (0, 1.2256185308865801), (0, 1.2246210046772665), (0, 1.2244326224436524), (0, 1.2246488649305003), (0, 1.2236994617010766), (0, 1.2238618619223527), (0, 1.2233650813970742), (0, 1.2233108638259025), (0, 1.2226401639534372), (0, 1.2227903626520689), (0, 1.2219772328670093), (0, 1.222333879818154), (0, 1.2223643858532294), (0, 1.2209932642559718), (0, 1.2215992425604885), (0, 1.2211636789999547), (0, 1.2199557506376728), (0, 1.2200283975128632), (0, 1.2196447230153047), (0, 1.2201443298032995), (0, 1.2190122204555487), (0, 1.2196519964531167), (0, 1.2198984502364547), (0, 1.2185420054999183), (0, 1.2180788271633827), (0, 1.218703102976412), (0, 1.217781648253837), (0, 1.2166979954389798), (0, 1.2164372972527926), (0, 1.2163357580163878), (0, 1.2162952601510595), (0, 1.2155704610957332), (0, 1.2149962744130813), (0, 1.215143916580222), (0, 1.2146583140702003), (0, 1.21443050560883), (0, 1.213720474760092), (0, 1.2132041152004822), (0, 1.2128570745859435), (0, 1.2125790109418364), (0, 1.2125560047932709), (0, 1.2120033749073285), (0, 1.2120548368713653), (0, 1.211551866935775), (0, 1.2115978012592978), (0, 1.211717883615234), (0, 1.2103994326895993), (0, 1.2102352422301843), (0, 1.209444743382413), (0, 1.2096633584746974), (0, 1.209235980333228), (0, 1.2090778850719035), (0, 1.2086903887843734), (0, 1.2084236053615018), (0, 1.208269988326886), (0, 1.2078571160449252), (0, 1.2080380134672528), (0, 1.2077149180873523), (0, 1.2073762707370521), (0, 1.2071002197543836), (0, 1.2061436363391709), (0, 1.2074325268386596), (0, 1.2073352404209627), (0, 1.2058460637130421), (0, 1.2065517435208708), (0, 1.2070171256720499), (0, 1.206378795823016), (0, 1.2052316024930005), (0, 1.205816547665224), (0, 1.204939554695092), (0, 1.204167884880584), (0, 1.2059288027522521), (0, 1.205836757269036), (0, 1.203367469107045), (0, 1.203540943285173), (0, 1.2047266004141937), (0, 1.2041684686891292), (0, 1.2025777400461843), (0, 1.2028783437753587), (0, 1.202263323754563), (0, 1.2007751205365775), (0, 1.2009284435132346), (0, 1.2007932677953992), (0, 1.200357865814802), (0, 1.1998128245109818), (0, 1.1998943137362639), (0, 1.1996112494961058), (0, 1.1994668849954553), (0, 1.1986064616682284), (0, 1.1985827073566047), (0, 1.1984159898179216), (0, 1.1990634892370788), (0, 1.1985625309302146), (0, 1.1971759964507007), (0, 1.1979459308836853), (0, 1.1980734708262635), (0, 1.1964162791524782), (0, 1.1972405020625436), (0, 1.1970824834686717), (0, 1.195461356071477), (0, 1.1957884727772878), (0, 1.1959717873644249), (0, 1.1946312007788509), (0, 1.1944067178012676), (0, 1.1948495702595687), (0, 1.1940320782035143), (0, 1.1932777150940221), (0, 1.1935673154313553), (0, 1.1925418456548742), (0, 1.192662659377466), (0, 1.1919158021321181), (0, 1.1921762574760475), (0, 1.1920557759249892), (0, 1.1912983887505708), (0, 1.1912245618118953), (0, 1.1908778549692718), (0, 1.1900687870402682), (0, 1.190263596451322), (0, 1.1895816581405187), (0, 1.189257895692033), (0, 1.1884498300588577), (0, 1.1885091796222007), (0, 1.1885481633804396), (0, 1.188269438342346), (0, 1.1877789734826434), (0, 1.1872490504674846), (0, 1.1870894373114187), (0, 1.1870129907438818), (0, 1.186145392639255), (0, 1.186703795915529), (0, 1.1862568457434355), (0, 1.1864609412095872), (0, 1.1863728146188168), (0, 1.185908755001539), (0, 1.1849162901476589), (0, 1.1853727939201972), (0, 1.1847817329282755), (0, 1.184356329464235), (0, 1.184233795217215), (0, 1.1833737452166393), (0, 1.1830170211129456), (0, 1.1830051214333293), (0, 1.182809649797637), (0, 1.1822358427407373), (0, 1.1814956579930955), (0, 1.1817204517678006), (0, 1.1822991935971685), (0, 1.1821228521799512), (0, 1.1811687810170381), (0, 1.180532433551352), (0, 1.1805227704535217), (0, 1.1806882467594149), (0, 1.1804378887383966), (0, 1.1802838065481156), (0, 1.1790732417580083), (0, 1.1794189672280693), (0, 1.179694379118507), (0, 1.1784605826391), (0, 1.1783816236387628), (0, 1.1783619572319357), (0, 1.1776971431494494), (0, 1.1777826893057086), (0, 1.1776529835042022), (0, 1.177078425106578), (0, 1.1773078801984265), (0, 1.1762839500957885), (0, 1.175802259758384), (0, 1.1767556094858491), (0, 1.1760822424395674), (0, 1.1764724172092031), (0, 1.1763820925070025), (0, 1.17459712938163), (0, 1.1739601291335096), (0, 1.1743939803994883), (0, 1.1734733363421328), (0, 1.1727599729984228), (0, 1.172499876021918), (0, 1.1721263163669813), (0, 1.171694339457288), (0, 1.171040208086903), (0, 1.1709050549515203), (0, 1.171023389910649), (0, 1.170277467050496), (0, 1.170021582465921), (0, 1.1696742093068198), (0, 1.1694609936846079), (0, 1.1694499537454282), (0, 1.169786050962071), (0, 1.1692917513819672), (0, 1.1691776688501647), (0, 1.1692312475757927), (0, 1.1681645876578926), (0, 1.1678077088126573), (0, 1.1675212590208153), (0, 1.1671568521656248), (0, 1.1664545194133242), (0, 1.1663499315182027), (0, 1.165985387192234), (0, 1.1663817286889104), (0, 1.1656248905787614), (0, 1.1656096510554534), (0, 1.164780510885267), (0, 1.1650733752474207), (0, 1.1649089306709093), (0, 1.1644942035354868), (0, 1.1637575583979656), (0, 1.1636321171543198), (0, 1.163842327158934), (0, 1.1639026621316553), (0, 1.1629170266417266), (0, 1.162655294613912), (0, 1.1625837289233785), (0, 1.161708003217069), (0, 1.162451831655283), (0, 1.1624462582844215), (0, 1.160947124857731), (0, 1.160961478966644), (0, 1.1605482834581953), (0, 1.1606762833508597), (0, 1.1601835625925772), (0, 1.159971500189901), (0, 1.1596176168869892), (0, 1.158552239016934), (0, 1.1589567306326392), (0, 1.158433945734677), (0, 1.1586290738824778), (0, 1.1578275392067758), (0, 1.1575950725604953), (0, 1.156497674749273), (0, 1.1580218664805797), (0, 1.1583579222489861), (0, 1.1574176594506713), (0, 1.1561166263052545), (0, 1.1558668932101868), (0, 1.1551322320946047), (0, 1.1557670469500043), (0, 1.155585104186559), (0, 1.1540991317059963), (0, 1.15404356731059), (0, 1.1533008238869586), (0, 1.1532255127360052), (0, 1.1528289212623504), (0, 1.1523471350939722), (0, 1.1521667143369987), (0, 1.1519731564365983), (0, 1.1518307171463416), (0, 1.1516879003548672), (0, 1.151014284259759), (0, 1.1503342716961882), (0, 1.150648511050467), (0, 1.1501835945383065), (0, 1.1497323493829008), (0, 1.149792247147007), (0, 1.1496231846233993), (0, 1.1492086814905862), (0, 1.1480477821990287), (0, 1.149238731716547), (0, 1.1493612411797276), (0, 1.1482702443670052), (0, 1.1477276903392473), (0, 1.1478688334205474), (0, 1.1470966383550698), (0, 1.1470982455166652), (0, 1.1463964606533468), (0, 1.145882798920279), (0, 1.1453737113744853), (0, 1.1458226759631422), (0, 1.144856925139293), (0, 1.145590792059904), (0, 1.1456796931914166), (0, 1.144560269186575), (0, 1.1442219392933861), (0, 1.1440339810549562), (0, 1.1435652278761843), (0, 1.1431260067224571), (0, 1.1423830559716086), (0, 1.1429701615331682), (0, 1.1425468271619115), (0, 1.1421162638647644), (0, 1.1415694214317187), (0, 1.1402151359586932), (0, 1.1406428229249388), (0, 1.14022080899025), (0, 1.1404455745173232), (0, 1.1393526025717207), (0, 1.1389402985919657), (0, 1.1388646841679275), (0, 1.1379646409528716), (0, 1.1375178198862455), (0, 1.1376953206729845), (0, 1.1366117740984836), (0, 1.1356939295931887), (0, 1.13645844083321), (0, 1.1362916149926512), (0, 1.1352403293954176), (0, 1.13458897674416), (0, 1.1333967035727228), (0, 1.1324591857391084), (0, 1.1346937940549795), (0, 1.1313613736273052), (0, 1.1311359868198845), (0, 1.130826913569212), (0, 1.1300639374756543), (0, 1.1303045313792102), (0, 1.128647554879696), (0, 1.128945808203252), (0, 1.128310397715487), (0, 1.1288007030023173), (0, 1.1262827643636708), (0, 1.1264653585175994), (0, 1.126760505740049), (0, 1.126226311889505), (0, 1.1249033281441463), (0, 1.124515267608302), (0, 1.1238968621075827), (0, 1.1247990491822175), (0, 1.1229963596124435), (0, 1.121823425218513), (0, 1.122215532139229), (0, 1.1217455414013515), (0, 1.1205636824591534), (0, 1.1206427713789728), (0, 1.1192711601307264), (0, 1.1196553580866304), (0, 1.1196371565592793), (0, 1.1185473843875477), (0, 1.1185423335701026), (0, 1.117545689486349), (0, 1.1168739408334938), (0, 1.1173933382107677), (0, 1.1151462777304806), (0, 1.1159648681453023), (0, 1.1154047855353533), (0, 1.1136883861182822), (0, 1.1126896491226068), (0, 1.1143935479541014), (0, 1.1128937372182044), (0, 1.1123334718765814), (0, 1.111478660521046), (0, 1.1109037708466218), (0, 1.1098188997150777), (0, 1.1092032936354808), (0, 1.1089248882929157), (0, 1.1078826589436654), (0, 1.1067046023114804), (0, 1.1075854951545614), (0, 1.1063582723305379), (0, 1.1067088519859656), (0, 1.1069492115514004), (0, 1.1061646124258313), (0, 1.1057513109400738), (0, 1.105246571812474), (0, 1.1048935993330744), (0, 1.103216339144892), (0, 1.1031938795359215), (0, 1.102706487500825), (0, 1.1019595320877789), (0, 1.1008213541760228), (0, 1.100112824153266), (0, 1.0999903147720862), (0, 1.0990237487192775), (0, 1.099044637458124), (0, 1.0997845099476136), (0, 1.0970381997642185), (0, 1.0973031766390813), (0, 1.097604869357159), (0, 1.0952332727482212), (0, 1.0957929955284949), (0, 1.0960925145141882), (0, 1.0944980418614136), (0, 1.093622219025365), (0, 1.0937005765441623), (0, 1.0927137735974741), (0, 1.0912745594757371), (0, 1.0906785345699337), (0, 1.090845351519857), (0, 1.0909280807633426), (0, 1.0897768787129243), (0, 1.0888397916619896), (0, 1.0877911362322186), (0, 1.0872601044177248), (0, 1.0872778802063716), (0, 1.086697867283878), (0, 1.0861152116652484), (0, 1.0855341533585234), (0, 1.0841892952873458), (0, 1.0845504325480342), (0, 1.0839590943803716), (0, 1.0827229704728145), (0, 1.0825137655392307), (0, 1.0825476261563312), (0, 1.081716210033704), (0, 1.0815146041945407), (0, 1.0798190844757727), (0, 1.0800975805551216), (0, 1.0802097382676905), (0, 1.0784678675889137), (0, 1.0782851871076897), (0, 1.077215522736772), (0, 1.0769767245281026), (0, 1.0774491675079922), (0, 1.0763828079723958), (0, 1.075129767738579), (0, 1.0741439053905197), (0, 1.0742803324643904), (0, 1.0737218827818356), (0, 1.0723152577870938), (0, 1.0718996176415163), (0, 1.0719002419399568), (0, 1.071206448937184), (0, 1.0693495785128226), (0, 1.069831229805328), (0, 1.0686907198340316), (0, 1.0690417896543618), (0, 1.068363470854082), (0, 1.0671316982305346), (0, 1.0692843767982712), (0, 1.0674879723149944), (0, 1.0650790285041953), (0, 1.0660552190479708), (0, 1.0654665555796374), (0, 1.0654324767450634), (0, 1.064913170882663), (0, 1.0630055002444876), (0, 1.0616826553484966), (0, 1.0615439336277404), (0, 1.0601415097023028), (0, 1.05994870543642), (0, 1.0598738029623502), (0, 1.05849737317856), (0, 1.0588918818058146), (0, 1.0583066558488705), (0, 1.0572094279646902), (0, 1.0569079529085281), (0, 1.056571057219023), (0, 1.0553499503919794), (0, 1.0560513708195076), (0, 1.0545431169609554), (0, 1.0548379889999218), (0, 1.054966567377847), (0, 1.05371023743191), (0, 1.0525871008450993), (0, 1.0529367339448696), (0, 1.0522798653489345), (0, 1.0506674757955063), (0, 1.0513872060026226), (0, 1.0504884938406607), (0, 1.0495877160525375), (0, 1.0507632227759531), (0, 1.0489784820906554), (0, 1.0477240913976327), (0, 1.0497635247335857), (0, 1.0480653484971727), (0, 1.0465364792524399), (0, 1.0466199485185406), (0, 1.046905806726928), (0, 1.0459754329416453), (0, 1.0436327935536946), (0, 1.044844400938158), (0, 1.0446986760920256), (0, 1.0426347135883307), (0, 1.0420013611131318), (0, 1.041551779656546), (0, 1.0408178177293559), (0, 1.0401982084323642), (0, 1.0405769709143489), (0, 1.0391998195382508), (0, 1.0406253652303943), (0, 1.0403116958984504), (0, 1.038512917369834), (0, 1.0375165169483234), (0, 1.0374039416395266), (0, 1.036780896205925), (0, 1.0365808189601802), (0, 1.0356323238281968), (0, 1.034882441177881), (0, 1.0345259885172111), (0, 1.0349362966267235), (0, 1.0337351292089938), (0, 1.0341277683144714), (0, 1.03285241322585), (0, 1.0339679282632868), (0, 1.0347633941569354), (0, 1.0325008919603955), (0, 1.034526028441179), (0, 1.0343157355277741), (0, 1.0308536300493558), (0, 1.0322292785027418), (0, 1.0317561186012467), (0, 1.0291602668695243), (0, 1.031237034227403), (0, 1.0307997918289764), (0, 1.0279078071047263), (0, 1.030763654016439), (0, 1.0303208957267933), (0, 1.0258013612924846), (0, 1.0285459717103227), (0, 1.0301287927021154), (0, 1.0268389687109836), (0, 1.0245646012813177), (0, 1.0281817212971347), (0, 1.026709636732766), (0, 1.022795581865073), (0, 1.0240516218203766), (0, 1.0251367532172095), (0, 1.022836603693793), (0, 1.0218539810248997), (0, 1.0202155343142105), (0, 1.0190212684303233), (0, 1.0184312446141452), (0, 1.0172473037764698), (0, 1.0169265335105493), (0, 1.0184043101407434), (0, 1.0162575128111728), (0, 1.019329351423795), (0, 1.0194656927752184), (0, 1.0145191294912483), (0, 1.01808093925522), (0, 1.017894442120763), (0, 1.01336270632115), (0, 1.0178698613451216), (0, 1.0187793640283223), (0, 1.015540607281781), (0, 1.0137227248004), (0, 1.014670213523175), (0, 1.011415214177492), (0, 1.013755429091007), (0, 1.0139291420687424), (0, 1.0088303916961672), (0, 1.0131141016652907), (0, 1.0148513253186602), (0, 1.0119576331480298), (0, 1.0079281281784027), (0, 1.0093833424481404), (0, 1.0094308661893603), (0, 1.0070553766464754), (0, 1.0068533887044417), (0, 1.005663815242575), (0, 1.0053958192978716), (0, 1.0044442658701693), (0, 1.0032415024541823), (0, 1.002155222539018), (0, 1.0033831694681576), (0, 1.0022604481027064), (0, 1.002112110165902), (0, 1.0013428851989246), (0, 1.00160356153663), (0, 1.0012536362965365), (0, 0.9986007442206656), (0, 1.0011545581105397), (0, 0.9991851531621299), (0, 0.9992686316154342), (0, 0.9986587439903011), (0, 0.9974397613542603), (0, 0.997922056618538), (0, 0.994792415563509), (0, 0.9960607790607608), (0, 0.9958597930866906), (0, 0.9950653352752665), (0, 0.993589124999623), (0, 0.9945222987094448), (0, 0.9938455190151338), (0, 0.9939902452558274), (0, 0.9921565008307515), (0, 0.9925929126394211), (0, 0.9923747053074683), (0, 0.9925586947375553), (0, 0.9914049580552029), (0, 0.9905210281484328), (0, 0.9898868939155405), (0, 0.9884061983627759), (0, 0.9891934657611094), (0, 0.9894395991575593), (0, 0.9890444292835622), (0, 0.9876840598430845), (0, 0.9865368254710771), (0, 0.9856900559088977), (0, 0.9854893751095909), (0, 0.9865483435646654), (0, 0.9854780485796268), (0, 0.984394709646118), (0, 0.9842587649455266), (0, 0.9838985575122856), (0, 0.9833542395122177), (0, 0.9830804050719755), (0, 0.9818155474398409), (0, 0.9814056473694159), (0, 0.9826160294961102), (0, 0.9806758133776177), (0, 0.9802993607547221), (0, 0.9814504300117628), (0, 0.981268007412895), (0, 0.9798049247225811), (0, 0.9787400200291514), (0, 0.9790322788360116), (0, 0.9786935619928703), (0, 0.9774046016061981), (0, 0.9790620623443407), (0, 0.976863341257298), (0, 0.977981533559524), (0, 0.9772036611117768), (0, 0.9757351129995733), (0, 0.9803929032897931), (0, 0.9799638775174031), (0, 0.9738979606918295), (0, 0.9772472365312695), (0, 0.9794704795480615), (0, 0.9762560644334743), (0, 0.9719761965282996), (0, 0.9766437860866422), (0, 0.9770662541087731), (0, 0.9721745473051149), (0, 0.9726724727108467), (0, 0.9746974297112135), (0, 0.9723003372341065), (0, 0.9686151901387532), (0, 0.9740180213333177), (0, 0.9737952217165239), (0, 0.9696220480492957), (0, 0.9705905242346473), (0, 0.9713284484116551), (0, 0.9665363332342548), (0, 0.9710744552839727), (0, 0.9734325174829699), (0, 0.9694245417671099), (0, 0.9658869890681756), (0, 0.9679398058403033), (0, 0.9662583177897472), (0, 0.9643843872489203), (0, 0.9669403322660235), (0, 0.9642759967797123), (0, 0.9605479803929688), (0, 0.9610202809024478), (0, 0.9623238296212984), (0, 0.961140609744324), (0, 0.9611136707971031), (0, 0.9605264459820666), (0, 0.958071012117491), (0, 0.9582777188575475), (0, 0.9590003826819672), (0, 0.9580418611079562), (0, 0.9568646502416999), (0, 0.954621089855886), (0, 0.9546229198443559), (0, 0.9562251714308947), (0, 0.9541037877177997), (0, 0.9561754219435838), (0, 0.9571744229230261), (0, 0.9541650690628101), (0, 0.9546249856535219), (0, 0.9541306745977292), (0, 0.9516170696665603), (0, 0.951534319101542), (0, 0.949087353565823), (0, 0.9488490016565647), (0, 0.9484080037951707), (0, 0.9475987234018765), (0, 0.9488648879184146), (0, 0.9474634148606531), (0, 0.948208373399301), (0, 0.945318148370774), (0, 0.9448393854379392), (0, 0.9447259448571481), (0, 0.9462487977222753), (0, 0.9454367131633385), (0, 0.9454755298400721), (0, 0.9450805372162947), (0, 0.9448248138631685), (0, 0.9438446862176044), (0, 0.9424954771950366), (0, 0.9420773316574618), (0, 0.9435412292272061), (0, 0.94294320733436), (0, 0.9400914631209774), (0, 0.9432878719250937), (0, 0.9435359774567167), (0, 0.9397823886314711), (0, 0.9447735217104264), (0, 0.9453459086031604), (0, 0.9402643472977503), (0, 0.9394130489732488), (0, 0.9411238859333302), (0, 0.9377618701199288), (0, 0.9371359799829323), (0, 0.9357559457750926), (0, 0.9343606981178256), (0, 0.9351025774722799), (0, 0.9350444687191488), (0, 0.9342124884455298), (0, 0.9349295532369286), (0, 0.9330257532771569), (0, 0.9315845688057729), (0, 0.9303244556172356), (0, 0.9302017134064), (0, 0.9320095562859751), (0, 0.92871872225522), (0, 0.9333549912347967), (0, 0.9333552319794305), (0, 0.9298386586037397), (0, 0.9307113570117198), (0, 0.9311848681228172), (0, 0.9263123472483246), (0, 0.9264848553357098), (0, 0.9268354455123081), (0, 0.9248706717954838), (0, 0.9271052878287702), (0, 0.9280948162449738), (0, 0.9252260743224078), (0, 0.9255853714016594), (0, 0.9250668875742667), (0, 0.9245235352045673), (0, 0.9243522060999743), (0, 0.9220321017184328), (0, 0.9237078317887106), (0, 0.9225292323503305), (0, 0.9203895649576328), (0, 0.9205634704947999), (0, 0.9179084835605029), (0, 0.9217984127450196), (0, 0.9212947354666072), (0, 0.9194957605304885), (0, 0.9194224823670951), (0, 0.9164130657857967), (0, 0.9213350886853506), (0, 0.9217669875940284), (0, 0.9154454297344539), (0, 0.918390980596989), (0, 0.9208073859482826), (0, 0.916408957326762), (0, 0.9144742955337424), (0, 0.9159687721624531), (0, 0.9133632868026265), (0, 0.9166693449889369), (0, 0.9163880309886381), (0, 0.9126398993541944), (0, 0.914816289489923), (0, 0.9149042576568115), (0, 0.9089119891438591), (0, 0.9102092515032829), (0, 0.9102216058240813), (0, 0.9089837717089777), (0, 0.9082235723554812), (0, 0.906662088849038), (0, 0.906715497161675), (0, 0.9066902133974983), (0, 0.9070226028594697), (0, 0.9059939868601365), (0, 0.9044906742141163), (0, 0.9036344654527779), (0, 0.904352878011028), (0, 0.9049665794566921), (0, 0.9031803824951836), (0, 0.9035771160405615), (0, 0.9029931289714914), (0, 0.8996451176187158), (0, 0.8985251850394074), (0, 0.9027472173251274), (0, 0.9025833491482157), (0, 0.8995060825369966), (0, 0.9001480801447355), (0, 0.899438005204104), (0, 0.8984955052641443), (0, 0.8964506999712505), (0, 0.8964561360347056), (0, 0.896822534694143), (0, 0.8959228835191217), (0, 0.8997965250463027), (0, 0.8987563881459997), (0, 0.8948915013126282), (0, 0.8955777395180979), (0, 0.8947749160149927), (0, 0.8940452456966601), (0, 0.8938217720315291), (0, 0.8939129806951205), (0, 0.8898906691924406), (0, 0.894676348050774), (0, 0.8959995205681104), (0, 0.8917928628350174), (0, 0.8914146411271977), (0, 0.8922936867080137), (0, 0.8891555782623759), (0, 0.8930202880090385), (0, 0.8923172112207043), (0, 0.8926992056671326), (0, 0.891170542793865), (0, 0.8862243982913637), (0, 0.8917664910072702), (0, 0.8887411798230056), (0, 0.8871280364562091), (0, 0.8867324366217544), (0, 0.8858800814636141), (0, 0.8849660338073844), (0, 0.887898863677379), (0, 0.88402799486864), (0, 0.8883586283893874), (0, 0.8877412477427951), (0, 0.8829786393175241), (0, 0.888999087710293), (0, 0.8880948459886071), (0, 0.8813227441418827), (0, 0.8856380795563897), (0, 0.8843541506960331), (0, 0.8816268971766639), (0, 0.8818774274154436), (0, 0.8782599026729044), (0, 0.8790419348495713), (0, 0.8808247396928426), (0, 0.8781316611602298), (0, 0.8791902224499419), (0, 0.8792983556734336), (0, 0.8758665241294846), (0, 0.8792527113801165), (0, 0.8778573442353509), (0, 0.8803380457164607), (0, 0.8804898608153582), (0, 0.8777249321765119), (0, 0.8795549049897348), (0, 0.8792177317497204), (0, 0.8739922342840535), (0, 0.879571200379246), (0, 0.8790688404393074), (0, 0.87325880445114), (0, 0.877561406225434), (0, 0.8795996859220057), (0, 0.8746312261210283), (0, 0.8751436305781143), (0, 0.8756798101514549), (0, 0.8706692159978674), (0, 0.8730106782419279), (0, 0.8745386301203679), (0, 0.8698940397375767), (0, 0.870339789910511), (0, 0.872160871994434), (0, 0.8681602649047278), (0, 0.8711058683316117), (0, 0.8700677833802364), (0, 0.8651304482611727), (0, 0.8676429632418658), (0, 0.8650197226895144), (0, 0.8668639146205435), (0, 0.8676288236926679), (0, 0.8639493175634733), (0, 0.8661580792557724), (0, 0.866312418838412), (0, 0.8623615583377185), (0, 0.8648706445772737), (0, 0.8654242379317632), (0, 0.8643840685746214), (0, 0.8634881843446836), (0, 0.8627538276955675), (0, 0.8596186552737697), (0, 0.8614070033485124), (0, 0.8586952485597397), (0, 0.8594133901288132), (0, 0.8567162944630906), (0, 0.8560146086126195), (0, 0.858523238786483), (0, 0.8557741105913184), (0, 0.8566033780093094), (0, 0.856751719052419), (0, 0.8552609560874294), (0, 0.856835402600515), (0, 0.8585740330505336), (0, 0.8557274463879543), (0, 0.8566724827672628), (0, 0.8544596561413849), (0, 0.8559702118314844), (0, 0.8564479271099485), (0, 0.8532579605389107), (0, 0.8564873867403007), (0, 0.8552529252968748), (0, 0.8529385850070015), (0, 0.8540497098319833), (0, 0.853115918166482), (0, 0.8535303440921951), (0, 0.855588707080073), (0, 0.8528839685664109), (0, 0.8558274807555593), (0, 0.8555266960403892), (0, 0.8525628580629785), (0, 0.8523623001427294), (0, 0.8536532114868486), (0, 0.8482932327551216), (0, 0.853973038432343), (0, 0.8558066486278695), (0, 0.8484426911693217), (0, 0.8511312722110734), (0, 0.8565097857275001), (0, 0.8547760633220894), (0, 0.8471524123465024), (0, 0.8481242846845787), (0, 0.8520774002319993), (0, 0.8473620192124949), (0, 0.8462750003430897), (0, 0.8528088699931107), (0, 0.8507551201294629), (0, 0.8418201494520271), (0, 0.8489502671924412), (0, 0.8525685260785785), (0, 0.8455562364909796), (0, 0.8421279554952338), (0, 0.8470958098963083), (0, 0.8443285964055105), (0, 0.8395136188078647), (0, 0.8465512361458217), (0, 0.8455853684655749), (0, 0.8371716508871714), (0, 0.8460916851172433), (0, 0.8498733190388321), (0, 0.8461293280990148), (0, 0.8384875933045619), (0, 0.8470536842633067), (0, 0.8506297748330331), (0, 0.8445896322055306), (0, 0.8365454005154906), (0, 0.8409796182887042), (0, 0.8400653868962964), (0, 0.8362593780141488), (0, 0.839238349614364), (0, 0.8404397904984882), (0, 0.8349224031393088), (0, 0.8372428316226235), (0, 0.8400949958926065), (0, 0.8354175625290867), (0, 0.8337941929883916), (0, 0.8340729941908583), (0, 0.8301449908594021), (0, 0.834000857299644), (0, 0.8315919992054128), (0, 0.8296714867631084), (0, 0.8308715070200392), (0, 0.8298260729169313), (0, 0.8288394137997124), (0, 0.8293263097314669), (0, 0.8289769032029438), (0, 0.8273819153760251), (0, 0.8268240658732309), (0, 0.8296923264463618), (0, 0.8289753773869112), (0, 0.8253008803551446), (0, 0.8328629098794256), (0, 0.8295178289779306), (0, 0.8268027730882249), (0, 0.8291723700383336), (0, 0.825717897476582), (0, 0.8242489134771316), (0, 0.8233437992448083), (0, 0.827325334875455), (0, 0.826627872321269), (0, 0.8221546543684328), (0, 0.8269366657991748), (0, 0.8235984970175597), (0, 0.8230760308128586), (0, 0.8233015788813518), (0, 0.8212823998531165), (0, 0.8193596381934551), (0, 0.8233985996251088), (0, 0.8235369086200668), (0, 0.8195099793654248), (0, 0.8281985335564246), (0, 0.8271248608865724), (0, 0.8195928777552748), (0, 0.8221502206436322), (0, 0.822554507473009), (0, 0.8200310690737829), (0, 0.8232215818770303), (0, 0.8215624526846713), (0, 0.8206413195974673), (0, 0.8223448622489009), (0, 0.8210128298907735), (0, 0.8160711914217065), (0, 0.8182884626285896), (0, 0.814502459201036), (0, 0.8130128485755994), (0, 0.8134829157892276), (0, 0.814643205500243), (0, 0.8125437389467757), (0, 0.8122811531741563), (0, 0.8124974015324147), (0, 0.8122454823005503), (0, 0.8118614003612064), (0, 0.81035175754399), (0, 0.8122576726607564), (0, 0.8128383786166478), (0, 0.8114261714099977), (0, 0.8160218857090267), (0, 0.8159277100157423), (0, 0.8136657680299237), (0, 0.8150103702738493), (0, 0.8142842152557033), (0, 0.8107070041049007), (0, 0.812275873872081), (0, 0.8122113435796766), (0, 0.8120381141134123), (0, 0.8080885283691122), (0, 0.8090444330043514), (0, 0.8074827987023603), (0, 0.807655585924008), (0, 0.8084541028343295), (0, 0.8069658851202823), (0, 0.8076613303808997), (0, 0.807490986776066), (0, 0.8112413593327498), (0, 0.8097110635773376), (0, 0.807557454696106), (0, 0.8079325815721095), (0, 0.8073061912214612), (0, 0.8097850120444077), (0, 0.8045013604175786), (0, 0.8203236549344791), (0, 0.8204013495385399), (0, 0.8071384721485169), (0, 0.810936797663343), (0, 0.8132060708984341), (0, 0.8042153487252361), (0, 0.8143516909768094), (0, 0.8176424052424489), (0, 0.8098391339937876), (0, 0.8041223646761995), (0, 0.8102552452566891), (0, 0.8077621475625881), (0, 0.8056625129973413), (0, 0.8067688190972869), (0, 0.8035099567720921), (0, 0.8042714601651584), (0, 0.8029035432071747), (0, 0.8072880463787508), (0, 0.8037404633896592), (0, 0.8059340330389514), (0, 0.8070511735426136), (0, 0.7994326896947106), (0, 0.8027308503589127), (0, 0.800487980509059), (0, 0.8005980784769696), (0, 0.7980089146467012), (0, 0.8041914325301094), (0, 0.8021109288385591), (0, 0.801244974136426), (0, 0.8035376333470852), (0, 0.7975081862622158), (0, 0.8015230433478002), (0, 0.7993100588858805), (0, 0.8026976801015387), (0, 0.8035860719630723), (0, 0.8017164562810961), (0, 0.8010372520094922), (0, 0.7979081001540296), (0, 0.7984726280864873), (0, 0.8009137141118057), (0, 0.7986734716715788), (0, 0.798694859312183), (0, 0.7965514533870725), (0, 0.8000330672576906), (0, 0.7990241374061726), (0, 0.7967485642650471), (0, 0.8068234941607723), (0, 0.8043066993054018), (0, 0.7937225997686093), (0, 0.805746622514129), (0, 0.8102435908711942), (0, 0.8045999076546011), (0, 0.7971945167888894), (0, 0.8033784170622482), (0, 0.8033429522469444), (0, 0.8005834566312551), (0, 0.7975162262047242), (0, 0.8027830528604317), (0, 0.8034920633055339), (0, 0.7971338143508706), (0, 0.7985174284408438), (0, 0.7949168010586882), (0, 0.7976420446773901), (0, 0.7980827416322029), (0, 0.7928555944588241), (0, 0.7987936725244016), (0, 0.7982577116469618), (0, 0.7893197332360664), (0, 0.795705412770774), (0, 0.7949774937813207), (0, 0.7943005886986885), (0, 0.7953260405781168), (0, 0.7906293084798113), (0, 0.7913106794152786), (0, 0.788774746775998), (0, 0.7924868258010181), (0, 0.7913639272359831), (0, 0.7914896601113568), (0, 0.7943140049869704), (0, 0.7909164879674905), (0, 0.7904473196238718), (0, 0.7930246946471049), (0, 0.7884496324335681), (0, 0.7911284191512735), (0, 0.790408707426378), (0, 0.7904042584081274), (0, 0.7926952891577068), (0, 0.7891403496791165), (0, 0.7904310219800887), (0, 0.7914156941846587), (0, 0.788082627843883), (0, 0.7870934743263914), (0, 0.7887873230795618), (0, 0.7873959991613575), (0, 0.7871015632560051), (0, 0.7865786202410467), (0, 0.7881383725580364), (0, 0.7849814858221033), (0, 0.7877465205806624), (0, 0.785094891290499), (0, 0.7871075110698051), (0, 0.7864924408695626), (0, 0.7857934050205677), (0, 0.7835709068662847), (0, 0.7848021867450716), (0, 0.7828542070483326), (0, 0.7844943643678248), (0, 0.7859101985156949), (0, 0.7849219977154367), (0, 0.7829152737496512), (0, 0.7826760407777695), (0, 0.7850677826485256), (0, 0.782723796009121), (0, 0.7859899651796944), (0, 0.7853316340046517), (0, 0.7831194564196436), (0, 0.7843603211123424), (0, 0.7841919196090286), (0, 0.781750402303446), (0, 0.781307581020162), (0, 0.7824378738209459), (0, 0.7818600529636178), (0, 0.780413870161015), (0, 0.7792943235146265), (0, 0.7832111239736297), (0, 0.7824466980459662), (0, 0.7810670979458352), (0, 0.7846788528205346), (0, 0.7800185703945559), (0, 0.7832212653453565), (0, 0.7831421953809378), (0, 0.7805611842129357), (0, 0.7862883950009718), (0, 0.7855436531062882), (0, 0.7806892805517418), (0, 0.7826854220468105), (0, 0.7802926803611026), (0, 0.7804444775464525), (0, 0.780078863527197), (0, 0.7785470586725781), (0, 0.7812010370638791), (0, 0.7774906468279887), (0, 0.776234896334075), (0, 0.7793563364676437), (0, 0.7782603241537975), (0, 0.7817950381717584), (0, 0.7820074682992675), (0, 0.7781635397022174), (0, 0.7820766380936099), (0, 0.7835809828122707), (0, 0.777776408763401), (0, 0.7817723118738503), (0, 0.7843643019287105), (0, 0.7813363151392483), (0, 0.7747217221007272), (0, 0.7802554194674487), (0, 0.7787569342148795), (0, 0.775504123106207), (0, 0.7766122292616741), (0, 0.7744203379553634), (0, 0.7759550743154848), (0, 0.7750883633865714), (0, 0.7759282870383841), (0, 0.7756993103151493), (0, 0.7745395838195492), (0, 0.7741472573203355), (0, 0.7735588587344759), (0, 0.7720146688424505), (0, 0.7762300623447742), (0, 0.7739474258717605), (0, 0.7746966059825735), (0, 0.7741493507772579), (0, 0.7746805343863188), (0, 0.7720339997697063), (0, 0.7722460246135276), (0, 0.7726394838015658), (0, 0.7725677190024187), (0, 0.7717523579597529), (0, 0.7719035971630082), (0, 0.7714740240859429), (0, 0.7700370483909061), (0, 0.7701615303415836), (0, 0.7733338102442902), (0, 0.7715049399835969), (0, 0.7710354431785498), (0, 0.7712864242053104), (0, 0.7736800190551074), (0, 0.771409782477847), (0, 0.7714860914327756), (0, 0.7715190602225639), (0, 0.7685783813834945), (0, 0.7692232103352248), (0, 0.7695691880891402), (0, 0.7678416191657098), (0, 0.7721449516066144), (0, 0.774167398082458), (0, 0.7701173756933772), (0, 0.7688886695848415), (0, 0.7740489711483253), (0, 0.7712897881011542), (0, 0.7683370688134257), (0, 0.769751637924496), (0, 0.7701310397112802), (0, 0.7681603450458672), (0, 0.7660798827407741), (0, 0.7689424873528674), (0, 0.7664516178970227), (0, 0.7675726564012715), (0, 0.7676064841324937), (0, 0.7699996014422159), (0, 0.7667164183034605), (0, 0.7671051990150883), (0, 0.7666592331704514), (0, 0.769428950639046), (0, 0.7690317154146689), (0, 0.7644870297992226), (0, 0.7664366183886717), (0, 0.7653270751286183), (0, 0.7678582133725547), (0, 0.7659617073737812), (0, 0.7675616467275597), (0, 0.7710473999048619), (0, 0.7684128593166646), (0, 0.7634063026167538), (0, 0.7691084928865897), (0, 0.7683000176150978), (0, 0.7623811504366493), (0, 0.7644816738963194), (0, 0.7646562431557438), (0, 0.761629760172281), (0, 0.7689628102637546), (0, 0.7686901404305938), (0, 0.7613171313585858), (0, 0.7644325283439319), (0, 0.7646403879414732), (0, 0.7639543839865819), (0, 0.7603468562287963), (0, 0.7619968121855129), (0, 0.7609344808881731), (0, 0.7594674826204746), (0, 0.7646012442606873), (0, 0.7644521746717985), (0, 0.7610392882627153), (0, 0.7630849961302204), (0, 0.7651081528120816), (0, 0.7584863806878651), (0, 0.7610896055921795), (0, 0.7593462650774638), (0, 0.7632397479511348), (0, 0.7622385331018247), (0, 0.759347739474212), (0, 0.7627393040493691), (0, 0.7594880308052819), (0, 0.7604701611164761), (0, 0.7610803747024573), (0, 0.7582973110004985), (0, 0.7580632389969677), (0, 0.7581616701513907), (0, 0.7568161912442697), (0, 0.7581686594963517), (0, 0.7585048797148635), (0, 0.7560377376063399), (0, 0.7582437702010895), (0, 0.7581779744481977), (0, 0.7573028434619125), (0, 0.7572057059174092), (0, 0.7565479289518902), (0, 0.7555933107654818), (0, 0.7586585242722488), (0, 0.756006755428391), (0, 0.7586847671430543), (0, 0.7562180995916783), (0, 0.7576677530918237), (0, 0.7573834913272872), (0, 0.7545921474887429), (0, 0.7541125630419594), (0, 0.7567088150765452), (0, 0.7561391662570123), (0, 0.7550654345294124), (0, 0.7541418071015504), (0, 0.7522891030663), (0, 0.7553100348541808), (0, 0.7558720988830014), (0, 0.7548152134986833), (0, 0.7544819073130742), (0, 0.7551857725910893), (0, 0.7561383342405877), (0, 0.7521962672686341), (0, 0.7540342647919809), (0, 0.7512715482844166), (0, 0.757044614154156), (0, 0.7576204010790579), (0, 0.7547311082215152), (0, 0.7522418942653571), (0, 0.7508976140024439), (0, 0.7533589507082954), (0, 0.7523004699131609), (0, 0.7522649332563842), (0, 0.7513030592607273), (0, 0.7511293258224296), (0, 0.7529229798827772), (0, 0.7498083594383746), (0, 0.7520253354034561), (0, 0.7487247702615996), (0, 0.7548262691794474), (0, 0.7564296916258124), (0, 0.7507718759068631), (0, 0.7535693420189078), (0, 0.7543043027828374), (0, 0.7490419004725773), (0, 0.7536230903029709), (0, 0.7538800692200363), (0, 0.7528153244123335), (0, 0.7518022454607926), (0, 0.7512783598923067), (0, 0.7484131215580377), (0, 0.7485871588895257), (0, 0.7464575492398504), (0, 0.748679892023199), (0, 0.7480691283285827), (0, 0.7516502933882834), (0, 0.749092311269429), (0, 0.7472091947820256), (0, 0.7486884213216991), (0, 0.745369444316759), (0, 0.745686328050375), (0, 0.7467385234407615), (0, 0.7451450876094907), (0, 0.7465418030167204), (0, 0.7480320043564468), (0, 0.74514721832061), (0, 0.748075691700486), (0, 0.7479989840941397), (0, 0.7438471727598306), (0, 0.7471103590585679), (0, 0.747353297925023), (0, 0.742875716952745), (0, 0.7493640897551508), (0, 0.7504674350658667), (0, 0.7438149213228722), (0, 0.7481273511711373), (0, 0.750577236802004), (0, 0.7475819708448466), (0, 0.7417161375298162), (0, 0.7474812246659558), (0, 0.7462190305338624), (0, 0.7439686337707385), (0, 0.7428577233603361), (0, 0.7425103680333591), (0, 0.7431011372439165), (0, 0.7421702100620711), (0, 0.7448920220354057), (0, 0.7428881707064848), (0, 0.7431447313324253), (0, 0.7439296491367997), (0, 0.7405000134442044), (0, 0.7406592253711446), (0, 0.7423840008684985), (0, 0.7410817874755693), (0, 0.7407680298114332), (0, 0.7402177865058006), (0, 0.7403660740484665), (0, 0.73937570397084), (0, 0.7424265506899845), (0, 0.7419903572122899), (0, 0.7386926226450412), (0, 0.7429217363916576), (0, 0.7437562450877788), (0, 0.7389792871334011), (0, 0.7418029303749201), (0, 0.74232461105245), (0, 0.7380874559902594), (0, 0.7436878443686925), (0, 0.745456357433254), (0, 0.7413268487386262), (0, 0.742333687441822), (0, 0.7443251037961398), (0, 0.7449401775678748), (0, 0.7423700200406247), (0, 0.7393386062605116), (0, 0.7393548056662296), (0, 0.740174283555982), (0, 0.7410646878557169), (0, 0.73872956925738), (0, 0.738914343668569), (0, 0.737634176216275), (0, 0.7364348845135316), (0, 0.7371515767439644), (0, 0.7377429579492353), (0, 0.7356587961495462), (0, 0.7362262079323496), (0, 0.7354230029330993), (0, 0.7341928218244849), (0, 0.7371616221334034), (0, 0.7362715160879241), (0, 0.7358506626044807), (0, 0.7360989165134469), (0, 0.734501943973491), (0, 0.7328501495567648), (0, 0.7370562844045466), (0, 0.7384181505361933), (0, 0.7359124914595511), (0, 0.7363831032561354), (0, 0.7392394219585936), (0, 0.735664019407958), (0, 0.7367952384827741), (0, 0.7365638026905779), (0, 0.7341968487460508), (0, 0.7365257442509334), (0, 0.7355795759190356), (0, 0.7354366757055079), (0, 0.7321902330806618), (0, 0.7314917556335288), (0, 0.7327002741992651), (0, 0.7317982716477304), (0, 0.7319781204767797), (0, 0.7337489967166893), (0, 0.73281555772956), (0, 0.7304656572178021), (0, 0.733870783416712), (0, 0.7313309056911736), (0, 0.7304214404778444), (0, 0.7297590961363106), (0, 0.7314641287764748), (0, 0.7302110491209036), (0, 0.7305352111971248), (0, 0.7298104921349184), (0, 0.7321209671472155), (0, 0.7306411733452838), (0, 0.7295765530103192), (0, 0.7296742330553588), (0, 0.7273762139179991), (0, 0.7274245966879789), (0, 0.7269963154981609), (0, 0.7280571017069979), (0, 0.7278227444748192), (0, 0.7276027768598825), (0, 0.726379540474489), (0, 0.7311994187897685), (0, 0.7300007949578197), (0, 0.7271593992906493), (0, 0.7277664972946514), (0, 0.7287250854533689), (0, 0.72760515994966), (0, 0.7278923874152717), (0, 0.727862676081906), (0, 0.7256397040102021), (0, 0.7285275003663685), (0, 0.7270824680475414), (0, 0.7254012653376023), (0, 0.7256668182217079), (0, 0.7274699290118262), (0, 0.7258335377237575), (0, 0.7269940056358241), (0, 0.7260966182431877), (0, 0.7249857985057278), (0, 0.7258659063694448), (0, 0.7250985700786983), (0, 0.7281010838673078), (0, 0.7249707910505132), (0, 0.7279215725023473), (0, 0.7294508117584149), (0, 0.7245975205287122), (0, 0.7297730626175278), (0, 0.7299999450696381), (0, 0.7220683960363099), (0, 0.7252971949303357), (0, 0.7260188635745315), (0, 0.7246788691750417), (0, 0.72387477755795), (0, 0.7192860570436667), (0, 0.7200912743784161), (0, 0.7214496043463368), (0, 0.7214863364097381), (0, 0.7211414297707244), (0, 0.7202796029670455), (0, 0.7191001317740662), (0, 0.7189742950530952), (0, 0.719416379797567), (0, 0.7210378156976609), (0, 0.71831359268042), (0, 0.7193532176297373), (0, 0.720977855982474), (0, 0.7221268227884468), (0, 0.7192862262632815), (0, 0.7149733141464607), (0, 0.7192374848739671), (0, 0.7206298861452174), (0, 0.7182032282289381), (0, 0.7173511440032924), (0, 0.7197990999227324), (0, 0.7187847753279354), (0, 0.7191538974738412), (0, 0.7164889247190831), (0, 0.718406717149954), (0, 0.7198380305101946), (0, 0.716656719700161), (0, 0.7144807643940487), (0, 0.7169864391901164), (0, 0.7147455492779986), (0, 0.7136399412896726), (0, 0.7135762852974843), (0, 0.7133390501574766), (0, 0.7136606024393963), (0, 0.7123210147273971), (0, 0.7150612378223715), (0, 0.7151686689950743), (0, 0.713051622239502), (0, 0.7146247594134852), (0, 0.7122780865176165), (0, 0.7147500428327865), (0, 0.7144823290462563), (0, 0.7140930326409268), (0, 0.7142910048480171), (0, 0.713789334054159), (0, 0.7109862288980024), (0, 0.7133593669424367), (0, 0.7109500228164967), (0, 0.7130597037534834), (0, 0.7116790800932444), (0, 0.7105137847682799), (0, 0.7143563812649422), (0, 0.7096069973956178), (0, 0.7126133714096264), (0, 0.7133243830468634), (0, 0.7094846539083846), (0, 0.7101822984693773), (0, 0.7103982429865026), (0, 0.7082931455928848), (0, 0.708002372706681), (0, 0.7076048596309545), (0, 0.7074281353556695), (0, 0.7119959715481494), (0, 0.7100118166670393), (0, 0.7065323872809834), (0, 0.7083849650398069), (0, 0.7078084843253865), (0, 0.7114968806419771), (0, 0.710752442949679), (0, 0.7079089861802867), (0, 0.7114102518755779), (0, 0.7133280246982644), (0, 0.7105538621027268), (0, 0.7062145031735723), (0, 0.7092038572351378), (0, 0.7096277583148004), (0, 0.7056887293055767), (0, 0.7088391121106754), (0, 0.7098393187737743), (0, 0.7083597566956581), (0, 0.7052948577723992), (0, 0.7054200152149801), (0, 0.7058998499766553), (0, 0.7059501708779292), (0, 0.702918923076435), (0, 0.7105401287946274), (0, 0.7100127622485084), (0, 0.7040383303661222), (0, 0.7104718975287985), (0, 0.7108363551918802), (0, 0.7060698679050567), (0, 0.7057365448391621), (0, 0.7088804173811089), (0, 0.702576512079408), (0, 0.705129050728404), (0, 0.708057443305805), (0, 0.7040376560337629), (0, 0.7050883370291574), (0, 0.7082601590014503), (0, 0.7054853299628734), (0, 0.7024981437289086), (0, 0.7028226547101109), (0, 0.7005115475605321), (0, 0.7032322466242067), (0, 0.7036473878231859), (0, 0.7000777904131541), (0, 0.701893350380939), (0, 0.7009353323102872), (0, 0.7006820241647691), (0, 0.7016245715500575), (0, 0.699601145099986), (0, 0.6995292846541568), (0, 0.6987876409658406), (0, 0.6989948002647712), (0, 0.6958687491766954), (0, 0.6983169515710961), (0, 0.6998628422382911), (0, 0.7008968748260394), (0, 0.6967462655437313), (0, 0.6979899647977901), (0, 0.6979795265129429), (0, 0.6985094817038107), (0, 0.6988824310052553), (0, 0.6972317157443423), (0, 0.6972385524588491), (0, 0.6973924873908124), (0, 0.7014014641633777), (0, 0.7010512634258956), (0, 0.6978345512815787), (0, 0.6961698251689508), (0, 0.697871531420893), (0, 0.6973075900560991), (0, 0.6984521967871147), (0, 0.697588361203888), (0, 0.6950842530543131), (0, 0.699715811930739), (0, 0.7001712855809332), (0, 0.6948668635047877), (0, 0.6990669615444975), (0, 0.6968084796262604), (0, 0.6958917535928213), (0, 0.6960771425682297), (0, 0.6929721870424851), (0, 0.6923623888968746), (0, 0.6926117295499339), (0, 0.6937242710867977), (0, 0.6939459958424239), (0, 0.6934548762255914), (0, 0.6918391381657838), (0, 0.694416065937689), (0, 0.6931558297072375), (0, 0.6925384019737024), (0, 0.6920445454173116), (0, 0.6923337015201991), (0, 0.6914953265834289), (0, 0.6909005168807305), (0, 0.6922012261696078), (0, 0.6926720952250928), (0, 0.6928584414016162), (0, 0.690999564609401), (0, 0.6892131059083326), (0, 0.6905165362758261), (0, 0.6934091333959332), (0, 0.6941172961435033), (0, 0.6941033963166803), (0, 0.6919897071391119), (0, 0.6878378235407963), (0, 0.6934454962245402), (0, 0.6945801289712406), (0, 0.6920406576317855), (0, 0.6919387964868322), (0, 0.6917701458720333), (0, 0.6954546205925998), (0, 0.6935833149103023), (0, 0.690585626656723), (0, 0.6918551298979436), (0, 0.6901871461066851), (0, 0.6872638405581577), (0, 0.6865783472128459), (0, 0.68797371913768), (0, 0.6865109247181725), (0, 0.6866659437726871), (0, 0.6861793426041614), (0, 0.6852003842681545), (0, 0.6845850106269942), (0, 0.6862709956957558), (0, 0.685242183837107), (0, 0.6855227818406315), (0, 0.6851771735284946), (0, 0.6862714057555541), (0, 0.6847562153032235), (0, 0.6840369474867718), (0, 0.6845738511376207), (0, 0.6823331224977599), (0, 0.6864481289255449), (0, 0.6869440260252242), (0, 0.6847642050466729), (0, 0.6844260252744109), (0, 0.6852258083148335), (0, 0.6845913547775173), (0, 0.6849203044142309), (0, 0.6850135890487759), (0, 0.6858421975126735), (0, 0.6848766564714627), (0, 0.6838100659638272), (0, 0.6806580679837853), (0, 0.6804234504424624), (0, 0.6812156871536663), (0, 0.6809321510712665), (0, 0.6816304724478601), (0, 0.6805481191248505), (0, 0.6800044594737658), (0, 0.6810736963850446), (0, 0.680382361371339), (0, 0.6842548642016327), (0, 0.6867630964366344), (0, 0.6811891627765427), (0, 0.6851404371993818), (0, 0.6883507629266405), (0, 0.6860877457470397), (0, 0.6816245137384238), (0, 0.6843531023047587), (0, 0.6843227597852128), (0, 0.6804065332361621), (0, 0.6846411445590967), (0, 0.6851231261577801), (0, 0.6831591203416384), (0, 0.6840764763788485), (0, 0.6850295081462674), (0, 0.6794054463986214), (0, 0.6800907819504938), (0, 0.6818531406773316), (0, 0.6755484701995074), (0, 0.6803026388783591), (0, 0.680723752991822), (0, 0.6801412957911862), (0, 0.6781805785175936), (0, 0.6779920657375391), (0, 0.6785157743832322), (0, 0.6782935326071227), (0, 0.6748698666077236), (0, 0.6768047865057354), (0, 0.6767542249115469), (0, 0.6744078100526645), (0, 0.6753414199373874), (0, 0.6752129562458569), (0, 0.6723598592589162), (0, 0.6735683219467078), (0, 0.6720673295178793), (0, 0.6723635366471686), (0, 0.6731811263384639), (0, 0.6717718354041544), (0, 0.6710045950943209), (0, 0.6710486973382116), (0, 0.6716702682381461), (0, 0.6730403189391947), (0, 0.670320803295317), (0, 0.6745370704046398), (0, 0.675680395698223), (0, 0.6731255448751499), (0, 0.6748781890075928), (0, 0.6747489715404427), (0, 0.6715204510815522), (0, 0.6726052680911003), (0, 0.6777254656396805), (0, 0.6768398362286238), (0, 0.6727810210131391), (0, 0.6731469254831701), (0, 0.6730716519060398), (0, 0.6737143976005046), (0, 0.6723995340614561), (0, 0.6711049140545275), (0, 0.6713236483708421), (0, 0.6706586824419529), (0, 0.6688470119307705), (0, 0.6721968294262874), (0, 0.6729191157049326), (0, 0.6702171945191079), (0, 0.6683030798442969), (0, 0.6700344125552984), (0, 0.6716958103045237), (0, 0.6736817578017844), (0, 0.6688176314399807), (0, 0.6722157538447852), (0, 0.6738579605655355), (0, 0.6751326225231348), (0, 0.6711317812246793), (0, 0.6669878469388556), (0, 0.6731936905682546), (0, 0.6693278488614998), (0, 0.6692701451592702), (0, 0.6730350205738278), (0, 0.6698186912206139), (0, 0.6698169985993908), (0, 0.671365751608163), (0, 0.6660778669097503), (0, 0.6707691247240067), (0, 0.6722731414372458), (0, 0.6669760151110852), (0, 0.6661620794430534), (0, 0.6705386147550279), (0, 0.6707498495983465), (0, 0.6661063629502676), (0, 0.6672817241932278), (0, 0.6700052537442994), (0, 0.6685680951131496), (0, 0.6658072053056059), (0, 0.6652646532281337), (0, 0.665571346541052), (0, 0.6643126591052559), (0, 0.6639793989889038), (0, 0.6641523942128594), (0, 0.6629404994957), (0, 0.6630832415893787), (0, 0.6657168078951294), (0, 0.662994400648494), (0, 0.6599990281184072), (0, 0.6608102772188946), (0, 0.6598121398593999), (0, 0.6606453299822156), (0, 0.6598363375445211), (0, 0.660727600952661), (0, 0.6611264380708878), (0, 0.6579698816855748), (0, 0.6608258384326465), (0, 0.659506759570942), (0, 0.6610413409649333), (0, 0.6631270698831733), (0, 0.6620167352989473), (0, 0.6591594480916149), (0, 0.6617519874054061), (0, 0.6602929548262573), (0, 0.6609367823556982), (0, 0.6619124977753101), (0, 0.6621371812347407), (0, 0.6594116349621186), (0, 0.6591880175460217), (0, 0.6597685684624921), (0, 0.6581788406676714), (0, 0.6569907625754434), (0, 0.6572543416047782), (0, 0.659579839638889), (0, 0.6602111714744663), (0, 0.6597715443725045), (0, 0.6573079723755931), (0, 0.6561583721214879), (0, 0.6573225321822593), (0, 0.6578051462571508), (0, 0.6557749233674479), (0, 0.6554068982940624), (0, 0.6571552965066196), (0, 0.6579062345158), (0, 0.6564551367936051), (0, 0.6545517025436685), (0, 0.6554822571936898), (0, 0.6572926103130465), (0, 0.6573566843163906), (0, 0.6562184943014711), (0, 0.6532234916413401), (0, 0.6573778883116161), (0, 0.6582905494903644), (0, 0.6554744431489727), (0, 0.6566115965528583), (0, 0.6562194208572611), (0, 0.6539455373118372), (0, 0.652986377840526), (0, 0.6539377151305077), (0, 0.6566295484991025), (0, 0.6544393071654347), (0, 0.6528236666491685), (0, 0.6548486158952301), (0, 0.651275429936711), (0, 0.6549531101475352), (0, 0.6551132788995901), (0, 0.6545318774549682), (0, 0.6552959153095366), (0, 0.653195761204308), (0, 0.6523150647454445), (0, 0.6544861910123616), (0, 0.6516352177232804), (0, 0.6513361813256762), (0, 0.6487323021425783), (0, 0.649213215545543), (0, 0.6506569753403695), (0, 0.648752338850934), (0, 0.6503501579184534), (0, 0.6485140349845948), (0, 0.6482812456195578), (0, 0.648946382179067), (0, 0.6482157771413942), (0, 0.6489731898252499), (0, 0.6468427788045116), (0, 0.6484398156503177), (0, 0.6470711226998758), (0, 0.6479795576210295), (0, 0.6480242302411312), (0, 0.646870440568712), (0, 0.6482948185835962), (0, 0.6465928838749565), (0, 0.6487111189575309), (0, 0.6464315515893682), (0, 0.6479380509695392), (0, 0.6486139023457723), (0, 0.6458965249231403), (0, 0.6504487402931938), (0, 0.652876752233351), (0, 0.6487502661785637), (0, 0.6460988460911925), (0, 0.6507018669132669), (0, 0.6493752557267849), (0, 0.6436056293959258), (0, 0.6484191648776109), (0, 0.6504913102203204), (0, 0.6463548126158956), (0, 0.6451485337328919), (0, 0.6469208391464284), (0, 0.6457066555684091), (0, 0.6454657819311969), (0, 0.6443081032350191), (0, 0.6414459093620887), (0, 0.6447138700494203), (0, 0.643035094431818), (0, 0.6437246155845022), (0, 0.645883650941137), (0, 0.6428368368680503), (0, 0.643689684444001), (0, 0.6453149700879302), (0, 0.6435092704971359), (0, 0.6447284182136956), (0, 0.6460563656155418), (0, 0.6431059020534384), (0, 0.6438081283351103), (0, 0.6444191299157186), (0, 0.6428561110523482), (0, 0.6420404586798814), (0, 0.6455487210170054), (0, 0.6438037410751657), (0, 0.6402494806708707), (0, 0.6419168134305685), (0, 0.6405068068732095), (0, 0.6393274558892377), (0, 0.6401390467484076), (0, 0.6408297086760559), (0, 0.64094696948799), (0, 0.6390064806451624), (0, 0.6390045897154493), (0, 0.6369173949002206), (0, 0.6381422340503692), (0, 0.6383166117860718), (0, 0.6380528130210361), (0, 0.6362981744974807), (0, 0.6387147736513118), (0, 0.6396632816124486), (0, 0.6377613110039653), (0, 0.6389843616802389), (0, 0.6380224169111304), (0, 0.6374830799039173), (0, 0.6395754944360408), (0, 0.6395600927970185), (0, 0.6392839812823706), (0, 0.6386325406618087), (0, 0.6361003861443613), (0, 0.6370995146761204), (0, 0.6382220073632046), (0, 0.6359964571539725), (0, 0.6344507284979315), (0, 0.6384457659759064), (0, 0.6388515787110349), (0, 0.6358916299361698), (0, 0.6396779436219613), (0, 0.6397504893053954), (0, 0.6365459733806701), (0, 0.637736110823594), (0, 0.6399796039694402), (0, 0.637721177873699), (0, 0.6345172308792907), (0, 0.6363469353655764), (0, 0.6375256606097912), (0, 0.6340571817523367), (0, 0.6349936310592847), (0, 0.6355829320746447), (0, 0.6330438279719656), (0, 0.634912143787302), (0, 0.6319014118344061), (0, 0.6354798249229969), (0, 0.6359731397667876), (0, 0.6326062402008761), (0, 0.6355807476829859), (0, 0.6340229624171775), (0, 0.6324706774438051), (0, 0.6371263144562578), (0, 0.6352064301318422), (0, 0.6317367634384424), (0, 0.6312222471217197), (0, 0.6300800358857476)]