Model Setup for {PATIENT_GROUPS} Trained Network:

{NETWORK_TYPE} Network Architecture Parameters
Input channels=2
Hidden channels=128
Output channels=2

Training hyperparameters
Optimizer=AdamW (
Parameter Group 0
    amsgrad: False
    betas: (0.9, 0.999)
    capturable: False
    differentiable: False
    eps: 1e-08
    foreach: None
    fused: None
    lr: 0.006
    maximize: False
    weight_decay: 0.0
)Training Iterations=800
Learning rate=0.006
Weight decay=0.0
Optimizer reset frequency=None

Dropout probability (after initial linear layer before NCDE): 0.5
Training Data Selection Parameters
(If not virtual, the only important params are the groups and whether data was normalized/standardized)
Patient groups=['Control']
Augmentation strategy=Uniform
Noise Magnitude=0.05
Normalized/standardized=StandardizeAll
Number of virtual patients per real patient=100
Label smoothing factor=0
Test Patient Combinations:
Control: None
MDD: None
Training batch size=1
Training Results:
Runtime=65.37831282615662
Loss over time=[(0, 1.954281729163778), (0, 1.057003673134295), (0, 1.0115884678202591), (0, 1.0040471364927965), (0, 1.005831736835182), (0, 1.0041690937302716), (0, 1.0032760165064458), (0, 1.005212542176409), (0, 1.0029842377501386), (0, 1.0036726734592365), (0, 1.0042137330972982), (0, 1.0025696070406886), (0, 1.0038988176449593), (0, 1.0035107109165018), (0, 1.0026060427451529), (0, 1.003746591186809), (0, 1.0029393906798596), (0, 1.002815778780458), (0, 1.0034530879390335), (0, 1.0027244839176934), (0, 1.0028730224130162), (0, 1.0031765807226345), (0, 1.0025626028096968), (0, 1.002969630383462), (0, 1.0028887498582901), (0, 1.0025591749688283), (0, 1.0029473816072951), (0, 1.002635618826522), (0, 1.0026521741457224), (0, 1.0028140607012084), (0, 1.0025225109255618), (0, 1.0027125926392022), (0, 1.0026272226562136), (0, 1.0025323082175501), (0, 1.0026803953892898), (0, 1.0024946998187179), (0, 1.0025884592705856), (0, 1.0025506614503057), (0, 1.00248215655666), (0, 1.0025697893204049), (0, 1.0024469510202378), (0, 1.0025200043913534), (0, 1.0024621478076614), (0, 1.0024516738085671), (0, 1.0024746059885925), (0, 1.0024058066997767), (0, 1.0024583953609458), (0, 1.0023896464941369), (0, 1.002421939751228), (0, 1.0023860456713425), (0, 1.0023835758835733), (0, 1.0023789237763603), (0, 1.0023530065526352), (0, 1.0023653373998713), (0, 1.0023293174504853), (0, 1.0023463937732435), (0, 1.0023111838698622), (0, 1.0023242895811446), (0, 1.002295046929997), (0, 1.0023024341003601), (0, 1.0022788721414821), (0, 1.0022811424390157), (0, 1.002262523455541), (0, 1.0022611110218465), (0, 1.0022452906022734), (0, 1.0022420185205088), (0, 1.0022278652926813), (0, 1.0022236813148222), (0, 1.0022100306800201), (0, 1.0022058029597767), (0, 1.0021923125496195), (0, 1.0021882265699977), (0, 1.00217464843681), (0, 1.0021706320712533), (0, 1.00215736868458), (0, 1.002152984817964), (0, 1.0021405246937496), (0, 1.002135036564435), (0, 1.0021241211743122), (0, 1.0021169562337577), (0, 1.0021080232464132), (0, 1.0020989989533955), (0, 1.0020917771818467), (0, 1.0020815818284439), (0, 1.0020749690623474), (0, 1.0020650130880477), (0, 1.0020575810608259), (0, 1.0020490227987269), (0, 1.0020401607828688), (0, 1.0020328178408917), (0, 1.0020234750031292), (0, 1.0020158969665067), (0, 1.0020075177747687), (0, 1.0019988499908041), (0, 1.0019913330621557), (0, 1.0019825901925161), (0, 1.0019745333394268), (0, 1.001966723381578), (0, 1.0019581075156105), (0, 1.001950274756963), (0, 1.001942329391321), (0, 1.001933909799118), (0, 1.001926109949766), (0, 1.0019182060500436), (0, 1.001909938162756), (0, 1.0019021016174694), (0, 1.0018943258052067), (0, 1.0018862183617907), (0, 1.0018783048014324), (0, 1.0018706295319686), (0, 1.001862767508219), (0, 1.001854830011551), (0, 1.0018471063540293), (0, 1.0018394813118214), (0, 1.0018317498205753), (0, 1.0018239726069322), (0, 1.0018163222971677), (0, 1.0018087951764785), (0, 1.001801272838157), (0, 1.0017937143690605), (0, 1.0017861533693981), (0, 1.0017786578458046), (0, 1.0017712464985473), (0, 1.001763907432836), (0, 1.0017566285421546), (0, 1.0017493968942146), (0, 1.0017422383540007), (0, 1.0017351747917862), (0, 1.0017283194353392), (0, 1.001721870281258), (0, 1.0017165556242638), (0, 1.0017142673033548), (0, 1.001722344348083), (0, 1.0017625879171912), (0, 1.0019354437214498), (0, 1.0024689473099089), (0, 1.0045114785715947), (0, 1.0048886214256294), (0, 1.0055222902238463), (0, 1.001686893242869), (0, 1.0048782115027304), (0, 1.007574993486694), (0, 1.0023001682322448), (0, 1.0107374966999132), (0, 1.005227705068245), (0, 1.0070989023338297), (0, 1.0030647098674967), (0, 1.0053058253402862), (0, 1.0038401431873145), (0, 1.0051680545371762), (0, 1.002098109417628), (0, 1.0050842918907306), (0, 1.0020521201523052), (0, 1.0044303488074677), (0, 1.0019081140227517), (0, 1.0038841248580466), (0, 1.0021023012556025), (0, 1.002934411126458), (0, 1.0028040809490408), (0, 1.0020250108472906), (0, 1.003026320587881), (0, 1.0018228413075654), (0, 1.002768756632385), (0, 1.002031414638558), (0, 1.0022848652873124), (0, 1.0022821653941931), (0, 1.0019409053776442), (0, 1.0023930279409485), (0, 1.0018326256033965), (0, 1.0022507914474241), (0, 1.0019418554828514), (0, 1.002005430872345), (0, 1.0020916936335464), (0, 1.001830866955955), (0, 1.0021042032860639), (0, 1.0018215776544688), (0, 1.0019966923676853), (0, 1.00189698851153), (0, 1.0018691843835599), (0, 1.0019445911113842), (0, 1.0018052678354334), (0, 1.0019335027958878), (0, 1.0018001786879684), (0, 1.0018803747880172), (0, 1.0018224821031663), (0, 1.0018213733637986), (0, 1.0018423650575292), (0, 1.001780009523718), (0, 1.0018384794053836), (0, 1.001766093840401), (0, 1.0018150557247365), (0, 1.0017670722273104), (0, 1.0017858806193156), (0, 1.0017692994023355), (0, 1.001760465218274), (0, 1.001768144105595), (0, 1.0017412942731536), (0, 1.001760481900372), (0, 1.0017295759855591), (0, 1.0017481452541976), (0, 1.0017216506568885), (0, 1.001734319810011), (0, 1.0017150398555812), (0, 1.001720463793789), (0, 1.0017087291281543), (0, 1.0017076806119816), (0, 1.0017013804191044), (0, 1.0016963952486775), (0, 1.0016935100090845), (0, 1.0016860707558353), (0, 1.001684973840423), (0, 1.0016767689012072), (0, 1.001676226365499), (0, 1.0016679083540885), (0, 1.0016673803547216), (0, 1.001659526537831), (0, 1.0016586087165902), (0, 1.0016513338397124), (0, 1.0016499571293338), (0, 1.0016433973652306), (0, 1.0016414748613114), (0, 1.0016355900268328), (0, 1.0016331443236377), (0, 1.0016279831993895), (0, 1.001625002168283), (0, 1.0016204977487595), (0, 1.0016170157338806), (0, 1.0016131769597054), (0, 1.0016092499896099), (0, 1.0016059468899876), (0, 1.001601691106579), (0, 1.0015988080573461), (0, 1.001594413277102), (0, 1.0015917062887263), (0, 1.0015874154494464), (0, 1.0015846505347359), (0, 1.0015806954678232), (0, 1.0015776634554845), (0, 1.0015742000160373), (0, 1.0015708459426762), (0, 1.001567818598552), (0, 1.0015642835815692), (0, 1.001561481829044), (0, 1.0015580412029534), (0, 1.0015551750562666), (0, 1.001552067079695), (0, 1.001549012738913), (0, 1.0015462234560115), (0, 1.0015431183057404), (0, 1.0015404274102184), (0, 1.001537519829366), (0, 1.0015347300940602), (0, 1.0015320967346475), (0, 1.001529283923093), (0, 1.00152673433761), (0, 1.0015241127011807), (0, 1.0015215099922348), (0, 1.0015190804985246), (0, 1.0015165486385817), (0, 1.0015141376805157), (0, 1.0015117977953654), (0, 1.0015094049255682), (0, 1.0015071448137538), (0, 1.0015049093342845), (0, 1.0015026634788031), (0, 1.001500532006136), (0, 1.001498417481251), (0, 1.0014963117592037), (0, 1.0014943006238157), (0, 1.00149231524143), (0, 1.0014903428862267), (0, 1.0014884476853574), (0, 1.0014865926034846), (0, 1.0014847510733442), (0, 1.0014829678528354), (0, 1.0014812380719162), (0, 1.0014795280599778), (0, 1.0014778557964092), (0, 1.0014762404697486), (0, 1.00147465991365), (0, 1.0014731043016993), (0, 1.0014715934841034), (0, 1.0014701297398254), (0, 1.0014686966948911), (0, 1.001467293437236), (0, 1.0014659304405915), (0, 1.0014646091957051), (0, 1.0014633210405384), (0, 1.0014620616341248), (0, 1.0014608366458613), (0, 1.0014596493559365), (0, 1.0014584967020912), (0, 1.0014573744250168), (0, 1.0014562809475773), (0, 1.0014552188250758), (0, 1.0014541892796278), (0, 1.001453191465267), (0, 1.0014522233759668), (0, 1.0014512828974926), (0, 1.0014503698186397), (0, 1.0014494838733443), (0, 1.001448625499223), (0, 1.0014477942723738), (0, 1.0014469896685356), (0, 1.0014462109531312), (0, 1.0014454572602358), (0, 1.0014447281471572), (0, 1.001444022881432), (0, 1.0014433414778254), (0, 1.0014426835914867), (0, 1.0014420502937276), (0, 1.0014414430289849), (0, 1.0014408676667825), (0, 1.0014403359427664), (0, 1.0014398815022487), (0, 1.0014395828586853), (0, 1.0014396655502216), (0, 1.001440699534438), (0, 1.0014444765202608), (0, 1.0014555935902487), (0, 1.001490948157092), (0, 1.0015887276564093), (0, 1.0019343272055066), (0, 1.0026886103559611), (0, 1.0055830913343444), (0, 1.0049354464205509), (0, 1.006807183059669), (0, 1.001840703797217), (0, 1.002701517455614), (0, 1.0067567778694761), (0, 1.0017280701999545), (0, 1.0038320112085715), (0, 1.0070845525592373), (0, 1.001762855749933), (0, 1.0092798637786908), (0, 1.006464842541237), (0, 1.005837986919375), (0, 1.0056196709530298), (0, 1.0022834637852365), (0, 1.0048663589397486), (0, 1.002889965277427), (0, 1.0038400923716622), (0, 1.002387673679605), (0, 1.003077581448187), (0, 1.00297424932843), (0, 1.0020506589905247), (0, 1.00310374048051), (0, 1.0017710201830987), (0, 1.0029606725480262), (0, 1.0017287846759961), (0, 1.0025902217622542), (0, 1.0019485714613428), (0, 1.0020907380386872), (0, 1.0022779678436904), (0, 1.0017161451914276), (0, 1.0023151197756721), (0, 1.0017141084309806), (0, 1.0020811417810163), (0, 1.0019118293671287), (0, 1.0018019336021653), (0, 1.0020261365062906), (0, 1.0017006675345947), (0, 1.0019735751990835), (0, 1.0017574073053452), (0, 1.0018248996795855), (0, 1.0018431970718096), (0, 1.001717816207634), (0, 1.0018640118459514), (0, 1.0016992227928796), (0, 1.00180558930473), (0, 1.0017381704796435), (0, 1.0017284310562264), (0, 1.0017724173260303), (0, 1.0016836895583046), (0, 1.001763289329961), (0, 1.0016842266791093), (0, 1.0017235768445547), (0, 1.001703262252965), (0, 1.001683569993329), (0, 1.0017109268305686), (0, 1.0016635011670303), (0, 1.0017003306254058), (0, 1.0016604281544543), (0, 1.0016789276107299), (0, 1.001663448531103), (0, 1.0016576722316142), (0, 1.0016640675168689), (0, 1.0016424617475694), (0, 1.0016579465217006), (0, 1.0016346233661089), (0, 1.0016467738640291), (0, 1.0016307874808181), (0, 1.0016341506790645), (0, 1.0016273651708592), (0, 1.0016227227912509), (0, 1.0016229109847017), (0, 1.00161324774088), (0, 1.0016167334101942), (0, 1.0016058565012982), (0, 1.001609388243228), (0, 1.0015996752209562), (0, 1.0016016146553992), (0, 1.0015940256779292), (0, 1.0015939345459626), (0, 1.001588553888537), (0, 1.0015866263693007), (0, 1.0015829385064496), (0, 1.001579831498667), (0, 1.0015772616628937), (0, 1.0015734403249552), (0, 1.0015714962123818), (0, 1.0015674439759932), (0, 1.0015657695145104), (0, 1.0015617083013035), (0, 1.0015601085234431), (0, 1.0015562145188057), (0, 1.0015545811987936), (0, 1.0015508962125144), (0, 1.0015491921507123), (0, 1.0015457514042692), (0, 1.0015439698341277), (0, 1.0015407560474887), (0, 1.0015389018226644), (0, 1.0015359169482352), (0, 1.001534002044799), (0, 1.0015312237629213), (0, 1.00152925441716), (0, 1.001526684606947), (0, 1.0015246700204625), (0, 1.0015222895752536), (0, 1.0015202359785857), (0, 1.0015180440788443), (0, 1.0015159641839286), (0, 1.001513935174255), (0, 1.0015118473018587), (0, 1.0015099646070342), (0, 1.0015078959431256), (0, 1.0015061197453834), (0, 1.0015041061484182), (0, 1.0015024031290862), (0, 1.0015004787178787), (0, 1.0014988094711101), (0, 1.001497005595948), (0, 1.0014953497528796), (0, 1.001493673441744), (0, 1.0014920286344087), (0, 1.0014904702187277), (0, 1.0014888577475627), (0, 1.0014873821515746), (0, 1.0014858367883797), (0, 1.0014844103345832), (0, 1.0014829575938855), (0, 1.0014815597313271), (0, 1.0014802049508211), (0, 1.0014788431051087), (0, 1.001477562949775), (0, 1.0014762627313376), (0, 1.0014750301822017), (0, 1.0014738093548499), (0, 1.0014726130707754), (0, 1.001471467515466), (0, 1.0014703202492914), (0, 1.0014692270847128), (0, 1.0014681468785653), (0, 1.0014670931512137), (0, 1.0014660782513307), (0, 1.0014650718115838), (0, 1.0014641059492029), (0, 1.001463158771121), (0, 1.0014622327301164), (0, 1.0014613414049511), (0, 1.0014604629234183), (0, 1.0014596136792298), (0, 1.0014587889678754), (0, 1.0014579800152674), (0, 1.0014572003003055), (0, 1.0014564389523735), (0, 1.0014556969525474), (0, 1.0014549805929294), (0, 1.0014542803766397), (0, 1.001453600906828), (0, 1.001452943378222), (0, 1.0014523014652348), (0, 1.0014516798628739), (0, 1.0014510774786831), (0, 1.0014504904324573), (0, 1.001449922384728), (0, 1.0014493716942992), (0, 1.0014488358409817), (0, 1.001448317413096), (0, 1.0014478149991888), (0, 1.0014473266967245), (0, 1.0014468542416344), (0, 1.0014463967071345), (0, 1.0014459524470953), (0, 1.0014455225146222), (0, 1.0014451065031171), (0, 1.0014447029369153), (0, 1.0014443122664671), (0, 1.0014439345133448), (0, 1.0014435684477847), (0, 1.0014432139754308), (0, 1.0014428713511314), (0, 1.001442539721453), (0, 1.001442218576106), (0, 1.001441908139152), (0, 1.0014416079921629), (0, 1.0014413174564891), (0, 1.001441036499256), (0, 1.001440765022069), (0, 1.0014405024727557), (0, 1.0014402485230949), (0, 1.0014400031254156), (0, 1.0014397660077003), (0, 1.001439536739707), (0, 1.001439315108664), (0, 1.0014391010106725), (0, 1.0014388941496184), (0, 1.0014386941882092), (0, 1.0014385009627793), (0, 1.0014383143236723), (0, 1.0014381340068317), (0, 1.0014379597483682), (0, 1.0014377913764527), (0, 1.001437628742256), (0, 1.0014374716278711), (0, 1.0014373198026298), (0, 1.0014371731007914), (0, 1.0014370313767096), (0, 1.0014368944532839), (0, 1.0014367621365599), (0, 1.0014366342584187), (0, 1.0014365106828027), (0, 1.001436391264892), (0, 1.001436275842609), (0, 1.0014361642607847), (0, 1.0014360563837579), (0, 1.001435952088162), (0, 1.0014358512436812), (0, 1.0014357537144545), (0, 1.0014356593726974), (0, 1.0014355681021705), (0, 1.0014354797939453), (0, 1.0014353943371754), (0, 1.001435311619681), (0, 1.0014352315344046), (0, 1.0014351539810245), (0, 1.0014350788653752), (0, 1.0014350060948187), (0, 1.0014349355772265), (0, 1.0014348672236846), (0, 1.0014348009486076), (0, 1.0014347366708238), (0, 1.0014346743124567), (0, 1.0014346137978276), (0, 1.0014345550528008), (0, 1.0014344980053327), (0, 1.0014344425863753), (0, 1.0014343887299475), (0, 1.0014343363730356), (0, 1.001434285454846), (0, 1.0014342359165438), (0, 1.0014341877011121), (0, 1.001434140753502), (0, 1.0014340950208493), (0, 1.0014340504524268), (0, 1.001434006999643), (0, 1.0014339646157824), (0, 1.0014339232559262), (0, 1.0014338828767648), (0, 1.001433843436616), (0, 1.0014338048953564), (0, 1.001433767214426), (0, 1.001433730356818), (0, 1.0014336942869921), (0, 1.001433658970873), (0, 1.001433624375725), (0, 1.0014335904701672), (0, 1.0014335572240314), (0, 1.0014335246084076), (0, 1.0014334925955042), (0, 1.0014334611586975), (0, 1.0014334302724164), (0, 1.0014333999121634), (0, 1.0014333700544347), (0, 1.0014333406767093), (0, 1.0014333117574041), (0, 1.0014332832758286), (0, 1.0014332552121827), (0, 1.0014332275474709), (0, 1.001433200263541), (0, 1.0014331733429709), (0, 1.0014331467691358), (0, 1.0014331205260796), (0, 1.0014330945986274), (0, 1.0014330689721975), (0, 1.0014330436330496), (0, 1.0014330185679983), (0, 1.0014329937649413), (0, 1.0014329692124941), (0, 1.0014329449012267), (0, 1.0014329208234918), (0, 1.0014328969768833), (0, 1.0014328733660898), (0, 1.001432850014391), (0, 1.0014328269773414), (0, 1.0014328043882488), (0, 1.0014327825336955), (0, 1.0014327620593233), (0, 1.0014327443658837), (0, 1.001432732638718), (0, 1.001432733929415), (0, 1.0014327647531904), (0, 1.0014328621498967), (0, 1.0014331167575372), (0, 1.0014337308421917), (0, 1.0014352340771702), (0, 1.0014387568536938), (0, 1.0014476321970096), (0, 1.0014680246123229), (0, 1.0015228511517782), (0, 1.0016387337189547), (0, 1.0019840835491192), (0, 1.0024951690898256), (0, 1.0042088810002376), (0, 1.003977434186812), (0, 1.0053184249477327), (0, 1.0023044488123334), (0, 1.0014400126784024), (0, 1.0022158330333806), (0, 1.0026536583045234), (0, 1.0024646481475168), (0, 1.0014685241256975), (0, 1.0019729930733419), (0, 1.0026524759595703), (0, 1.001571767293289), (0, 1.001819538475364), (0, 1.0024285169673879), (0, 1.0015176330521676), (0, 1.0019065116550387), (0, 1.0022591775742047), (0, 1.0014677913769932), (0, 1.0021056738082614), (0, 1.002091768072904), (0, 1.0015113124655406), (0, 1.0022530258373237), (0, 1.0018432488629279), (0, 1.001638367074963), (0, 1.002149400979775), (0, 1.001576890585952), (0, 1.0017552554447042), (0, 1.0018170715879597), (0, 1.0014877567178577), (0, 1.0017705971943276), (0, 1.0015436794465509), (0, 1.001597836426049), (0, 1.0016723317828502), (0, 1.001493147706331), (0, 1.0016785880493844), (0, 1.0015422270020955), (0, 1.0015540975247825), (0, 1.0016151646627245), (0, 1.001487911838998), (0, 1.001585132475441), (0, 1.0015193015594464), (0, 1.0015145110620873), (0, 1.0015583099181402), (0, 1.0014849601478306), (0, 1.0015429503816973), (0, 1.001512799747468), (0, 1.0014945260887111), (0, 1.0015335119460802), (0, 1.0014844295876566), (0, 1.001505751008895), (0, 1.0015057593116081), (0, 1.001478086127047), (0, 1.0015041314193558), (0, 1.0014839531437991), (0, 1.0014808111785016), (0, 1.0014943474995481), (0, 1.0014732559180628), (0, 1.001482179274211), (0, 1.0014834350163326), (0, 1.0014689166995832), (0, 1.0014797998313005), (0, 1.0014747021639712), (0, 1.001466411886235), (0, 1.0014752221792047), (0, 1.0014684688196371), (0, 1.001463845560397), (0, 1.001470164270337), (0, 1.0014640236166985), (0, 1.0014609293561656), (0, 1.0014654469123097), (0, 1.0014606847441525), (0, 1.0014578987429736), (0, 1.0014612320700356), (0, 1.0014580250134781), (0, 1.0014550464202296), (0, 1.0014574194648374), (0, 1.001455763348456), (0, 1.0014526085508428), (0, 1.0014539071220332), (0, 1.0014536309765474), (0, 1.0014507200721565), (0, 1.0014507467567535), (0, 1.0014513550017907), (0, 1.0014493173835766), (0, 1.00144818476086), (0, 1.0014488246054618), (0, 1.0014480533382846), (0, 1.0014464673977281), (0, 1.001446329068346), (0, 1.0014464629254147), (0, 1.0014454190762543), (0, 1.0014444618160168), (0, 1.0014444916729943), (0, 1.0014443278753988), (0, 1.001443421904897), (0, 1.0014427888137107), (0, 1.0014427599377052), (0, 1.0014425293398757), (0, 1.0014418501558722), (0, 1.0014413301631728), (0, 1.0014412139763256), (0, 1.001441045337787), (0, 1.0014405650377203), (0, 1.0014400928404623), (0, 1.0014398869814762), (0, 1.001439765922964), (0, 1.0014394794025239), (0, 1.0014390830511561), (0, 1.001438795201005), (0, 1.001438651937895), (0, 1.00143850101818), (0, 1.0014382467612266), (0, 1.0014379548863799), (0, 1.0014377362456852), (0, 1.0014375998157337), (0, 1.0014374666163681), (0, 1.0014372808994956), (0, 1.0014370632864031), (0, 1.001436872116521), (0, 1.0014367324160234), (0, 1.0014366197153608), (0, 1.0014364957235242), (0, 1.0014363460200124), (0, 1.0014361877105706), (0, 1.0014360453470248), (0, 1.0014359294676263), (0, 1.0014358315198089), (0, 1.0014357351703562), (0, 1.0014356302841363), (0, 1.0014355174978944), (0, 1.0014354053081997), (0, 1.0014353019370346), (0, 1.0014352107834146), (0, 1.0014351297057031), (0, 1.0014350537202736), (0, 1.0014349783320102), (0, 1.0014349012485944), (0, 1.0014348228663439), (0, 1.0014347448966334), (0, 1.0014346694727856), (0, 1.0014345980167725), (0, 1.0014345310829151), (0, 1.0014344684256185), (0, 1.0014344093606293), (0, 1.0014343531003518), (0, 1.0014342989684872), (0, 1.001434246530997), (0, 1.0014341955388264), (0, 1.001434145981115), (0, 1.0014340978960414), (0, 1.0014340515127662), (0, 1.0014340070238337), (0, 1.001433964881586), (0, 1.0014339255373317), (0, 1.0014338899901742), (0, 1.0014338594550358), (0, 1.001433836529605), (0, 1.001433824713037), (0, 1.0014338314667965), (0, 1.0014338673180005), (0, 1.001433955515873), (0, 1.0014341292264612), (0, 1.0014344669797213), (0, 1.0014350778440055), (0, 1.001436250198114), (0, 1.001438351815551), (0, 1.0014425396965068), (0, 1.0014500231015235), (0, 1.0014659006143167), (0, 1.001493404334663), (0, 1.0015571107497452), (0, 1.0016555958407534), (0, 1.001912376709701), (0, 1.0021830661323685), (0, 1.0030111685607914), (0, 1.0030273655475768)]