Model Setup for Uniformvirtual {PATIENT_GROUPS} Trained Network:

Network Architecture Parameters
Input channels=2
Hidden channels=32
Output channels=1

Training hyperparameters
Optimizer=AdamW (
Parameter Group 0
    amsgrad: False
    betas: (0.9, 0.999)
    capturable: False
    differentiable: False
    eps: 1e-08
    foreach: None
    fused: None
    lr: 0.001
    maximize: False
    weight_decay: 1e-06
)Training Iterations=100
Learning rate=0.001
Weight decay=1e-06
Optimizer reset frequency=None

Dropout probability (after initial linear layer before NCDE): 0
Training Data Selection Parameters
(If not virtual, the only important params are the groups and whether data was normalized/standardized)
Patient groups=['Control', 'Atypical']
Augmentation strategy=Uniform
Noise Magnitude=0.01
Normalized/standardized=StandardizeAll
Number of virtual patients per real patient=100
Label smoothing factor=0
Test Patient Combinations:
Control: (2, 12, 10, 5, 1)
MDD: (4, 1, 13, 10)
Training batch size=200
Training Results:
Runtime=72.71562314033508
Loss over time=[(0, 0.692704439163208), (1, 0.7079561352729797), (2, 0.7135694622993469), (3, 0.7072441577911377), (4, 0.7202579379081726), (5, 0.7125208973884583), (6, 0.7031440734863281), (7, 0.7143443822860718), (8, 0.6905561089515686), (9, 0.6931925415992737), (0, 0.6874120235443115), (1, 0.6722027659416199), (2, 0.7035524249076843), (3, 0.6868333220481873), (4, 0.6862837076187134), (5, 0.6774803400039673), (6, 0.6602423191070557), (7, 0.6894789338111877), (8, 0.686149001121521), (9, 0.6758711934089661), (0, 0.6737216114997864), (1, 0.6682982444763184), (2, 0.6722232699394226), (3, 0.6701961755752563), (4, 0.6672952771186829), (5, 0.6748843193054199), (6, 0.65618497133255), (7, 0.6651415228843689), (8, 0.6605944633483887), (9, 0.6656139492988586), (0, 0.661818265914917), (1, 0.6602270007133484), (2, 0.6616840958595276), (3, 0.6560202240943909), (4, 0.6606559753417969), (5, 0.6711342334747314), (6, 0.6500673890113831), (7, 0.6495646834373474), (8, 0.6654115319252014), (9, 0.6582099199295044), (0, 0.6486209034919739), (1, 0.6703495979309082), (2, 0.6408209204673767), (3, 0.6605304479598999), (4, 0.6576883792877197), (5, 0.6532233357429504), (6, 0.6543761491775513), (7, 0.6558021306991577), (8, 0.6588301658630371), (9, 0.6348353624343872), (0, 0.6561334133148193), (1, 0.6420449018478394), (2, 0.6460562944412231), (3, 0.6490604877471924), (4, 0.6677446961402893), (5, 0.6472107768058777), (6, 0.6576083898544312), (7, 0.6384930610656738), (8, 0.6143701076507568), (9, 0.6681413054466248), (0, 0.6501169800758362), (1, 0.6381171941757202), (2, 0.6445584297180176), (3, 0.6373955011367798), (4, 0.648917555809021), (5, 0.642330527305603), (6, 0.6442337036132812), (7, 0.6562715768814087), (8, 0.646954357624054), (9, 0.6425426006317139), (0, 0.6486431956291199), (1, 0.658948540687561), (2, 0.6559579372406006), (3, 0.6507453322410583), (4, 0.6430911421775818), (5, 0.6107152700424194), (6, 0.6316612362861633), (7, 0.6348133683204651), (8, 0.6524172425270081), (9, 0.6303572058677673), (0, 0.6280345320701599), (1, 0.6165300607681274), (2, 0.6618584394454956), (3, 0.6145398616790771), (4, 0.6435021758079529), (5, 0.6775215268135071), (6, 0.6554403901100159), (7, 0.6315289735794067), (8, 0.6208506226539612), (9, 0.6400123834609985), (0, 0.6369051933288574), (1, 0.6451985836029053), (2, 0.6005676984786987), (3, 0.6350172162055969), (4, 0.6559966206550598), (5, 0.6173011064529419), (6, 0.6607940793037415), (7, 0.6279449462890625), (8, 0.6361089944839478), (9, 0.639983594417572), (0, 0.630703330039978), (1, 0.6504749059677124), (2, 0.6402557492256165), (3, 0.6159256100654602), (4, 0.6516543626785278), (5, 0.6320974230766296), (6, 0.6159912347793579), (7, 0.6253560781478882), (8, 0.6247459053993225), (9, 0.6338754296302795), (0, 0.6146333813667297), (1, 0.6258544325828552), (2, 0.6210755705833435), (3, 0.6315920948982239), (4, 0.6580438017845154), (5, 0.6281006932258606), (6, 0.6243722438812256), (7, 0.6124977469444275), (8, 0.6121577620506287), (9, 0.6285982728004456), (0, 0.598712682723999), (1, 0.5988525152206421), (2, 0.6267894506454468), (3, 0.631661593914032), (4, 0.6255680322647095), (5, 0.6213451027870178), (6, 0.6104933023452759), (7, 0.6349546313285828), (8, 0.6105194091796875), (9, 0.6228207945823669), (0, 0.6218377947807312), (1, 0.6217395663261414), (2, 0.6102215051651001), (3, 0.5880312919616699), (4, 0.6209250688552856), (5, 0.6312547922134399), (6, 0.6043878197669983), (7, 0.5862687230110168), (8, 0.6069813370704651), (9, 0.6014953255653381), (0, 0.5995030403137207), (1, 0.6125698685646057), (2, 0.6113862991333008), (3, 0.5777081847190857), (4, 0.6316556334495544), (5, 0.6038717031478882), (6, 0.5857484340667725), (7, 0.5950126051902771), (8, 0.5846040844917297), (9, 0.5937985181808472), (0, 0.5834230184555054), (1, 0.5929181575775146), (2, 0.6157045364379883), (3, 0.5921576619148254), (4, 0.5793327689170837), (5, 0.570368766784668), (6, 0.5961326360702515), (7, 0.6147188544273376), (8, 0.5735322833061218), (9, 0.5772204399108887), (0, 0.6172598004341125), (1, 0.5597637891769409), (2, 0.6018272042274475), (3, 0.5490396022796631), (4, 0.5955052375793457), (5, 0.6143382787704468), (6, 0.5410900712013245), (7, 0.5468292236328125), (8, 0.5549532175064087), (9, 0.6089485287666321), (0, 0.5257617831230164), (1, 0.5688506960868835), (2, 0.5852615833282471), (3, 0.6116347312927246), (4, 0.577338695526123), (5, 0.5511085391044617), (6, 0.5707933306694031), (7, 0.5650472044944763), (8, 0.569912314414978), (9, 0.566081702709198), (0, 0.5588906407356262), (1, 0.565287709236145), (2, 0.5639484524726868), (3, 0.5479097962379456), (4, 0.5808224678039551), (5, 0.5740606188774109), (6, 0.5224750638008118), (7, 0.5870506167411804), (8, 0.5578141808509827), (9, 0.5410933494567871), (0, 0.5434325933456421), (1, 0.5899738073348999), (2, 0.582999587059021), (3, 0.5303612351417542), (4, 0.5587691068649292), (5, 0.5508838891983032), (6, 0.5139316320419312), (7, 0.5624673962593079), (8, 0.5446478724479675), (9, 0.5406743288040161), (0, 0.5565341711044312), (1, 0.5331146121025085), (2, 0.545156717300415), (3, 0.5520374774932861), (4, 0.5741889476776123), (5, 0.569500744342804), (6, 0.5487374663352966), (7, 0.5075643062591553), (8, 0.5135259032249451), (9, 0.5443733930587769), (0, 0.5341379642486572), (1, 0.5385105013847351), (2, 0.5575246214866638), (3, 0.5135073661804199), (4, 0.5240179896354675), (5, 0.5202031135559082), (6, 0.57359778881073), (7, 0.5492870211601257), (8, 0.5280718803405762), (9, 0.5449365377426147), (0, 0.5146358013153076), (1, 0.5564134120941162), (2, 0.5136163234710693), (3, 0.5268765687942505), (4, 0.5124526023864746), (5, 0.5389447808265686), (6, 0.5487478375434875), (7, 0.5268752574920654), (8, 0.5209938883781433), (9, 0.5701765418052673), (0, 0.5291070342063904), (1, 0.5610314011573792), (2, 0.510140061378479), (3, 0.5160557627677917), (4, 0.5092233419418335), (5, 0.5119238495826721), (6, 0.5464338660240173), (7, 0.5105069875717163), (8, 0.5520554184913635), (9, 0.5317929983139038), (0, 0.5202939510345459), (1, 0.5415703654289246), (2, 0.4977298080921173), (3, 0.5137937664985657), (4, 0.5044710636138916), (5, 0.5292147397994995), (6, 0.5351033210754395), (7, 0.5183929800987244), (8, 0.556287407875061), (9, 0.5117645859718323), (0, 0.506521999835968), (1, 0.5316880941390991), (2, 0.5254845023155212), (3, 0.5033443570137024), (4, 0.5196917057037354), (5, 0.5074125528335571), (6, 0.5356983542442322), (7, 0.5097239017486572), (8, 0.5142403841018677), (9, 0.531435489654541), (0, 0.5070454478263855), (1, 0.5176219940185547), (2, 0.5111392736434937), (3, 0.5116757750511169), (4, 0.5339820384979248), (5, 0.4793217182159424), (6, 0.5138802528381348), (7, 0.5377722382545471), (8, 0.5207729339599609), (9, 0.5128671526908875), (0, 0.495391845703125), (1, 0.519712507724762), (2, 0.5202541947364807), (3, 0.5236589312553406), (4, 0.4927268624305725), (5, 0.5048941373825073), (6, 0.5377951860427856), (7, 0.5163413882255554), (8, 0.4949636161327362), (9, 0.4994083642959595), (0, 0.5243948698043823), (1, 0.473735511302948), (2, 0.4884839951992035), (3, 0.49840638041496277), (4, 0.48052695393562317), (5, 0.4886094629764557), (6, 0.5391789078712463), (7, 0.49229180812835693), (8, 0.5595377087593079), (9, 0.5247156620025635), (0, 0.5047332644462585), (1, 0.4559541940689087), (2, 0.5330109596252441), (3, 0.4890233874320984), (4, 0.5152223110198975), (5, 0.5281488299369812), (6, 0.4975844621658325), (7, 0.49186694622039795), (8, 0.4920444190502167), (9, 0.5295585989952087), (0, 0.5279892086982727), (1, 0.4689233899116516), (2, 0.4825586676597595), (3, 0.5208858847618103), (4, 0.499093234539032), (5, 0.5002346634864807), (6, 0.5221481323242188), (7, 0.4985978603363037), (8, 0.46722930669784546), (9, 0.5179017782211304), (0, 0.5329362154006958), (1, 0.48297715187072754), (2, 0.4976857900619507), (3, 0.4640498459339142), (4, 0.49570465087890625), (5, 0.4760558307170868), (6, 0.5103309750556946), (7, 0.5110262632369995), (8, 0.5171778202056885), (9, 0.4896700382232666), (0, 0.5091903209686279), (1, 0.45613598823547363), (2, 0.4831590950489044), (3, 0.4925241768360138), (4, 0.5260394811630249), (5, 0.5426835417747498), (6, 0.48804688453674316), (7, 0.48411545157432556), (8, 0.4978564977645874), (9, 0.4717300534248352), (0, 0.4885902404785156), (1, 0.48653680086135864), (2, 0.48561885952949524), (3, 0.4727645218372345), (4, 0.49648743867874146), (5, 0.4860534369945526), (6, 0.5072535872459412), (7, 0.49374863505363464), (8, 0.5235154032707214), (9, 0.48602747917175293), (0, 0.5191963315010071), (1, 0.47241637110710144), (2, 0.47375598549842834), (3, 0.4952937960624695), (4, 0.5025396347045898), (5, 0.4900476932525635), (6, 0.5058896541595459), (7, 0.49094849824905396), (8, 0.4752867519855499), (9, 0.4791296124458313), (0, 0.4816489815711975), (1, 0.4184759557247162), (2, 0.5146181583404541), (3, 0.49974098801612854), (4, 0.4709961712360382), (5, 0.48027363419532776), (6, 0.49117356538772583), (7, 0.5173466205596924), (8, 0.5205854773521423), (9, 0.4914435148239136), (0, 0.5072378516197205), (1, 0.4803423285484314), (2, 0.4588010311126709), (3, 0.46118712425231934), (4, 0.4889654219150543), (5, 0.49153193831443787), (6, 0.5030875205993652), (7, 0.46613776683807373), (8, 0.4864194393157959), (9, 0.5210239887237549), (0, 0.4911675751209259), (1, 0.43075355887413025), (2, 0.4957142174243927), (3, 0.5254234075546265), (4, 0.4656375050544739), (5, 0.4318002760410309), (6, 0.47840338945388794), (7, 0.49914786219596863), (8, 0.5151900053024292), (9, 0.5062770247459412), (0, 0.5084694623947144), (1, 0.4802205562591553), (2, 0.5029752850532532), (3, 0.46171683073043823), (4, 0.5039098262786865), (5, 0.4577072858810425), (6, 0.4618242383003235), (7, 0.4714950621128082), (8, 0.4478336274623871), (9, 0.5258271098136902), (0, 0.491504967212677), (1, 0.43251168727874756), (2, 0.4868795871734619), (3, 0.46770039200782776), (4, 0.4869542717933655), (5, 0.49087056517601013), (6, 0.5063328742980957), (7, 0.4840744137763977), (8, 0.47323405742645264), (9, 0.48253363370895386), (0, 0.45994454622268677), (1, 0.47527050971984863), (2, 0.4925305247306824), (3, 0.49063345789909363), (4, 0.45983651280403137), (5, 0.4614863693714142), (6, 0.46303215622901917), (7, 0.4914066791534424), (8, 0.5037150382995605), (9, 0.4874255061149597), (0, 0.5057258009910583), (1, 0.447298139333725), (2, 0.4535953104496002), (3, 0.48963502049446106), (4, 0.5050647854804993), (5, 0.42972901463508606), (6, 0.44689708948135376), (7, 0.5120736956596375), (8, 0.4930729568004608), (9, 0.48468196392059326), (0, 0.48478832840919495), (1, 0.47438186407089233), (2, 0.45737597346305847), (3, 0.4383156895637512), (4, 0.4754962623119354), (5, 0.5347098708152771), (6, 0.5004110932350159), (7, 0.43161851167678833), (8, 0.47118204832077026), (9, 0.4820983409881592), (0, 0.4936811923980713), (1, 0.45278069376945496), (2, 0.49489203095436096), (3, 0.4703384339809418), (4, 0.4674941301345825), (5, 0.46695244312286377), (6, 0.47547540068626404), (7, 0.44860658049583435), (8, 0.493653267621994), (9, 0.4686049520969391), (0, 0.4502190351486206), (1, 0.4776892066001892), (2, 0.43585628271102905), (3, 0.4973093867301941), (4, 0.45870354771614075), (5, 0.4901023209095001), (6, 0.46733054518699646), (7, 0.4759562313556671), (8, 0.46169036626815796), (9, 0.5033121705055237), (0, 0.47911208868026733), (1, 0.4946189820766449), (2, 0.4781127870082855), (3, 0.462090402841568), (4, 0.46682626008987427), (5, 0.49478474259376526), (6, 0.44896748661994934), (7, 0.47053515911102295), (8, 0.4768856167793274), (9, 0.4322197437286377), (0, 0.4529571235179901), (1, 0.47882336378097534), (2, 0.46950316429138184), (3, 0.49774497747421265), (4, 0.460053950548172), (5, 0.47177794575691223), (6, 0.4506300985813141), (7, 0.4675193130970001), (8, 0.44277462363243103), (9, 0.49498245120048523), (0, 0.4610200524330139), (1, 0.4531916081905365), (2, 0.43987807631492615), (3, 0.5018234848976135), (4, 0.4641113579273224), (5, 0.5007022619247437), (6, 0.4798319339752197), (7, 0.43414878845214844), (8, 0.4787219166755676), (9, 0.46269240975379944), (0, 0.4907117187976837), (1, 0.4701234698295593), (2, 0.46585696935653687), (3, 0.47602519392967224), (4, 0.44182494282722473), (5, 0.4442676305770874), (6, 0.44720399379730225), (7, 0.480386883020401), (8, 0.4775686264038086), (9, 0.46744540333747864), (0, 0.46022528409957886), (1, 0.4575309455394745), (2, 0.4741148054599762), (3, 0.4343003034591675), (4, 0.44985145330429077), (5, 0.4495515525341034), (6, 0.4521010220050812), (7, 0.4916905462741852), (8, 0.47874078154563904), (9, 0.49943649768829346), (0, 0.42838093638420105), (1, 0.451691210269928), (2, 0.4897327721118927), (3, 0.4822402894496918), (4, 0.42396801710128784), (5, 0.472665399312973), (6, 0.4499512016773224), (7, 0.4656928777694702), (8, 0.46507763862609863), (9, 0.5031937956809998), (0, 0.4542294442653656), (1, 0.4694034457206726), (2, 0.4355665445327759), (3, 0.48119258880615234), (4, 0.4652523696422577), (5, 0.4860089123249054), (6, 0.48292750120162964), (7, 0.4458261728286743), (8, 0.44151580333709717), (9, 0.45660772919654846), (0, 0.4400261640548706), (1, 0.44580078125), (2, 0.4413420557975769), (3, 0.4846366047859192), (4, 0.4560575485229492), (5, 0.47724026441574097), (6, 0.4761577248573303), (7, 0.4642261266708374), (8, 0.4708735942840576), (9, 0.4507938325405121), (0, 0.4827353358268738), (1, 0.46743765473365784), (2, 0.4444340169429779), (3, 0.4675052762031555), (4, 0.46630313992500305), (5, 0.46319636702537537), (6, 0.4752366244792938), (7, 0.4469931125640869), (8, 0.3977609872817993), (9, 0.48030373454093933), (0, 0.4357031285762787), (1, 0.5012009739875793), (2, 0.42587193846702576), (3, 0.45754456520080566), (4, 0.4245854318141937), (5, 0.4656096398830414), (6, 0.49136513471603394), (7, 0.47751373052597046), (8, 0.4580610394477844), (9, 0.445978581905365), (0, 0.4653185307979584), (1, 0.43765246868133545), (2, 0.44701072573661804), (3, 0.48549309372901917), (4, 0.4176904559135437), (5, 0.4372997581958771), (6, 0.47412264347076416), (7, 0.4841778576374054), (8, 0.49280157685279846), (9, 0.4310988485813141), (0, 0.46082085371017456), (1, 0.4641195237636566), (2, 0.4891771674156189), (3, 0.47058722376823425), (4, 0.4742644429206848), (5, 0.4159880578517914), (6, 0.4378914535045624), (7, 0.45598411560058594), (8, 0.449319988489151), (9, 0.4434111714363098), (0, 0.4328996241092682), (1, 0.44795674085617065), (2, 0.49037808179855347), (3, 0.4530808925628662), (4, 0.4641339182853699), (5, 0.4586942195892334), (6, 0.47753673791885376), (7, 0.43220511078834534), (8, 0.424064040184021), (9, 0.4666720926761627), (0, 0.43368804454803467), (1, 0.4921899139881134), (2, 0.4563545882701874), (3, 0.4392412304878235), (4, 0.45717376470565796), (5, 0.4503910541534424), (6, 0.4425254762172699), (7, 0.4412726163864136), (8, 0.4583037495613098), (9, 0.4637640714645386), (0, 0.491798996925354), (1, 0.4959348738193512), (2, 0.41449305415153503), (3, 0.46821916103363037), (4, 0.4694865345954895), (5, 0.4243638515472412), (6, 0.4361824691295624), (7, 0.41644495725631714), (8, 0.43593961000442505), (9, 0.47402411699295044), (0, 0.46303895115852356), (1, 0.42838507890701294), (2, 0.4869367480278015), (3, 0.4108802378177643), (4, 0.44907572865486145), (5, 0.4665972888469696), (6, 0.46030348539352417), (7, 0.4584939181804657), (8, 0.47012871503829956), (9, 0.42100608348846436), (0, 0.43599534034729004), (1, 0.4663469195365906), (2, 0.4211014211177826), (3, 0.4449126422405243), (4, 0.4236387312412262), (5, 0.43506482243537903), (6, 0.46435701847076416), (7, 0.4714782238006592), (8, 0.49471578001976013), (9, 0.44822975993156433), (0, 0.4281432330608368), (1, 0.4558659493923187), (2, 0.47043678164482117), (3, 0.44175484776496887), (4, 0.4557936191558838), (5, 0.40521007776260376), (6, 0.45574063062667847), (7, 0.43703362345695496), (8, 0.4431987702846527), (9, 0.4995792508125305), (0, 0.4538169205188751), (1, 0.4244692325592041), (2, 0.45211753249168396), (3, 0.4406208395957947), (4, 0.4282240569591522), (5, 0.4814123809337616), (6, 0.4178997874259949), (7, 0.4653301537036896), (8, 0.4518669843673706), (9, 0.46555858850479126), (0, 0.4267514944076538), (1, 0.47835513949394226), (2, 0.44202983379364014), (3, 0.4400068521499634), (4, 0.4363851547241211), (5, 0.42531144618988037), (6, 0.477495014667511), (7, 0.4194612503051758), (8, 0.4687235951423645), (9, 0.45830127596855164), (0, 0.44376838207244873), (1, 0.45269519090652466), (2, 0.4404665231704712), (3, 0.4609650671482086), (4, 0.46452438831329346), (5, 0.4422306716442108), (6, 0.4891594648361206), (7, 0.4020489752292633), (8, 0.43437469005584717), (9, 0.4333839416503906), (0, 0.4820081293582916), (1, 0.5109694004058838), (2, 0.4643581509590149), (3, 0.4003850221633911), (4, 0.4209643602371216), (5, 0.4374200701713562), (6, 0.443642258644104), (7, 0.3991570770740509), (8, 0.44380664825439453), (9, 0.450830340385437), (0, 0.4671758711338043), (1, 0.44483816623687744), (2, 0.44482624530792236), (3, 0.4216388463973999), (4, 0.4325050413608551), (5, 0.45691192150115967), (6, 0.4763089418411255), (7, 0.39664536714553833), (8, 0.45086345076560974), (9, 0.45310622453689575), (0, 0.4865342676639557), (1, 0.4350525736808777), (2, 0.447727769613266), (3, 0.4308339059352875), (4, 0.4132625162601471), (5, 0.47935229539871216), (6, 0.44416022300720215), (7, 0.4155459702014923), (8, 0.40291282534599304), (9, 0.48303544521331787), (0, 0.4241921603679657), (1, 0.4178624749183655), (2, 0.42246583104133606), (3, 0.44946470856666565), (4, 0.450338214635849), (5, 0.46961578726768494), (6, 0.43952032923698425), (7, 0.47281700372695923), (8, 0.42671698331832886), (9, 0.45092976093292236), (0, 0.38350749015808105), (1, 0.4541183412075043), (2, 0.4194503128528595), (3, 0.400892972946167), (4, 0.447562038898468), (5, 0.44852179288864136), (6, 0.48079901933670044), (7, 0.4922334551811218), (8, 0.42794254422187805), (9, 0.4611155688762665), (0, 0.43877846002578735), (1, 0.415894478559494), (2, 0.41410186886787415), (3, 0.4068370461463928), (4, 0.4920974373817444), (5, 0.4746529757976532), (6, 0.4362714886665344), (7, 0.44394299387931824), (8, 0.4458044171333313), (9, 0.4382767379283905), (0, 0.445566326379776), (1, 0.4313740134239197), (2, 0.4584926962852478), (3, 0.44107407331466675), (4, 0.48759400844573975), (5, 0.4322352111339569), (6, 0.4310136139392853), (7, 0.40406227111816406), (8, 0.44119080901145935), (9, 0.42507684230804443), (0, 0.4636191427707672), (1, 0.4460234045982361), (2, 0.43360066413879395), (3, 0.4096088111400604), (4, 0.44920283555984497), (5, 0.4129512310028076), (6, 0.4612761437892914), (7, 0.43879181146621704), (8, 0.4324512183666229), (9, 0.44123733043670654), (0, 0.4424706995487213), (1, 0.46851933002471924), (2, 0.4166867136955261), (3, 0.45011988282203674), (4, 0.46954232454299927), (5, 0.4393622875213623), (6, 0.4190003275871277), (7, 0.44498130679130554), (8, 0.44916099309921265), (9, 0.38111862540245056), (0, 0.4403410255908966), (1, 0.40466323494911194), (2, 0.45060715079307556), (3, 0.4528827667236328), (4, 0.419900119304657), (5, 0.45468273758888245), (6, 0.4004426896572113), (7, 0.42677322030067444), (8, 0.44900885224342346), (9, 0.473175585269928), (0, 0.4563632905483246), (1, 0.4325188398361206), (2, 0.3903248906135559), (3, 0.45116904377937317), (4, 0.4223323464393616), (5, 0.4377639889717102), (6, 0.47109290957450867), (7, 0.4492936432361603), (8, 0.42574387788772583), (9, 0.42822059988975525), (0, 0.4654289186000824), (1, 0.46227362751960754), (2, 0.4229910969734192), (3, 0.4473763704299927), (4, 0.39952346682548523), (5, 0.500386118888855), (6, 0.4235911965370178), (7, 0.4305567443370819), (8, 0.4208528399467468), (9, 0.38647693395614624), (0, 0.41483813524246216), (1, 0.4277293384075165), (2, 0.40454185009002686), (3, 0.4287136197090149), (4, 0.41428032517433167), (5, 0.40812209248542786), (6, 0.44553589820861816), (7, 0.45706069469451904), (8, 0.4392288327217102), (9, 0.5131145715713501), (0, 0.43988287448883057), (1, 0.4206739664077759), (2, 0.42781007289886475), (3, 0.4617740213871002), (4, 0.4234776198863983), (5, 0.43158015608787537), (6, 0.4161025285720825), (7, 0.45501983165740967), (8, 0.4210110008716583), (9, 0.44513416290283203), (0, 0.40691620111465454), (1, 0.4752954840660095), (2, 0.4065932035446167), (3, 0.46153542399406433), (4, 0.412051796913147), (5, 0.40323054790496826), (6, 0.44830501079559326), (7, 0.40630584955215454), (8, 0.45592236518859863), (9, 0.460172563791275), (0, 0.46715083718299866), (1, 0.4312628209590912), (2, 0.4332306683063507), (3, 0.43396103382110596), (4, 0.39793694019317627), (5, 0.4552820920944214), (6, 0.44522133469581604), (7, 0.4176441431045532), (8, 0.4060737192630768), (9, 0.438334584236145), (0, 0.42506131529808044), (1, 0.433589369058609), (2, 0.44127386808395386), (3, 0.4457974135875702), (4, 0.4369022250175476), (5, 0.4494380056858063), (6, 0.4200965166091919), (7, 0.4269905984401703), (8, 0.4195600748062134), (9, 0.4187662899494171), (0, 0.4230041205883026), (1, 0.44584715366363525), (2, 0.4133356809616089), (3, 0.42625710368156433), (4, 0.4443534016609192), (5, 0.4323612153530121), (6, 0.43265873193740845), (7, 0.4425635039806366), (8, 0.4298568367958069), (9, 0.42143458127975464), (0, 0.4419659376144409), (1, 0.4717032313346863), (2, 0.41924774646759033), (3, 0.40835466980934143), (4, 0.43765535950660706), (5, 0.4127544164657593), (6, 0.4329213798046112), (7, 0.39378657937049866), (8, 0.44295284152030945), (9, 0.44258472323417664), (0, 0.43106624484062195), (1, 0.4251892566680908), (2, 0.420945405960083), (3, 0.41731444001197815), (4, 0.43898308277130127), (5, 0.42228934168815613), (6, 0.4357698857784271), (7, 0.4593239724636078), (8, 0.42521828413009644), (9, 0.4199769198894501), (0, 0.40359294414520264), (1, 0.44218945503234863), (2, 0.4101100265979767), (3, 0.4169890880584717), (4, 0.4687362611293793), (5, 0.4480922818183899), (6, 0.433848112821579), (7, 0.36345604062080383), (8, 0.429343044757843), (9, 0.4711621105670929), (0, 0.4383074641227722), (1, 0.4081360101699829), (2, 0.4398687779903412), (3, 0.431977242231369), (4, 0.41465771198272705), (5, 0.39562100172042847), (6, 0.4400065541267395), (7, 0.42216724157333374), (8, 0.4283294379711151), (9, 0.4626389741897583), (0, 0.4194488227367401), (1, 0.3946145176887512), (2, 0.4265538156032562), (3, 0.4278583824634552), (4, 0.45534437894821167), (5, 0.4245280921459198), (6, 0.4770566523075104), (7, 0.43833863735198975), (8, 0.39273130893707275), (9, 0.41869664192199707), (0, 0.422149121761322), (1, 0.4136275351047516), (2, 0.4404989182949066), (3, 0.4130634367465973), (4, 0.41785216331481934), (5, 0.4541007876396179), (6, 0.39953678846359253), (7, 0.4136969745159149), (8, 0.42880430817604065), (9, 0.4643271267414093), (0, 0.4018186330795288), (1, 0.40109333395957947), (2, 0.39254117012023926), (3, 0.4763124883174896), (4, 0.46115025877952576), (5, 0.4605713188648224), (6, 0.4202241599559784), (7, 0.4124726951122284), (8, 0.40160319209098816), (9, 0.4330560266971588), (0, 0.3817884027957916), (1, 0.4282364547252655), (2, 0.4406600594520569), (3, 0.47346606850624084), (4, 0.41765692830085754), (5, 0.41826003789901733), (6, 0.4179433584213257), (7, 0.41452568769454956), (8, 0.4253748953342438), (9, 0.43679437041282654), (0, 0.41122207045555115), (1, 0.4209236204624176), (2, 0.4066423177719116), (3, 0.42798638343811035), (4, 0.4408799707889557), (5, 0.3837507963180542), (6, 0.42353278398513794), (7, 0.4316127896308899), (8, 0.42204490303993225), (9, 0.48301151394844055), (0, 0.41153740882873535), (1, 0.43038123846054077), (2, 0.41921406984329224), (3, 0.44050684571266174), (4, 0.4473908543586731), (5, 0.4422872066497803), (6, 0.43650949001312256), (7, 0.4295898377895355), (8, 0.37620317935943604), (9, 0.41213250160217285), (0, 0.39905932545661926), (1, 0.379028856754303), (2, 0.4496540129184723), (3, 0.4351000487804413), (4, 0.4192888140678406), (5, 0.45598265528678894), (6, 0.406677782535553), (7, 0.46623268723487854), (8, 0.4147970676422119), (9, 0.41286537051200867), (0, 0.44631442427635193), (1, 0.41808468103408813), (2, 0.40879708528518677), (3, 0.42379212379455566), (4, 0.4454330503940582), (5, 0.42278972268104553), (6, 0.4494713544845581), (7, 0.4287875294685364), (8, 0.3907390236854553), (9, 0.3958982229232788), (0, 0.3903456926345825), (1, 0.43046486377716064), (2, 0.46163618564605713), (3, 0.4106029272079468), (4, 0.4307466149330139), (5, 0.37696778774261475), (6, 0.4267067015171051), (7, 0.4130590856075287), (8, 0.45335152745246887), (9, 0.4333422780036926), (0, 0.44338494539260864), (1, 0.4163917601108551), (2, 0.3759123980998993), (3, 0.4022008776664734), (4, 0.4354492127895355), (5, 0.4413525462150574), (6, 0.39805054664611816), (7, 0.42869335412979126), (8, 0.4428829550743103), (9, 0.435170978307724), (0, 0.4114081561565399), (1, 0.40255218744277954), (2, 0.4477720260620117), (3, 0.40071237087249756), (4, 0.4542817175388336), (5, 0.3928132653236389), (6, 0.397682785987854), (7, 0.4383983314037323), (8, 0.42101365327835083), (9, 0.44529053568840027), (0, 0.40812447667121887), (1, 0.4017532765865326), (2, 0.41789209842681885), (3, 0.4383982717990875), (4, 0.4195188581943512), (5, 0.43346157670021057), (6, 0.4533969759941101), (7, 0.41529619693756104), (8, 0.42757537961006165), (9, 0.39153429865837097)]