Model Setup for Uniformvirtual {PATIENT_GROUPS} Trained Network:

NODE Network Architecture Parameters
Input channels=2
Hidden channels=11
Output channels=2

Training hyperparameters
Optimizer=AdamW (
Parameter Group 0
    amsgrad: False
    betas: (0.9, 0.999)
    capturable: False
    differentiable: False
    eps: 1e-08
    foreach: None
    fused: None
    lr: 0.001
    maximize: False
    weight_decay: 1e-06
)Training Iterations=200
Learning rate=0.001
Weight decay=1e-06
Optimizer reset frequency=None

Dropout probability (after initial linear layer before NCDE): 0
Training Data Selection Parameters
(If not virtual, the only important params are the groups and whether data was normalized/standardized)
Patient groups=['Control', 'Atypical']
Augmentation strategy=Uniform
Noise Magnitude=0.05
Normalized/standardized=None
Number of virtual patients per real patient=100
Label smoothing factor=0
Test Patient Combinations:
Control: (13, 11, 8, 14, 6)
MDD: (0, 7, 12, 8, 11)
Training batch size=200
Training Results:
Runtime=227.6070761680603
Loss over time=[(0, 8.053018569946289), (1, 6.524191856384277), (2, 8.488489151000977), (3, 8.807551383972168), (4, 8.339652061462402), (5, 7.427803993225098), (6, 7.2418084144592285), (7, 7.423067569732666), (8, 7.86800479888916), (9, 6.694091320037842), (0, 6.995294094085693), (1, 8.593029022216797), (2, 8.422780990600586), (3, 7.295446395874023), (4, 7.596634387969971), (5, 7.627445697784424), (6, 7.6991143226623535), (7, 7.508252143859863), (8, 8.091622352600098), (9, 6.988931179046631), (0, 8.059895515441895), (1, 7.481423854827881), (2, 7.23602294921875), (3, 7.633062362670898), (4, 7.804681301116943), (5, 7.991966724395752), (6, 7.624657154083252), (7, 6.839317798614502), (8, 8.213881492614746), (9, 8.447733879089355), (0, 7.803399085998535), (1, 7.441362380981445), (2, 6.460826873779297), (3, 8.094901084899902), (4, 8.237432479858398), (5, 7.4918036460876465), (6, 7.517672061920166), (7, 8.491966247558594), (8, 8.033602714538574), (9, 6.55892276763916), (0, 7.8597731590271), (1, 7.1387739181518555), (2, 6.81870174407959), (3, 6.958533763885498), (4, 7.0979180335998535), (5, 8.36829948425293), (6, 8.504566192626953), (7, 8.112805366516113), (8, 8.435179710388184), (9, 6.501760959625244), (0, 7.807032585144043), (1, 7.694561004638672), (2, 6.763273239135742), (3, 8.822840690612793), (4, 6.916927337646484), (5, 8.49850845336914), (6, 7.695870399475098), (7, 6.998363018035889), (8, 7.253717422485352), (9, 7.782668590545654), (0, 7.846066474914551), (1, 6.523182392120361), (2, 7.751829147338867), (3, 7.630227565765381), (4, 7.577590465545654), (5, 7.8750200271606445), (6, 7.236408233642578), (7, 8.261517524719238), (8, 7.629507064819336), (9, 7.946876049041748), (0, 8.298972129821777), (1, 7.3317179679870605), (2, 7.616394519805908), (3, 6.989318370819092), (4, 7.95591926574707), (5, 7.8027849197387695), (6, 6.866032600402832), (7, 7.578188419342041), (8, 7.816885471343994), (9, 8.09714412689209), (0, 7.234346866607666), (1, 7.515572547912598), (2, 8.333779335021973), (3, 7.934897422790527), (4, 8.263663291931152), (5, 7.339564800262451), (6, 6.690554141998291), (7, 7.47982120513916), (8, 7.283346176147461), (9, 8.458478927612305), (0, 6.98776388168335), (1, 7.426716327667236), (2, 8.22847843170166), (3, 7.809929370880127), (4, 7.587714195251465), (5, 7.254825592041016), (6, 7.357271194458008), (7, 7.438119888305664), (8, 7.572921276092529), (9, 9.282092094421387), (0, 7.125838756561279), (1, 7.302775859832764), (2, 7.871313571929932), (3, 8.130385398864746), (4, 6.8051533699035645), (5, 8.518239974975586), (6, 7.2034196853637695), (7, 8.179237365722656), (8, 7.251389026641846), (9, 7.83405876159668), (0, 7.273273468017578), (1, 6.917814254760742), (2, 7.242316246032715), (3, 8.251622200012207), (4, 7.83236837387085), (5, 7.933769702911377), (6, 7.812854766845703), (7, 7.65029239654541), (8, 7.719905376434326), (9, 7.341135025024414), (0, 7.931295394897461), (1, 7.597586631774902), (2, 8.158695220947266), (3, 7.874053955078125), (4, 7.664448261260986), (5, 6.942429065704346), (6, 7.147843837738037), (7, 7.225650787353516), (8, 7.607077121734619), (9, 8.311410903930664), (0, 7.090768814086914), (1, 8.501947402954102), (2, 7.495160102844238), (3, 6.504427909851074), (4, 7.330029487609863), (5, 7.539714336395264), (6, 7.861410617828369), (7, 8.197964668273926), (8, 7.915298938751221), (9, 7.736126899719238), (0, 7.478456020355225), (1, 7.969615459442139), (2, 8.3201265335083), (3, 7.112056732177734), (4, 7.9314470291137695), (5, 7.780564785003662), (6, 7.089839935302734), (7, 7.761053562164307), (8, 6.832839488983154), (9, 8.057573318481445), (0, 7.442664623260498), (1, 7.994356632232666), (2, 7.866354465484619), (3, 8.098736763000488), (4, 7.893418788909912), (5, 7.759886264801025), (6, 7.1787495613098145), (7, 7.591264724731445), (8, 7.1807541847229), (9, 6.597202301025391), (0, 7.570436477661133), (1, 7.677197456359863), (2, 7.766531467437744), (3, 8.217588424682617), (4, 7.390167236328125), (5, 7.262560844421387), (6, 8.026289939880371), (7, 7.34549617767334), (8, 6.569897651672363), (9, 8.957243919372559), (0, 7.607664585113525), (1, 7.958442211151123), (2, 7.69011116027832), (3, 8.230474472045898), (4, 7.082301616668701), (5, 7.877281665802002), (6, 7.321135997772217), (7, 7.539815902709961), (8, 8.005820274353027), (9, 5.983476638793945), (0, 8.222956657409668), (1, 7.231654167175293), (2, 7.081236362457275), (3, 7.83230447769165), (4, 8.301190376281738), (5, 7.471031665802002), (6, 6.9123005867004395), (7, 8.189223289489746), (8, 7.836942672729492), (9, 6.451889514923096), (0, 8.743902206420898), (1, 6.772951126098633), (2, 7.099016189575195), (3, 8.125012397766113), (4, 8.050758361816406), (5, 7.7061991691589355), (6, 7.443891525268555), (7, 6.1896748542785645), (8, 8.469256401062012), (9, 7.408243179321289), (0, 7.5961103439331055), (1, 7.724225997924805), (2, 6.97653865814209), (3, 7.819076061248779), (4, 7.383382797241211), (5, 7.508120059967041), (6, 7.101824760437012), (7, 8.38399887084961), (8, 7.696702480316162), (9, 8.2296142578125), (0, 6.508758544921875), (1, 8.601643562316895), (2, 8.123080253601074), (3, 7.4888176918029785), (4, 7.604304790496826), (5, 7.253350734710693), (6, 7.843356132507324), (7, 7.234328746795654), (8, 7.934908866882324), (9, 7.424473285675049), (0, 8.003997802734375), (1, 6.785872936248779), (2, 7.882712364196777), (3, 7.877757549285889), (4, 8.331890106201172), (5, 6.729914665222168), (6, 7.821552276611328), (7, 8.191252708435059), (8, 7.144119739532471), (9, 7.071434497833252), (0, 7.344844341278076), (1, 7.392648696899414), (2, 7.930164813995361), (3, 7.520381927490234), (4, 7.408071994781494), (5, 7.925628662109375), (6, 7.569671154022217), (7, 7.2538652420043945), (8, 8.209097862243652), (9, 7.500821113586426), (0, 7.67263650894165), (1, 7.22491455078125), (2, 7.223835468292236), (3, 6.8206634521484375), (4, 7.775856971740723), (5, 7.9570441246032715), (6, 7.5430908203125), (7, 8.417470932006836), (8, 7.396723747253418), (9, 8.545099258422852), (0, 6.542536735534668), (1, 8.02531909942627), (2, 8.897244453430176), (3, 6.725698471069336), (4, 6.928106784820557), (5, 7.766760349273682), (6, 7.83050537109375), (7, 6.685017108917236), (8, 8.768016815185547), (9, 8.271161079406738), (0, 7.598984241485596), (1, 7.593966484069824), (2, 7.569427013397217), (3, 7.118643283843994), (4, 8.1820707321167), (5, 6.606217861175537), (6, 7.203204154968262), (7, 7.793053150177002), (8, 8.621243476867676), (9, 8.035950660705566), (0, 7.898749828338623), (1, 8.340306282043457), (2, 7.5977559089660645), (3, 7.540139198303223), (4, 7.851557731628418), (5, 7.256844520568848), (6, 7.697994232177734), (7, 7.323931694030762), (8, 7.675835609436035), (9, 6.243340015411377), (0, 7.8632049560546875), (1, 6.037503719329834), (2, 8.092118263244629), (3, 7.926095008850098), (4, 7.823833465576172), (5, 7.459070205688477), (6, 7.865611553192139), (7, 7.552238941192627), (8, 8.054356575012207), (9, 7.261505603790283), (0, 7.565427303314209), (1, 7.402060031890869), (2, 7.207742691040039), (3, 7.285157680511475), (4, 7.0085129737854), (5, 7.691912651062012), (6, 7.709877967834473), (7, 7.809582710266113), (8, 8.14995002746582), (9, 8.949118614196777), (0, 7.701754093170166), (1, 7.725825786590576), (2, 7.359137535095215), (3, 7.912948131561279), (4, 8.064970016479492), (5, 6.843935489654541), (6, 7.138253688812256), (7, 7.683621406555176), (8, 8.325063705444336), (9, 7.098549842834473), (0, 7.985274791717529), (1, 7.299254894256592), (2, 6.950071334838867), (3, 7.332013130187988), (4, 7.788952827453613), (5, 8.345069885253906), (6, 6.607687950134277), (7, 8.25619888305664), (8, 8.032705307006836), (9, 7.415112495422363), (0, 8.546858787536621), (1, 7.239078521728516), (2, 8.333287239074707), (3, 7.912896633148193), (4, 6.806158542633057), (5, 6.766438007354736), (6, 7.867686748504639), (7, 8.397067070007324), (8, 7.061706066131592), (9, 6.747219085693359), (0, 7.816657543182373), (1, 7.530422210693359), (2, 7.244974136352539), (3, 7.766124725341797), (4, 7.392887592315674), (5, 8.123579978942871), (6, 8.606454849243164), (7, 7.100006103515625), (8, 7.122636318206787), (9, 7.202085018157959), (0, 7.52872371673584), (1, 7.051574230194092), (2, 8.227068901062012), (3, 7.951555252075195), (4, 7.315170764923096), (5, 8.753588676452637), (6, 6.871025562286377), (7, 7.334547519683838), (8, 7.500946044921875), (9, 7.541171073913574), (0, 7.376873970031738), (1, 8.788459777832031), (2, 6.797914028167725), (3, 7.772427558898926), (4, 7.2386651039123535), (5, 7.400566577911377), (6, 7.337994575500488), (7, 8.938986778259277), (8, 6.627870082855225), (9, 8.050060272216797), (0, 8.41108226776123), (1, 7.841038703918457), (2, 7.144403457641602), (3, 8.178357124328613), (4, 7.194292068481445), (5, 8.155257225036621), (6, 7.647434234619141), (7, 5.520345687866211), (8, 8.103543281555176), (9, 8.218062400817871), (0, 6.8764753341674805), (1, 8.781128883361816), (2, 7.8715996742248535), (3, 7.1338067054748535), (4, 7.8139543533325195), (5, 6.34266471862793), (6, 8.036131858825684), (7, 8.148138046264648), (8, 7.393264293670654), (9, 7.815242767333984), (0, 6.064169406890869), (1, 7.835485935211182), (2, 8.002643585205078), (3, 7.448277473449707), (4, 7.345268726348877), (5, 8.365104675292969), (6, 6.695338249206543), (7, 8.674894332885742), (8, 7.4745025634765625), (9, 8.798202514648438), (0, 7.495745658874512), (1, 7.429133892059326), (2, 7.6182780265808105), (3, 7.739162445068359), (4, 7.4092698097229), (5, 7.753507614135742), (6, 8.02580451965332), (7, 7.220632553100586), (8, 7.768526554107666), (9, 7.689446926116943), (0, 7.330877780914307), (1, 8.269530296325684), (2, 7.970432758331299), (3, 7.7153120040893555), (4, 8.411375045776367), (5, 7.6383185386657715), (6, 8.54178524017334), (7, 6.755266189575195), (8, 6.196320056915283), (9, 6.951132774353027), (0, 7.563716888427734), (1, 7.194546699523926), (2, 7.3676910400390625), (3, 7.422691822052002), (4, 8.086233139038086), (5, 8.507928848266602), (6, 7.698462963104248), (7, 7.087749481201172), (8, 7.785180568695068), (9, 7.181168079376221), (0, 7.095585346221924), (1, 6.477502346038818), (2, 7.483638286590576), (3, 7.902663707733154), (4, 7.646254062652588), (5, 7.774216175079346), (6, 7.6883087158203125), (7, 8.557735443115234), (8, 7.684840679168701), (9, 7.988081455230713), (0, 7.532638072967529), (1, 7.215279579162598), (2, 7.761849880218506), (3, 6.979673862457275), (4, 7.956168174743652), (5, 8.411661148071289), (6, 7.3336262702941895), (7, 7.4849934577941895), (8, 7.396212100982666), (9, 8.46536922454834), (0, 6.8241448402404785), (1, 8.054012298583984), (2, 6.789891242980957), (3, 7.314978122711182), (4, 7.30146598815918), (5, 8.1530122756958), (6, 7.390178680419922), (7, 8.325706481933594), (8, 8.510998725891113), (9, 7.280792713165283), (0, 8.453424453735352), (1, 7.873111724853516), (2, 7.037209987640381), (3, 6.300859451293945), (4, 8.012657165527344), (5, 7.487196445465088), (6, 7.837772846221924), (7, 7.864796161651611), (8, 7.318836688995361), (9, 8.237839698791504), (0, 7.126192092895508), (1, 7.5164899826049805), (2, 8.92756175994873), (3, 6.666658878326416), (4, 7.430509567260742), (5, 8.557513236999512), (6, 7.549764633178711), (7, 6.791718006134033), (8, 7.828817367553711), (9, 7.819122314453125), (0, 7.310355186462402), (1, 7.17104959487915), (2, 8.271093368530273), (3, 7.995631217956543), (4, 7.8019819259643555), (5, 7.895562171936035), (6, 8.235725402832031), (7, 6.740063667297363), (8, 7.3795485496521), (9, 7.007551193237305), (0, 8.267650604248047), (1, 7.546557426452637), (2, 6.397269248962402), (3, 7.996679306030273), (4, 7.69077205657959), (5, 8.696300506591797), (6, 7.848569393157959), (7, 7.237512588500977), (8, 6.716267108917236), (9, 7.814418792724609), (0, 7.562414169311523), (1, 7.3518524169921875), (2, 7.32895565032959), (3, 7.634279727935791), (4, 7.799612045288086), (5, 7.181787014007568), (6, 7.9948015213012695), (7, 7.860103130340576), (8, 8.268417358398438), (9, 6.645126819610596), (0, 7.692295074462891), (1, 8.366459846496582), (2, 7.8044538497924805), (3, 7.397653579711914), (4, 7.460383415222168), (5, 7.264296054840088), (6, 6.751423358917236), (7, 7.8786492347717285), (8, 7.844137668609619), (9, 7.690063953399658), (0, 6.880806922912598), (1, 6.7760910987854), (2, 7.575948715209961), (3, 8.475682258605957), (4, 7.340256214141846), (5, 7.418128490447998), (6, 8.215938568115234), (7, 7.7225022315979), (8, 7.8797926902771), (9, 8.039274215698242), (0, 6.978312969207764), (1, 7.482776641845703), (2, 7.722076892852783), (3, 8.347537994384766), (4, 7.377862930297852), (5, 7.800217151641846), (6, 7.663238048553467), (7, 7.589252471923828), (8, 7.874471664428711), (9, 6.938079357147217), (0, 8.612500190734863), (1, 7.29660701751709), (2, 7.8273539543151855), (3, 7.6231584548950195), (4, 7.242836952209473), (5, 7.49557638168335), (6, 7.451767444610596), (7, 8.020896911621094), (8, 7.0486741065979), (9, 7.370828628540039), (0, 8.278550148010254), (1, 7.7839579582214355), (2, 8.297677993774414), (3, 7.920611381530762), (4, 7.377070426940918), (5, 7.365413665771484), (6, 6.643763542175293), (7, 7.365047454833984), (8, 7.672060012817383), (9, 7.201267242431641), (0, 7.524747848510742), (1, 7.50563907623291), (2, 7.643673896789551), (3, 7.334546089172363), (4, 7.543280124664307), (5, 7.425296783447266), (6, 7.657899379730225), (7, 8.378556251525879), (8, 7.261025905609131), (9, 8.060240745544434), (0, 7.178155899047852), (1, 7.3286871910095215), (2, 8.389627456665039), (3, 8.535633087158203), (4, 7.374984264373779), (5, 7.29709529876709), (6, 7.498473644256592), (7, 7.06516170501709), (8, 8.270547866821289), (9, 6.732837677001953), (0, 8.530384063720703), (1, 7.80061149597168), (2, 8.561188697814941), (3, 6.991373062133789), (4, 7.071197986602783), (5, 6.839759349822998), (6, 8.25292682647705), (7, 5.992229461669922), (8, 8.199732780456543), (9, 8.13076114654541), (0, 7.513988018035889), (1, 7.514914035797119), (2, 8.135065078735352), (3, 7.961447715759277), (4, 8.356436729431152), (5, 7.973496913909912), (6, 6.757673740386963), (7, 6.595132350921631), (8, 7.322721481323242), (9, 8.347820281982422), (0, 7.76441764831543), (1, 7.732990264892578), (2, 7.332515716552734), (3, 7.6311259269714355), (4, 7.2360310554504395), (5, 7.402463912963867), (6, 7.878087043762207), (7, 7.756107807159424), (8, 7.626488208770752), (9, 7.8891119956970215), (0, 8.47863483428955), (1, 7.259845733642578), (2, 8.310297012329102), (3, 7.639842987060547), (4, 8.055068016052246), (5, 7.187864780426025), (6, 6.745156288146973), (7, 7.1264967918396), (8, 7.228921890258789), (9, 8.545316696166992), (0, 8.495259284973145), (1, 6.823829174041748), (2, 7.358641147613525), (3, 8.328237533569336), (4, 7.3961896896362305), (5, 7.055535793304443), (6, 7.279209136962891), (7, 7.493173122406006), (8, 7.992259502410889), (9, 8.164900779724121), (0, 7.081341743469238), (1, 8.57947826385498), (2, 7.533930778503418), (3, 8.1251859664917), (4, 7.241422653198242), (5, 7.082820415496826), (6, 7.267229080200195), (7, 7.424968719482422), (8, 7.643415927886963), (9, 8.649984359741211), (0, 7.566132068634033), (1, 7.249699592590332), (2, 8.417387962341309), (3, 7.295971870422363), (4, 7.694278717041016), (5, 7.790247917175293), (6, 7.513601303100586), (7, 7.0123677253723145), (8, 7.365768909454346), (9, 8.798663139343262), (0, 6.569662094116211), (1, 8.494336128234863), (2, 8.850006103515625), (3, 8.270339012145996), (4, 7.1922760009765625), (5, 7.256485462188721), (6, 6.906757831573486), (7, 8.350358009338379), (8, 7.130575180053711), (9, 6.5679826736450195), (0, 7.281403064727783), (1, 7.67022705078125), (2, 7.148169040679932), (3, 7.496392726898193), (4, 7.859012603759766), (5, 7.433304309844971), (6, 8.288025856018066), (7, 7.606936454772949), (8, 7.454263210296631), (9, 8.134105682373047), (0, 7.758975982666016), (1, 8.019845008850098), (2, 8.283321380615234), (3, 7.166921615600586), (4, 7.993560791015625), (5, 7.879779815673828), (6, 6.998283863067627), (7, 7.11717414855957), (8, 7.181902885437012), (9, 7.810040473937988), (0, 6.876499652862549), (1, 7.4575724601745605), (2, 7.9013261795043945), (3, 8.20772933959961), (4, 7.67219352722168), (5, 7.213644504547119), (6, 7.712551116943359), (7, 7.853517532348633), (8, 8.10195541381836), (9, 6.615592002868652), (0, 7.579404830932617), (1, 7.464227199554443), (2, 7.735164642333984), (3, 7.205250263214111), (4, 8.043654441833496), (5, 8.097622871398926), (6, 6.946055889129639), (7, 7.108752250671387), (8, 8.10271167755127), (9, 8.043877601623535), (0, 7.451775074005127), (1, 7.355191707611084), (2, 6.8666887283325195), (3, 7.354495048522949), (4, 7.372622013092041), (5, 7.996196746826172), (6, 8.586856842041016), (7, 7.128042221069336), (8, 8.172632217407227), (9, 8.040570259094238), (0, 7.403144359588623), (1, 7.858319282531738), (2, 7.561024188995361), (3, 7.595099925994873), (4, 7.036648750305176), (5, 6.301370143890381), (6, 8.491620063781738), (7, 7.9828386306762695), (8, 8.486830711364746), (9, 7.175781726837158), (0, 7.380649566650391), (1, 7.913156032562256), (2, 6.777895450592041), (3, 7.0972208976745605), (4, 9.552145004272461), (5, 6.876028537750244), (6, 7.522775650024414), (7, 7.872209548950195), (8, 7.540621757507324), (9, 7.544164657592773), (0, 7.155454158782959), (1, 7.988519191741943), (2, 7.862622261047363), (3, 9.02595043182373), (4, 6.508306980133057), (5, 8.257344245910645), (6, 6.944671154022217), (7, 7.091862678527832), (8, 7.842718601226807), (9, 7.254673004150391), (0, 7.022579193115234), (1, 8.047924041748047), (2, 8.020078659057617), (3, 8.287498474121094), (4, 7.421175479888916), (5, 6.327574253082275), (6, 8.005963325500488), (7, 7.020063400268555), (8, 8.296136856079102), (9, 7.711584091186523), (0, 6.747832775115967), (1, 7.932252883911133), (2, 8.340963363647461), (3, 8.87305736541748), (4, 7.68610954284668), (5, 6.773069381713867), (6, 7.287082672119141), (7, 8.006192207336426), (8, 7.238437652587891), (9, 6.839571952819824), (0, 7.981916904449463), (1, 8.429494857788086), (2, 7.656661510467529), (3, 7.727027416229248), (4, 6.959379196166992), (5, 7.091937065124512), (6, 7.456171989440918), (7, 7.370029449462891), (8, 7.985204696655273), (9, 7.2939229011535645), (0, 8.772865295410156), (1, 7.20185661315918), (2, 7.054530620574951), (3, 8.31656551361084), (4, 7.4598388671875), (5, 8.208293914794922), (6, 5.950942516326904), (7, 7.300693511962891), (8, 8.232007026672363), (9, 7.614381313323975), (0, 6.304182052612305), (1, 7.812340259552002), (2, 8.349529266357422), (3, 6.955590724945068), (4, 8.220732688903809), (5, 7.637989044189453), (6, 8.395740509033203), (7, 7.088313102722168), (8, 7.361310958862305), (9, 8.358115196228027), (0, 7.394744873046875), (1, 7.735111713409424), (2, 8.069437026977539), (3, 7.012596607208252), (4, 7.667604923248291), (5, 7.50814151763916), (6, 7.5940327644348145), (7, 8.0957612991333), (8, 8.063819885253906), (9, 6.327072620391846), (0, 7.607264518737793), (1, 7.553867816925049), (2, 8.936260223388672), (3, 7.485185146331787), (4, 7.7665910720825195), (5, 7.757715225219727), (6, 8.09844970703125), (7, 6.94549560546875), (8, 7.440613269805908), (9, 5.426687240600586), (0, 7.1101555824279785), (1, 7.830235004425049), (2, 8.569515228271484), (3, 7.605370044708252), (4, 8.3120756149292), (5, 7.013724327087402), (6, 7.376002311706543), (7, 6.811192512512207), (8, 7.516963958740234), (9, 8.319101333618164), (0, 7.132760524749756), (1, 7.692479133605957), (2, 7.517398834228516), (3, 6.920571327209473), (4, 7.915411472320557), (5, 7.420745849609375), (6, 7.186445236206055), (7, 7.858953475952148), (8, 8.992348670959473), (9, 7.33534049987793), (0, 7.340397834777832), (1, 8.173389434814453), (2, 7.540639877319336), (3, 7.411291122436523), (4, 7.446850776672363), (5, 7.119931697845459), (6, 7.795425891876221), (7, 7.825010299682617), (8, 8.17846965789795), (9, 6.946761608123779), (0, 6.478378772735596), (1, 7.1135101318359375), (2, 8.444103240966797), (3, 7.559658050537109), (4, 7.424055576324463), (5, 7.160070419311523), (6, 8.914844512939453), (7, 7.81812858581543), (8, 7.520479202270508), (9, 7.7431135177612305), (0, 6.951784610748291), (1, 7.328660488128662), (2, 7.3709211349487305), (3, 7.151134014129639), (4, 8.14413833618164), (5, 9.020737648010254), (6, 7.205208778381348), (7, 7.704039096832275), (8, 7.452526092529297), (9, 7.951270580291748), (0, 7.092584609985352), (1, 7.98590087890625), (2, 6.8376970291137695), (3, 8.195409774780273), (4, 7.528268337249756), (5, 8.48886489868164), (6, 7.689647674560547), (7, 6.97878885269165), (8, 7.504544734954834), (9, 8.006160736083984), (0, 7.874843597412109), (1, 7.996919631958008), (2, 7.631960391998291), (3, 7.310146331787109), (4, 7.7386932373046875), (5, 7.320601940155029), (6, 7.449474334716797), (7, 7.215099334716797), (8, 8.143709182739258), (9, 7.24667501449585), (0, 7.434090614318848), (1, 7.78175163269043), (2, 7.406160354614258), (3, 8.067212104797363), (4, 7.7927422523498535), (5, 7.329676628112793), (6, 7.312755584716797), (7, 7.8839616775512695), (8, 7.794607639312744), (9, 7.003654956817627), (0, 8.112894058227539), (1, 7.717745304107666), (2, 6.064003944396973), (3, 7.567073822021484), (4, 8.610923767089844), (5, 7.343584060668945), (6, 7.871477127075195), (7, 7.7501220703125), (8, 7.670931339263916), (9, 7.19206428527832), (0, 7.439199447631836), (1, 7.4167585372924805), (2, 8.141841888427734), (3, 7.412739276885986), (4, 7.9362640380859375), (5, 7.867839336395264), (6, 6.40559196472168), (7, 7.7814202308654785), (8, 8.212187767028809), (9, 7.381886005401611), (0, 8.679686546325684), (1, 7.369918346405029), (2, 8.528512954711914), (3, 7.750197887420654), (4, 7.26981258392334), (5, 7.037333965301514), (6, 7.306883335113525), (7, 7.068814754486084), (8, 7.2504167556762695), (9, 8.086416244506836), (0, 8.120569229125977), (1, 8.724472999572754), (2, 7.648332595825195), (3, 6.761250019073486), (4, 6.223114013671875), (5, 8.752172470092773), (6, 7.908360481262207), (7, 7.0845232009887695), (8, 7.140692710876465), (9, 7.882592678070068), (0, 7.281018257141113), (1, 7.664746284484863), (2, 6.4472336769104), (3, 7.5024590492248535), (4, 8.034008979797363), (5, 7.980226516723633), (6, 8.5547456741333), (7, 7.27764892578125), (8, 7.582237720489502), (9, 7.960920810699463), (0, 8.297879219055176), (1, 7.388071060180664), (2, 6.804518222808838), (3, 7.177252769470215), (4, 6.678325653076172), (5, 8.726868629455566), (6, 7.960193634033203), (7, 7.441617012023926), (8, 7.754501819610596), (9, 8.151110649108887), (0, 7.929194927215576), (1, 6.72705078125), (2, 7.0067644119262695), (3, 7.395122528076172), (4, 6.906198024749756), (5, 8.881574630737305), (6, 8.800838470458984), (7, 6.796412944793701), (8, 7.963287353515625), (9, 7.796682357788086), (0, 7.6478590965271), (1, 7.846972465515137), (2, 7.405836582183838), (3, 6.883096218109131), (4, 7.58952522277832), (5, 6.5879950523376465), (6, 7.617546558380127), (7, 8.74459171295166), (8, 7.118380069732666), (9, 9.725961685180664), (0, 7.802126884460449), (1, 7.539066791534424), (2, 7.484001636505127), (3, 7.484451770782471), (4, 7.4089035987854), (5, 7.3568806648254395), (6, 8.021183013916016), (7, 7.300502777099609), (8, 7.724101543426514), (9, 8.367125511169434), (0, 7.495046615600586), (1, 7.3862504959106445), (2, 7.22128438949585), (3, 7.724692344665527), (4, 8.204429626464844), (5, 7.096334457397461), (6, 7.929238319396973), (7, 8.046570777893066), (8, 7.036468505859375), (9, 8.328937530517578), (0, 6.948085308074951), (1, 7.064960956573486), (2, 7.847089767456055), (3, 8.328632354736328), (4, 8.450450897216797), (5, 7.0226593017578125), (6, 7.6623687744140625), (7, 6.870626926422119), (8, 8.153266906738281), (9, 7.913288593292236), (0, 7.413105487823486), (1, 7.815045356750488), (2, 8.062061309814453), (3, 6.926286220550537), (4, 8.488846778869629), (5, 7.120301723480225), (6, 8.060779571533203), (7, 7.66816520690918), (8, 6.735800266265869), (9, 8.028785705566406), (0, 7.700711250305176), (1, 7.945056915283203), (2, 7.088011264801025), (3, 8.39665412902832), (4, 8.085925102233887), (5, 7.755702018737793), (6, 7.290843963623047), (7, 7.215845108032227), (8, 7.300622940063477), (9, 7.050822734832764), (0, 8.043390274047852), (1, 7.477299213409424), (2, 8.542533874511719), (3, 7.347387790679932), (4, 6.683426380157471), (5, 7.654725551605225), (6, 7.714330673217773), (7, 8.126130104064941), (8, 6.8876471519470215), (9, 7.6558308601379395), (0, 8.3295316696167), (1, 7.609344959259033), (2, 7.019112586975098), (3, 8.55363655090332), (4, 7.962099552154541), (5, 7.3968658447265625), (6, 7.168158531188965), (7, 7.213038444519043), (8, 7.191990375518799), (9, 7.722009658813477), (0, 7.165485382080078), (1, 7.897010326385498), (2, 7.289313316345215), (3, 7.159549713134766), (4, 8.362668991088867), (5, 6.815847396850586), (6, 7.843307018280029), (7, 6.5974860191345215), (8, 9.0104341506958), (9, 8.327367782592773), (0, 8.516685485839844), (1, 7.877567291259766), (2, 7.963326454162598), (3, 7.3149824142456055), (4, 6.7551774978637695), (5, 6.7612624168396), (6, 7.7664079666137695), (7, 7.804399013519287), (8, 7.551548957824707), (9, 7.986850738525391), (0, 7.7835917472839355), (1, 6.760855674743652), (2, 8.239773750305176), (3, 6.954282283782959), (4, 8.405739784240723), (5, 7.762558460235596), (6, 7.430393218994141), (7, 7.61541748046875), (8, 7.635851860046387), (9, 7.432641506195068), (0, 7.203341007232666), (1, 7.570718288421631), (2, 7.921497821807861), (3, 7.619436264038086), (4, 8.267226219177246), (5, 7.7675886154174805), (6, 6.771543502807617), (7, 7.666214466094971), (8, 7.161401748657227), (9, 8.711634635925293), (0, 8.640689849853516), (1, 6.6605000495910645), (2, 8.416720390319824), (3, 8.46733283996582), (4, 8.480323791503906), (5, 7.166356086730957), (6, 6.608500957489014), (7, 6.8584208488464355), (8, 7.477921009063721), (9, 7.056035041809082), (0, 7.5470991134643555), (1, 7.972008228302002), (2, 7.444747447967529), (3, 7.377089023590088), (4, 7.475858211517334), (5, 8.06460189819336), (6, 8.146052360534668), (7, 7.386029243469238), (8, 6.956756114959717), (9, 7.869086265563965), (0, 8.196451187133789), (1, 7.494068145751953), (2, 8.430466651916504), (3, 6.49411153793335), (4, 6.459259510040283), (5, 7.64813232421875), (6, 8.080775260925293), (7, 7.747641563415527), (8, 7.776157855987549), (9, 7.955442428588867), (0, 7.861223220825195), (1, 7.6763176918029785), (2, 7.537224292755127), (3, 7.945492744445801), (4, 6.696341514587402), (5, 6.78797721862793), (6, 8.068965911865234), (7, 8.852008819580078), (8, 7.136695384979248), (9, 7.485084056854248), (0, 8.121438026428223), (1, 6.700052261352539), (2, 8.663725852966309), (3, 7.813286304473877), (4, 7.3023200035095215), (5, 6.401351451873779), (6, 8.022980690002441), (7, 7.861563205718994), (8, 7.889954090118408), (9, 7.056225776672363), (0, 7.518669605255127), (1, 7.740932464599609), (2, 7.197477340698242), (3, 7.725003719329834), (4, 7.0834126472473145), (5, 8.287637710571289), (6, 8.011897087097168), (7, 7.121562480926514), (8, 8.441974639892578), (9, 6.352434158325195), (0, 7.76584529876709), (1, 6.704200267791748), (2, 8.214676856994629), (3, 7.583181381225586), (4, 6.765617847442627), (5, 7.460331439971924), (6, 7.583653450012207), (7, 8.053951263427734), (8, 8.681631088256836), (9, 6.983396053314209), (0, 7.549129486083984), (1, 9.126372337341309), (2, 8.074275016784668), (3, 7.370549201965332), (4, 7.025332450866699), (5, 7.140533447265625), (6, 7.3578996658325195), (7, 7.2703046798706055), (8, 7.303569316864014), (9, 8.173639297485352), (0, 7.16685676574707), (1, 7.938060283660889), (2, 7.578765392303467), (3, 7.3619771003723145), (4, 8.232976913452148), (5, 7.164585590362549), (6, 7.523187160491943), (7, 6.9757819175720215), (8, 7.9485764503479), (9, 8.82803726196289), (0, 7.8078413009643555), (1, 8.624913215637207), (2, 7.87270975112915), (3, 8.11394214630127), (4, 6.984865665435791), (5, 7.4537153244018555), (6, 7.420702934265137), (7, 7.206756114959717), (8, 7.178582191467285), (9, 7.281516075134277), (0, 7.566465854644775), (1, 8.341948509216309), (2, 6.74547004699707), (3, 8.097444534301758), (4, 6.911908149719238), (5, 7.805578231811523), (6, 7.031951904296875), (7, 8.685395240783691), (8, 6.953437328338623), (9, 8.330375671386719), (0, 8.122568130493164), (1, 7.632174491882324), (2, 6.991960525512695), (3, 7.361799240112305), (4, 8.4381742477417), (5, 7.5587687492370605), (6, 7.033194541931152), (7, 7.9912428855896), (8, 7.284705638885498), (9, 7.780393123626709), (0, 7.093347072601318), (1, 8.028509140014648), (2, 7.849921703338623), (3, 8.373331069946289), (4, 6.8919572830200195), (5, 7.751126289367676), (6, 7.182342529296875), (7, 7.993340969085693), (8, 7.160647392272949), (9, 7.96052360534668), (0, 8.031776428222656), (1, 8.117317199707031), (2, 7.4983720779418945), (3, 7.584108829498291), (4, 6.758651256561279), (5, 7.430719375610352), (6, 8.479676246643066), (7, 7.636224269866943), (8, 7.462791919708252), (9, 6.610295295715332), (0, 7.661993503570557), (1, 7.658745288848877), (2, 7.715017318725586), (3, 7.245969295501709), (4, 7.517244338989258), (5, 7.982855796813965), (6, 7.813605785369873), (7, 7.954092979431152), (8, 7.358257293701172), (9, 6.794006824493408), (0, 8.06115436553955), (1, 7.828225135803223), (2, 7.263905048370361), (3, 7.869892597198486), (4, 7.008548736572266), (5, 7.984753608703613), (6, 7.2283854484558105), (7, 7.558856964111328), (8, 7.609531402587891), (9, 7.7830634117126465), (0, 8.179773330688477), (1, 7.428501129150391), (2, 7.182823657989502), (3, 6.784948825836182), (4, 7.589110851287842), (5, 8.34249496459961), (6, 6.985515117645264), (7, 7.669094085693359), (8, 8.616142272949219), (9, 7.052764415740967), (0, 7.523620128631592), (1, 7.5235066413879395), (2, 7.719335556030273), (3, 7.873164176940918), (4, 7.3908514976501465), (5, 8.244684219360352), (6, 7.614355087280273), (7, 7.862896919250488), (8, 6.827423095703125), (9, 7.449898719787598), (0, 6.7400031089782715), (1, 7.5852131843566895), (2, 7.843442916870117), (3, 7.419100284576416), (4, 7.71281623840332), (5, 7.04689884185791), (6, 8.264788627624512), (7, 8.25784969329834), (8, 8.186269760131836), (9, 6.496808052062988), (0, 7.782567977905273), (1, 7.556258678436279), (2, 7.047286510467529), (3, 6.602065563201904), (4, 6.871145248413086), (5, 7.674210071563721), (6, 7.689742565155029), (7, 8.287742614746094), (8, 8.071981430053711), (9, 9.443573951721191), (0, 7.202673435211182), (1, 7.772085666656494), (2, 8.45616340637207), (3, 6.579775810241699), (4, 7.846672534942627), (5, 7.170505523681641), (6, 7.965373516082764), (7, 8.524702072143555), (8, 7.371509552001953), (9, 6.830648422241211), (0, 7.962867259979248), (1, 8.623733520507812), (2, 7.755734920501709), (3, 7.900827407836914), (4, 7.305663585662842), (5, 7.50633430480957), (6, 6.947302341461182), (7, 6.496784687042236), (8, 8.330972671508789), (9, 6.9491286277771), (0, 6.251698017120361), (1, 7.272451877593994), (2, 7.611236572265625), (3, 7.726185321807861), (4, 8.518875122070312), (5, 8.544179916381836), (6, 7.342387676239014), (7, 7.4095072746276855), (8, 7.8592047691345215), (9, 7.538120746612549), (0, 8.619375228881836), (1, 7.584680080413818), (2, 7.391667366027832), (3, 7.313529014587402), (4, 7.711905479431152), (5, 7.683366775512695), (6, 7.831547737121582), (7, 7.882120132446289), (8, 7.051424980163574), (9, 6.470335483551025), (0, 6.810142993927002), (1, 7.144339561462402), (2, 8.234493255615234), (3, 8.145718574523926), (4, 7.993724822998047), (5, 7.746586322784424), (6, 8.25857162475586), (7, 6.839605331420898), (8, 7.321267127990723), (9, 7.620673179626465), (0, 7.621991157531738), (1, 7.714288234710693), (2, 7.410707950592041), (3, 8.448437690734863), (4, 7.05418586730957), (5, 7.721135139465332), (6, 7.56313943862915), (7, 7.62103271484375), (8, 7.265024185180664), (9, 7.769684314727783), (0, 7.313027381896973), (1, 7.687827110290527), (2, 7.65266227722168), (3, 7.243098258972168), (4, 6.98604679107666), (5, 7.966447353363037), (6, 8.097960472106934), (7, 7.20107364654541), (8, 7.930593967437744), (9, 8.452096939086914), (0, 7.633928298950195), (1, 7.343897819519043), (2, 7.126584053039551), (3, 7.4680562019348145), (4, 7.506052017211914), (5, 7.458320140838623), (6, 8.23812484741211), (7, 7.6902899742126465), (8, 7.196929931640625), (9, 9.285207748413086), (0, 6.680607795715332), (1, 7.421656608581543), (2, 7.644163608551025), (3, 7.752625942230225), (4, 8.325194358825684), (5, 8.002488136291504), (6, 8.124105453491211), (7, 7.310596942901611), (8, 7.005972385406494), (9, 8.074746131896973), (0, 8.221741676330566), (1, 8.042756080627441), (2, 7.350600719451904), (3, 6.695743560791016), (4, 7.189322471618652), (5, 8.381982803344727), (6, 6.500922679901123), (7, 8.206695556640625), (8, 7.7259297370910645), (9, 7.978179931640625), (0, 8.57180404663086), (1, 7.510800838470459), (2, 7.923991680145264), (3, 7.763973236083984), (4, 7.26812744140625), (5, 7.311423301696777), (6, 7.076071739196777), (7, 8.097450256347656), (8, 7.275371074676514), (9, 7.011539936065674), (0, 7.31617546081543), (1, 8.744158744812012), (2, 7.09969425201416), (3, 7.004327774047852), (4, 7.848959445953369), (5, 7.479280948638916), (6, 7.085798263549805), (7, 8.322673797607422), (8, 7.713736057281494), (9, 7.379961967468262), (0, 7.92898416519165), (1, 8.265308380126953), (2, 8.287495613098145), (3, 6.665307998657227), (4, 8.146163940429688), (5, 8.107403755187988), (6, 7.763570785522461), (7, 7.279665470123291), (8, 6.526882171630859), (9, 6.668002128601074), (0, 7.668766975402832), (1, 7.08104133605957), (2, 8.19058609008789), (3, 7.407778739929199), (4, 7.454132080078125), (5, 7.532818794250488), (6, 8.063947677612305), (7, 7.420067310333252), (8, 7.222043991088867), (9, 8.52720832824707), (0, 7.33499002456665), (1, 7.730754852294922), (2, 8.010103225708008), (3, 7.486876010894775), (4, 7.544459819793701), (5, 8.301933288574219), (6, 7.037105083465576), (7, 7.190712928771973), (8, 7.200930118560791), (9, 8.933841705322266), (0, 7.5034942626953125), (1, 8.665695190429688), (2, 6.868552207946777), (3, 7.900186061859131), (4, 7.7709221839904785), (5, 7.731871128082275), (6, 7.321660041809082), (7, 7.8716139793396), (8, 7.574920654296875), (9, 6.191736221313477), (0, 7.666180610656738), (1, 7.706162929534912), (2, 7.429868221282959), (3, 7.626837253570557), (4, 7.787741184234619), (5, 7.840472221374512), (6, 8.255611419677734), (7, 7.312537670135498), (8, 7.464879989624023), (9, 6.428991317749023), (0, 7.224513053894043), (1, 8.111929893493652), (2, 7.0654425621032715), (3, 8.243117332458496), (4, 7.891078472137451), (5, 7.575328350067139), (6, 7.025312900543213), (7, 8.634919166564941), (8, 7.22117805480957), (9, 6.623932361602783), (0, 7.660225868225098), (1, 7.620537281036377), (2, 7.826806545257568), (3, 8.149945259094238), (4, 7.972421646118164), (5, 7.522555351257324), (6, 7.551204204559326), (7, 7.860694408416748), (8, 6.981964111328125), (9, 6.316857814788818), (0, 7.375532150268555), (1, 7.544649124145508), (2, 6.988246917724609), (3, 7.524023056030273), (4, 7.405951499938965), (5, 7.789426326751709), (6, 7.829289436340332), (7, 7.737188816070557), (8, 7.691077709197998), (9, 8.8388032913208), (0, 7.612127780914307), (1, 8.157522201538086), (2, 6.9476447105407715), (3, 6.937456130981445), (4, 7.4509501457214355), (5, 6.723460674285889), (6, 7.835299015045166), (7, 8.136269569396973), (8, 8.188056945800781), (9, 8.631997108459473), (0, 7.530351161956787), (1, 7.682083606719971), (2, 8.06149959564209), (3, 7.303903579711914), (4, 7.696386814117432), (5, 6.853130340576172), (6, 7.521080493927002), (7, 7.389650344848633), (8, 8.152348518371582), (9, 8.228704452514648), (0, 8.086833953857422), (1, 8.072183609008789), (2, 7.765947341918945), (3, 7.280162334442139), (4, 7.422537326812744), (5, 8.18334674835205), (6, 7.405978202819824), (7, 7.374241828918457), (8, 6.826484203338623), (9, 7.774136543273926), (0, 7.641500473022461), (1, 7.859586715698242), (2, 7.052985668182373), (3, 6.895586967468262), (4, 7.81756591796875), (5, 7.419898509979248), (6, 8.237204551696777), (7, 7.646966457366943), (8, 7.886027812957764), (9, 7.694928169250488), (0, 7.032828330993652), (1, 8.007552146911621), (2, 6.597352504730225), (3, 8.060089111328125), (4, 7.91298770904541), (5, 7.8958539962768555), (6, 7.871264457702637), (7, 7.714475154876709), (8, 7.9372878074646), (9, 6.550191879272461), (0, 8.232665061950684), (1, 7.6391167640686035), (2, 6.515537738800049), (3, 7.218067646026611), (4, 8.702629089355469), (5, 8.332627296447754), (6, 8.092687606811523), (7, 7.413686752319336), (8, 6.89084005355835), (9, 6.533858776092529), (0, 8.024957656860352), (1, 7.807342052459717), (2, 8.34640121459961), (3, 8.165022850036621), (4, 6.769132137298584), (5, 7.3175048828125), (6, 6.389772415161133), (7, 7.7945661544799805), (8, 8.18109130859375), (9, 7.017996311187744), (0, 7.2038421630859375), (1, 8.42889404296875), (2, 8.33423900604248), (3, 6.869589805603027), (4, 8.235236167907715), (5, 7.779861927032471), (6, 7.809973239898682), (7, 7.6228766441345215), (8, 6.73117208480835), (9, 6.578200817108154), (0, 6.359597206115723), (1, 8.428607940673828), (2, 8.147215843200684), (3, 8.24264907836914), (4, 7.530482292175293), (5, 8.089105606079102), (6, 7.963029861450195), (7, 6.419447422027588), (8, 7.1331377029418945), (9, 7.983026504516602), (0, 7.792247772216797), (1, 6.804121017456055), (2, 6.943642616271973), (3, 7.814084053039551), (4, 7.698453426361084), (5, 8.614531517028809), (6, 8.22383975982666), (7, 7.314679145812988), (8, 7.195619583129883), (9, 7.80712890625), (0, 7.4103240966796875), (1, 7.969704627990723), (2, 7.212375640869141), (3, 7.31321907043457), (4, 6.800883769989014), (5, 7.727738857269287), (6, 8.008330345153809), (7, 7.46356201171875), (8, 8.65754508972168), (9, 7.482203960418701), (0, 7.010869979858398), (1, 8.238604545593262), (2, 7.0210089683532715), (3, 7.6441192626953125), (4, 7.603787899017334), (5, 7.842048168182373), (6, 8.366540908813477), (7, 7.697417736053467), (8, 7.464003086090088), (9, 6.832768440246582), (0, 7.924134731292725), (1, 6.8619818687438965), (2, 6.901690483093262), (3, 8.072842597961426), (4, 8.225037574768066), (5, 8.186149597167969), (6, 7.3227362632751465), (7, 7.752195835113525), (8, 7.131047248840332), (9, 7.853938102722168), (0, 8.491883277893066), (1, 8.171134948730469), (2, 8.152738571166992), (3, 7.274304389953613), (4, 8.048588752746582), (5, 7.240435600280762), (6, 7.269664287567139), (7, 7.069876194000244), (8, 7.008547306060791), (9, 7.155221462249756), (0, 6.946720123291016), (1, 7.581710338592529), (2, 7.352785587310791), (3, 7.228242874145508), (4, 7.006549835205078), (5, 7.883224010467529), (6, 8.484530448913574), (7, 8.557975769042969), (8, 7.38919734954834), (9, 7.747698783874512), (0, 8.553995132446289), (1, 8.156909942626953), (2, 7.5354156494140625), (3, 7.915528774261475), (4, 7.15131950378418), (5, 7.327723979949951), (6, 7.403510570526123), (7, 7.588815212249756), (8, 7.2090840339660645), (9, 6.924962997436523), (0, 9.085328102111816), (1, 7.274449348449707), (2, 7.337727069854736), (3, 7.057144641876221), (4, 8.201098442077637), (5, 7.974458694458008), (6, 7.489552021026611), (7, 7.090994358062744), (8, 6.6331892013549805), (9, 8.321684837341309), (0, 7.239996433258057), (1, 8.191746711730957), (2, 8.04695987701416), (3, 7.283300399780273), (4, 8.022306442260742), (5, 6.697442531585693), (6, 8.625149726867676), (7, 8.138011932373047), (8, 6.198544502258301), (9, 7.72265625), (0, 7.880863666534424), (1, 8.316183090209961), (2, 8.74545955657959), (3, 6.603356838226318), (4, 7.935227870941162), (5, 6.947416305541992), (6, 7.324353218078613), (7, 8.075874328613281), (8, 6.4402947425842285), (9, 8.071508407592773), (0, 7.188201427459717), (1, 7.359260082244873), (2, 7.489626407623291), (3, 7.518476486206055), (4, 7.353397846221924), (5, 8.052096366882324), (6, 8.570840835571289), (7, 8.625563621520996), (8, 6.619403839111328), (9, 7.055834770202637), (0, 7.207898139953613), (1, 8.180301666259766), (2, 6.824122428894043), (3, 6.882828235626221), (4, 8.029449462890625), (5, 8.660643577575684), (6, 7.337696552276611), (7, 7.879956245422363), (8, 7.300831317901611), (9, 8.002114295959473), (0, 7.487771034240723), (1, 7.252894401550293), (2, 7.696964263916016), (3, 6.872115612030029), (4, 8.234405517578125), (5, 7.27928352355957), (6, 7.782937049865723), (7, 8.547667503356934), (8, 7.817529201507568), (9, 6.666439056396484), (0, 7.457406997680664), (1, 7.998568534851074), (2, 7.352107048034668), (3, 7.964015483856201), (4, 7.077787399291992), (5, 8.050893783569336), (6, 8.446136474609375), (7, 6.9373779296875), (8, 7.494940280914307), (9, 7.051107406616211), (0, 8.376888275146484), (1, 8.252154350280762), (2, 7.493701934814453), (3, 8.102607727050781), (4, 7.652605056762695), (5, 7.2475199699401855), (6, 7.233355522155762), (7, 7.6243462562561035), (8, 6.175153732299805), (9, 8.292906761169434), (0, 8.411663055419922), (1, 8.312492370605469), (2, 7.719714164733887), (3, 8.517311096191406), (4, 8.209310531616211), (5, 7.0420637130737305), (6, 6.958184242248535), (7, 6.951204776763916), (8, 6.489456653594971), (9, 7.38676643371582), (0, 5.848425388336182), (1, 6.801237106323242), (2, 8.336434364318848), (3, 6.9901323318481445), (4, 8.335846900939941), (5, 7.496255397796631), (6, 8.551281929016113), (7, 7.258569240570068), (8, 8.134014129638672), (9, 9.105175971984863), (0, 7.9523210525512695), (1, 7.673751354217529), (2, 7.447780132293701), (3, 6.637946605682373), (4, 8.3474702835083), (5, 7.466302871704102), (6, 6.832024097442627), (7, 7.676292896270752), (8, 8.50109577178955), (9, 7.539600849151611), (0, 7.935117721557617), (1, 7.614089488983154), (2, 8.356350898742676), (3, 6.893442153930664), (4, 8.221402168273926), (5, 6.891195297241211), (6, 7.880484104156494), (7, 7.579453945159912), (8, 7.435280799865723), (9, 6.99593448638916), (0, 6.995389938354492), (1, 7.631498336791992), (2, 7.820688247680664), (3, 8.126399993896484), (4, 6.4841389656066895), (5, 9.0637845993042), (6, 7.657575607299805), (7, 7.916849136352539), (8, 7.077096939086914), (9, 7.062726974487305), (0, 8.262645721435547), (1, 7.087312698364258), (2, 7.735841274261475), (3, 7.2459917068481445), (4, 7.258055210113525), (5, 7.89797306060791), (6, 7.744054794311523), (7, 7.209179878234863), (8, 7.9650044441223145), (9, 7.7974534034729), (0, 8.683908462524414), (1, 8.036002159118652), (2, 7.7292256355285645), (3, 7.118445873260498), (4, 7.741076469421387), (5, 6.8892693519592285), (6, 6.68923282623291), (7, 7.552306652069092), (8, 8.189007759094238), (9, 7.352619647979736), (0, 7.635306358337402), (1, 7.81400203704834), (2, 8.02043342590332), (3, 7.887117862701416), (4, 6.63792610168457), (5, 7.53802490234375), (6, 8.164172172546387), (7, 7.564876079559326), (8, 7.2274489402771), (9, 7.630958080291748), (0, 7.644503116607666), (1, 7.360054969787598), (2, 7.140408515930176), (3, 8.349265098571777), (4, 7.5892229080200195), (5, 7.090749740600586), (6, 7.300983905792236), (7, 7.172142505645752), (8, 7.982415676116943), (9, 9.350074768066406), (0, 7.66185188293457), (1, 7.373844623565674), (2, 8.494184494018555), (3, 7.440816879272461), (4, 7.536747932434082), (5, 7.1059250831604), (6, 7.520826816558838), (7, 7.668696403503418), (8, 7.840247631072998), (9, 7.323286056518555), (0, 7.04585075378418), (1, 7.870550632476807), (2, 6.3186354637146), (3, 7.928104877471924), (4, 7.611544132232666), (5, 8.268851280212402), (6, 8.127808570861816), (7, 7.650713920593262), (8, 8.503933906555176), (9, 5.957580089569092), (0, 7.053246021270752), (1, 7.172517776489258), (2, 7.524235725402832), (3, 6.849599838256836), (4, 7.657323837280273), (5, 8.14255142211914), (6, 7.7674880027771), (7, 7.8005595207214355), (8, 8.405808448791504), (9, 7.862912178039551), (0, 7.740757942199707), (1, 8.501228332519531), (2, 6.55750846862793), (3, 7.767745494842529), (4, 8.666847229003906), (5, 7.526537895202637), (6, 7.214017391204834), (7, 7.550283432006836), (8, 7.447422027587891), (9, 6.6648783683776855), (0, 8.106766700744629), (1, 7.8279266357421875), (2, 7.3520402908325195), (3, 7.680469512939453), (4, 7.731901168823242), (5, 7.158815383911133), (6, 7.458193302154541), (7, 8.382386207580566), (8, 7.28670597076416), (9, 6.639161586761475), (0, 7.89259147644043), (1, 7.8088178634643555), (2, 7.4992876052856445), (3, 7.321362495422363), (4, 7.472704887390137), (5, 6.977708339691162), (6, 8.739426612854004), (7, 7.094523906707764), (8, 7.673648834228516), (9, 7.649425029754639), (0, 7.342242240905762), (1, 7.169134616851807), (2, 8.222817420959473), (3, 7.981649398803711), (4, 8.338730812072754), (5, 7.1300153732299805), (6, 7.546579360961914), (7, 7.555752754211426), (8, 7.334066867828369), (9, 7.367595195770264), (0, 8.293859481811523), (1, 7.468291759490967), (2, 6.962367057800293), (3, 8.050654411315918), (4, 7.901493072509766), (5, 7.52719259262085), (6, 8.208894729614258), (7, 7.187787055969238), (8, 7.1501851081848145), (9, 7.10812520980835), (0, 7.911914825439453), (1, 7.1805853843688965), (2, 7.918035507202148), (3, 8.053515434265137), (4, 7.7323079109191895), (5, 6.762475967407227), (6, 8.310720443725586), (7, 8.63107967376709), (8, 6.738690376281738), (9, 6.130917549133301), (0, 7.370398998260498), (1, 7.407954216003418), (2, 8.73018741607666), (3, 7.4539666175842285), (4, 8.284958839416504), (5, 8.102095603942871), (6, 6.47799825668335), (7, 7.738361358642578), (8, 7.592433452606201), (9, 6.2928595542907715), (0, 9.096700668334961), (1, 6.666204452514648), (2, 6.564980983734131), (3, 6.528876781463623), (4, 8.44764518737793), (5, 7.582469463348389), (6, 7.986989974975586), (7, 7.854017734527588), (8, 7.661938667297363), (9, 7.829923629760742), (0, 7.400521278381348), (1, 6.5147552490234375), (2, 7.487040996551514), (3, 8.150233268737793), (4, 8.044724464416504), (5, 7.588832378387451), (6, 7.129230499267578), (7, 7.909338474273682), (8, 8.280213356018066), (9, 7.599794387817383), (0, 8.221917152404785), (1, 8.030664443969727), (2, 7.605721950531006), (3, 7.7219390869140625), (4, 7.589205265045166), (5, 6.71415901184082), (6, 7.750943183898926), (7, 7.685666561126709), (8, 7.3591766357421875), (9, 7.2507853507995605), (0, 7.576753616333008), (1, 8.178279876708984), (2, 8.138381958007812), (3, 7.579958915710449), (4, 7.070791721343994), (5, 7.4116411209106445), (6, 6.647097110748291), (7, 7.486024856567383), (8, 7.996837139129639), (9, 8.438040733337402), (0, 7.197998523712158), (1, 7.630745887756348), (2, 7.16494083404541), (3, 6.8144636154174805), (4, 7.260638236999512), (5, 8.194738388061523), (6, 7.668119430541992), (7, 8.381451606750488), (8, 6.976110458374023), (9, 10.031158447265625), (0, 6.558319091796875), (1, 7.187799453735352), (2, 6.727997303009033), (3, 8.006290435791016), (4, 8.21328353881836), (5, 7.7238359451293945), (6, 7.700035572052002), (7, 7.638786792755127), (8, 8.212512016296387), (9, 8.671847343444824), (0, 6.9496026039123535), (1, 8.277907371520996), (2, 7.297260284423828), (3, 7.284097671508789), (4, 7.267654895782471), (5, 7.64987325668335), (6, 7.621561050415039), (7, 8.382364273071289), (8, 8.232799530029297), (9, 6.683328628540039), (0, 7.107855319976807), (1, 7.827191352844238), (2, 7.167443752288818), (3, 7.59368896484375), (4, 7.884294509887695), (5, 7.44033145904541), (6, 7.672497749328613), (7, 7.682980537414551), (8, 7.948073863983154), (9, 7.960854530334473), (0, 7.55983829498291), (1, 7.760882377624512), (2, 7.532656192779541), (3, 7.2602715492248535), (4, 7.519811630249023), (5, 7.999354362487793), (6, 7.501007556915283), (7, 7.13412618637085), (8, 7.890844345092773), (9, 8.291986465454102), (0, 6.511228084564209), (1, 7.8469390869140625), (2, 7.275206089019775), (3, 7.160421848297119), (4, 7.926098823547363), (5, 8.11302661895752), (6, 8.237499237060547), (7, 7.906239032745361), (8, 7.585730075836182), (9, 7.484795093536377)]