Model Setup for {PATIENT_GROUPS} Trained Network:

NCDE Network Architecture Parameters
Input channels=3
Hidden channels=11
Output channels=1

Training hyperparameters
Optimizer=AdamW (
Parameter Group 0
    amsgrad: False
    betas: (0.9, 0.999)
    capturable: False
    differentiable: False
    eps: 1e-08
    foreach: None
    fused: None
    lr: 0.001
    maximize: False
    weight_decay: 1e-06
)Training Iterations=100
Learning rate=0.001
Weight decay=1e-06
Optimizer reset frequency=None

Dropout probability (after initial linear layer before NCDE): 0.0
Training Data Selection Parameters
(If not virtual, the only important params are the groups and whether data was normalized/standardized)
Patient groups=['Control', 'MDD']
Augmentation strategy=Uniform
Noise Magnitude=0.05
Normalized/standardized=StandardizeAll
Number of virtual patients per real patient=100
Label smoothing factor=0
Test Patient Combinations:
Control: (35, 1, 31, 14, 19)
MDD: (11, 12, 53, 29, 55)
Training batch size=5
Training Results:
Runtime=189.74258303642273
Loss over time=[(0, 1.0543348789215088), (1, 0.7307571172714233), (2, 0.43699997663497925), (3, 0.8180964589118958), (4, 0.6965943574905396), (5, 1.021107792854309), (6, 0.8158490061759949), (7, 0.512479841709137), (8, 0.6735051274299622), (9, 0.7522917985916138), (10, 0.7884038686752319), (11, 0.7027134299278259), (12, 0.8466238975524902), (13, 0.8307690620422363), (14, 0.6669355630874634), (15, 0.5895010232925415), (16, 0.6843321919441223), (17, 0.6283036470413208), (18, 0.7277194857597351), (19, 0.7049551010131836), (0, 0.6903943419456482), (1, 0.6225029230117798), (2, 0.7451289296150208), (3, 0.783739447593689), (4, 0.7288364171981812), (5, 0.6627455949783325), (6, 0.67463219165802), (7, 0.656552791595459), (8, 0.7134162783622742), (9, 0.631426215171814), (10, 0.6715210676193237), (11, 0.6860712766647339), (12, 0.6714814901351929), (13, 0.7041035890579224), (14, 0.6196236610412598), (15, 0.6743600964546204), (16, 0.715849757194519), (17, 0.7876883745193481), (18, 0.7788378596305847), (19, 0.6427075862884521), (0, 0.5650874376296997), (1, 0.7046242952346802), (2, 0.5580270290374756), (3, 0.6929693818092346), (4, 0.6798940896987915), (5, 0.6325153112411499), (6, 0.7305566072463989), (7, 0.5526733994483948), (8, 0.6995314359664917), (9, 0.6071935296058655), (10, 0.6552314162254333), (11, 0.7141028642654419), (12, 0.8013909459114075), (13, 0.7668334245681763), (14, 0.593037486076355), (15, 0.6568900346755981), (16, 0.6420382261276245), (17, 0.6978429555892944), (18, 0.6838919520378113), (19, 0.7722356915473938), (0, 0.634823203086853), (1, 0.7150493860244751), (2, 0.6197509765625), (3, 0.6276445388793945), (4, 0.6214436292648315), (5, 0.6643116474151611), (6, 0.6394600868225098), (7, 0.7249112725257874), (8, 0.6876083612442017), (9, 0.7312478423118591), (10, 0.5254661440849304), (11, 0.6937546133995056), (12, 0.730560302734375), (13, 0.45431607961654663), (14, 0.5932930111885071), (15, 0.5732186436653137), (16, 0.8010077476501465), (17, 0.673109769821167), (18, 0.6562736630439758), (19, 0.7476832866668701), (0, 0.7025039196014404), (1, 0.658056914806366), (2, 0.7273518443107605), (3, 0.8180186152458191), (4, 0.5589130520820618), (5, 0.6676323413848877), (6, 0.7553530335426331), (7, 0.6943072080612183), (8, 0.6753970384597778), (9, 0.705285906791687), (10, 0.7388206720352173), (11, 0.5629286766052246), (12, 0.4934979975223541), (13, 0.6992170214653015), (14, 0.5994296073913574), (15, 0.4816109538078308), (16, 0.6410523653030396), (17, 0.4824855923652649), (18, 0.6142987608909607), (19, 0.580751359462738), (0, 0.6528874039649963), (1, 0.7198988795280457), (2, 0.5692986249923706), (3, 0.7193859815597534), (4, 0.6440414786338806), (5, 0.6320161819458008), (6, 0.6293347477912903), (7, 0.6577990651130676), (8, 0.5665801167488098), (9, 0.5805872678756714), (10, 0.5356436967849731), (11, 0.7058598399162292), (12, 0.41628989577293396), (13, 0.44724661111831665), (14, 0.7614863514900208), (15, 0.6789232492446899), (16, 0.7770516872406006), (17, 0.6767588257789612), (18, 0.6325631141662598), (19, 0.5741943717002869), (0, 0.5073648691177368), (1, 0.5933066606521606), (2, 0.6065278053283691), (3, 0.6982894539833069), (4, 0.6433041095733643), (5, 0.49593743681907654), (6, 0.48019900918006897), (7, 0.6218312382698059), (8, 0.6662201881408691), (9, 0.5779920220375061), (10, 0.5452636480331421), (11, 0.8478766679763794), (12, 0.6746619939804077), (13, 0.9509360194206238), (14, 0.4854219853878021), (15, 0.5588890910148621), (16, 0.5840355157852173), (17, 0.7186571359634399), (18, 0.7093242406845093), (19, 0.5550117492675781), (0, 0.539104163646698), (1, 0.6808865666389465), (2, 0.5507673025131226), (3, 0.6275827288627625), (4, 0.6677238345146179), (5, 0.5210369825363159), (6, 0.6649008989334106), (7, 0.9035671353340149), (8, 0.521424412727356), (9, 0.5538943409919739), (10, 0.845025360584259), (11, 0.7128901481628418), (12, 0.5536916255950928), (13, 0.6095870733261108), (14, 0.5769788026809692), (15, 0.5449758768081665), (16, 0.7414085268974304), (17, 0.6391695737838745), (18, 0.5708411931991577), (19, 0.6210288405418396), (0, 0.5730960369110107), (1, 0.5437455177307129), (2, 0.753442645072937), (3, 0.5495110154151917), (4, 0.9102063179016113), (5, 0.5382605195045471), (6, 0.7995924949645996), (7, 0.7402994632720947), (8, 0.6003895998001099), (9, 0.34826117753982544), (10, 0.610711932182312), (11, 0.7146937251091003), (12, 0.5079354047775269), (13, 0.5779494643211365), (14, 0.8674995303153992), (15, 0.36230969429016113), (16, 0.5928165912628174), (17, 0.5985816121101379), (18, 0.4218514561653137), (19, 0.6127650141716003), (0, 0.5514171123504639), (1, 0.608392596244812), (2, 0.6124000549316406), (3, 0.6226059794425964), (4, 0.5329327583312988), (5, 0.33134356141090393), (6, 0.7012690305709839), (7, 0.53922039270401), (8, 0.6003763675689697), (9, 0.6788837313652039), (10, 0.5154486894607544), (11, 0.43824559450149536), (12, 0.6854871511459351), (13, 0.6884145140647888), (14, 0.5874876379966736), (15, 0.6891752481460571), (16, 0.7085413932800293), (17, 0.7769064903259277), (18, 0.7277549505233765), (19, 0.6417781710624695), (0, 0.4612421989440918), (1, 0.6168135404586792), (2, 0.5315842628479004), (3, 0.5410524606704712), (4, 0.7645841240882874), (5, 0.49181270599365234), (6, 0.47184038162231445), (7, 0.6851577758789062), (8, 0.7924152612686157), (9, 0.7537848949432373), (10, 0.5129863619804382), (11, 0.5743021368980408), (12, 0.4885250926017761), (13, 0.6578936576843262), (14, 0.713412880897522), (15, 0.7641134262084961), (16, 0.8027302026748657), (17, 0.3647831678390503), (18, 0.4782590866088867), (19, 0.4556836187839508), (0, 0.507145881652832), (1, 0.5053451657295227), (2, 0.46241551637649536), (3, 0.6494507789611816), (4, 0.7869443297386169), (5, 0.3768165111541748), (6, 0.9368093609809875), (7, 0.4728976786136627), (8, 0.610694408416748), (9, 0.8574126958847046), (10, 0.4714679718017578), (11, 0.7282712459564209), (12, 0.6313872337341309), (13, 0.7424382567405701), (14, 0.5053339600563049), (15, 0.6334675550460815), (16, 0.3378159999847412), (17, 0.7253195643424988), (18, 0.5729631781578064), (19, 1.035051703453064), (0, 0.8366750478744507), (1, 0.6754962801933289), (2, 0.549615204334259), (3, 0.5893425941467285), (4, 0.5019720792770386), (5, 0.43155592679977417), (6, 0.6663549542427063), (7, 0.6983622908592224), (8, 0.703474760055542), (9, 0.9426472783088684), (10, 0.35232114791870117), (11, 0.5132955312728882), (12, 0.9141471982002258), (13, 0.7224059104919434), (14, 0.6330456733703613), (15, 0.5003034472465515), (16, 0.5248243808746338), (17, 0.4974958300590515), (18, 0.534572958946228), (19, 0.3358583152294159), (0, 0.42375248670578003), (1, 0.621997058391571), (2, 0.5877904891967773), (3, 0.43946465849876404), (4, 0.5741397142410278), (5, 0.6183635592460632), (6, 0.5998343229293823), (7, 0.5900388360023499), (8, 0.6089493036270142), (9, 0.48146820068359375), (10, 0.921596348285675), (11, 0.8176706433296204), (12, 0.7405706644058228), (13, 0.8692070245742798), (14, 0.3883444666862488), (15, 0.6917626857757568), (16, 0.3942244350910187), (17, 0.48511114716529846), (18, 0.6546535491943359), (19, 0.3697521686553955), (0, 0.7820405960083008), (1, 0.6229467391967773), (2, 0.6017982959747314), (3, 0.9939202070236206), (4, 0.5815609097480774), (5, 0.49173760414123535), (6, 0.5231253504753113), (7, 0.623644232749939), (8, 0.628919780254364), (9, 0.5099809765815735), (10, 0.5487810373306274), (11, 0.31101611256599426), (12, 0.5282343626022339), (13, 0.49562868475914), (14, 0.5863760709762573), (15, 0.5187750458717346), (16, 1.0805991888046265), (17, 0.7243587970733643), (18, 0.5627565979957581), (19, 0.3973739445209503), (0, 0.2867957651615143), (1, 0.28191059827804565), (2, 0.6325854063034058), (3, 0.6485323905944824), (4, 0.5097044110298157), (5, 0.8484856486320496), (6, 0.7414156794548035), (7, 0.6444225311279297), (8, 0.9474810361862183), (9, 0.40227144956588745), (10, 0.5716951489448547), (11, 0.5193694233894348), (12, 0.7880605459213257), (13, 0.6373764276504517), (14, 0.6849166750907898), (15, 0.7106821537017822), (16, 0.4796462953090668), (17, 0.5673894882202148), (18, 0.6668635606765747), (19, 0.5891523957252502), (0, 0.7355147004127502), (1, 0.36368757486343384), (2, 0.6692461371421814), (3, 0.6257511377334595), (4, 0.5257643461227417), (5, 1.0659902095794678), (6, 0.5663411617279053), (7, 0.7123750448226929), (8, 0.7291456460952759), (9, 0.42799463868141174), (10, 0.8816839456558228), (11, 0.532896101474762), (12, 0.38066181540489197), (13, 0.534052848815918), (14, 0.5563133955001831), (15, 0.6126850843429565), (16, 0.6221545338630676), (17, 0.5391088724136353), (18, 0.7018070220947266), (19, 0.3767024576663971), (0, 0.5797893404960632), (1, 0.5023042559623718), (2, 0.31259047985076904), (3, 0.5662516355514526), (4, 0.4659620225429535), (5, 0.7812992334365845), (6, 0.7738715410232544), (7, 0.5879281163215637), (8, 0.7540135383605957), (9, 1.1294280290603638), (10, 0.4642343521118164), (11, 0.7351968884468079), (12, 0.4630204737186432), (13, 0.5171496272087097), (14, 0.4545338749885559), (15, 0.6327775120735168), (16, 0.8097265958786011), (17, 0.5406838655471802), (18, 0.7474346160888672), (19, 0.5061505436897278), (0, 0.6435522437095642), (1, 0.4074212908744812), (2, 0.6625638008117676), (3, 0.47243666648864746), (4, 0.7391304969787598), (5, 0.76668381690979), (6, 0.34317952394485474), (7, 0.6949183344841003), (8, 0.511509358882904), (9, 0.4246082305908203), (10, 0.692642331123352), (11, 0.745392382144928), (12, 0.5206523537635803), (13, 0.8165121078491211), (14, 0.42692795395851135), (15, 0.6811928153038025), (16, 0.5687611103057861), (17, 0.5585029721260071), (18, 0.7652906179428101), (19, 0.5738086104393005), (0, 0.6073248982429504), (1, 0.4287564158439636), (2, 0.518858790397644), (3, 0.65790855884552), (4, 0.5171133875846863), (5, 0.5944793820381165), (6, 0.46707218885421753), (7, 0.6592331528663635), (8, 0.7048876285552979), (9, 0.6116228103637695), (10, 0.6537504196166992), (11, 1.2557708024978638), (12, 0.6781591176986694), (13, 0.44952884316444397), (14, 0.6601194143295288), (15, 0.5363031625747681), (16, 0.6260809302330017), (17, 0.4082110524177551), (18, 0.3717718720436096), (19, 0.5134178996086121), (0, 0.6581287384033203), (1, 0.6355161666870117), (2, 0.5566288232803345), (3, 0.7186256051063538), (4, 0.38917040824890137), (5, 0.6598536968231201), (6, 0.6018193960189819), (7, 0.564521312713623), (8, 0.7230197191238403), (9, 0.47030848264694214), (10, 0.6394037008285522), (11, 0.6898316144943237), (12, 0.861687183380127), (13, 0.636472225189209), (14, 0.6563541293144226), (15, 0.5618286728858948), (16, 0.6302761435508728), (17, 0.5243762731552124), (18, 0.4714265465736389), (19, 0.2202947586774826), (0, 0.42186468839645386), (1, 0.6709786653518677), (2, 0.374705970287323), (3, 0.6744192242622375), (4, 0.785799503326416), (5, 0.6073636412620544), (6, 0.6748444437980652), (7, 0.5875399708747864), (8, 0.38838016986846924), (9, 0.48254385590553284), (10, 0.57371985912323), (11, 0.6143923997879028), (12, 0.6741781234741211), (13, 0.3959827125072479), (14, 0.45632725954055786), (15, 0.5465089082717896), (16, 0.5848488807678223), (17, 1.2390048503875732), (18, 0.538253128528595), (19, 0.5224899649620056), (0, 0.6088491678237915), (1, 0.618526816368103), (2, 0.47195759415626526), (3, 0.6462200880050659), (4, 0.7133563160896301), (5, 0.5971329808235168), (6, 0.6887620687484741), (7, 0.6051763296127319), (8, 0.35073933005332947), (9, 0.5335038900375366), (10, 0.647213339805603), (11, 0.8277692794799805), (12, 0.49656957387924194), (13, 0.7196296453475952), (14, 0.5672410726547241), (15, 0.41933655738830566), (16, 0.5774056315422058), (17, 0.6643561720848083), (18, 0.5937258005142212), (19, 0.6886889338493347), (0, 0.6798932552337646), (1, 0.5407393574714661), (2, 0.4651055335998535), (3, 0.6854469776153564), (4, 0.6295403838157654), (5, 0.4526144862174988), (6, 0.8206836581230164), (7, 0.7631418108940125), (8, 0.4072916507720947), (9, 0.3167310357093811), (10, 0.5859946012496948), (11, 0.5750432014465332), (12, 0.4167495369911194), (13, 0.477655827999115), (14, 0.7164550423622131), (15, 0.3820686936378479), (16, 1.0444471836090088), (17, 0.814930260181427), (18, 0.7123545408248901), (19, 0.8547999262809753), (0, 0.6672864556312561), (1, 0.8735082745552063), (2, 0.5736404657363892), (3, 0.45421043038368225), (4, 0.4846295714378357), (5, 0.6287015080451965), (6, 0.4985438883304596), (7, 0.4940776228904724), (8, 0.6227123141288757), (9, 0.4811951518058777), (10, 0.7352398633956909), (11, 0.6930739879608154), (12, 0.6310871839523315), (13, 0.6307703852653503), (14, 0.7046944499015808), (15, 0.6168065071105957), (16, 0.4780769944190979), (17, 0.47123250365257263), (18, 0.31698036193847656), (19, 0.8863840699195862), (0, 0.9063829183578491), (1, 0.6608254313468933), (2, 0.8147538900375366), (3, 0.4628136157989502), (4, 0.7347304224967957), (5, 0.3848877549171448), (6, 0.5726394057273865), (7, 0.4514819085597992), (8, 0.6897633075714111), (9, 0.629931628704071), (10, 0.47392764687538147), (11, 0.573675274848938), (12, 0.7351508140563965), (13, 0.42921552062034607), (14, 0.6184813380241394), (15, 0.5806897878646851), (16, 0.5541136860847473), (17, 0.583023726940155), (18, 0.5231451392173767), (19, 0.4843429625034332), (0, 0.6565538048744202), (1, 0.6012231111526489), (2, 0.565405011177063), (3, 0.6995056867599487), (4, 0.45305687189102173), (5, 0.601909875869751), (6, 0.5856003165245056), (7, 0.4770168662071228), (8, 0.50227290391922), (9, 0.4229961037635803), (10, 0.5935873985290527), (11, 0.6488419771194458), (12, 0.5814915299415588), (13, 0.6820041537284851), (14, 0.31184348464012146), (15, 0.3461325466632843), (16, 0.9376316070556641), (17, 0.49404630064964294), (18, 1.0179156064987183), (19, 0.6728381514549255), (0, 0.5378478765487671), (1, 0.6442931890487671), (2, 0.9039009809494019), (3, 0.4356289505958557), (4, 0.8576868176460266), (5, 0.4500238001346588), (6, 0.5200924277305603), (7, 0.6200647950172424), (8, 0.5885229110717773), (9, 0.33738774061203003), (10, 0.6527270078659058), (11, 0.6183855533599854), (12, 0.45194298028945923), (13, 0.3386063575744629), (14, 0.7743674516677856), (15, 0.5337099432945251), (16, 0.6375378370285034), (17, 0.6319664120674133), (18, 0.724892258644104), (19, 0.5369643568992615), (0, 0.2914023697376251), (1, 0.5232075452804565), (2, 0.5960718989372253), (3, 0.4014355540275574), (4, 0.6311564445495605), (5, 0.4507712721824646), (6, 0.5725265741348267), (7, 0.6981536746025085), (8, 0.6452065110206604), (9, 0.8167311549186707), (10, 0.4228416979312897), (11, 0.48763447999954224), (12, 0.8094609975814819), (13, 0.6800214648246765), (14, 0.3773738741874695), (15, 0.7520279884338379), (16, 0.5161446332931519), (17, 0.6916733384132385), (18, 0.42095059156417847), (19, 0.962253749370575), (0, 0.6396797895431519), (1, 0.4650377333164215), (2, 0.9221340417861938), (3, 0.4099206328392029), (4, 0.42179712653160095), (5, 0.5341774821281433), (6, 0.6073288917541504), (7, 0.4240942895412445), (8, 0.5751938223838806), (9, 0.5592960119247437), (10, 0.48341459035873413), (11, 0.7842364311218262), (12, 0.5688464641571045), (13, 0.808183491230011), (14, 0.33608561754226685), (15, 0.6797586679458618), (16, 0.4053944945335388), (17, 0.5998128652572632), (18, 0.8695186376571655), (19, 0.74856036901474), (0, 0.7704639434814453), (1, 0.3453497290611267), (2, 0.44573935866355896), (3, 0.5035890936851501), (4, 0.3647259771823883), (5, 0.8619939088821411), (6, 0.460724413394928), (7, 0.6239742636680603), (8, 0.5725566744804382), (9, 0.625105082988739), (10, 0.6462119221687317), (11, 0.5221396088600159), (12, 0.6332303881645203), (13, 0.8347676992416382), (14, 0.5712947845458984), (15, 0.8348742723464966), (16, 0.5058187246322632), (17, 0.6407456994056702), (18, 0.5663396716117859), (19, 0.5929953455924988), (0, 0.31256359815597534), (1, 0.7288483381271362), (2, 0.8084047436714172), (3, 0.5636138916015625), (4, 0.604777455329895), (5, 0.699141263961792), (6, 0.5777455568313599), (7, 0.49840420484542847), (8, 0.7274194359779358), (9, 0.46029385924339294), (10, 0.8051711320877075), (11, 0.6792556047439575), (12, 0.5417389869689941), (13, 0.7094691395759583), (14, 0.5034167766571045), (15, 0.6382694840431213), (16, 0.5844312906265259), (17, 0.39729100465774536), (18, 0.32630282640457153), (19, 0.5697202086448669), (0, 0.6346387267112732), (1, 0.4950137138366699), (2, 0.48098787665367126), (3, 0.18820807337760925), (4, 0.6520465016365051), (5, 0.7135939598083496), (6, 0.5810294151306152), (7, 0.4736720025539398), (8, 0.6185778379440308), (9, 0.4759041666984558), (10, 0.7544681429862976), (11, 0.5100395679473877), (12, 0.563958466053009), (13, 0.7516053915023804), (14, 0.6152274012565613), (15, 0.6975079774856567), (16, 0.5440431833267212), (17, 0.5812309384346008), (18, 0.7291252613067627), (19, 0.3584384024143219), (0, 0.5347384214401245), (1, 0.5876947641372681), (2, 0.583730936050415), (3, 0.5033844113349915), (4, 0.518207311630249), (5, 0.35055336356163025), (6, 0.7348787188529968), (7, 0.5171977281570435), (8, 0.5074201822280884), (9, 0.5353152751922607), (10, 0.6892871856689453), (11, 0.4699226915836334), (12, 0.9030919075012207), (13, 0.6278825402259827), (14, 0.6893477439880371), (15, 0.6486865282058716), (16, 0.4053869843482971), (17, 0.6291109323501587), (18, 0.3808676600456238), (19, 0.6920090317726135), (0, 0.5817073583602905), (1, 0.4462330937385559), (2, 0.41362395882606506), (3, 0.4422769546508789), (4, 0.6429165601730347), (5, 0.8771452903747559), (6, 0.7355280518531799), (7, 0.8698734045028687), (8, 1.0771220922470093), (9, 0.602387547492981), (10, 0.6067827939987183), (11, 0.36018744111061096), (12, 0.35990089178085327), (13, 0.5718010067939758), (14, 0.5005486607551575), (15, 0.7167659997940063), (16, 0.34397903084754944), (17, 0.6485611796379089), (18, 0.7552202939987183), (19, 0.6584925651550293), (0, 0.8222309350967407), (1, 0.470986932516098), (2, 0.5261873006820679), (3, 0.5265002250671387), (4, 0.44623738527297974), (5, 0.5306432843208313), (6, 0.5889900922775269), (7, 0.630281925201416), (8, 0.544421911239624), (9, 0.7144713401794434), (10, 0.5196170210838318), (11, 0.6981387734413147), (12, 0.5756956338882446), (13, 0.5067236423492432), (14, 0.5271908640861511), (15, 0.39898306131362915), (16, 0.5303493142127991), (17, 0.9348543882369995), (18, 0.6481732130050659), (19, 0.3753716051578522), (0, 0.7289994955062866), (1, 0.7303511500358582), (2, 0.49175840616226196), (3, 0.5549834966659546), (4, 0.626642644405365), (5, 0.29757994413375854), (6, 0.6317739486694336), (7, 0.30677586793899536), (8, 0.47667843103408813), (9, 0.6964421272277832), (10, 0.5170009732246399), (11, 0.7374153733253479), (12, 0.5650719404220581), (13, 0.4916497766971588), (14, 0.5425401926040649), (15, 0.830659031867981), (16, 0.702540397644043), (17, 0.7216137051582336), (18, 0.7088363170623779), (19, 0.5716261863708496), (0, 0.5007192492485046), (1, 0.6257845163345337), (2, 0.6702255010604858), (3, 0.5030816793441772), (4, 0.7188771963119507), (5, 0.529086709022522), (6, 0.47231602668762207), (7, 0.5803177356719971), (8, 0.5983932018280029), (9, 0.8534361124038696), (10, 0.5753496289253235), (11, 0.2264777421951294), (12, 0.8229911923408508), (13, 0.6283893585205078), (14, 0.48593512177467346), (15, 0.32829076051712036), (16, 0.7199141383171082), (17, 0.4588801860809326), (18, 0.3920535147190094), (19, 0.666580855846405), (0, 0.5573270916938782), (1, 0.4278167188167572), (2, 0.6742886304855347), (3, 0.6216206550598145), (4, 0.5288771390914917), (5, 0.35270631313323975), (6, 0.8052346110343933), (7, 0.5667562484741211), (8, 0.477168470621109), (9, 0.7438195943832397), (10, 0.5990698933601379), (11, 0.3875615894794464), (12, 0.6174562573432922), (13, 0.4889056086540222), (14, 0.7495376467704773), (15, 0.5203774571418762), (16, 0.6944737434387207), (17, 0.49263399839401245), (18, 0.5875109434127808), (19, 0.46184226870536804), (0, 0.5696591138839722), (1, 0.6471092104911804), (2, 0.6979182958602905), (3, 0.34650009870529175), (4, 0.7252606153488159), (5, 0.8088935613632202), (6, 0.3884769082069397), (7, 0.6286283731460571), (8, 0.816268801689148), (9, 0.7716162800788879), (10, 0.5165135860443115), (11, 0.3268950581550598), (12, 0.23353151977062225), (13, 0.794425368309021), (14, 0.5828853845596313), (15, 0.45593419671058655), (16, 0.46520763635635376), (17, 0.359840452671051), (18, 0.6204083561897278), (19, 0.6361774802207947), (0, 0.7190446853637695), (1, 0.6298340559005737), (2, 0.35531216859817505), (3, 0.6287328600883484), (4, 0.4593431353569031), (5, 0.5915048122406006), (6, 0.42101603746414185), (7, 0.6952551007270813), (8, 0.5348661541938782), (9, 0.46093782782554626), (10, 0.7143151164054871), (11, 0.5278834700584412), (12, 0.719196081161499), (13, 0.6446030735969543), (14, 0.553406834602356), (15, 0.39493387937545776), (16, 0.7133644819259644), (17, 0.4521670341491699), (18, 0.553187370300293), (19, 0.3202795684337616), (0, 0.5051172375679016), (1, 0.32425400614738464), (2, 0.5387665033340454), (3, 0.5060068368911743), (4, 0.5986951589584351), (5, 0.30798670649528503), (6, 0.4058825373649597), (7, 0.6657522916793823), (8, 0.4845156669616699), (9, 0.6287522315979004), (10, 0.7632369995117188), (11, 0.7846444249153137), (12, 0.49859142303466797), (13, 0.5957126617431641), (14, 0.3876754939556122), (15, 0.9838154911994934), (16, 0.499932199716568), (17, 0.5581554174423218), (18, 0.5103561282157898), (19, 0.6748433113098145), (0, 0.5306434631347656), (1, 0.6019413471221924), (2, 0.5904439687728882), (3, 0.3202252686023712), (4, 0.41810178756713867), (5, 0.8560395240783691), (6, 0.5100876092910767), (7, 0.5330362319946289), (8, 0.7443963289260864), (9, 0.41570648550987244), (10, 0.6373718976974487), (11, 0.6066492199897766), (12, 0.3306218981742859), (13, 0.541052520275116), (14, 0.5652687549591064), (15, 0.8395704030990601), (16, 0.4998471736907959), (17, 0.40188995003700256), (18, 0.5551642179489136), (19, 0.762357771396637), (0, 0.4497256278991699), (1, 0.5962631702423096), (2, 0.6801570653915405), (3, 0.6677323579788208), (4, 0.5264736413955688), (5, 0.6393415331840515), (6, 0.44516095519065857), (7, 0.48763808608055115), (8, 0.36617982387542725), (9, 0.5356413125991821), (10, 0.7195419073104858), (11, 0.44916677474975586), (12, 0.4544634222984314), (13, 0.7123531103134155), (14, 0.5041670799255371), (15, 0.5453115701675415), (16, 0.41228246688842773), (17, 0.6654523611068726), (18, 0.5861635804176331), (19, 0.443497896194458), (0, 0.585790753364563), (1, 0.34160712361335754), (2, 0.2651978135108948), (3, 0.659995436668396), (4, 0.3246924877166748), (5, 0.6305117011070251), (6, 0.3905666470527649), (7, 0.590216338634491), (8, 0.7058476209640503), (9, 0.5811236500740051), (10, 0.8668748736381531), (11, 0.7862149477005005), (12, 0.4265422821044922), (13, 0.3453662097454071), (14, 0.6750155687332153), (15, 0.7577531933784485), (16, 0.41820693016052246), (17, 0.4145950675010681), (18, 0.8115532994270325), (19, 0.5452144145965576), (0, 0.5367413759231567), (1, 0.7670265436172485), (2, 0.4276624321937561), (3, 0.5750884413719177), (4, 0.5221090316772461), (5, 0.5571072101593018), (6, 0.4850601255893707), (7, 0.8389201164245605), (8, 0.5726019740104675), (9, 0.7318679094314575), (10, 0.4599599242210388), (11, 0.5097260475158691), (12, 0.24683749675750732), (13, 0.44782358407974243), (14, 0.4315062165260315), (15, 0.6782487630844116), (16, 0.729791522026062), (17, 1.0137584209442139), (18, 0.5325695872306824), (19, 0.5425404906272888), (0, 0.5860773921012878), (1, 0.3859700560569763), (2, 0.5540103912353516), (3, 0.6444905400276184), (4, 0.9244037866592407), (5, 0.38818928599357605), (6, 0.3325048089027405), (7, 0.3729831874370575), (8, 0.8283954858779907), (9, 0.545913577079773), (10, 0.7565563917160034), (11, 0.5757103562355042), (12, 0.9063966870307922), (13, 0.5121780037879944), (14, 0.618040919303894), (15, 0.5378454327583313), (16, 0.361621618270874), (17, 0.6128355264663696), (18, 0.505280613899231), (19, 0.726130485534668), (0, 0.45420676469802856), (1, 0.5324106216430664), (2, 0.773087203502655), (3, 0.6524649858474731), (4, 0.3992486596107483), (5, 0.4955384135246277), (6, 0.7682198286056519), (7, 0.5231181383132935), (8, 0.4173206686973572), (9, 0.5247753262519836), (10, 0.6921885013580322), (11, 0.696774423122406), (12, 0.6621981263160706), (13, 0.286304771900177), (14, 0.8172944188117981), (15, 0.555675745010376), (16, 0.42745333909988403), (17, 0.6840485334396362), (18, 0.7435818910598755), (19, 0.5068110823631287), (0, 0.3952030539512634), (1, 0.6239868402481079), (2, 0.4506171643733978), (3, 0.4277007579803467), (4, 0.5908930897712708), (5, 0.6123571395874023), (6, 0.5793153047561646), (7, 0.7350593209266663), (8, 0.35913750529289246), (9, 0.7133748531341553), (10, 0.39880460500717163), (11, 0.8205366134643555), (12, 0.6717201471328735), (13, 0.5000999569892883), (14, 0.6001977324485779), (15, 0.6234508752822876), (16, 0.4250526428222656), (17, 0.617443859577179), (18, 0.5815190076828003), (19, 0.3213554322719574), (0, 0.4866844117641449), (1, 0.5865830183029175), (2, 0.2921407222747803), (3, 0.520727813243866), (4, 0.3818731904029846), (5, 0.43134698271751404), (6, 0.7019127607345581), (7, 0.6701759099960327), (8, 0.5005356073379517), (9, 0.6102324724197388), (10, 0.499755859375), (11, 0.7208603024482727), (12, 0.8079735040664673), (13, 0.401583731174469), (14, 0.41982516646385193), (15, 0.49965137243270874), (16, 0.7293835878372192), (17, 0.5769101977348328), (18, 0.6985899209976196), (19, 0.2996253967285156), (0, 0.6362153887748718), (1, 0.6395875811576843), (2, 0.8574859499931335), (3, 0.5075410604476929), (4, 0.5096753239631653), (5, 0.4861297011375427), (6, 0.4691934585571289), (7, 0.5720006227493286), (8, 0.6314643621444702), (9, 0.5788742899894714), (10, 0.8488051295280457), (11, 0.4795219302177429), (12, 0.6076496839523315), (13, 0.41865816712379456), (14, 0.4967581629753113), (15, 0.4570346474647522), (16, 0.1968657225370407), (17, 0.3217921257019043), (18, 0.5529616475105286), (19, 0.6454571485519409), (0, 0.4552517533302307), (1, 0.4606994092464447), (2, 0.7036707997322083), (3, 0.401949018239975), (4, 0.45285359025001526), (5, 0.38532131910324097), (6, 0.6842406988143921), (7, 0.6628742218017578), (8, 0.44480767846107483), (9, 0.4494568407535553), (10, 0.718406617641449), (11, 0.4116586744785309), (12, 0.8578243255615234), (13, 0.30028119683265686), (14, 0.9317220449447632), (15, 0.9750995635986328), (16, 0.3837854564189911), (17, 0.9119993448257446), (18, 0.42398133873939514), (19, 0.6100896000862122), (0, 0.6091229915618896), (1, 0.2829567790031433), (2, 0.9795166850090027), (3, 0.2480679750442505), (4, 0.4703666567802429), (5, 0.6948891878128052), (6, 0.5700892210006714), (7, 0.5317197442054749), (8, 0.5966657400131226), (9, 0.5918197631835938), (10, 0.6596190929412842), (11, 0.4146658778190613), (12, 0.4714844226837158), (13, 0.5618060827255249), (14, 1.2378532886505127), (15, 0.503714382648468), (16, 0.5594073534011841), (17, 0.4874737858772278), (18, 0.41429775953292847), (19, 0.48031044006347656), (0, 0.4549351632595062), (1, 0.4159391522407532), (2, 0.45646125078201294), (3, 0.6159318089485168), (4, 0.544646680355072), (5, 0.17673783004283905), (6, 0.9390592575073242), (7, 0.589611291885376), (8, 0.37185198068618774), (9, 0.5711169242858887), (10, 0.5701950788497925), (11, 0.7071233987808228), (12, 0.5887560844421387), (13, 0.5288525819778442), (14, 0.7212048768997192), (15, 0.6274224519729614), (16, 0.6271929144859314), (17, 0.29964929819107056), (18, 0.8323447108268738), (19, 0.11588790267705917), (0, 0.6918185949325562), (1, 0.7447330951690674), (2, 0.41919422149658203), (3, 0.3392446041107178), (4, 0.6207298040390015), (5, 0.5699636936187744), (6, 0.39686307311058044), (7, 0.5634680986404419), (8, 0.9812090992927551), (9, 0.783257782459259), (10, 0.46798378229141235), (11, 0.5106493234634399), (12, 0.48602384328842163), (13, 0.2995029091835022), (14, 0.36369502544403076), (15, 0.60548335313797), (16, 0.3156946301460266), (17, 0.9963679313659668), (18, 0.3262384533882141), (19, 0.6853038668632507), (0, 0.4469648003578186), (1, 0.45867133140563965), (2, 0.3795134425163269), (3, 0.4514450132846832), (4, 0.6331079602241516), (5, 0.6015620827674866), (6, 0.40086784958839417), (7, 0.47656726837158203), (8, 0.8134186863899231), (9, 0.729819655418396), (10, 0.34112951159477234), (11, 0.5694326162338257), (12, 0.5874426960945129), (13, 0.3821370303630829), (14, 0.5616467595100403), (15, 0.8121479749679565), (16, 0.5973068475723267), (17, 0.5362107753753662), (18, 0.4306219220161438), (19, 0.7397756576538086), (0, 0.31809476017951965), (1, 0.6259642839431763), (2, 0.47040241956710815), (3, 0.41623300313949585), (4, 0.39987191557884216), (5, 0.5694948434829712), (6, 0.5778802633285522), (7, 0.3827682137489319), (8, 0.5701674818992615), (9, 0.5366053581237793), (10, 0.3065301179885864), (11, 0.5389758348464966), (12, 0.5782322883605957), (13, 0.39603638648986816), (14, 0.6560026407241821), (15, 0.4941682815551758), (16, 0.7223032712936401), (17, 0.7104313969612122), (18, 0.35532400012016296), (19, 1.2630139589309692), (0, 0.5757631063461304), (1, 0.2599056363105774), (2, 0.19524700939655304), (3, 0.5461974740028381), (4, 0.493068128824234), (5, 0.5629016160964966), (6, 0.7515567541122437), (7, 0.8742792010307312), (8, 0.900902271270752), (9, 0.4984186589717865), (10, 0.35990530252456665), (11, 0.6176260709762573), (12, 0.5057677030563354), (13, 0.6756241321563721), (14, 0.16091910004615784), (15, 0.933491051197052), (16, 0.2558991014957428), (17, 0.41880160570144653), (18, 0.5148724317550659), (19, 0.6982613205909729), (0, 0.6385418176651001), (1, 0.4990788400173187), (2, 0.4452953338623047), (3, 0.5554260015487671), (4, 0.347990483045578), (5, 0.7728997468948364), (6, 0.6791694164276123), (7, 0.6332967877388), (8, 0.5667520761489868), (9, 0.575485110282898), (10, 0.2946559488773346), (11, 0.5278463363647461), (12, 0.47283902764320374), (13, 0.5551082491874695), (14, 0.8020645380020142), (15, 0.25427666306495667), (16, 0.7104253768920898), (17, 0.4582010805606842), (18, 0.37985873222351074), (19, 0.93533855676651), (0, 0.6019229888916016), (1, 0.6311860680580139), (2, 0.6403189897537231), (3, 0.42697709798812866), (4, 0.7415264248847961), (5, 0.5051795840263367), (6, 0.5771783590316772), (7, 0.5155368447303772), (8, 0.5076404213905334), (9, 0.4272994101047516), (10, 0.3837004601955414), (11, 0.4210493564605713), (12, 0.45802298188209534), (13, 0.48322439193725586), (14, 0.5717911720275879), (15, 0.7912093997001648), (16, 0.7584712505340576), (17, 0.8637584447860718), (18, 0.4230476915836334), (19, 0.343179315328598), (0, 0.3894731104373932), (1, 0.5635668039321899), (2, 0.7820863723754883), (3, 0.5074198246002197), (4, 0.6547199487686157), (5, 0.35043615102767944), (6, 0.5632481575012207), (7, 0.24611258506774902), (8, 0.6907700300216675), (9, 0.6490669846534729), (10, 0.17764097452163696), (11, 0.4789729118347168), (12, 0.8505827784538269), (13, 0.7209347486495972), (14, 0.6690857410430908), (15, 0.6447376012802124), (16, 0.5396519303321838), (17, 0.5811855792999268), (18, 0.4871334135532379), (19, 0.5659008622169495), (0, 0.9264402389526367), (1, 0.5864337682723999), (2, 0.62906414270401), (3, 0.5432488322257996), (4, 0.4060574471950531), (5, 0.4454665184020996), (6, 0.755551815032959), (7, 0.2668874263763428), (8, 0.6202797293663025), (9, 0.5115207433700562), (10, 0.48508039116859436), (11, 0.5604463219642639), (12, 0.823030948638916), (13, 0.6660798192024231), (14, 0.43113717436790466), (15, 0.4827812612056732), (16, 0.30389660596847534), (17, 0.3629215657711029), (18, 0.6354619264602661), (19, 0.5989141464233398), (0, 0.535234808921814), (1, 0.522311270236969), (2, 0.42151275277137756), (3, 0.5506578683853149), (4, 0.597154974937439), (5, 0.5100764632225037), (6, 0.5675081014633179), (7, 0.5144044756889343), (8, 0.8396787643432617), (9, 0.8115897178649902), (10, 1.0162982940673828), (11, 0.3177958130836487), (12, 0.5029224157333374), (13, 0.23149187862873077), (14, 0.5211672782897949), (15, 0.5752767324447632), (16, 0.46091899275779724), (17, 0.48311153054237366), (18, 0.4674747884273529), (19, 0.48963162302970886), (0, 0.6606292128562927), (1, 0.5788207054138184), (2, 0.3321639597415924), (3, 0.6133415102958679), (4, 0.6794453859329224), (5, 0.509750485420227), (6, 0.3036002218723297), (7, 0.6004501581192017), (8, 0.5954718589782715), (9, 0.4744022786617279), (10, 0.5290927886962891), (11, 0.41270169615745544), (12, 0.513597846031189), (13, 0.520307719707489), (14, 0.3744760751724243), (15, 0.8699924349784851), (16, 0.6568187475204468), (17, 0.442847341299057), (18, 0.4757947325706482), (19, 0.6839134693145752), (0, 0.35964539647102356), (1, 0.403402179479599), (2, 0.6555970907211304), (3, 0.7234169244766235), (4, 0.6457899808883667), (5, 0.2563864290714264), (6, 0.4185367524623871), (7, 0.6625949144363403), (8, 0.28741613030433655), (9, 0.4445323348045349), (10, 0.7582725286483765), (11, 0.3632589280605316), (12, 0.6701403856277466), (13, 0.6657026410102844), (14, 0.4531022906303406), (15, 0.6826419830322266), (16, 0.9482549428939819), (17, 0.34531062841415405), (18, 0.7269884347915649), (19, 0.7470088005065918), (0, 0.5207802057266235), (1, 0.3886658549308777), (2, 0.6552122831344604), (3, 0.5283151268959045), (4, 0.37744325399398804), (5, 0.5344222187995911), (6, 0.3499881625175476), (7, 0.9129230380058289), (8, 0.3522038161754608), (9, 0.630242645740509), (10, 0.7688848376274109), (11, 0.7318494915962219), (12, 0.5775104761123657), (13, 0.5571768283843994), (14, 0.8342397809028625), (15, 0.570317268371582), (16, 0.22472858428955078), (17, 0.5673927068710327), (18, 0.5918201208114624), (19, 0.41386163234710693), (0, 0.41889986395835876), (1, 0.46034494042396545), (2, 0.5493927001953125), (3, 0.4566824436187744), (4, 0.5635918974876404), (5, 0.3294915556907654), (6, 0.6237689256668091), (7, 0.7671932578086853), (8, 0.6633769273757935), (9, 0.7646013498306274), (10, 0.4776759147644043), (11, 0.5156993269920349), (12, 0.2655541002750397), (13, 0.47364363074302673), (14, 0.7037186026573181), (15, 0.4852485656738281), (16, 0.5210383534431458), (17, 0.47196364402770996), (18, 0.6548658013343811), (19, 0.7791895866394043), (0, 0.15464065968990326), (1, 0.41674408316612244), (2, 0.36552780866622925), (3, 0.6879510879516602), (4, 0.38136667013168335), (5, 0.840008556842804), (6, 0.662134051322937), (7, 0.48576363921165466), (8, 0.42319029569625854), (9, 0.7028671503067017), (10, 0.4669613838195801), (11, 0.5889137387275696), (12, 0.40166646242141724), (13, 0.5450465083122253), (14, 0.3832278251647949), (15, 0.5489051342010498), (16, 0.9562292098999023), (17, 0.7835699915885925), (18, 0.5067553520202637), (19, 0.6965689659118652), (0, 0.3288284242153168), (1, 0.6657587289810181), (2, 0.5325632691383362), (3, 0.5429094433784485), (4, 0.4287773668766022), (5, 0.647810161113739), (6, 0.48225799202919006), (7, 0.8140231966972351), (8, 0.7082003355026245), (9, 0.7407840490341187), (10, 0.39540374279022217), (11, 0.17245545983314514), (12, 0.48127657175064087), (13, 0.552055299282074), (14, 0.42849001288414), (15, 0.8449969291687012), (16, 0.6286919713020325), (17, 0.5973390340805054), (18, 0.49200358986854553), (19, 0.28607693314552307), (0, 0.8990135192871094), (1, 0.4009983539581299), (2, 0.5845822095870972), (3, 0.5656595230102539), (4, 0.37187108397483826), (5, 0.39997756481170654), (6, 0.7099158763885498), (7, 0.7216151356697083), (8, 0.5238828063011169), (9, 0.7324990034103394), (10, 0.2972094416618347), (11, 1.136802077293396), (12, 0.4336865544319153), (13, 0.20949344336986542), (14, 0.7220149636268616), (15, 0.8008514642715454), (16, 0.5197255611419678), (17, 0.30968156456947327), (18, 0.22138884663581848), (19, 0.4441852867603302), (0, 0.33741575479507446), (1, 0.7357653975486755), (2, 0.548786997795105), (3, 0.28669825196266174), (4, 0.37926819920539856), (5, 0.6930578947067261), (6, 0.5010267496109009), (7, 0.5215029716491699), (8, 0.4350956976413727), (9, 0.6352443099021912), (10, 0.888157844543457), (11, 0.6687532663345337), (12, 0.41253241896629333), (13, 0.3249261975288391), (14, 0.4201947748661041), (15, 0.41236287355422974), (16, 0.543571412563324), (17, 0.7845001220703125), (18, 0.49422687292099), (19, 0.2506531774997711), (0, 0.9472381472587585), (1, 0.7271779775619507), (2, 0.38110917806625366), (3, 0.4606662690639496), (4, 0.5400931239128113), (5, 0.6151057481765747), (6, 0.6169096827507019), (7, 0.6865509152412415), (8, 0.33947697281837463), (9, 0.46231380105018616), (10, 0.37527042627334595), (11, 0.5894314646720886), (12, 0.7181206941604614), (13, 0.6120891571044922), (14, 0.6647064089775085), (15, 0.39242789149284363), (16, 0.3460107445716858), (17, 0.3841201663017273), (18, 0.5147238969802856), (19, 0.18996334075927734), (0, 0.45357751846313477), (1, 0.8253656625747681), (2, 0.3363763689994812), (3, 0.31927290558815), (4, 0.7892056107521057), (5, 0.3549112379550934), (6, 0.5190376043319702), (7, 0.7366278171539307), (8, 0.5545152425765991), (9, 0.2993893623352051), (10, 0.6373473405838013), (11, 0.25798726081848145), (12, 0.32271361351013184), (13, 0.1289084404706955), (14, 0.8621546626091003), (15, 0.7885032892227173), (16, 0.7932146787643433), (17, 0.7228280901908875), (18, 0.3245346248149872), (19, 0.9231696128845215), (0, 0.4650636613368988), (1, 0.2780182361602783), (2, 0.3548343777656555), (3, 0.3827272951602936), (4, 0.5323496460914612), (5, 0.5797780156135559), (6, 0.43424829840660095), (7, 0.8480092883110046), (8, 0.43159857392311096), (9, 0.42185649275779724), (10, 0.6487728357315063), (11, 0.9987762570381165), (12, 0.725084662437439), (13, 0.5642275810241699), (14, 0.37499669194221497), (15, 0.2869126498699188), (16, 0.6384990811347961), (17, 0.5625275373458862), (18, 0.6510394215583801), (19, 0.3316102623939514), (0, 0.47888731956481934), (1, 0.5623174905776978), (2, 0.4391002058982849), (3, 0.4709727168083191), (4, 0.3421421945095062), (5, 0.7098231911659241), (6, 0.6604394316673279), (7, 0.4953590929508209), (8, 0.558667778968811), (9, 0.6819109916687012), (10, 0.2280871570110321), (11, 0.57242751121521), (12, 0.4130845069885254), (13, 0.46674853563308716), (14, 0.455270379781723), (15, 0.5510164499282837), (16, 0.48205748200416565), (17, 0.7306900024414062), (18, 0.6260113716125488), (19, 0.590196430683136), (0, 0.7007431387901306), (1, 0.4168483316898346), (2, 0.47113680839538574), (3, 0.7307507395744324), (4, 0.3338319659233093), (5, 0.501641035079956), (6, 0.6230819821357727), (7, 0.9360129237174988), (8, 0.558932900428772), (9, 0.3982234597206116), (10, 0.45342645049095154), (11, 0.6446460485458374), (12, 0.5187851190567017), (13, 0.7020370364189148), (14, 0.5350887775421143), (15, 0.6119287014007568), (16, 0.7506332397460938), (17, 0.2547275424003601), (18, 0.4219091832637787), (19, 0.5719043612480164), (0, 0.30318939685821533), (1, 0.4610283374786377), (2, 0.3219025135040283), (3, 0.4317336678504944), (4, 0.6417809724807739), (5, 0.33636388182640076), (6, 0.5659757852554321), (7, 0.9310252070426941), (8, 0.4337526261806488), (9, 0.8017856478691101), (10, 0.535396933555603), (11, 0.40629974007606506), (12, 0.5571919679641724), (13, 0.3115077316761017), (14, 0.5936683416366577), (15, 0.4902811050415039), (16, 0.4380541443824768), (17, 0.9552034139633179), (18, 0.7787991762161255), (19, 0.8732215762138367), (0, 0.5646094679832458), (1, 0.7437146902084351), (2, 0.4274328649044037), (3, 0.47002339363098145), (4, 0.5581261515617371), (5, 0.5368901491165161), (6, 0.5274113416671753), (7, 0.6278200745582581), (8, 0.3566116392612457), (9, 0.6082228422164917), (10, 0.4762119650840759), (11, 0.4548643231391907), (12, 0.49890249967575073), (13, 0.44018787145614624), (14, 0.7065927386283875), (15, 0.48799777030944824), (16, 1.0373070240020752), (17, 0.6980757713317871), (18, 0.31468337774276733), (19, 0.5251436233520508), (0, 0.33512356877326965), (1, 0.4407005310058594), (2, 0.8471595644950867), (3, 0.5964014530181885), (4, 0.48595428466796875), (5, 0.3470238149166107), (6, 0.6081193089485168), (7, 0.39190173149108887), (8, 0.7282921671867371), (9, 0.42661944031715393), (10, 0.4054011404514313), (11, 0.5421719551086426), (12, 0.9208539128303528), (13, 0.46960562467575073), (14, 0.5949500799179077), (15, 0.7049857974052429), (16, 0.4844767451286316), (17, 0.3502275347709656), (18, 0.4808134138584137), (19, 0.3290747106075287), (0, 0.34696123003959656), (1, 0.5944803953170776), (2, 0.3095385730266571), (3, 0.5205075144767761), (4, 0.7659202814102173), (5, 0.5088308453559875), (6, 0.4683951735496521), (7, 0.5108050107955933), (8, 0.537963330745697), (9, 0.3805539011955261), (10, 0.9191069602966309), (11, 0.3339264988899231), (12, 0.8326306343078613), (13, 0.38907742500305176), (14, 0.29141515493392944), (15, 0.3289630115032196), (16, 0.5089731216430664), (17, 0.5108899474143982), (18, 0.7059959173202515), (19, 1.0567213296890259), (0, 0.5752674341201782), (1, 0.5862643122673035), (2, 0.5993729829788208), (3, 0.394095242023468), (4, 0.6915906667709351), (5, 0.366750568151474), (6, 0.43671631813049316), (7, 0.3033795654773712), (8, 0.8291695713996887), (9, 0.6560777425765991), (10, 0.5448340773582458), (11, 0.5936648845672607), (12, 0.5927854776382446), (13, 0.16134217381477356), (14, 0.8492203950881958), (15, 0.6073682308197021), (16, 0.48539671301841736), (17, 0.4955901503562927), (18, 0.44758525490760803), (19, 0.3974556624889374), (0, 0.4888536334037781), (1, 0.5172699689865112), (2, 0.19365492463111877), (3, 0.4744335114955902), (4, 0.44898542761802673), (5, 0.14053212106227875), (6, 0.5276129841804504), (7, 0.3781941533088684), (8, 1.233190655708313), (9, 0.28606918454170227), (10, 0.739325761795044), (11, 0.585935115814209), (12, 0.6176673173904419), (13, 0.46293193101882935), (14, 0.7437433004379272), (15, 0.41978126764297485), (16, 0.5062416195869446), (17, 0.7086698412895203), (18, 0.5004653930664062), (19, 0.8234464526176453), (0, 0.806921660900116), (1, 0.4999617040157318), (2, 0.5491103529930115), (3, 0.23036381602287292), (4, 0.7339092493057251), (5, 0.6297918558120728), (6, 0.3745242953300476), (7, 0.4879429340362549), (8, 0.49632421135902405), (9, 0.4848550856113434), (10, 0.49569663405418396), (11, 0.7532896995544434), (12, 0.5606949925422668), (13, 0.5075464248657227), (14, 0.5843008756637573), (15, 0.3503151535987854), (16, 0.8033997416496277), (17, 0.41841965913772583), (18, 0.8327448964118958), (19, 0.9570355415344238), (0, 0.40422096848487854), (1, 0.5426846146583557), (2, 0.6438584327697754), (3, 0.707083523273468), (4, 0.5262869596481323), (5, 0.38826286792755127), (6, 0.22750703990459442), (7, 0.6350914239883423), (8, 0.6159335374832153), (9, 0.5536501407623291), (10, 0.49000343680381775), (11, 0.33871498703956604), (12, 0.7037360072135925), (13, 0.5100219249725342), (14, 0.5367597341537476), (15, 1.0745656490325928), (16, 0.55640709400177), (17, 0.7661951780319214), (18, 0.5330425500869751), (19, 0.7703933119773865), (0, 0.44756022095680237), (1, 0.437082439661026), (2, 0.30409297347068787), (3, 0.3977307975292206), (4, 0.4577418267726898), (5, 0.47496992349624634), (6, 0.5507715344429016), (7, 0.42596402764320374), (8, 0.7911080121994019), (9, 0.5628799796104431), (10, 0.7349013090133667), (11, 0.5529992580413818), (12, 0.7305001020431519), (13, 0.37280234694480896), (14, 0.6776482462882996), (15, 0.3146074414253235), (16, 0.6593648195266724), (17, 0.5662529468536377), (18, 0.40603166818618774), (19, 0.5640494227409363), (0, 0.6982361078262329), (1, 0.4296160638332367), (2, 0.5768181085586548), (3, 0.33608970046043396), (4, 0.8120238184928894), (5, 0.42312830686569214), (6, 0.31305766105651855), (7, 0.38007670640945435), (8, 0.5461418032646179), (9, 0.6679823994636536), (10, 0.48923081159591675), (11, 0.42279720306396484), (12, 0.5887139439582825), (13, 0.49111682176589966), (14, 0.40224528312683105), (15, 0.8604768514633179), (16, 0.4001242518424988), (17, 0.392927885055542), (18, 0.7276724576950073), (19, 0.46400997042655945), (0, 0.3856295645236969), (1, 0.3796651363372803), (2, 0.6141738891601562), (3, 0.4031601548194885), (4, 0.544295608997345), (5, 0.5699113607406616), (6, 0.6533535718917847), (7, 0.5316001176834106), (8, 0.35569530725479126), (9, 0.21564538776874542), (10, 0.8026915788650513), (11, 0.4546739161014557), (12, 0.43712830543518066), (13, 0.46630439162254333), (14, 0.4017668664455414), (15, 0.48293739557266235), (16, 0.8220130801200867), (17, 0.9154688715934753), (18, 0.7545157670974731), (19, 0.3832557201385498), (0, 0.4035099148750305), (1, 0.6357067823410034), (2, 0.482760488986969), (3, 0.4608072340488434), (4, 0.6400213241577148), (5, 0.5402308106422424), (6, 0.16508421301841736), (7, 0.5013638734817505), (8, 0.7710803747177124), (9, 0.5259844064712524), (10, 0.4867015480995178), (11, 0.8136385083198547), (12, 0.8359929323196411), (13, 0.31818169355392456), (14, 0.454862505197525), (15, 0.3573010563850403), (16, 0.9251474142074585), (17, 0.6696912050247192), (18, 0.4609588086605072), (19, 0.46431148052215576), (0, 0.4672355055809021), (1, 0.5300782322883606), (2, 0.32056015729904175), (3, 0.5342076420783997), (4, 0.6252156496047974), (5, 0.48798927664756775), (6, 0.459128201007843), (7, 0.38135457038879395), (8, 0.6597225069999695), (9, 0.6637887358665466), (10, 0.3500484228134155), (11, 0.47327566146850586), (12, 0.4336903989315033), (13, 1.0020363330841064), (14, 0.7070012092590332), (15, 0.6953029632568359), (16, 0.6583802103996277), (17, 0.5275888442993164), (18, 0.2694557309150696), (19, 1.1086562871932983), (0, 0.651305615901947), (1, 0.6787083148956299), (2, 0.5710786581039429), (3, 0.7681306600570679), (4, 0.45098477602005005), (5, 0.594350278377533), (6, 0.5436714887619019), (7, 0.5389090776443481), (8, 0.6188569068908691), (9, 0.3794071674346924), (10, 0.5877562761306763), (11, 0.5506080389022827), (12, 0.7929003238677979), (13, 0.40564465522766113), (14, 0.8222196698188782), (15, 0.4153880476951599), (16, 0.839307963848114), (17, 0.6158791184425354), (18, 0.5593162178993225), (19, 0.6722049117088318), (0, 0.608446478843689), (1, 0.38108009099960327), (2, 0.37122321128845215), (3, 0.44137197732925415), (4, 0.18274493515491486), (5, 0.48989495635032654), (6, 0.7394710779190063), (7, 0.755194902420044), (8, 1.1458427906036377), (9, 0.5298649668693542), (10, 0.2530573904514313), (11, 0.47338801622390747), (12, 0.7207374572753906), (13, 0.7463587522506714), (14, 0.5817612409591675), (15, 0.4688350558280945), (16, 0.4512157440185547), (17, 0.7631602883338928), (18, 0.4522674083709717), (19, 0.3123137652873993), (0, 0.326418399810791), (1, 0.6689186692237854), (2, 0.8150337338447571), (3, 0.5436069965362549), (4, 0.5373433828353882), (5, 0.6430054306983948), (6, 0.3352760076522827), (7, 0.5030288100242615), (8, 0.6068681478500366), (9, 0.48719272017478943), (10, 0.47799864411354065), (11, 0.6112500429153442), (12, 0.6555187702178955), (13, 0.511282205581665), (14, 0.6073945760726929), (15, 0.8538012504577637), (16, 0.31905293464660645), (17, 0.5808253288269043), (18, 0.1770661324262619), (19, 0.2815231680870056), (0, 0.3979366719722748), (1, 0.4099578857421875), (2, 0.5122323632240295), (3, 0.347435861825943), (4, 0.5246046185493469), (5, 0.6618882417678833), (6, 0.6745299100875854), (7, 0.7998923063278198), (8, 0.40374284982681274), (9, 0.41391220688819885), (10, 0.4814135432243347), (11, 0.404170423746109), (12, 0.39805641770362854), (13, 0.6741747856140137), (14, 0.6323085427284241), (15, 0.772720217704773), (16, 0.6171798706054688), (17, 0.3041818141937256), (18, 0.6226681470870972), (19, 0.18090277910232544), (0, 0.5313962697982788), (1, 0.6929524540901184), (2, 0.29323461651802063), (3, 0.9799622297286987), (4, 0.38065385818481445), (5, 0.48156991600990295), (6, 0.2656896710395813), (7, 0.47786957025527954), (8, 0.4047181010246277), (9, 0.3781633973121643), (10, 0.5766004323959351), (11, 0.3432680666446686), (12, 0.342801570892334), (13, 0.7933987379074097), (14, 0.6931004524230957), (15, 0.6905726790428162), (16, 0.7960411906242371), (17, 0.4241519868373871), (18, 0.6325731873512268), (19, 0.5772605538368225), (0, 0.6190201044082642), (1, 0.2964428961277008), (2, 0.4011814594268799), (3, 0.34939736127853394), (4, 0.519116222858429), (5, 0.3281691372394562), (6, 0.6860697865486145), (7, 0.4490048885345459), (8, 0.6446431279182434), (9, 0.23651814460754395), (10, 0.4095093309879303), (11, 0.8846515417098999), (12, 0.6323587894439697), (13, 0.4707508981227875), (14, 0.5157561898231506), (15, 0.33501380681991577), (16, 0.47869476675987244), (17, 0.9416375160217285), (18, 0.4947880804538727), (19, 0.5375033020973206), (0, 0.5227047801017761), (1, 0.19731742143630981), (2, 0.7343209981918335), (3, 0.45016393065452576), (4, 0.5401352643966675), (5, 0.16064484417438507), (6, 0.431934654712677), (7, 0.670374870300293), (8, 0.5115057826042175), (9, 0.5863425135612488), (10, 0.6377366781234741), (11, 0.4059011936187744), (12, 0.4010891318321228), (13, 0.6760200262069702), (14, 0.4416519105434418), (15, 0.5401014089584351), (16, 0.5657299757003784), (17, 0.42049771547317505), (18, 1.0966335535049438), (19, 0.18706150352954865), (0, 0.5127824544906616), (1, 0.463514506816864), (2, 0.5750711560249329), (3, 0.6411325335502625), (4, 0.47433432936668396), (5, 0.4531143307685852), (6, 0.43017059564590454), (7, 0.36878231167793274), (8, 0.6953381299972534), (9, 0.5023459196090698), (10, 0.6933072209358215), (11, 0.47247982025146484), (12, 0.48513516783714294), (13, 0.6176681518554688), (14, 0.3619811534881592), (15, 0.6091593503952026), (16, 0.6993008255958557), (17, 0.8044927716255188), (18, 0.9280544519424438), (19, 0.6674732565879822), (0, 0.8230516314506531), (1, 0.6943615674972534), (2, 0.27104267477989197), (3, 0.47737088799476624), (4, 0.5248159170150757), (5, 0.3468863368034363), (6, 0.3891957402229309), (7, 0.48401984572410583), (8, 0.40736302733421326), (9, 0.3275684714317322), (10, 0.36140674352645874), (11, 0.34684687852859497), (12, 0.811853289604187), (13, 0.6273180246353149), (14, 0.45032674074172974), (15, 0.528847336769104), (16, 0.4386995732784271), (17, 0.7687652111053467), (18, 0.9427439570426941), (19, 0.5882679224014282), (0, 0.3137940466403961), (1, 0.5463920831680298), (2, 0.5545905828475952), (3, 0.4658295214176178), (4, 0.7132377028465271), (5, 0.5595765113830566), (6, 0.57457435131073), (7, 0.38141322135925293), (8, 0.4172537922859192), (9, 0.5415273904800415), (10, 0.4989256262779236), (11, 0.4653468728065491), (12, 0.34496888518333435), (13, 0.5502875447273254), (14, 0.5979530215263367), (15, 0.4802698493003845), (16, 0.38652169704437256), (17, 0.5453002452850342), (18, 0.8545252084732056), (19, 0.40599700808525085), (0, 0.7739899158477783), (1, 0.5468760132789612), (2, 0.5175970196723938), (3, 0.417266845703125), (4, 0.5335225462913513), (5, 0.4100719392299652), (6, 0.4019080102443695), (7, 0.5252002477645874), (8, 0.5674529075622559), (9, 0.32200413942337036), (10, 0.7150217890739441), (11, 0.3613296151161194), (12, 0.38780802488327026), (13, 0.6958447694778442), (14, 0.4056803286075592), (15, 0.6797412633895874), (16, 0.2657424509525299), (17, 0.3519168794155121), (18, 0.5915101766586304), (19, 1.1420443058013916)]