Model Setup for {PATIENT_GROUPS} Trained Network:

NCDE Network Architecture Parameters
Input channels=3
Hidden channels=11
Output channels=1

Training hyperparameters
Optimizer=AdamW (
Parameter Group 0
    amsgrad: False
    betas: (0.9, 0.999)
    capturable: False
    differentiable: False
    eps: 1e-08
    foreach: None
    fused: None
    lr: 0.001
    maximize: False
    weight_decay: 1e-06
)Training Iterations=100
Learning rate=0.001
Weight decay=1e-06
Optimizer reset frequency=None

Dropout probability (after initial linear layer before NCDE): 0.0
Training Data Selection Parameters
(If not virtual, the only important params are the groups and whether data was normalized/standardized)
Patient groups=['Control', 'MDD']
Augmentation strategy=Uniform
Noise Magnitude=0.05
Normalized/standardized=StandardizeAll
Number of virtual patients per real patient=100
Label smoothing factor=0
Test Patient Combinations:
Control: (26, 33, 36, 49, 2)
MDD: (37, 24, 6, 54, 21)
Training batch size=5
Training Results:
Runtime=171.35651302337646
Loss over time=[(0, 0.43513235449790955), (1, 1.2343621253967285), (2, 0.6977694630622864), (3, 1.0166665315628052), (4, 1.1708072423934937), (5, 0.7006664872169495), (6, 0.9886390566825867), (7, 0.9496138691902161), (8, 0.587016224861145), (9, 0.7680596113204956), (10, 0.8037415742874146), (11, 0.6951959133148193), (12, 0.7753023505210876), (13, 0.7527378797531128), (14, 0.8512086868286133), (15, 0.6380998492240906), (16, 0.6948844194412231), (17, 0.619526207447052), (18, 0.6789580583572388), (19, 0.8102228045463562), (0, 0.6926413774490356), (1, 0.7429578304290771), (2, 0.7161473035812378), (3, 0.7107976078987122), (4, 0.6769297122955322), (5, 0.6465610265731812), (6, 0.6748660206794739), (7, 0.6901070475578308), (8, 0.6498671770095825), (9, 0.7088404893875122), (10, 0.6719907522201538), (11, 0.7263333201408386), (12, 0.667298436164856), (13, 0.6205147504806519), (14, 0.7955255508422852), (15, 0.7172939777374268), (16, 0.7799432277679443), (17, 0.7335740327835083), (18, 0.6018578410148621), (19, 0.6940724849700928), (0, 0.6493380069732666), (1, 0.6999051570892334), (2, 0.6891641616821289), (3, 0.6600164771080017), (4, 0.584917426109314), (5, 0.7578349709510803), (6, 0.6765754222869873), (7, 0.7379215359687805), (8, 0.6505946516990662), (9, 0.7412731647491455), (10, 0.6997331380844116), (11, 0.752685546875), (12, 0.6503898501396179), (13, 0.6968713998794556), (14, 0.643500804901123), (15, 0.6699908971786499), (16, 0.6706081628799438), (17, 0.7022287249565125), (18, 0.6823180913925171), (19, 0.6991727352142334), (0, 0.6846578121185303), (1, 0.6954388618469238), (2, 0.6896777153015137), (3, 0.6600676774978638), (4, 0.666739284992218), (5, 0.7190016508102417), (6, 0.6400226354598999), (7, 0.6878702044487), (8, 0.6787860989570618), (9, 0.6967524290084839), (10, 0.6994186043739319), (11, 0.6908538341522217), (12, 0.6686965823173523), (13, 0.6793918609619141), (14, 0.6757172346115112), (15, 0.6621264219284058), (16, 0.6688522100448608), (17, 0.6962456107139587), (18, 0.6710880994796753), (19, 0.6716172099113464), (0, 0.5822826623916626), (1, 0.7191438674926758), (2, 0.6641331911087036), (3, 0.6650310754776001), (4, 0.708585262298584), (5, 0.7051597833633423), (6, 0.6817651987075806), (7, 0.7327582240104675), (8, 0.7059836387634277), (9, 0.6836279630661011), (10, 0.7038372755050659), (11, 0.6555559635162354), (12, 0.6436246037483215), (13, 0.615510106086731), (14, 0.6756895780563354), (15, 0.7329539060592651), (16, 0.7296518087387085), (17, 0.6880514621734619), (18, 0.6681097149848938), (19, 0.5434534549713135), (0, 0.6731282472610474), (1, 0.6127170324325562), (2, 0.6602541208267212), (3, 0.6438203454017639), (4, 0.6921447515487671), (5, 0.6701673865318298), (6, 0.6417440176010132), (7, 0.7298871278762817), (8, 0.7249428033828735), (9, 0.7269150614738464), (10, 0.70936119556427), (11, 0.7400338053703308), (12, 0.5793741941452026), (13, 0.5601890683174133), (14, 0.6357851028442383), (15, 0.6176556348800659), (16, 0.6927485466003418), (17, 0.6800521612167358), (18, 0.7078565955162048), (19, 0.7869608998298645), (0, 0.6500131487846375), (1, 0.7576823234558105), (2, 0.5898651480674744), (3, 0.6764529943466187), (4, 0.6665825843811035), (5, 0.6336266398429871), (6, 0.6259185075759888), (7, 0.7291325926780701), (8, 0.5899175405502319), (9, 0.7007226347923279), (10, 0.7472147345542908), (11, 0.6234070062637329), (12, 0.6664263010025024), (13, 0.5998560190200806), (14, 0.7048369646072388), (15, 0.6345897912979126), (16, 0.7517657279968262), (17, 0.6660213470458984), (18, 0.634998619556427), (19, 0.5624575018882751), (0, 0.725682258605957), (1, 0.6157744526863098), (2, 0.6235076189041138), (3, 0.7340149879455566), (4, 0.6642988920211792), (5, 0.7227452993392944), (6, 0.6672395467758179), (7, 0.615092396736145), (8, 0.6185919046401978), (9, 0.6592036485671997), (10, 0.7456408143043518), (11, 0.6981871724128723), (12, 0.6098299026489258), (13, 0.5199283361434937), (14, 0.5656102299690247), (15, 0.7688344120979309), (16, 0.6825926303863525), (17, 0.6604357957839966), (18, 0.6616846323013306), (19, 0.5606470704078674), (0, 0.5582842826843262), (1, 0.5992525815963745), (2, 0.7634217143058777), (3, 0.5621299147605896), (4, 0.6664672493934631), (5, 0.6038581132888794), (6, 0.6799637079238892), (7, 0.6984822750091553), (8, 0.6499970555305481), (9, 0.6746386885643005), (10, 0.7524782419204712), (11, 0.6135588884353638), (12, 0.5335665345191956), (13, 0.7325166463851929), (14, 0.6709915995597839), (15, 0.42898425459861755), (16, 0.7001591920852661), (17, 0.7642265558242798), (18, 0.6830651760101318), (19, 0.6473847031593323), (0, 0.7144144177436829), (1, 0.7084978222846985), (2, 0.6996392011642456), (3, 0.5825620293617249), (4, 0.5323009490966797), (5, 0.782156765460968), (6, 0.5817978978157043), (7, 0.606885552406311), (8, 0.723090648651123), (9, 0.6178187131881714), (10, 0.6233865022659302), (11, 0.8111041784286499), (12, 0.5295697450637817), (13, 0.6492147445678711), (14, 0.6219509243965149), (15, 0.5981501936912537), (16, 0.5726193785667419), (17, 0.8285496830940247), (18, 0.6791619062423706), (19, 0.6556828022003174), (0, 0.6655576229095459), (1, 0.5872278809547424), (2, 0.550589919090271), (3, 0.5696254968643188), (4, 0.5631909370422363), (5, 0.5431575775146484), (6, 0.6334874629974365), (7, 0.7820088267326355), (8, 0.5993749499320984), (9, 0.6499519348144531), (10, 0.906939685344696), (11, 0.6577113270759583), (12, 0.5851733088493347), (13, 0.7385347485542297), (14, 0.6203275322914124), (15, 0.5697155594825745), (16, 0.5497520565986633), (17, 0.7134047150611877), (18, 0.7443810701370239), (19, 0.8056893348693848), (0, 0.6640958786010742), (1, 0.6254833340644836), (2, 0.44617190957069397), (3, 0.752432107925415), (4, 0.605697751045227), (5, 0.6614827513694763), (6, 0.6375967860221863), (7, 0.6435216069221497), (8, 0.5376668572425842), (9, 0.7321882247924805), (10, 0.5936838388442993), (11, 0.6309729218482971), (12, 0.8671815991401672), (13, 0.5244640111923218), (14, 0.6066704988479614), (15, 0.7925435304641724), (16, 0.6743150949478149), (17, 0.5951052904129028), (18, 0.5635727047920227), (19, 0.7109306454658508), (0, 0.7349308729171753), (1, 0.611291229724884), (2, 0.6364815831184387), (3, 0.42422065138816833), (4, 0.6333426833152771), (5, 0.5585941076278687), (6, 0.45650044083595276), (7, 0.6083449125289917), (8, 0.7272447347640991), (9, 0.4389934539794922), (10, 0.66338711977005), (11, 0.5330947637557983), (12, 0.44479426741600037), (13, 0.7374044060707092), (14, 0.8603112101554871), (15, 0.6944979429244995), (16, 0.7231987714767456), (17, 0.7896786332130432), (18, 0.8373681902885437), (19, 0.6964017748832703), (0, 0.3812920153141022), (1, 0.5719269514083862), (2, 0.7071072459220886), (3, 0.6868276596069336), (4, 0.4977138042449951), (5, 0.5950261354446411), (6, 0.7331910133361816), (7, 0.6751898527145386), (8, 0.6118658185005188), (9, 0.5418944358825684), (10, 0.8212167620658875), (11, 0.8588611483573914), (12, 0.6536679267883301), (13, 0.456364244222641), (14, 0.5846163630485535), (15, 0.7242265939712524), (16, 0.8623941540718079), (17, 0.5642481446266174), (18, 0.8658846020698547), (19, 0.6919021010398865), (0, 0.572136640548706), (1, 0.6282880902290344), (2, 0.7031719088554382), (3, 0.6024812459945679), (4, 0.6909969449043274), (5, 0.6494576334953308), (6, 0.5248558521270752), (7, 0.7353679537773132), (8, 0.6965733766555786), (9, 0.5760047435760498), (10, 0.591025710105896), (11, 0.691196084022522), (12, 0.4816463887691498), (13, 0.7138121724128723), (14, 0.5109969973564148), (15, 0.5141357183456421), (16, 0.5837810635566711), (17, 0.6488849520683289), (18, 0.781386137008667), (19, 0.8130623698234558), (0, 0.5090991258621216), (1, 0.6931326389312744), (2, 0.5084978342056274), (3, 0.7105310559272766), (4, 0.698740541934967), (5, 0.7513474225997925), (6, 0.6454867124557495), (7, 0.5697758197784424), (8, 0.4231078624725342), (9, 0.49261704087257385), (10, 0.6732393503189087), (11, 0.6057490110397339), (12, 0.5642305612564087), (13, 0.5017846822738647), (14, 0.7675849199295044), (15, 0.6638936996459961), (16, 0.6418970823287964), (17, 0.6909780502319336), (18, 0.6691474318504333), (19, 0.8710294365882874), (0, 0.612299919128418), (1, 0.6342769861221313), (2, 0.6125381588935852), (3, 0.5560944676399231), (4, 0.6432750225067139), (5, 0.5734155774116516), (6, 0.4917140007019043), (7, 0.6131346821784973), (8, 0.8513145446777344), (9, 0.5813816785812378), (10, 0.8049013018608093), (11, 0.49537795782089233), (12, 0.7567247152328491), (13, 0.6465725898742676), (14, 0.6433924436569214), (15, 0.7754240036010742), (16, 0.6915884017944336), (17, 0.7139123678207397), (18, 0.6323159337043762), (19, 0.5093888640403748), (0, 0.5289810299873352), (1, 0.70130455493927), (2, 0.7375019788742065), (3, 0.6941184997558594), (4, 0.8214594125747681), (5, 0.6751437783241272), (6, 0.6212576627731323), (7, 0.38765186071395874), (8, 0.6874027848243713), (9, 0.4849112629890442), (10, 0.6536577939987183), (11, 0.7596231698989868), (12, 0.6018053293228149), (13, 0.6862326860427856), (14, 0.6153984665870667), (15, 0.6684974431991577), (16, 0.4634911119937897), (17, 0.6924213171005249), (18, 0.5575157403945923), (19, 0.5797789096832275), (0, 0.5502029657363892), (1, 0.5686699748039246), (2, 0.4428209364414215), (3, 0.5074460506439209), (4, 0.7214642763137817), (5, 0.6680077314376831), (6, 0.6734265089035034), (7, 0.5488055944442749), (8, 0.6629636883735657), (9, 0.6770185232162476), (10, 0.670859158039093), (11, 0.5440537929534912), (12, 0.6434093713760376), (13, 0.5519949793815613), (14, 0.5921913981437683), (15, 0.5342966318130493), (16, 0.7300741672515869), (17, 0.6804172992706299), (18, 0.7188664078712463), (19, 0.672814667224884), (0, 0.5645505785942078), (1, 0.5445243120193481), (2, 0.5453994870185852), (3, 0.7076144814491272), (4, 0.700659453868866), (5, 0.5447779893875122), (6, 0.5960142016410828), (7, 0.6427550315856934), (8, 0.5651488304138184), (9, 0.6007722616195679), (10, 0.7952263951301575), (11, 0.8693727254867554), (12, 0.6649665832519531), (13, 0.5283228158950806), (14, 0.7608485221862793), (15, 0.7055382132530212), (16, 0.618698239326477), (17, 0.454478919506073), (18, 0.6286877393722534), (19, 0.8192660212516785), (0, 0.6238604784011841), (1, 0.7253753542900085), (2, 0.643272876739502), (3, 0.6939235925674438), (4, 0.2956848442554474), (5, 0.6621389389038086), (6, 0.6017249822616577), (7, 0.5810039043426514), (8, 0.792829155921936), (9, 0.5726379156112671), (10, 0.6985453963279724), (11, 0.4880100190639496), (12, 0.8071714639663696), (13, 0.5914880633354187), (14, 0.5150503516197205), (15, 0.5962731242179871), (16, 0.5088836550712585), (17, 0.7142255306243896), (18, 0.7536325454711914), (19, 0.568367063999176), (0, 0.6082495450973511), (1, 0.45290184020996094), (2, 0.8074406385421753), (3, 0.3979639410972595), (4, 0.4435761570930481), (5, 0.8167405128479004), (6, 0.5679664611816406), (7, 0.593266487121582), (8, 0.5795405507087708), (9, 0.7290351390838623), (10, 0.5299657583236694), (11, 0.6880200505256653), (12, 0.5665634870529175), (13, 0.5665520429611206), (14, 0.7098948359489441), (15, 0.6030653715133667), (16, 0.6680112481117249), (17, 0.7442477345466614), (18, 0.5686527490615845), (19, 0.6226038932800293), (0, 0.553756833076477), (1, 0.6353710889816284), (2, 0.5160113573074341), (3, 0.6390557885169983), (4, 0.8158281445503235), (5, 0.6780714988708496), (6, 0.6400786638259888), (7, 0.5122677087783813), (8, 0.5790853500366211), (9, 0.507438063621521), (10, 0.7009531259536743), (11, 0.7478492259979248), (12, 0.6615138053894043), (13, 0.7928937077522278), (14, 0.41274958848953247), (15, 0.6709729433059692), (16, 0.5673832893371582), (17, 0.6147499680519104), (18, 0.5230390429496765), (19, 0.5271227955818176), (0, 0.5289649963378906), (1, 0.8602628707885742), (2, 0.6797288656234741), (3, 0.6520864963531494), (4, 0.6402198076248169), (5, 0.6357172727584839), (6, 0.5234248042106628), (7, 0.5259161591529846), (8, 0.7288464903831482), (9, 0.47526758909225464), (10, 0.772055447101593), (11, 0.527901291847229), (12, 0.46915388107299805), (13, 0.6042711734771729), (14, 0.6908846497535706), (15, 0.39860105514526367), (16, 0.5953269600868225), (17, 0.7035826444625854), (18, 0.40350276231765747), (19, 0.9055494666099548), (0, 0.5758447647094727), (1, 0.8299007415771484), (2, 0.7037799954414368), (3, 0.504011332988739), (4, 0.9178284406661987), (5, 0.5824263691902161), (6, 0.7569871544837952), (7, 0.4929194450378418), (8, 0.6295344233512878), (9, 0.48574408888816833), (10, 0.463650643825531), (11, 0.5627584457397461), (12, 0.5039664506912231), (13, 0.5166794061660767), (14, 0.6114095449447632), (15, 0.48054781556129456), (16, 0.7410813570022583), (17, 0.49796146154403687), (18, 0.6731230020523071), (19, 0.7495086789131165), (0, 0.7084953188896179), (1, 0.35012733936309814), (2, 0.5268508195877075), (3, 0.8204658627510071), (4, 0.5898208618164062), (5, 0.4909277856349945), (6, 0.5007933974266052), (7, 0.4975380301475525), (8, 0.8552026748657227), (9, 0.9024122357368469), (10, 0.6329418420791626), (11, 0.43624672293663025), (12, 0.4449589252471924), (13, 0.6400852799415588), (14, 0.5294119119644165), (15, 0.5867398977279663), (16, 0.5736123919487), (17, 0.7831161618232727), (18, 0.506454348564148), (19, 0.660643994808197), (0, 0.8395755887031555), (1, 0.6338208913803101), (2, 0.5240797996520996), (3, 0.7457778453826904), (4, 0.7747291922569275), (5, 0.5067931413650513), (6, 0.525729238986969), (7, 0.2749752700328827), (8, 0.6356887221336365), (9, 0.7373103499412537), (10, 0.4681185185909271), (11, 0.4740554690361023), (12, 0.45956951379776), (13, 0.5613447427749634), (14, 0.7538024187088013), (15, 0.7618794441223145), (16, 0.7844287753105164), (17, 0.6085495948791504), (18, 0.6197719573974609), (19, 0.7041434645652771), (0, 0.690542459487915), (1, 0.6135498285293579), (2, 0.4499579966068268), (3, 0.6652798652648926), (4, 0.6340684294700623), (5, 0.6437129974365234), (6, 0.7126445770263672), (7, 0.5810012817382812), (8, 0.6104972958564758), (9, 0.469851553440094), (10, 0.5337120890617371), (11, 0.5093048810958862), (12, 0.6904287338256836), (13, 0.5666675567626953), (14, 0.7045716047286987), (15, 0.7948756217956543), (16, 0.5153735876083374), (17, 0.7075194716453552), (18, 0.5701914429664612), (19, 0.4341147840023041), (0, 0.4349583685398102), (1, 0.5701771974563599), (2, 0.6633081436157227), (3, 0.3143822252750397), (4, 0.32536599040031433), (5, 0.49937430024147034), (6, 0.5593996047973633), (7, 0.7887636423110962), (8, 0.5016703009605408), (9, 0.6037353277206421), (10, 1.0644043684005737), (11, 0.7075446844100952), (12, 0.6261350512504578), (13, 0.5344093441963196), (14, 0.6343715190887451), (15, 0.5782584547996521), (16, 0.7197205424308777), (17, 0.5516441464424133), (18, 0.6259986758232117), (19, 0.8637640476226807), (0, 0.6358974575996399), (1, 0.6313697099685669), (2, 0.45796746015548706), (3, 0.5041391849517822), (4, 0.6239680051803589), (5, 0.34975817799568176), (6, 0.5689864754676819), (7, 0.7851104736328125), (8, 0.6859766840934753), (9, 0.7257421612739563), (10, 0.6284454464912415), (11, 0.6587095856666565), (12, 0.6985794305801392), (13, 0.7895467281341553), (14, 0.5902337431907654), (15, 0.44119971990585327), (16, 0.4933663010597229), (17, 0.5554074048995972), (18, 0.4935581684112549), (19, 1.0258210897445679), (0, 0.4658327102661133), (1, 0.3254413604736328), (2, 0.5694023370742798), (3, 0.44929972290992737), (4, 0.5651805996894836), (5, 1.1149437427520752), (6, 0.7572956085205078), (7, 0.712457001209259), (8, 0.5315111875534058), (9, 0.7472333908081055), (10, 0.3834899365901947), (11, 0.6689178347587585), (12, 0.2548321485519409), (13, 0.3713916838169098), (14, 0.6881480813026428), (15, 0.7967439889907837), (16, 0.819252610206604), (17, 0.557340145111084), (18, 0.8561952710151672), (19, 0.5652851462364197), (0, 0.7540909051895142), (1, 0.4345178008079529), (2, 0.43473416566848755), (3, 0.6025345921516418), (4, 0.46984100341796875), (5, 0.5910543203353882), (6, 0.568728506565094), (7, 0.5038959383964539), (8, 0.5033565759658813), (9, 0.6400446891784668), (10, 0.6353606581687927), (11, 0.7445307970046997), (12, 0.6614184379577637), (13, 0.7250375151634216), (14, 0.690351128578186), (15, 0.7416852712631226), (16, 0.6110196113586426), (17, 0.8064339756965637), (18, 0.4920352101325989), (19, 0.7827889323234558), (0, 0.5365930795669556), (1, 0.6676322817802429), (2, 0.5088604092597961), (3, 0.6408745646476746), (4, 0.5052543878555298), (5, 0.6853891611099243), (6, 0.8503061532974243), (7, 0.4693652093410492), (8, 0.5289025902748108), (9, 0.5420942306518555), (10, 0.8179242014884949), (11, 0.5592390298843384), (12, 0.5885027647018433), (13, 0.32695940136909485), (14, 0.5547500252723694), (15, 0.48057764768600464), (16, 0.5485758781433105), (17, 0.9025329351425171), (18, 0.5875594615936279), (19, 0.9849221110343933), (0, 0.9069862365722656), (1, 0.42783746123313904), (2, 0.3375147879123688), (3, 0.6183275580406189), (4, 0.43953996896743774), (5, 0.5594226121902466), (6, 0.42499488592147827), (7, 0.6040134429931641), (8, 0.5229605436325073), (9, 0.7319921255111694), (10, 0.615548849105835), (11, 0.5224517583847046), (12, 0.6924001574516296), (13, 0.8531392812728882), (14, 0.6783624887466431), (15, 0.6969078183174133), (16, 1.038859248161316), (17, 0.4966728091239929), (18, 0.44901710748672485), (19, 0.612231969833374), (0, 0.5378499627113342), (1, 0.7221652269363403), (2, 0.5785409808158875), (3, 0.4790067672729492), (4, 0.5401449203491211), (5, 0.7359354496002197), (6, 0.46840915083885193), (7, 0.515851616859436), (8, 0.624104380607605), (9, 0.9284952282905579), (10, 0.9932427406311035), (11, 0.6479319334030151), (12, 0.5063773393630981), (13, 0.5388743877410889), (14, 0.5368448495864868), (15, 0.5122367739677429), (16, 0.517134964466095), (17, 0.5903912782669067), (18, 0.4991675317287445), (19, 0.6270793080329895), (0, 0.6199913620948792), (1, 0.7121838331222534), (2, 0.35858625173568726), (3, 0.5133556127548218), (4, 0.6585925817489624), (5, 0.8783809542655945), (6, 0.5249773263931274), (7, 0.4993523061275482), (8, 0.47431087493896484), (9, 0.8760777711868286), (10, 0.5722584128379822), (11, 0.5882568359375), (12, 0.4017513394355774), (13, 0.6813628673553467), (14, 0.7444115877151489), (15, 0.6016782522201538), (16, 0.5674511194229126), (17, 0.5489693284034729), (18, 0.5640609860420227), (19, 0.44148197770118713), (0, 0.5060092210769653), (1, 0.5752475261688232), (2, 0.36076268553733826), (3, 0.4523012042045593), (4, 0.49162617325782776), (5, 0.7044264078140259), (6, 1.102543830871582), (7, 0.5366749167442322), (8, 0.5299592018127441), (9, 0.5786542892456055), (10, 0.3817017674446106), (11, 0.4396188259124756), (12, 0.6290048360824585), (13, 0.6720997095108032), (14, 0.7150954604148865), (15, 0.47085684537887573), (16, 0.7859918475151062), (17, 0.6151039004325867), (18, 0.6732802987098694), (19, 0.5012100338935852), (0, 0.6134975552558899), (1, 0.7724283337593079), (2, 0.7769736051559448), (3, 0.24461257457733154), (4, 0.5267699360847473), (5, 0.4905630946159363), (6, 0.4367019236087799), (7, 0.6884604692459106), (8, 0.6724270582199097), (9, 0.7912688851356506), (10, 0.750835120677948), (11, 0.6000794172286987), (12, 0.7397433519363403), (13, 0.7093208432197571), (14, 0.527354896068573), (15, 0.43313294649124146), (16, 0.5078459978103638), (17, 0.5360164046287537), (18, 0.6406087875366211), (19, 0.43968281149864197), (0, 0.35203859210014343), (1, 0.49936404824256897), (2, 0.7125895619392395), (3, 0.3325279653072357), (4, 0.6293462514877319), (5, 0.8861516118049622), (6, 0.5171260237693787), (7, 0.4053424894809723), (8, 0.4898633062839508), (9, 0.4652940332889557), (10, 0.7217673063278198), (11, 0.527294933795929), (12, 0.6557139158248901), (13, 1.0893447399139404), (14, 0.7018240690231323), (15, 0.9653547406196594), (16, 0.7423631548881531), (17, 0.5273228287696838), (18, 0.5195749998092651), (19, 0.5900078415870667), (0, 0.6437815427780151), (1, 0.605187714099884), (2, 0.6751521229743958), (3, 0.9136537313461304), (4, 0.5826750993728638), (5, 0.5151965022087097), (6, 0.6389957666397095), (7, 0.6211248636245728), (8, 0.568282961845398), (9, 0.5851033926010132), (10, 0.6433328986167908), (11, 0.4855051040649414), (12, 0.7494410872459412), (13, 0.614662230014801), (14, 0.5689592361450195), (15, 0.5555604100227356), (16, 0.4001421332359314), (17, 0.4654257893562317), (18, 0.6132835149765015), (19, 0.6512103080749512), (0, 0.4592824876308441), (1, 0.3750944137573242), (2, 0.7465121150016785), (3, 0.6072026491165161), (4, 0.4547359347343445), (5, 0.5578725337982178), (6, 0.7474462389945984), (7, 0.43299955129623413), (8, 0.5941182374954224), (9, 0.6659761667251587), (10, 0.5549909472465515), (11, 0.6413924098014832), (12, 0.4673808217048645), (13, 0.6134520769119263), (14, 0.5832830667495728), (15, 0.8297149538993835), (16, 0.6715153455734253), (17, 0.5174063444137573), (18, 0.7230993509292603), (19, 0.5557315945625305), (0, 0.7544094324111938), (1, 0.47417742013931274), (2, 0.5937637686729431), (3, 0.5156165361404419), (4, 0.5965514183044434), (5, 0.7104367017745972), (6, 0.4613703191280365), (7, 0.7576509714126587), (8, 0.6523721218109131), (9, 0.9222946166992188), (10, 0.35456642508506775), (11, 0.5948273539543152), (12, 0.3550942838191986), (13, 0.8109351992607117), (14, 0.3233550190925598), (15, 0.6240447759628296), (16, 0.6028820872306824), (17, 0.762976884841919), (18, 0.3738463521003723), (19, 0.6879789233207703), (0, 0.4579537808895111), (1, 0.5404126048088074), (2, 0.7698306441307068), (3, 0.5511964559555054), (4, 0.5512672066688538), (5, 0.5366929173469543), (6, 0.5694330930709839), (7, 0.6795269846916199), (8, 0.6872889995574951), (9, 0.6570247411727905), (10, 0.6155012845993042), (11, 0.3119997978210449), (12, 0.7215518355369568), (13, 0.45197972655296326), (14, 0.7025964856147766), (15, 0.4368327558040619), (16, 0.519769549369812), (17, 0.7325166463851929), (18, 0.78253573179245), (19, 0.5460227131843567), (0, 0.38860610127449036), (1, 0.8292878270149231), (2, 0.8396080136299133), (3, 0.5423933267593384), (4, 0.35352811217308044), (5, 0.4001311659812927), (6, 0.4102197289466858), (7, 0.6407573819160461), (8, 0.32329633831977844), (9, 0.6741463541984558), (10, 0.5403639674186707), (11, 0.732829749584198), (12, 0.9870516657829285), (13, 0.5968511700630188), (14, 0.6290847063064575), (15, 0.6496602296829224), (16, 0.6199234127998352), (17, 0.931448757648468), (18, 0.38563644886016846), (19, 0.41205763816833496), (0, 0.3742956817150116), (1, 0.3859666883945465), (2, 0.32197776436805725), (3, 0.4349023401737213), (4, 0.7026791572570801), (5, 0.5643422603607178), (6, 0.5511621236801147), (7, 0.8010032773017883), (8, 0.5891699194908142), (9, 0.5584946870803833), (10, 0.6522712707519531), (11, 0.7343305349349976), (12, 0.8041034936904907), (13, 0.755419909954071), (14, 0.7033626437187195), (15, 0.7337392568588257), (16, 0.5136421322822571), (17, 0.5779062509536743), (18, 0.4428488612174988), (19, 0.5166361331939697), (0, 0.5888022184371948), (1, 0.6866229772567749), (2, 0.6031616926193237), (3, 0.44218531250953674), (4, 0.479818731546402), (5, 0.7467963099479675), (6, 0.6447631120681763), (7, 0.6912249326705933), (8, 0.3647406995296478), (9, 0.7494602203369141), (10, 0.6081284284591675), (11, 0.779554009437561), (12, 0.6053836345672607), (13, 0.4796687066555023), (14, 0.5026849508285522), (15, 0.747008740901947), (16, 0.715884804725647), (17, 0.3315337300300598), (18, 0.4696556031703949), (19, 0.5034036040306091), (0, 0.7171167135238647), (1, 0.5510529279708862), (2, 0.6098929643630981), (3, 0.35559844970703125), (4, 0.7407861351966858), (5, 0.508640468120575), (6, 0.5781480073928833), (7, 0.5987715125083923), (8, 0.5726839303970337), (9, 0.7473791241645813), (10, 0.27756255865097046), (11, 0.6559764742851257), (12, 0.46151357889175415), (13, 0.605569064617157), (14, 0.5311013460159302), (15, 0.6279081702232361), (16, 0.9562775492668152), (17, 0.797248899936676), (18, 0.4391416013240814), (19, 0.537166178226471), (0, 0.6260623335838318), (1, 0.5895479917526245), (2, 0.6620410084724426), (3, 0.27297884225845337), (4, 0.5497905015945435), (5, 0.5628113746643066), (6, 0.4623787999153137), (7, 0.45630741119384766), (8, 0.5959275960922241), (9, 0.6396282315254211), (10, 0.5587500333786011), (11, 0.4642229974269867), (12, 0.6672785878181458), (13, 0.6561471223831177), (14, 0.6658753156661987), (15, 0.6799960136413574), (16, 0.6657249331474304), (17, 0.9401503801345825), (18, 0.4712117612361908), (19, 0.5203311443328857), (0, 0.6702321767807007), (1, 0.30318117141723633), (2, 0.49580544233322144), (3, 0.6402579545974731), (4, 0.4480910301208496), (5, 0.5695487260818481), (6, 0.493912935256958), (7, 0.251984179019928), (8, 0.5272405743598938), (9, 0.4266836643218994), (10, 0.7529758810997009), (11, 0.7859037518501282), (12, 0.5395801663398743), (13, 0.6328974962234497), (14, 1.1131963729858398), (15, 0.6434897184371948), (16, 0.7436140775680542), (17, 0.3879070281982422), (18, 0.4613267481327057), (19, 1.2525928020477295), (0, 0.43271809816360474), (1, 0.33428701758384705), (2, 0.5002330541610718), (3, 0.5508910417556763), (4, 0.9270402193069458), (5, 0.41367650032043457), (6, 0.6316817998886108), (7, 0.7496010065078735), (8, 0.6349180340766907), (9, 0.6015685796737671), (10, 1.080392599105835), (11, 0.40825191140174866), (12, 0.7472041249275208), (13, 0.7482110261917114), (14, 0.39547568559646606), (15, 0.5320779085159302), (16, 0.5517023205757141), (17, 0.7072024345397949), (18, 0.39666447043418884), (19, 0.5144601464271545), (0, 0.5623729228973389), (1, 0.8071788549423218), (2, 0.43499618768692017), (3, 0.5772837400436401), (4, 0.5527845621109009), (5, 0.40520229935646057), (6, 0.5078670978546143), (7, 0.5710244178771973), (8, 0.5362440347671509), (9, 0.6936277151107788), (10, 0.8702041506767273), (11, 0.735579252243042), (12, 0.6128206849098206), (13, 0.6594944596290588), (14, 0.46428364515304565), (15, 0.4703030586242676), (16, 0.709861159324646), (17, 0.5985170602798462), (18, 0.6161978244781494), (19, 0.3542215824127197), (0, 0.8143219947814941), (1, 0.4730587601661682), (2, 0.35422903299331665), (3, 0.5160692930221558), (4, 0.4438844621181488), (5, 0.7608661651611328), (6, 0.4728294312953949), (7, 0.5857657194137573), (8, 0.5371261835098267), (9, 0.39267072081565857), (10, 0.6653583645820618), (11, 0.5614198446273804), (12, 0.8995685577392578), (13, 0.6269751787185669), (14, 0.8715543746948242), (15, 0.5534970164299011), (16, 0.6338468790054321), (17, 0.517013430595398), (18, 0.548484206199646), (19, 0.6524285674095154), (0, 0.6149721145629883), (1, 0.490725576877594), (2, 0.8416231274604797), (3, 0.5242714285850525), (4, 0.6032434105873108), (5, 0.5448602437973022), (6, 0.2221689224243164), (7, 0.9904826283454895), (8, 0.31150761246681213), (9, 0.6864781379699707), (10, 0.7293339967727661), (11, 0.497413694858551), (12, 0.4263595640659332), (13, 0.608085036277771), (14, 0.7065988779067993), (15, 0.7098832130432129), (16, 0.4422762393951416), (17, 0.5070408582687378), (18, 0.6430909037590027), (19, 0.827887773513794), (0, 0.5429879426956177), (1, 0.8046150207519531), (2, 0.5313052535057068), (3, 0.627927303314209), (4, 0.3686363697052002), (5, 0.44749975204467773), (6, 0.34749358892440796), (7, 0.5500234961509705), (8, 0.480487585067749), (9, 0.8042563199996948), (10, 0.6678320169448853), (11, 0.35008788108825684), (12, 0.7203478813171387), (13, 0.394509494304657), (14, 0.7697136998176575), (15, 0.6876714825630188), (16, 0.7569171190261841), (17, 0.6391361355781555), (18, 0.5334337949752808), (19, 0.7422286868095398), (0, 0.5840686559677124), (1, 0.5781151056289673), (2, 0.5053578615188599), (3, 0.22963495552539825), (4, 0.34855300188064575), (5, 0.7778860926628113), (6, 0.5209303498268127), (7, 0.8053611516952515), (8, 0.4610688090324402), (9, 0.30623528361320496), (10, 0.5051923990249634), (11, 0.5749818682670593), (12, 0.5658895373344421), (13, 0.4530631899833679), (14, 0.6127439737319946), (15, 0.7830638289451599), (16, 0.8783631324768066), (17, 1.211549997329712), (18, 0.5505633354187012), (19, 1.1262643337249756), (0, 0.38473236560821533), (1, 0.7199157476425171), (2, 0.6792992949485779), (3, 0.6087817549705505), (4, 0.5006750822067261), (5, 0.5826069116592407), (6, 0.408529132604599), (7, 0.6249544620513916), (8, 0.8987029790878296), (9, 0.8951396942138672), (10, 0.6466426849365234), (11, 0.5099505186080933), (12, 0.2908187806606293), (13, 0.7443085312843323), (14, 0.4725615978240967), (15, 0.3916052579879761), (16, 0.381992906332016), (17, 0.49984192848205566), (18, 0.7123813033103943), (19, 0.817103922367096), (0, 0.5045442581176758), (1, 0.4845227301120758), (2, 0.47084879875183105), (3, 0.7536330819129944), (4, 0.39336448907852173), (5, 0.51101154088974), (6, 0.6059648394584656), (7, 0.5354405641555786), (8, 0.46928343176841736), (9, 0.4839959144592285), (10, 0.9958769679069519), (11, 0.5235068202018738), (12, 0.6490793824195862), (13, 0.3594790995121002), (14, 0.6168800592422485), (15, 1.1160609722137451), (16, 0.5260198712348938), (17, 0.5267335772514343), (18, 0.6577225923538208), (19, 0.41479527950286865), (0, 0.6923567056655884), (1, 0.5072036981582642), (2, 0.553228497505188), (3, 0.6932113766670227), (4, 0.8837307095527649), (5, 0.5184342265129089), (6, 0.6014901995658875), (7, 0.6297646760940552), (8, 0.3974703252315521), (9, 0.6957756280899048), (10, 0.6325408816337585), (11, 0.5100700259208679), (12, 0.5518537163734436), (13, 0.46073323488235474), (14, 0.6405553221702576), (15, 0.6551421880722046), (16, 0.4055563807487488), (17, 0.3921387791633606), (18, 0.5347815752029419), (19, 0.601469099521637), (0, 0.5118595957756042), (1, 0.6270027160644531), (2, 0.5797944068908691), (3, 0.614172101020813), (4, 0.6404442191123962), (5, 0.39129987359046936), (6, 0.9540657997131348), (7, 0.494955837726593), (8, 0.6181032061576843), (9, 0.6558111310005188), (10, 0.5977762937545776), (11, 0.5800189971923828), (12, 0.622958242893219), (13, 0.843389630317688), (14, 0.4147183895111084), (15, 0.45546236634254456), (16, 0.44071072340011597), (17, 0.6316062211990356), (18, 0.5270572900772095), (19, 0.22688019275665283), (0, 0.46357235312461853), (1, 0.41328758001327515), (2, 0.48555606603622437), (3, 0.696478545665741), (4, 0.38527506589889526), (5, 0.5672116875648499), (6, 0.8975937962532043), (7, 0.5071793794631958), (8, 0.7700549960136414), (9, 0.6489681005477905), (10, 0.6323615312576294), (11, 0.5075744390487671), (12, 0.47274675965309143), (13, 0.4423378109931946), (14, 0.6088940501213074), (15, 0.7818058729171753), (16, 0.499758780002594), (17, 0.7138156294822693), (18, 0.9535121917724609), (19, 0.20254844427108765), (0, 0.44660526514053345), (1, 0.5156581997871399), (2, 0.3787741959095001), (3, 0.436350017786026), (4, 0.4451720714569092), (5, 0.4287230372428894), (6, 0.3449100852012634), (7, 0.6502777338027954), (8, 0.8576034307479858), (9, 0.5236985087394714), (10, 0.5541850328445435), (11, 0.6032360792160034), (12, 0.4006652235984802), (13, 0.5816102623939514), (14, 0.8545758128166199), (15, 0.8535873293876648), (16, 0.49226123094558716), (17, 0.7111417651176453), (18, 0.8370370864868164), (19, 0.9250984787940979), (0, 0.33971017599105835), (1, 0.3406102657318115), (2, 0.675337016582489), (3, 0.6602059602737427), (4, 0.7737341523170471), (5, 1.0331847667694092), (6, 0.4669254422187805), (7, 0.4943220615386963), (8, 0.4218522906303406), (9, 0.758716881275177), (10, 0.7547496557235718), (11, 0.6815502047538757), (12, 0.3060823976993561), (13, 0.6737304925918579), (14, 0.6484889984130859), (15, 0.5729612112045288), (16, 0.3323212265968323), (17, 0.5584192276000977), (18, 0.5067357420921326), (19, 0.7541160583496094), (0, 0.6753391623497009), (1, 0.4247332215309143), (2, 0.6903935074806213), (3, 0.641175389289856), (4, 0.661023736000061), (5, 0.3697550892829895), (6, 0.6304895877838135), (7, 0.8928853273391724), (8, 0.6713665127754211), (9, 0.5646120309829712), (10, 0.7287463545799255), (11, 0.3436603844165802), (12, 0.8603512048721313), (13, 0.5562094449996948), (14, 0.6774298548698425), (15, 0.41000476479530334), (16, 0.2703152298927307), (17, 0.5227676630020142), (18, 0.9362062215805054), (19, 0.7355173230171204), (0, 0.7698475122451782), (1, 0.6360918283462524), (2, 0.598059892654419), (3, 0.42137616872787476), (4, 0.569911003112793), (5, 0.52452152967453), (6, 0.6978141069412231), (7, 0.9025009870529175), (8, 0.417031466960907), (9, 0.4337858259677887), (10, 0.7996562719345093), (11, 0.36605533957481384), (12, 0.42091020941734314), (13, 0.44701728224754333), (14, 0.5932893753051758), (15, 0.4202689230442047), (16, 0.8101983070373535), (17, 0.538819432258606), (18, 1.0155255794525146), (19, 0.4140807092189789), (0, 0.741784930229187), (1, 0.7628235816955566), (2, 0.5638991594314575), (3, 0.38893771171569824), (4, 0.7338923215866089), (5, 0.5912765860557556), (6, 0.7047489881515503), (7, 0.6472155451774597), (8, 0.6732337474822998), (9, 0.292776882648468), (10, 0.6106325387954712), (11, 0.5628191232681274), (12, 0.5256834626197815), (13, 0.5486466288566589), (14, 0.6130973100662231), (15, 0.47549206018447876), (16, 0.5346771478652954), (17, 0.6573945879936218), (18, 0.5137001872062683), (19, 0.7731477618217468), (0, 0.5461019277572632), (1, 0.6179331541061401), (2, 0.530563235282898), (3, 0.5483283996582031), (4, 0.6388578414916992), (5, 0.32279151678085327), (6, 0.45648470520973206), (7, 0.5175133943557739), (8, 0.6496624946594238), (9, 0.45561766624450684), (10, 0.7932316660881042), (11, 0.4269152283668518), (12, 0.6550923585891724), (13, 1.0143671035766602), (14, 0.9809324145317078), (15, 0.6008079648017883), (16, 0.5790950059890747), (17, 0.3296964168548584), (18, 0.5667914152145386), (19, 0.8218676447868347), (0, 0.38327962160110474), (1, 0.481945663690567), (2, 0.47667965292930603), (3, 0.31626543402671814), (4, 0.4250410497188568), (5, 0.546129584312439), (6, 0.5438599586486816), (7, 0.596225917339325), (8, 0.7029439210891724), (9, 0.6947218179702759), (10, 0.8945945501327515), (11, 0.41718536615371704), (12, 0.5830280184745789), (13, 0.7301636934280396), (14, 0.4833539128303528), (15, 0.6020950675010681), (16, 0.7582663893699646), (17, 0.9008327722549438), (18, 0.4869362413883209), (19, 0.4516967236995697), (0, 0.5253177881240845), (1, 0.611170768737793), (2, 0.450122594833374), (3, 0.5755438804626465), (4, 0.4131740927696228), (5, 0.5478898286819458), (6, 0.9442256093025208), (7, 0.6512743234634399), (8, 0.6470143795013428), (9, 0.6105336546897888), (10, 0.8796318769454956), (11, 0.7292397618293762), (12, 0.36959129571914673), (13, 0.5385189652442932), (14, 0.6228717565536499), (15, 0.5899481177330017), (16, 0.2944386303424835), (17, 0.34256622195243835), (18, 0.4661529064178467), (19, 0.762981116771698), (0, 0.6893531084060669), (1, 0.5157057046890259), (2, 0.527723491191864), (3, 0.77680903673172), (4, 0.4743897020816803), (5, 0.5294482707977295), (6, 0.3960331678390503), (7, 0.7359093427658081), (8, 0.7227673530578613), (9, 0.5804409980773926), (10, 0.4689480662345886), (11, 0.4422033429145813), (12, 0.8987735509872437), (13, 0.47575807571411133), (14, 0.6276121735572815), (15, 0.520261824131012), (16, 0.5901058912277222), (17, 0.5118443369865417), (18, 0.43258729577064514), (19, 0.6644687652587891), (0, 0.5221509337425232), (1, 0.534798800945282), (2, 0.4958990216255188), (3, 0.3105592429637909), (4, 0.6324470043182373), (5, 0.5042868852615356), (6, 0.23423805832862854), (7, 0.8455025553703308), (8, 0.6328822374343872), (9, 0.5884681344032288), (10, 0.6755600571632385), (11, 0.5065552592277527), (12, 0.5176693201065063), (13, 0.6933112144470215), (14, 0.4734516143798828), (15, 0.6976751089096069), (16, 0.5996378660202026), (17, 0.2491748332977295), (18, 0.6476825475692749), (19, 1.281455397605896), (0, 0.7184188961982727), (1, 0.5597049593925476), (2, 0.6813416481018066), (3, 0.7173917293548584), (4, 0.8557735681533813), (5, 0.5759390592575073), (6, 0.5273685455322266), (7, 0.45364952087402344), (8, 0.3233177661895752), (9, 0.5522336363792419), (10, 0.6105443835258484), (11, 0.38128775358200073), (12, 0.3446851670742035), (13, 0.844406008720398), (14, 0.6415019035339355), (15, 0.47877201437950134), (16, 0.6723545789718628), (17, 0.5049528479576111), (18, 0.6469486951828003), (19, 0.3171707093715668), (0, 0.3024365305900574), (1, 0.7158416509628296), (2, 0.5058189630508423), (3, 0.5061782598495483), (4, 0.390676349401474), (5, 0.4651733338832855), (6, 0.519530177116394), (7, 0.34984833002090454), (8, 0.6241912841796875), (9, 0.8010236024856567), (10, 0.5754871964454651), (11, 0.48508912324905396), (12, 0.3062334358692169), (13, 0.4125409722328186), (14, 1.1695215702056885), (15, 1.0931943655014038), (16, 0.6055684089660645), (17, 0.8732155561447144), (18, 0.6877434849739075), (19, 0.5375702977180481), (0, 0.37288346886634827), (1, 0.48060718178749084), (2, 0.8157588839530945), (3, 0.4219411015510559), (4, 0.6198270320892334), (5, 0.478217750787735), (6, 0.8001312017440796), (7, 0.33964666724205017), (8, 0.5284028053283691), (9, 1.1946628093719482), (10, 0.5605040192604065), (11, 0.505998969078064), (12, 0.6754673719406128), (13, 0.5810955762863159), (14, 0.2756180763244629), (15, 0.7841963768005371), (16, 0.553742527961731), (17, 0.5616952776908875), (18, 0.7014752626419067), (19, 1.050636649131775), (0, 0.5306973457336426), (1, 0.3778032064437866), (2, 0.21638384461402893), (3, 0.5100082755088806), (4, 0.6719485521316528), (5, 0.6605620980262756), (6, 0.6146765947341919), (7, 0.720284104347229), (8, 0.6400806903839111), (9, 0.427960067987442), (10, 0.8207746744155884), (11, 0.5456629991531372), (12, 0.5806828737258911), (13, 0.7685157060623169), (14, 0.6366845369338989), (15, 0.5765032172203064), (16, 0.8761864900588989), (17, 0.318005234003067), (18, 0.7014914751052856), (19, 0.2738541066646576), (0, 0.6288410425186157), (1, 0.687276303768158), (2, 0.8232580423355103), (3, 0.47638875246047974), (4, 0.5536454319953918), (5, 0.7213076949119568), (6, 0.5654608011245728), (7, 0.5503591299057007), (8, 0.394623339176178), (9, 0.6688130497932434), (10, 0.7563968896865845), (11, 0.6795562505722046), (12, 0.6963254809379578), (13, 0.6757258176803589), (14, 0.4682360291481018), (15, 0.6295899152755737), (16, 0.4792175889015198), (17, 0.8102828860282898), (18, 0.5243422389030457), (19, 0.38488319516181946), (0, 0.6636496782302856), (1, 0.5503774881362915), (2, 0.6670352816581726), (3, 0.5190615653991699), (4, 0.8006982803344727), (5, 0.8246316909790039), (6, 0.723426878452301), (7, 0.8597394824028015), (8, 0.4508955478668213), (9, 0.7937661409378052), (10, 0.694042980670929), (11, 0.6576047539710999), (12, 0.4381299912929535), (13, 0.36630210280418396), (14, 0.5412922501564026), (15, 0.737146258354187), (16, 0.7484858632087708), (17, 0.5198538303375244), (18, 0.4627084732055664), (19, 0.386942982673645), (0, 0.34051913022994995), (1, 0.6580301523208618), (2, 0.8806059956550598), (3, 0.647502601146698), (4, 0.5654420852661133), (5, 0.47562122344970703), (6, 0.49079078435897827), (7, 0.4086037278175354), (8, 0.5853000283241272), (9, 0.4646829068660736), (10, 0.3809472620487213), (11, 0.5739690065383911), (12, 0.7996532320976257), (13, 0.44632577896118164), (14, 0.607817530632019), (15, 0.9482860565185547), (16, 0.4932307302951813), (17, 1.1197479963302612), (18, 0.6260956525802612), (19, 0.36212822794914246), (0, 0.5479558706283569), (1, 0.5440852642059326), (2, 0.808872401714325), (3, 0.5243326425552368), (4, 0.7812460660934448), (5, 0.8428818583488464), (6, 0.4645155072212219), (7, 0.6923089027404785), (8, 0.4752871096134186), (9, 0.4220457673072815), (10, 0.9078369140625), (11, 0.6554321050643921), (12, 0.7573446035385132), (13, 0.44295835494995117), (14, 0.7619460821151733), (15, 0.4455414414405823), (16, 0.5174310207366943), (17, 0.34732529520988464), (18, 0.5784231424331665), (19, 0.27707982063293457), (0, 0.4816249907016754), (1, 0.5175386071205139), (2, 0.45533615350723267), (3, 0.7892576456069946), (4, 0.6780585050582886), (5, 0.861190915107727), (6, 0.6052085757255554), (7, 0.5329470634460449), (8, 0.8076596260070801), (9, 0.6440891623497009), (10, 0.7469356656074524), (11, 0.428910493850708), (12, 0.5661396980285645), (13, 0.4247819781303406), (14, 0.4637700915336609), (15, 0.5722479224205017), (16, 0.7854676842689514), (17, 0.62406325340271), (18, 0.6580926179885864), (19, 0.3793070614337921), (0, 0.46346625685691833), (1, 0.7096540927886963), (2, 0.7583942413330078), (3, 0.40894055366516113), (4, 0.7302377820014954), (5, 0.6202396750450134), (6, 0.6622248888015747), (7, 0.4354487359523773), (8, 0.5516729950904846), (9, 0.7240486741065979), (10, 0.5291844606399536), (11, 0.45334872603416443), (12, 0.5030873417854309), (13, 0.9929435849189758), (14, 0.7124208807945251), (15, 0.82555091381073), (16, 0.3908158242702484), (17, 0.7080830335617065), (18, 0.2951228618621826), (19, 1.0531418323516846), (0, 0.5568072199821472), (1, 0.6690157651901245), (2, 0.4267754554748535), (3, 0.9922910928726196), (4, 0.6412469148635864), (5, 0.3802698254585266), (6, 0.33963483572006226), (7, 0.5733819007873535), (8, 0.6378118395805359), (9, 0.7992915511131287), (10, 0.4812660813331604), (11, 0.7616766691207886), (12, 0.5760862231254578), (13, 0.7119981050491333), (14, 0.5077561140060425), (15, 0.32092076539993286), (16, 0.648164689540863), (17, 0.8200567364692688), (18, 0.6053809523582458), (19, 0.8229987621307373), (0, 0.5038914084434509), (1, 0.534776508808136), (2, 0.5232054591178894), (3, 0.7296076416969299), (4, 0.4334404468536377), (5, 0.775818943977356), (6, 0.6856557130813599), (7, 0.5794904232025146), (8, 0.7389672994613647), (9, 0.2402232140302658), (10, 0.8137413263320923), (11, 0.5514736175537109), (12, 0.4845122694969177), (13, 0.5650851130485535), (14, 0.5233837366104126), (15, 0.9208129644393921), (16, 0.687147319316864), (17, 0.4969009459018707), (18, 0.6240491271018982), (19, 1.1772452592849731), (0, 0.765062153339386), (1, 0.5939053893089294), (2, 0.7067664861679077), (3, 0.4952448904514313), (4, 0.5042451620101929), (5, 0.6474766731262207), (6, 0.5834530591964722), (7, 0.569914698600769), (8, 0.6091216802597046), (9, 0.6715579032897949), (10, 0.6373778581619263), (11, 0.334425151348114), (12, 0.41668301820755005), (13, 0.5287224054336548), (14, 0.4930073618888855), (15, 0.7071275115013123), (16, 0.6861140727996826), (17, 0.4761504530906677), (18, 0.7172603607177734), (19, 1.01848304271698), (0, 0.5243936777114868), (1, 0.6718565225601196), (2, 0.3982655107975006), (3, 0.4772724211215973), (4, 0.4454501271247864), (5, 0.7383575439453125), (6, 0.5352320671081543), (7, 0.6042047142982483), (8, 0.5798540115356445), (9, 0.6109009981155396), (10, 0.6173502802848816), (11, 0.7989290952682495), (12, 0.5212585926055908), (13, 0.7573598623275757), (14, 0.6929787397384644), (15, 0.6531153917312622), (16, 0.3970136046409607), (17, 0.6030699610710144), (18, 0.6322382092475891), (19, 0.3338867127895355), (0, 0.6083565950393677), (1, 0.4472183585166931), (2, 0.7681392431259155), (3, 0.45931705832481384), (4, 0.4632818102836609), (5, 0.5149087309837341), (6, 0.636457622051239), (7, 0.6655803322792053), (8, 0.506308913230896), (9, 0.4956247806549072), (10, 0.6266224384307861), (11, 0.4265921115875244), (12, 0.8662580251693726), (13, 0.6790409684181213), (14, 0.5268832445144653), (15, 0.4421684741973877), (16, 0.6957212090492249), (17, 0.6854749917984009), (18, 0.6798281073570251), (19, 0.580670177936554), (0, 0.8230608105659485), (1, 0.6170543432235718), (2, 0.4469088017940521), (3, 0.536551833152771), (4, 0.6560113430023193), (5, 0.32259601354599), (6, 1.0161150693893433), (7, 0.489670991897583), (8, 0.42377033829689026), (9, 0.6435853242874146), (10, 0.39602595567703247), (11, 0.4662042260169983), (12, 0.5380622744560242), (13, 0.4563467502593994), (14, 0.5564060211181641), (15, 0.8170701861381531), (16, 0.8913682699203491), (17, 0.48230114579200745), (18, 0.4399275779724121), (19, 0.510648787021637), (0, 0.4167388081550598), (1, 0.3847019374370575), (2, 0.2593250870704651), (3, 0.6072517037391663), (4, 0.7717782855033875), (5, 0.6249946355819702), (6, 0.46878600120544434), (7, 0.7877081036567688), (8, 0.7457529306411743), (9, 0.5602432489395142), (10, 0.5594778060913086), (11, 0.428964763879776), (12, 0.7771051526069641), (13, 0.5759162902832031), (14, 0.7608109712600708), (15, 0.7400765419006348), (16, 0.8035594820976257), (17, 0.5682355165481567), (18, 0.47620606422424316), (19, 0.44503191113471985), (0, 0.5688343048095703), (1, 0.3994981050491333), (2, 0.7461921572685242), (3, 0.5972232818603516), (4, 0.7574049234390259), (5, 0.6123766899108887), (6, 0.3646565079689026), (7, 0.7123796939849854), (8, 0.6444206237792969), (9, 0.7022186517715454), (10, 0.5527890920639038), (11, 0.5018739104270935), (12, 0.48847755789756775), (13, 0.4738233685493469), (14, 0.5295488238334656), (15, 0.8180215954780579), (16, 0.3463371694087982), (17, 0.7997322678565979), (18, 0.5049189329147339), (19, 0.3346385061740875), (0, 0.6176069974899292), (1, 0.7854883074760437), (2, 0.4560790956020355), (3, 0.6482240557670593), (4, 0.6164393424987793), (5, 0.5875527858734131), (6, 0.5688637495040894), (7, 0.34583985805511475), (8, 0.8807480931282043), (9, 0.5307270288467407), (10, 0.42876186966896057), (11, 0.6218134760856628), (12, 0.3875490128993988), (13, 0.8316560983657837), (14, 0.5781349539756775), (15, 0.7386670708656311), (16, 0.4633259177207947), (17, 0.4845191538333893), (18, 0.324937641620636), (19, 0.8509421944618225), (0, 0.680639386177063), (1, 0.3018694519996643), (2, 0.5526469349861145), (3, 0.5215904712677002), (4, 0.5321823358535767), (5, 0.7432298064231873), (6, 0.38809385895729065), (7, 0.612192690372467), (8, 0.4819316864013672), (9, 0.5435253381729126), (10, 0.4061729907989502), (11, 0.5271146893501282), (12, 0.642937958240509), (13, 0.6253533363342285), (14, 0.7215691804885864), (15, 0.7307717800140381), (16, 0.25908714532852173), (17, 0.7403066158294678), (18, 0.8596493005752563), (19, 0.7212815284729004), (0, 0.35566312074661255), (1, 0.7593294978141785), (2, 0.5646653175354004), (3, 0.588049054145813), (4, 0.4184796214103699), (5, 0.6003996133804321), (6, 0.505506157875061), (7, 0.4757160246372223), (8, 0.6265820264816284), (9, 0.7745540738105774), (10, 0.7507859468460083), (11, 0.31887087225914), (12, 0.9533220529556274), (13, 0.28165093064308167), (14, 0.44508013129234314), (15, 0.4482385218143463), (16, 0.630423367023468), (17, 0.9001995325088501), (18, 0.41539567708969116), (19, 0.743722677230835), (0, 0.6500594615936279), (1, 0.34297752380371094), (2, 0.7948815822601318), (3, 0.43008241057395935), (4, 0.4779680669307709), (5, 0.6610495448112488), (6, 0.7709264159202576), (7, 0.40817832946777344), (8, 0.4092792868614197), (9, 0.48981064558029175), (10, 0.6956592798233032), (11, 0.7257105112075806), (12, 0.30604177713394165), (13, 0.5551230311393738), (14, 1.181660532951355), (15, 0.4687994122505188), (16, 0.9404207468032837), (17, 0.5695358514785767), (18, 0.5635785460472107), (19, 0.9978217482566833), (0, 0.47496944665908813), (1, 0.96546471118927), (2, 0.55729740858078), (3, 0.5696631669998169), (4, 0.5970796346664429), (5, 0.6989251375198364), (6, 0.5738111138343811), (7, 0.4044320583343506), (8, 0.5952600836753845), (9, 0.5463168621063232), (10, 0.6121090650558472), (11, 0.8439096212387085), (12, 0.5475484132766724), (13, 0.39494580030441284), (14, 0.3235512375831604), (15, 0.6144887804985046), (16, 0.7376236319541931), (17, 0.472848117351532), (18, 0.8428705930709839), (19, 0.2947344481945038), (0, 0.31190675497055054), (1, 0.46440911293029785), (2, 0.8199164271354675), (3, 0.4228942394256592), (4, 0.5109492540359497), (5, 0.5875016450881958), (6, 0.40726128220558167), (7, 0.7526617050170898), (8, 0.782098650932312), (9, 0.5438342094421387), (10, 0.45252785086631775), (11, 0.5996085405349731), (12, 0.7289026975631714), (13, 0.6133941411972046), (14, 0.3940447270870209), (15, 0.7520946264266968), (16, 0.6214247941970825), (17, 0.6841674447059631), (18, 0.5166288614273071), (19, 0.6150767207145691), (0, 0.6750277280807495), (1, 0.331742525100708), (2, 0.8281118273735046), (3, 0.8542112112045288), (4, 0.697996973991394), (5, 0.40392646193504333), (6, 0.595167875289917), (7, 0.5964791178703308), (8, 0.4586346745491028), (9, 0.4656253755092621), (10, 0.4795657694339752), (11, 0.48367124795913696), (12, 0.5962687730789185), (13, 0.450773149728775), (14, 0.4493165910243988), (15, 0.8429476022720337), (16, 0.7787722945213318), (17, 0.6639202237129211), (18, 0.5953043699264526), (19, 0.48014867305755615), (0, 0.3409876227378845), (1, 0.5890718698501587), (2, 0.6281536817550659), (3, 0.45362263917922974), (4, 0.503596305847168), (5, 0.44451799988746643), (6, 0.7152830362319946), (7, 0.8192321062088013), (8, 0.6894909739494324), (9, 0.908969521522522), (10, 0.8351783752441406), (11, 0.5950209498405457), (12, 0.6060940027236938), (13, 0.5772779583930969), (14, 0.9010847210884094), (15, 0.669263482093811), (16, 0.45673829317092896), (17, 0.29462990164756775), (18, 0.6767882704734802), (19, 0.41551104187965393), (0, 0.5545206665992737), (1, 0.8113679885864258), (2, 0.5782296061515808), (3, 0.5331417918205261), (4, 0.3827265501022339), (5, 0.4329785406589508), (6, 0.8433746099472046), (7, 0.6429864168167114), (8, 0.5053933262825012), (9, 0.5361068844795227), (10, 0.6344701051712036), (11, 0.645187258720398), (12, 0.5610607266426086), (13, 0.6364846229553223), (14, 0.589106559753418), (15, 0.6490973830223083), (16, 0.8137142062187195), (17, 0.5433565974235535), (18, 0.4905981123447418), (19, 0.42505478858947754), (0, 0.7035967111587524), (1, 0.2768033742904663), (2, 0.5358413457870483), (3, 0.5287174582481384), (4, 0.6231589913368225), (5, 0.6019172668457031), (6, 0.5585640072822571), (7, 0.7046800851821899), (8, 0.6047067642211914), (9, 0.5619169473648071), (10, 0.7173571586608887), (11, 0.5646610260009766), (12, 0.2173994481563568), (13, 0.403939813375473), (14, 0.6226579546928406), (15, 0.6839841604232788), (16, 0.6293328404426575), (17, 1.208840012550354), (18, 0.49932748079299927), (19, 0.600206196308136), (0, 0.45662721991539), (1, 0.6072965860366821), (2, 0.3838936686515808), (3, 0.5372292399406433), (4, 0.39169245958328247), (5, 0.8306080102920532), (6, 0.5930379629135132), (7, 0.47473615407943726), (8, 0.999134361743927), (9, 0.8763664960861206), (10, 0.581113874912262), (11, 0.7524169087409973), (12, 0.603868842124939), (13, 0.8438469767570496), (14, 0.40755313634872437), (15, 0.6283348202705383), (16, 0.4769512116909027), (17, 0.4571850895881653), (18, 0.4662933945655823), (19, 0.5863863825798035), (0, 0.38459086418151855), (1, 0.7665911912918091), (2, 0.8135239481925964), (3, 0.4799599051475525), (4, 0.535439133644104), (5, 0.722305953502655), (6, 0.45987915992736816), (7, 0.6041020154953003), (8, 0.580647885799408), (9, 0.5908892154693604), (10, 0.7778869867324829), (11, 0.3852834701538086), (12, 0.6848345398902893), (13, 0.7083996534347534), (14, 0.6594381332397461), (15, 0.7269858121871948), (16, 0.3892820179462433), (17, 0.6018651127815247), (18, 0.6021150350570679), (19, 0.36622142791748047)]