Model Setup for Uniformvirtual {PATIENT_GROUPS} Trained Network:

{NETWORK_TYPE} Network Architecture Parameters
Input channels=22
Hidden channels=128
Output channels=1

Training hyperparameters
Optimizer=AdamW (
Parameter Group 0
    amsgrad: False
    betas: (0.9, 0.999)
    capturable: False
    differentiable: False
    eps: 1e-08
    foreach: None
    fused: None
    lr: 0.001
    maximize: False
    weight_decay: 1e-06
)Training Iterations=20
Learning rate=0.001
Weight decay=1e-06
Optimizer reset frequency=None

Dropout probability (after initial linear layer before NCDE): 0
Training Data Selection Parameters
(If not virtual, the only important params are the groups and whether data was normalized/standardized)
Patient groups=['Control', 'MDD']
Augmentation strategy=Uniform
Noise Magnitude=0.05
Normalized/standardized=StandardizeAll
Number of virtual patients per real patient=100
Label smoothing factor=0
Test Patient Combinations:
Control: (46, 28, 13, 50, 51)
MDD: (43, 3, 19, 7, 1)
Training batch size=200
Training Results:
Runtime=1.6445858478546143
Loss over time=[(0, 0.6951672434806824), (1, 0.6883457899093628), (2, 0.6849974989891052), (3, 0.6732569932937622), (4, 0.6674706935882568), (5, 0.6455671191215515), (6, 0.6494565010070801), (7, 0.6616716980934143), (8, 0.6371455788612366), (9, 0.620741069316864), (10, 0.6003861427307129), (11, 0.6011011004447937), (12, 0.5860496759414673), (13, 0.5819808840751648), (14, 0.6040912866592407), (15, 0.5810285806655884), (16, 0.5577018857002258), (17, 0.5185287594795227), (18, 0.5153443217277527), (19, 0.5113809108734131), (20, 0.5148513913154602), (21, 0.4356022775173187), (22, 0.5006631016731262), (23, 0.47063660621643066), (24, 0.43582743406295776), (25, 0.4650951623916626), (26, 0.4146907925605774), (27, 0.37489083409309387), (28, 0.5207014083862305), (29, 0.4510735273361206), (30, 0.42431849241256714), (31, 0.44028204679489136), (32, 0.3816284239292145), (33, 0.41200000047683716), (34, 0.3362768292427063), (35, 0.4121030569076538), (36, 0.3721836805343628), (37, 0.345732182264328), (38, 0.37941575050354004), (39, 0.37911078333854675), (40, 0.35358425974845886), (41, 0.3141672611236572), (42, 0.32023727893829346), (43, 0.3111395537853241), (44, 0.24154628813266754), (45, 0.31610092520713806), (46, 0.33072948455810547), (47, 0.30031993985176086), (48, 0.27630168199539185), (0, 0.34898442029953003), (1, 0.33509719371795654), (2, 0.23330199718475342), (3, 0.25279170274734497), (4, 0.27109646797180176), (5, 0.2166173905134201), (6, 0.28325021266937256), (7, 0.24593399465084076), (8, 0.24132944643497467), (9, 0.2002820521593094), (10, 0.2100202739238739), (11, 0.2240767627954483), (12, 0.18386180698871613), (13, 0.2161613404750824), (14, 0.20670978724956512), (15, 0.2085166573524475), (16, 0.19438797235488892), (17, 0.16196545958518982), (18, 0.16288721561431885), (19, 0.18388314545154572), (20, 0.15129484236240387), (21, 0.15248431265354156), (22, 0.1372157633304596), (23, 0.12636442482471466), (24, 0.14685958623886108), (25, 0.11786612868309021), (26, 0.11447654664516449), (27, 0.2051401138305664), (28, 0.13520991802215576), (29, 0.15175801515579224), (30, 0.10864922404289246), (31, 0.13928894698619843), (32, 0.14044269919395447), (33, 0.16495175659656525), (34, 0.1170731708407402), (35, 0.09374278038740158), (36, 0.13227759301662445), (37, 0.08831577003002167), (38, 0.12346302717924118), (39, 0.10496242344379425), (40, 0.12654069066047668), (41, 0.11225327849388123), (42, 0.09898541122674942), (43, 0.10566157102584839), (44, 0.10370252281427383), (45, 0.12850454449653625), (46, 0.14431732892990112), (47, 0.08605053275823593), (48, 0.1648447960615158), (0, 0.09223975986242294), (1, 0.07143780589103699), (2, 0.08908210694789886), (3, 0.091243676841259), (4, 0.08173118531703949), (5, 0.07626498490571976), (6, 0.12951228022575378), (7, 0.06380403786897659), (8, 0.13814730942249298), (9, 0.08145845681428909), (10, 0.0974172055721283), (11, 0.10818834602832794), (12, 0.08143539726734161), (13, 0.07769464701414108), (14, 0.1075436994433403), (15, 0.07290873676538467), (16, 0.05955767631530762), (17, 0.05636094510555267), (18, 0.0613473616540432), (19, 0.08406876772642136), (20, 0.06138909235596657), (21, 0.043198857456445694), (22, 0.059997282922267914), (23, 0.04915213584899902), (24, 0.04911740869283676), (25, 0.06178872659802437), (26, 0.045263923704624176), (27, 0.059520792216062546), (28, 0.06442711502313614), (29, 0.03367199748754501), (30, 0.03609920293092728), (31, 0.07041490823030472), (32, 0.050033122301101685), (33, 0.06337859481573105), (34, 0.02823595330119133), (35, 0.05850644037127495), (36, 0.04868637025356293), (37, 0.03079354017972946), (38, 0.04551601782441139), (39, 0.04178689420223236), (40, 0.02768080309033394), (41, 0.028575990349054337), (42, 0.053456708788871765), (43, 0.044700998812913895), (44, 0.08250556886196136), (45, 0.04221706837415695), (46, 0.10257288813591003), (47, 0.020285731181502342), (48, 0.03802438825368881), (0, 0.13906964659690857), (1, 0.02877701073884964), (2, 0.06236496567726135), (3, 0.10358922928571701), (4, 0.03030533157289028), (5, 0.13298560678958893), (6, 0.06406416743993759), (7, 0.005961474031209946), (8, 0.08203063905239105), (9, 0.05923650413751602), (10, 0.028482915833592415), (11, 0.02649710141122341), (12, 0.042646873742341995), (13, 0.08955423533916473), (14, 0.03400054946541786), (15, 0.0703393965959549), (16, 0.04515475779771805), (17, 0.040171604603528976), (18, 0.02756335586309433), (19, 0.05404418334364891), (20, 0.11655111610889435), (21, 0.03259194269776344), (22, 0.06431502848863602), (23, 0.04549577832221985), (24, 0.04093937948346138), (25, 0.04061095789074898), (26, 0.04839940369129181), (27, 0.07541350275278091), (28, 0.03141715005040169), (29, 0.029089681804180145), (30, 0.08834289759397507), (31, 0.035619400441646576), (32, 0.013573070988059044), (33, 0.03641469404101372), (34, 0.03932976350188255), (35, 0.03826583921909332), (36, 0.010218446142971516), (37, 0.018078729510307312), (38, 0.02039293199777603), (39, 0.025250237435102463), (40, 0.015827585011720657), (41, 0.012714716605842113), (42, 0.017804406583309174), (43, 0.0144584309309721), (44, 0.029498392716050148), (45, 0.009044916369020939), (46, 0.013016334734857082), (47, 0.02277423068881035), (48, 0.015299225226044655), (0, 0.0060805147513747215), (1, 0.00883555319160223), (2, 0.018008438870310783), (3, 0.005974233616143465), (4, 0.0045917402021586895), (5, 0.0028093645814806223), (6, 0.005704662296921015), (7, 0.024443654343485832), (8, 0.008313952945172787), (9, 0.008325518108904362), (10, 0.01130047906190157), (11, 0.004309735260903835), (12, 0.004212464205920696), (13, 0.003936363849788904), (14, 0.004033496603369713), (15, 0.0030435759108513594), (16, 0.005842069163918495), (17, 0.006212460342794657), (18, 0.005076334346085787), (19, 0.004324929788708687), (20, 0.00365122826769948), (21, 0.00726971635594964), (22, 0.004694689530879259), (23, 0.00513412756845355), (24, 0.0026152823120355606), (25, 0.004358100704848766), (26, 0.004776254761964083), (27, 0.002277522813528776), (28, 0.0034324051812291145), (29, 0.0033300803042948246), (30, 0.002484283410012722), (31, 0.002018915954977274), (32, 0.002668049419298768), (33, 0.002731500193476677), (34, 0.0023802255745977163), (35, 0.0018597410526126623), (36, 0.002375042764469981), (37, 0.0033218746539205313), (38, 0.0024606147781014442), (39, 0.0034378510899841785), (40, 0.002275640144944191), (41, 0.0025642181281000376), (42, 0.0019790586084127426), (43, 0.002083416096866131), (44, 0.00208649062551558), (45, 0.0027240407653152943), (46, 0.0027100169099867344), (47, 0.0023307756055146456), (48, 0.0014900305541232228), (0, 0.0021630777046084404), (1, 0.0025328390765935183), (2, 0.0019487207755446434), (3, 0.001227657776325941), (4, 0.0017198948189616203), (5, 0.0015386007726192474), (6, 0.0014099072432145476), (7, 0.0028964292723685503), (8, 0.0015560637693852186), (9, 0.0016004277858883142), (10, 0.0017947267042472959), (11, 0.0022820746526122093), (12, 0.0010378058068454266), (13, 0.0011984617449343204), (14, 0.0011591711081564426), (15, 0.0028736779931932688), (16, 0.0013261361746117473), (17, 0.0016478762263432145), (18, 0.0015413208166137338), (19, 0.0009443868766538799), (20, 0.0011354321613907814), (21, 0.001153800985775888), (22, 0.0011216222774237394), (23, 0.003208325244486332), (24, 0.0015461535658687353), (25, 0.0013391711981967092), (26, 0.0012252713786438107), (27, 0.0012196119641885161), (28, 0.0017467997968196869), (29, 0.0018670083954930305), (30, 0.0011798320338129997), (31, 0.0008787964470684528), (32, 0.0005597863928414881), (33, 0.001080589834600687), (34, 0.0014388862764462829), (35, 0.0008730439585633576), (36, 0.0009278050274588168), (37, 0.0016455065924674273), (38, 0.000644637446384877), (39, 0.0011331747518852353), (40, 0.0007821969920769334), (41, 0.0009743683040142059), (42, 0.0006862743757665157), (43, 0.0012215927708894014), (44, 0.0012645971728488803), (45, 0.0005843150429427624), (46, 0.0006434087990783155), (47, 0.0010105055989697576), (48, 0.0007021278142929077), (0, 0.0008160033612512052), (1, 0.0008908252348192036), (2, 0.000790936581324786), (3, 0.0007863232749514282), (4, 0.0008985776221379638), (5, 0.00044146834989078343), (6, 0.0008886301657184958), (7, 0.0006756030488759279), (8, 0.0005650722305290401), (9, 0.001216807635501027), (10, 0.0010899965418502688), (11, 0.0005602968740276992), (12, 0.0006845462485216558), (13, 0.0008303180220536888), (14, 0.0006640514475293458), (15, 0.0006198611226864159), (16, 0.0008867002907209098), (17, 0.00066739646717906), (18, 0.0006156475865282118), (19, 0.0004774477274622768), (20, 0.00044027037802152336), (21, 0.0005363649688661098), (22, 0.0009267524001188576), (23, 0.0006721785757690668), (24, 0.0005801311926916242), (25, 0.0006554118008352816), (26, 0.0008355158497579396), (27, 0.0006813651416450739), (28, 0.0006037466810084879), (29, 0.0005788737325929105), (30, 0.0007919736090116203), (31, 0.0006817996618337929), (32, 0.0005755263846367598), (33, 0.0007638271199539304), (34, 0.0007376578287221491), (35, 0.00045861719991080463), (36, 0.0007096776971593499), (37, 0.0002809804864227772), (38, 0.00037882625474594533), (39, 0.0006298149237409234), (40, 0.0003998159372713417), (41, 0.0005340527859516442), (42, 0.0003276223433203995), (43, 0.000466138037154451), (44, 0.0003706839634105563), (45, 0.000630641938187182), (46, 0.00031269234023056924), (47, 0.0003921792667824775), (48, 0.00033370323944836855), (0, 0.0003408611810300499), (1, 0.000691268069203943), (2, 0.0004662084684241563), (3, 0.0003856800904031843), (4, 0.0003697288047987968), (5, 0.0004900511121377349), (6, 0.000359397497959435), (7, 0.0005444573471322656), (8, 0.0004199108516331762), (9, 0.0003430074139032513), (10, 0.0005740656633861363), (11, 0.0003730672469828278), (12, 0.0004985296982340515), (13, 0.00035844332887791097), (14, 0.0004923808737657964), (15, 0.00038939350633881986), (16, 0.00026623124722391367), (17, 0.00041639377013780177), (18, 0.0003111306286882609), (19, 0.0003427836927585304), (20, 0.0005182438180781901), (21, 0.00034096528543159366), (22, 0.0003485969500616193), (23, 0.0003248002612963319), (24, 0.0004041372158098966), (25, 0.00044703061576001346), (26, 0.0003130546538159251), (27, 0.0004581762768793851), (28, 0.0005525992019101977), (29, 0.0005462701665237546), (30, 0.00035869161365553737), (31, 0.0002614780096337199), (32, 0.00036579734296537936), (33, 0.00030796590726822615), (34, 0.0003103827766608447), (35, 0.00031503260834142566), (36, 0.0003168336988892406), (37, 0.00032388546969741583), (38, 0.0003239423385821283), (39, 0.0003466136404313147), (40, 0.0005200254381634295), (41, 0.000336219382006675), (42, 0.0004963239189237356), (43, 0.00029591479687951505), (44, 0.00041823225910775363), (45, 0.0002617262362036854), (46, 0.0003436868719290942), (47, 0.00026535597862675786), (48, 0.00039232225390151143), (0, 0.00032425374956801534), (1, 0.0002652367693372071), (2, 0.00019956591131631285), (3, 0.0003263665421400219), (4, 0.00024833434144966304), (5, 0.0003869100764859468), (6, 0.0004347569483797997), (7, 0.0002806246338877827), (8, 0.00023625051835551858), (9, 0.00027898314874619246), (10, 0.00021673101582564414), (11, 0.00037196624907664955), (12, 0.0002526969474274665), (13, 0.0003170018317177892), (14, 0.0002875753853004426), (15, 0.00029248915961943567), (16, 0.00024941720766946673), (17, 0.0003346145385876298), (18, 0.0002738074108492583), (19, 0.0002843084803316742), (20, 0.0002771063591353595), (21, 0.0002617950376588851), (22, 0.00029989040922373533), (23, 0.0003622231015469879), (24, 0.0002960721030831337), (25, 0.00036997729330323637), (26, 0.0002921649720519781), (27, 0.0002342723309993744), (28, 0.00023882451932877302), (29, 0.00034950472763739526), (30, 0.00025726351304911077), (31, 0.0003503411135170609), (32, 0.000416131952079013), (33, 0.00023755323491059244), (34, 0.000211689795833081), (35, 0.0003563539357855916), (36, 0.0002716987219173461), (37, 0.00026579524273984134), (38, 0.00016807917563710362), (39, 0.0003112003323622048), (40, 0.0002259272732771933), (41, 0.00021457154070958495), (42, 0.00025852632825262845), (43, 0.00023383554071187973), (44, 0.0002592107921373099), (45, 0.00021882016153540462), (46, 0.0002066367887891829), (47, 0.0002271870762342587), (48, 0.0001808924280339852), (0, 0.00023565419542137533), (1, 0.0001788998197298497), (2, 0.00026743716443888843), (3, 0.00020748941460624337), (4, 0.00018139723397325724), (5, 0.00019763856835197657), (6, 0.00021780483075417578), (7, 0.00019786278426181525), (8, 0.0001906043034978211), (9, 0.00029100413667038083), (10, 0.0002463405253365636), (11, 0.00025253763305954635), (12, 0.00016313200467266142), (13, 0.00017438363283872604), (14, 0.00017938722157850862), (15, 0.00018888180784415454), (16, 0.00022200882085599005), (17, 0.0001746932975947857), (18, 0.0001838752650655806), (19, 0.00021062218002043664), (20, 0.0001769173686625436), (21, 0.00023491740284953266), (22, 0.0001802117913030088), (23, 0.00016770379443187267), (24, 0.00028359133284538984), (25, 0.00014289788668975234), (26, 0.00025438886950723827), (27, 0.00016760587459430099), (28, 0.0002768496924545616), (29, 0.0002878828963730484), (30, 0.00014727776579093188), (31, 0.0002029422321356833), (32, 0.00027351404423825443), (33, 0.00015824302681721747), (34, 0.0002687538508325815), (35, 0.00016115904145408422), (36, 0.00015199703921098262), (37, 0.00025246216682717204), (38, 0.00018316473870072514), (39, 0.0002355080214329064), (40, 0.00023586156021337956), (41, 0.00020970325567759573), (42, 0.0001609612227184698), (43, 0.0002553120139054954), (44, 0.00013324629981070757), (45, 0.00011980019189650193), (46, 0.00018732048920355737), (47, 0.000288468407234177), (48, 0.00020212582603562623), (0, 0.00021350511815398932), (1, 0.0001753375108819455), (2, 0.00015567433729302138), (3, 0.0002652435505297035), (4, 0.00023472044267691672), (5, 0.0002042594423983246), (6, 0.0002007552538998425), (7, 0.00016897085879463702), (8, 0.00017976832168642431), (9, 0.00015634299779776484), (10, 0.00018829648615792394), (11, 0.00014175155956763774), (12, 0.00015217572217807174), (13, 0.00017401813238393515), (14, 0.00012354558566585183), (15, 0.00020830650464631617), (16, 0.0001498179044574499), (17, 0.00011748108227038756), (18, 0.00020108267199248075), (19, 0.00016501660866197199), (20, 0.00016273718210868537), (21, 0.00012648604752030224), (22, 0.00012902598246000707), (23, 0.00017137870599981397), (24, 0.00013956175826024264), (25, 0.00019508872355800122), (26, 0.00018173325224779546), (27, 0.00016493041766807437), (28, 0.00013896009477321059), (29, 0.00022396224085241556), (30, 0.00012592680286616087), (31, 0.00014783615188207477), (32, 8.405309199588373e-05), (33, 0.0002077687968267128), (34, 0.00015874128439463675), (35, 0.00015317548241000623), (36, 0.00015629333211109042), (37, 0.00016955597675405443), (38, 0.00014256341091822833), (39, 0.00014461405226029456), (40, 0.00017291544645559043), (41, 0.00010283952724421397), (42, 0.0001336690183961764), (43, 0.00015135119610931724), (44, 7.730828656349331e-05), (45, 0.0001644704898353666), (46, 7.543901301687583e-05), (47, 9.607098036212847e-05), (48, 0.00012089911615476012), (0, 0.0001261896686628461), (1, 0.00016331045480910689), (2, 0.0001232384383911267), (3, 0.00019499599875416607), (4, 9.280571975978091e-05), (5, 0.00010669624316506088), (6, 0.00015647688996978104), (7, 0.00015115475980564952), (8, 0.00015249595162458718), (9, 0.00015309639275074005), (10, 0.00018828004249371588), (11, 0.00012825966405216604), (12, 0.00011293798888800666), (13, 0.00010929390555247664), (14, 9.342141129309312e-05), (15, 0.00013257308455649763), (16, 0.00014120014384388924), (17, 0.0001540100493002683), (18, 9.439226414542645e-05), (19, 0.00012209666601847857), (20, 0.00013101199874654412), (21, 0.00011076521332142875), (22, 0.00017881212988868356), (23, 0.00011638507567113265), (24, 0.00018045789329335093), (25, 9.036494157044217e-05), (26, 0.0001415572187397629), (27, 9.113313717534766e-05), (28, 0.00011407127749407664), (29, 0.00014744291547685862), (30, 0.00010157693759538233), (31, 0.0001407858799211681), (32, 0.00017069817113224417), (33, 0.00011230524978600442), (34, 0.00011443490802776068), (35, 0.00012548196536954492), (36, 0.00010927198309218511), (37, 0.00013687554746866226), (38, 7.77607347117737e-05), (39, 0.00012185560626676306), (40, 0.00010917582403635606), (41, 0.000153084154590033), (42, 0.00013812124961987138), (43, 0.00012132330448366702), (44, 7.15176502126269e-05), (45, 0.0001283187884837389), (46, 0.00014128116890788078), (47, 8.433309267275035e-05), (48, 7.258855475811288e-05), (0, 7.717856351519004e-05), (1, 6.679330545011908e-05), (2, 0.00010859558096854016), (3, 0.00012579727626871318), (4, 0.00010022076457971707), (5, 9.832232899498194e-05), (6, 7.995388295967132e-05), (7, 0.00013331709487829357), (8, 0.00010973574535455555), (9, 8.81369414855726e-05), (10, 0.0001047033365466632), (11, 0.00016750323993619531), (12, 7.854736759327352e-05), (13, 0.00011671288666548207), (14, 9.448178025195375e-05), (15, 0.00010432099224999547), (16, 8.441823592875153e-05), (17, 0.00010176145588047802), (18, 0.00010578351066214964), (19, 0.00013968835992272943), (20, 0.00010215232032351196), (21, 8.171457011485472e-05), (22, 0.0001120595698012039), (23, 8.365952089661732e-05), (24, 0.00012719316873699427), (25, 0.00010007251694332808), (26, 0.0001049795828294009), (27, 0.00010970313451252878), (28, 7.625924627063796e-05), (29, 0.0001293449167860672), (30, 8.126380271278322e-05), (31, 8.732474088901654e-05), (32, 0.00012647917901631445), (33, 9.21664759516716e-05), (34, 0.00014863425167277455), (35, 6.380051490850747e-05), (36, 7.815416756784543e-05), (37, 5.741625136579387e-05), (38, 0.00010564337571850047), (39, 8.989620982902125e-05), (40, 0.00010796962305903435), (41, 0.00012276462803129107), (42, 0.00010087351984111592), (43, 0.00010887103417189792), (44, 0.00011954754882026464), (45, 0.00010452741116750985), (46, 8.943922148318961e-05), (47, 8.764134690864012e-05), (48, 0.00011008577712345868), (0, 0.00011199819709872827), (1, 5.42828711331822e-05), (2, 5.8677091146819293e-05), (3, 0.00010531817679293454), (4, 8.223056647693738e-05), (5, 7.157047366490588e-05), (6, 7.830301183275878e-05), (7, 0.0001092699239961803), (8, 0.00010377429134678096), (9, 0.00010724867024691775), (10, 7.656069647055119e-05), (11, 9.563630737829953e-05), (12, 8.48793497425504e-05), (13, 7.935022586025298e-05), (14, 0.00010864769137697294), (15, 8.907727169571444e-05), (16, 0.00011011043534381315), (17, 6.942944310139865e-05), (18, 7.020058546913788e-05), (19, 0.00011946233280468732), (20, 9.84679936664179e-05), (21, 8.27731128083542e-05), (22, 6.69772780383937e-05), (23, 5.877776857232675e-05), (24, 5.977042383165099e-05), (25, 9.624896483728662e-05), (26, 9.078185394173488e-05), (27, 6.539310561493039e-05), (28, 6.412763468688354e-05), (29, 8.238966256612912e-05), (30, 7.979444490047172e-05), (31, 9.485629561822861e-05), (32, 7.630248001078144e-05), (33, 8.579895074944943e-05), (34, 8.696606528246775e-05), (35, 6.910096999490634e-05), (36, 6.366941670421511e-05), (37, 0.00010891239799093455), (38, 9.439310088055208e-05), (39, 7.363346958300099e-05), (40, 9.355863585369661e-05), (41, 7.342988101299852e-05), (42, 7.334283873206005e-05), (43, 7.983500108821318e-05), (44, 7.20416646800004e-05), (45, 9.821065032156184e-05), (46, 9.512711403658614e-05), (47, 8.471605542581528e-05), (48, 9.225441317539662e-05), (0, 6.249587750062346e-05), (1, 6.930652307346463e-05), (2, 8.20193745312281e-05), (3, 7.397067383863032e-05), (4, 0.00011103472934337333), (5, 5.9030429838458076e-05), (6, 0.00010421689512440935), (7, 9.588652028469369e-05), (8, 8.163933671312407e-05), (9, 8.582126611145213e-05), (10, 7.367850048467517e-05), (11, 9.286560089094564e-05), (12, 8.292550046462566e-05), (13, 7.348656072281301e-05), (14, 8.596902625868097e-05), (15, 5.74081095692236e-05), (16, 6.649365968769416e-05), (17, 6.695664342259988e-05), (18, 7.112102321116254e-05), (19, 7.111459854058921e-05), (20, 5.919776958762668e-05), (21, 6.436421244870871e-05), (22, 4.36565896961838e-05), (23, 5.8530196838546544e-05), (24, 6.814110383857042e-05), (25, 7.913255831226707e-05), (26, 7.290791836567223e-05), (27, 5.1358943892410025e-05), (28, 5.663581032422371e-05), (29, 5.40430482942611e-05), (30, 7.443228969350457e-05), (31, 6.990263500483707e-05), (32, 4.597244696924463e-05), (33, 5.606062768492848e-05), (34, 7.839454337954521e-05), (35, 5.468167728395201e-05), (36, 5.3217921959003434e-05), (37, 5.916692316532135e-05), (38, 6.001804649713449e-05), (39, 8.194855763576925e-05), (40, 3.6941171856597066e-05), (41, 3.655023465398699e-05), (42, 5.317199611454271e-05), (43, 4.3627500417642295e-05), (44, 3.958569504902698e-05), (45, 7.181079854490235e-05), (46, 8.329753472935408e-05), (47, 6.56611446174793e-05), (48, 4.0340572013519704e-05), (0, 3.867562554660253e-05), (1, 3.8874779420439154e-05), (2, 6.705101259285584e-05), (3, 2.8679562092293054e-05), (4, 5.9132718888577074e-05), (5, 4.9608970584813505e-05), (6, 4.5540429709944874e-05), (7, 5.4834144975757226e-05), (8, 5.776000762125477e-05), (9, 3.684687180793844e-05), (10, 4.632139462046325e-05), (11, 5.1960603741463274e-05), (12, 2.9571123377536424e-05), (13, 4.7278812417062e-05), (14, 4.964337858837098e-05), (15, 6.042561653885059e-05), (16, 3.4549924748716876e-05), (17, 3.877677590935491e-05), (18, 4.966106644133106e-05), (19, 3.7704572605434805e-05), (20, 3.894094697898254e-05), (21, 3.6031568015459925e-05), (22, 3.993452628492378e-05), (23, 2.6376796085969545e-05), (24, 3.552087946445681e-05), (25, 4.121244273846969e-05), (26, 2.8950778869329952e-05), (27, 3.238426143070683e-05), (28, 2.9387985705398023e-05), (29, 3.747566006495617e-05), (30, 3.1233186746248975e-05), (31, 3.9882503187982365e-05), (32, 4.2434028728166595e-05), (33, 4.847590753342956e-05), (34, 4.5586988562718034e-05), (35, 2.7128664441988803e-05), (36, 3.8218367990339175e-05), (37, 4.15578433603514e-05), (38, 4.883241854258813e-05), (39, 3.1149851565714926e-05), (40, 3.3055599487852305e-05), (41, 2.9554232241935097e-05), (42, 2.7390802642912604e-05), (43, 2.889786810555961e-05), (44, 4.146761784795672e-05), (45, 3.271034074714407e-05), (46, 3.946692231693305e-05), (47, 3.679651126731187e-05), (48, 4.022753637400456e-05), (0, 1.9702087229234166e-05), (1, 3.128236858174205e-05), (2, 2.2290036213234998e-05), (3, 2.4634189685457386e-05), (4, 2.8759342967532575e-05), (5, 2.3720660465187393e-05), (6, 3.5970086173620075e-05), (7, 2.211495848314371e-05), (8, 2.9812274078722112e-05), (9, 3.093388659181073e-05), (10, 2.9636104954988696e-05), (11, 3.5960030800197273e-05), (12, 2.6592508220346645e-05), (13, 1.974495899048634e-05), (14, 2.7362597393221222e-05), (15, 2.6604178856359795e-05), (16, 3.105948053416796e-05), (17, 2.952292561531067e-05), (18, 1.993228761421051e-05), (19, 3.4943572245538235e-05), (20, 2.5016011932166293e-05), (21, 2.6925394195131958e-05), (22, 2.242166556243319e-05), (23, 1.2013552805001382e-05), (24, 2.3380804123007692e-05), (25, 2.3225009499583393e-05), (26, 2.2130770958028734e-05), (27, 2.8017362637910992e-05), (28, 1.5397288734675385e-05), (29, 3.408785778447054e-05), (30, 2.320089697604999e-05), (31, 1.7645001207711175e-05), (32, 2.9676313715754077e-05), (33, 2.9657194318133406e-05), (34, 1.991456883843057e-05), (35, 2.251504520245362e-05), (36, 2.196406239818316e-05), (37, 2.4228458642028272e-05), (38, 2.2000614990247414e-05), (39, 2.6637491828296334e-05), (40, 2.870810203603469e-05), (41, 2.0244215193088166e-05), (42, 2.263706483063288e-05), (43, 2.5659061066107824e-05), (44, 1.7227979697054252e-05), (45, 2.5296059902757406e-05), (46, 1.789942143659573e-05), (47, 2.060242695733905e-05), (48, 2.419922748231329e-05), (0, 1.8696304323384538e-05), (1, 2.094539195240941e-05), (2, 2.1206871679169126e-05), (3, 1.9140248696203344e-05), (4, 1.4784727682126686e-05), (5, 2.0597823095158674e-05), (6, 1.917194458656013e-05), (7, 2.3581214918522164e-05), (8, 2.0383973605930805e-05), (9, 1.4781121535634156e-05), (10, 1.4617827218899038e-05), (11, 1.9925129890907556e-05), (12, 2.113841037498787e-05), (13, 1.8917913621407934e-05), (14, 1.2508825420809444e-05), (15, 1.4758236829948146e-05), (16, 1.406808223691769e-05), (17, 1.0935336831607856e-05), (18, 1.8611101040733047e-05), (19, 1.9864462956320494e-05), (20, 2.3494925699196756e-05), (21, 1.509686899225926e-05), (22, 2.3782917196513154e-05), (23, 2.1283356545609422e-05), (24, 2.1938027202850208e-05), (25, 2.100662277371157e-05), (26, 2.676264921319671e-05), (27, 1.3368192412599456e-05), (28, 2.01879574888153e-05), (29, 1.8936847482109442e-05), (30, 1.5703581084380858e-05), (31, 2.453178785799537e-05), (32, 1.4344679584610276e-05), (33, 1.2897332453576382e-05), (34, 1.552837056806311e-05), (35, 1.803125996957533e-05), (36, 1.462690306652803e-05), (37, 1.6019590475480072e-05), (38, 1.4857820133329369e-05), (39, 1.3349987966648769e-05), (40, 1.5654373783036135e-05), (41, 1.4846041267446708e-05), (42, 1.5461082512047142e-05), (43, 1.4902114344295114e-05), (44, 1.6480873455293477e-05), (45, 1.707958654151298e-05), (46, 1.666101707087364e-05), (47, 1.1409017133701127e-05), (48, 2.012345976254437e-05), (0, 1.3035989468335174e-05), (1, 1.1472525329736527e-05), (2, 1.578067895025015e-05), (3, 1.7009730072459206e-05), (4, 1.6695134036126547e-05), (5, 1.422186142008286e-05), (6, 1.3157567991584074e-05), (7, 1.9003338820766658e-05), (8, 1.4052357073524036e-05), (9, 1.2559391507238615e-05), (10, 1.543342659715563e-05), (11, 1.5535713828285225e-05), (12, 1.2474725735955872e-05), (13, 1.4049657693249173e-05), (14, 1.593609522387851e-05), (15, 1.2758450793626253e-05), (16, 1.2594278814503923e-05), (17, 2.050527837127447e-05), (18, 1.3575516277342103e-05), (19, 2.1450792701216415e-05), (20, 7.864807230362203e-06), (21, 9.962905096472241e-06), (22, 1.548894761072006e-05), (23, 9.787334420252591e-06), (24, 1.3391009815677535e-05), (25, 1.2954589692526497e-05), (26, 1.4514877875626553e-05), (27, 1.155863719759509e-05), (28, 1.2918242646264844e-05), (29, 1.4040465430298354e-05), (30, 1.2888045603176579e-05), (31, 1.5547706425422803e-05), (32, 7.598120646434836e-06), (33, 1.8525990526541136e-05), (34, 1.1118657312181313e-05), (35, 1.5015669305284973e-05), (36, 1.27579623949714e-05), (37, 1.625406184757594e-05), (38, 1.6344079995178618e-05), (39, 9.38709854381159e-06), (40, 1.590229476278182e-05), (41, 1.555591734359041e-05), (42, 1.1265517969150096e-05), (43, 5.480083473230479e-06), (44, 1.5019086276879534e-05), (45, 1.4208561879058834e-05), (46, 6.597497758775717e-06), (47, 1.564823651278857e-05), (48, 8.117683137243148e-06), (0, 1.190720377053367e-05), (1, 1.619062095414847e-05), (2, 1.216729015141027e-05), (3, 1.3103983292239718e-05), (4, 1.1551417628652416e-05), (5, 1.5734462067484856e-05), (6, 1.094996423489647e-05), (7, 1.2735798009089194e-05), (8, 1.0096957339555956e-05), (9, 9.975393368222285e-06), (10, 9.29682300920831e-06), (11, 8.260432878159918e-06), (12, 1.1067774721595924e-05), (13, 1.369812980556162e-05), (14, 8.300495210278314e-06), (15, 1.4503032616630662e-05), (16, 1.239439552591648e-05), (17, 1.3663727258972358e-05), (18, 8.274926585727371e-06), (19, 1.0696157914935611e-05), (20, 1.316098223469453e-05), (21, 1.056815108313458e-05), (22, 1.115742270485498e-05), (23, 5.579633125307737e-06), (24, 8.131318281812128e-06), (25, 1.08432777778944e-05), (26, 7.3966075433418155e-06), (27, 1.3388212209974881e-05), (28, 9.064609912456945e-06), (29, 1.5398285540868528e-05), (30, 1.1467001058917958e-05), (31, 8.727313797862735e-06), (32, 1.0939339517790359e-05), (33, 1.3190370736992918e-05), (34, 1.4909040146449115e-05), (35, 9.54509505390888e-06), (36, 1.1442969480413012e-05), (37, 5.155205144546926e-06), (38, 1.0427752386021893e-05), (39, 1.3737693734583445e-05), (40, 1.2125617104175035e-05), (41, 7.663386895728763e-06), (42, 1.465427612856729e-05), (43, 1.093520040740259e-05), (44, 1.0547431884333491e-05), (45, 9.21599621506175e-06), (46, 8.972573596111033e-06), (47, 9.839049198490102e-06), (48, 6.586591098312056e-06)]