0.000000000000000000e+00 3.360000000000000142e+01 7.400000000000000355e+00
1.414141416549682617e+00 3.343268794455060799e+01 7.336115999460732340e+00
2.828282833099365234e+00 3.326628762070550493e+01 7.273312788172946242e+00
4.242424011230468750e+00 3.310070147963632792e+01 7.211877954297860605e+00
5.656565666198730469e+00 3.293587588216827555e+01 7.152005545775431017e+00
7.070707321166992188e+00 3.277181060704594984e+01 7.093763513738458926e+00
8.484848022460937500e+00 3.260851939636897612e+01 7.037185650210119547e+00
9.898989677429199219e+00 3.244601498571272913e+01 6.982309258063608581e+00
1.131313133239746094e+01 3.228431078179826130e+01 6.929172718738429104e+00
1.272727298736572266e+01 3.212342043105726219e+01 6.877815365606882558e+00
1.414141464233398438e+01 3.196335786183880856e+01 6.828277329590460631e+00
1.555555534362792969e+01 3.180413748646527949e+01 6.780599839659381622e+00
1.696969604492187500e+01 3.164577388888683274e+01 6.734825154254579616e+00
1.838383865356445312e+01 3.148828193642230033e+01 6.690996603156066591e+00
1.979797935485839844e+01 3.133167752004245799e+01 6.649158787301250761e+00
2.121212196350097656e+01 3.117597607043059327e+01 6.609357171718946766e+00
2.262626266479492188e+01 3.102119424766771161e+01 6.571638536678776177e+00
2.404040336608886719e+01 3.086734850076701875e+01 6.536050687417838567e+00
2.545454597473144531e+01 3.071445571901151439e+01 6.502642672421898418e+00
2.686868667602539062e+01 3.056253377357697687e+01 6.471464703600270596e+00
2.828282928466796875e+01 3.041160018919819663e+01 6.442568165353733889e+00
2.969696998596191406e+01 3.026167378806220754e+01 6.416005964106828330e+00
3.111111068725585938e+01 3.011277326146242928e+01 6.391832247812004653e+00
3.252525329589843750e+01 2.996491778674855766e+01 6.370102537372803297e+00
3.393939208984375000e+01 2.981812781662557299e+01 6.350873824292174064e+00
3.535353469848632812e+01 2.967242289628520169e+01 6.334204273595060108e+00
3.676767730712890625e+01 2.952782429041986489e+01 6.320153709913250317e+00
3.818181991577148438e+01 2.938435338214508263e+01 6.308783362705793429e+00
3.959595870971679688e+01 2.924203243912612038e+01 6.300155902423737686e+00
4.101010131835937500e+01 2.910088316739191683e+01 6.294335599467372866e+00
4.242424392700195312e+01 2.896092901531779518e+01 6.291388465195497659e+00
4.383838272094726562e+01 2.882219400736634896e+01 6.291382147223915311e+00
4.525252532958984375e+01 2.868470163586680854e+01 6.294385964257035226e+00
4.666666793823242188e+01 2.854847710672299854e+01 6.300470906894315881e+00
4.808080673217773438e+01 2.841354623151302761e+01 6.309709685768996046e+00
4.949494934082031250e+01 2.827993438955217798e+01 6.322176953089678086e+00
5.090909194946289062e+01 2.814766870971474333e+01 6.337949147257329940e+00
5.232323074340820312e+01 2.801677697918939103e+01 6.357104575777328570e+00
5.373737335205078125e+01 2.788728490240401570e+01 6.379726390830431804e+00
5.515151596069335938e+01 2.775624835368991583e+01 6.411210795699378906e+00
5.656565856933593750e+01 2.762066890251594131e+01 6.457564588944004313e+00
5.797979736328125000e+01 2.747948914442716983e+01 6.521674574496927335e+00
5.939393997192382812e+01 2.733144529425057101e+01 6.606994736747990871e+00
6.080808258056640625e+01 2.717502518334024941e+01 6.717664367219900790e+00
6.222222137451171875e+01 2.700841727998998465e+01 6.858645202670065721e+00
6.363636398315429688e+01 2.682947148151689021e+01 7.035830706550932234e+00
6.505050659179687500e+01 2.663522636998024140e+01 7.257276326024938662e+00
6.646464538574218750e+01 2.642188488003246150e+01 7.533293635070599237e+00
6.787878417968750000e+01 2.618528173389245950e+01 7.875269743934229183e+00
6.929293060302734375e+01 2.592039158375065355e+01 8.296948067479389621e+00
7.070706939697265625e+01 2.562114382066828355e+01 8.814939432028781496e+00
7.212121582031250000e+01 2.528019206960361132e+01 9.449341858004704164e+00
7.353535461425781250e+01 2.488866169133288864e+01 1.022444502135948952e+01
7.494949340820312500e+01 2.443592103287370065e+01 1.116933161645752826e+01
7.636363220214843750e+01 2.394568729359907167e+01 1.221826594064087246e+01
7.777777862548828125e+01 2.344425075251292867e+01 1.329950166936565914e+01
7.919191741943359375e+01 2.294196724996173486e+01 1.436738133761224923e+01
8.060606384277343750e+01 2.252460142034543011e+01 1.502205703038717388e+01
8.202020263671875000e+01 2.217383232215238564e+01 1.531777204603825737e+01
8.343434143066406250e+01 2.186310900106619926e+01 1.540519754557261578e+01
8.484848022460937500e+01 2.157674665924064428e+01 1.537381571177112427e+01
8.626262664794921875e+01 2.130498835614367081e+01 1.527752495606539540e+01
8.767677307128906250e+01 2.104359857915136800e+01 1.514196284375312374e+01
8.909091186523437500e+01 2.079004890174024922e+01 1.498264974514754400e+01
9.050505065917968750e+01 2.054272043248062118e+01 1.480937927698537671e+01
9.191918945312500000e+01 2.030057265758455642e+01 1.462832700968103872e+01
9.333332824707031250e+01 2.006292182567936422e+01 1.444341303955025602e+01
9.474747467041015625e+01 1.982892052772982794e+01 1.425855373190950459e+01
9.616162109375000000e+01 1.959798013837955821e+01 1.407602682378680292e+01
9.757575988769531250e+01 1.937005767824264524e+01 1.389582941646322034e+01
9.898989868164062500e+01 1.914510930821688106e+01 1.371794915038249840e+01
1.004040374755859375e+02 1.892309361654615429e+01 1.354237123551943434e+01
1.018181762695312500e+02 1.870397165399390715e+01 1.336907000264000622e+01
1.032323226928710938e+02 1.848770373548327584e+01 1.319801967398555576e+01
1.046464691162109375e+02 1.827425335708124265e+01 1.302919474756979135e+01
1.060606079101562500e+02 1.806358491939541011e+01 1.286256730156164885e+01
1.074747467041015625e+02 1.785566084024304701e+01 1.269810895832296715e+01
1.088888854980468750e+02 1.765044512298743484e+01 1.253579288338288400e+01
1.103030319213867188e+02 1.744790149188370876e+01 1.237558982152299869e+01
1.117171707153320312e+02 1.724799734496669501e+01 1.221747379416869350e+01
1.131313171386718750e+02 1.705069610664894597e+01 1.206141619895698724e+01
1.145454559326171875e+02 1.685596587084155473e+01 1.190739254070695985e+01
1.159595947265625000e+02 1.666377210400649034e+01 1.175537538540455529e+01
1.173737335205078125e+02 1.647408184853634694e+01 1.160533820231561108e+01
1.187878799438476562e+02 1.628686151999457010e+01 1.145725426082113785e+01
1.202020187377929688e+02 1.610208093680374830e+01 1.131109977046470583e+01
1.216161651611328125e+02 1.591970628264007637e+01 1.116684831448126936e+01
1.230303039550781250e+02 1.573970807570194985e+01 1.102447717398056071e+01
1.244444427490234375e+02 1.556205434001136645e+01 1.088396125501254730e+01
1.258585815429687500e+02 1.538671470431764554e+01 1.074527557363960106e+01
1.272727279663085938e+02 1.521365821362332760e+01 1.060839497533433828e+01
1.286868743896484375e+02 1.504285610331701228e+01 1.047329648868268137e+01
1.301010131835937500e+02 1.487427987127827578e+01 1.033995780052867275e+01
1.315151519775390625e+02 1.470789949592746737e+01 1.020835584648295224e+01
1.329292907714843750e+02 1.454368619436407606e+01 1.007846899251602046e+01
1.343434295654296875e+02 1.438161159906032971e+01 9.950275695669475340e+00
1.357575683593750000e+02 1.422164814009274814e+01 9.823752280972316342e+00
1.371717224121093750e+02 1.406376677722219171e+01 9.698874830390531443e+00
1.385858612060546875e+02 1.390794378722004154e+01 9.575624503279046351e+00
1.400000000000000000e+02 1.375415055997144975e+01 9.453979351834258082e+00
