Model Setup for Uniformvirtual {PATIENT_GROUPS} Trained Network:

Network Architecture Parameters
Input channels=2
Hidden channels=32
Output channels=1

Training hyperparameters
Optimizer=AdamW (
Parameter Group 0
    amsgrad: False
    betas: (0.9, 0.999)
    capturable: False
    differentiable: False
    eps: 1e-08
    foreach: None
    fused: None
    lr: 0.001
    maximize: False
    weight_decay: 1e-06
)Training Iterations=100
Learning rate=0.001
Weight decay=1e-06
Optimizer reset frequency=None

Dropout probability (after initial linear layer before NCDE): 0
Training Data Selection Parameters
(If not virtual, the only important params are the groups and whether data was normalized/standardized)
Patient groups=['Control', 'Atypical']
Augmentation strategy=Uniform
Noise Magnitude=0.01
Normalized/standardized=StandardizeAll
Number of virtual patients per real patient=100
Label smoothing factor=0
Test Patient Combinations:
Control: (2, 12, 10, 5, 1)
MDD: (11, 12, 6, 10, 13)
Training batch size=200
Training Results:
Runtime=83.92118310928345
Loss over time=[(0, 0.6980023384094238), (1, 0.6881905198097229), (2, 0.6863200664520264), (3, 0.6930295825004578), (4, 0.7003448605537415), (5, 0.6916629672050476), (6, 0.6797008514404297), (7, 0.6867147088050842), (8, 0.6795875430107117), (9, 0.6838008165359497), (0, 0.6845953464508057), (1, 0.6931478977203369), (2, 0.6837547421455383), (3, 0.6829036474227905), (4, 0.6850045919418335), (5, 0.6772502064704895), (6, 0.6767240762710571), (7, 0.6815133690834045), (8, 0.6744669079780579), (9, 0.6816803812980652), (0, 0.6728475689888), (1, 0.6789774298667908), (2, 0.6753270626068115), (3, 0.6798831820487976), (4, 0.6819663047790527), (5, 0.6805503368377686), (6, 0.6844939589500427), (7, 0.6787016987800598), (8, 0.6671380400657654), (9, 0.6681318879127502), (0, 0.6797427535057068), (1, 0.663627564907074), (2, 0.6682837009429932), (3, 0.6692745089530945), (4, 0.6843830943107605), (5, 0.6760575771331787), (6, 0.676907479763031), (7, 0.6710594296455383), (8, 0.6733508110046387), (9, 0.6760759949684143), (0, 0.6750807762145996), (1, 0.6673641204833984), (2, 0.659877598285675), (3, 0.6620410084724426), (4, 0.6634750962257385), (5, 0.6780921816825867), (6, 0.6761267185211182), (7, 0.6835069060325623), (8, 0.6706095933914185), (9, 0.6709584593772888), (0, 0.6688346862792969), (1, 0.6464813351631165), (2, 0.6625409722328186), (3, 0.666239857673645), (4, 0.6767975091934204), (5, 0.6623857617378235), (6, 0.6804887652397156), (7, 0.6755099296569824), (8, 0.6719746589660645), (9, 0.6776954531669617), (0, 0.6550825238227844), (1, 0.657840371131897), (2, 0.6675451397895813), (3, 0.679289698600769), (4, 0.6584696173667908), (5, 0.6708091497421265), (6, 0.6708750128746033), (7, 0.6715790033340454), (8, 0.6594488620758057), (9, 0.6709049344062805), (0, 0.6543949246406555), (1, 0.6612036228179932), (2, 0.6524563431739807), (3, 0.6566722393035889), (4, 0.658519983291626), (5, 0.6791332960128784), (6, 0.6580573916435242), (7, 0.6789618134498596), (8, 0.6785093545913696), (9, 0.6529887914657593), (0, 0.651114284992218), (1, 0.6759556531906128), (2, 0.6743428707122803), (3, 0.672799825668335), (4, 0.6807032227516174), (5, 0.637911319732666), (6, 0.6588317155838013), (7, 0.6535148620605469), (8, 0.6467058062553406), (9, 0.6549769639968872), (0, 0.6694861650466919), (1, 0.6531493663787842), (2, 0.6616480946540833), (3, 0.6665692329406738), (4, 0.6696813106536865), (5, 0.6740943193435669), (6, 0.6414459943771362), (7, 0.6340166330337524), (8, 0.6670653820037842), (9, 0.6230741143226624), (0, 0.6603625416755676), (1, 0.6556614637374878), (2, 0.6563131809234619), (3, 0.6456672549247742), (4, 0.6403429508209229), (5, 0.6602312326431274), (6, 0.6553215980529785), (7, 0.6660549640655518), (8, 0.6457350254058838), (9, 0.6573949456214905), (0, 0.6454818844795227), (1, 0.6150591373443604), (2, 0.6603561639785767), (3, 0.6648459434509277), (4, 0.65558922290802), (5, 0.6682433485984802), (6, 0.6431529521942139), (7, 0.6498546004295349), (8, 0.6526992917060852), (9, 0.6467813849449158), (0, 0.6639726161956787), (1, 0.6399438977241516), (2, 0.6415800452232361), (3, 0.6387163400650024), (4, 0.6318134069442749), (5, 0.6646153926849365), (6, 0.652438223361969), (7, 0.6486842632293701), (8, 0.6220500469207764), (9, 0.67142653465271), (0, 0.6475217938423157), (1, 0.6516802310943604), (2, 0.6373504400253296), (3, 0.6318427920341492), (4, 0.6325912475585938), (5, 0.6534817218780518), (6, 0.6414842009544373), (7, 0.6297959685325623), (8, 0.6435097455978394), (9, 0.6406335234642029), (0, 0.6258471012115479), (1, 0.6322830319404602), (2, 0.6448193192481995), (3, 0.6393469572067261), (4, 0.6139950752258301), (5, 0.6466552019119263), (6, 0.6357849836349487), (7, 0.6440462470054626), (8, 0.6283588409423828), (9, 0.6500290632247925), (0, 0.62152498960495), (1, 0.6170150637626648), (2, 0.6367204189300537), (3, 0.6167097687721252), (4, 0.6054971814155579), (5, 0.615240752696991), (6, 0.6618618965148926), (7, 0.6501303315162659), (8, 0.6253395080566406), (9, 0.6312341690063477), (0, 0.6219227910041809), (1, 0.6415473222732544), (2, 0.6235151886940002), (3, 0.6208818554878235), (4, 0.6025930047035217), (5, 0.6227831840515137), (6, 0.6214761137962341), (7, 0.6038728952407837), (8, 0.6379654407501221), (9, 0.5919684171676636), (0, 0.6465439796447754), (1, 0.601214587688446), (2, 0.6339002847671509), (3, 0.5989523530006409), (4, 0.6061447262763977), (5, 0.6096176505088806), (6, 0.6132038235664368), (7, 0.6105417013168335), (8, 0.5969178080558777), (9, 0.587189257144928), (0, 0.6028090119361877), (1, 0.5891096591949463), (2, 0.6231126189231873), (3, 0.6151885986328125), (4, 0.5544868111610413), (5, 0.6000545620918274), (6, 0.6308817863464355), (7, 0.6136446595191956), (8, 0.6139484643936157), (9, 0.5775463581085205), (0, 0.6098853945732117), (1, 0.6026071906089783), (2, 0.6038041114807129), (3, 0.554714560508728), (4, 0.5776644349098206), (5, 0.6084564328193665), (6, 0.602169930934906), (7, 0.5999643802642822), (8, 0.6073253154754639), (9, 0.5611341595649719), (0, 0.5580912232398987), (1, 0.5824200510978699), (2, 0.5934445858001709), (3, 0.6027674674987793), (4, 0.6042287349700928), (5, 0.5970463156700134), (6, 0.588179349899292), (7, 0.5810290575027466), (8, 0.5770805478096008), (9, 0.5874308347702026), (0, 0.6006878018379211), (1, 0.5789588689804077), (2, 0.5568076372146606), (3, 0.5743569731712341), (4, 0.5884160995483398), (5, 0.5905681848526001), (6, 0.5718019008636475), (7, 0.5918360948562622), (8, 0.5673598051071167), (9, 0.5716457962989807), (0, 0.5471416711807251), (1, 0.5819858312606812), (2, 0.5699033737182617), (3, 0.5855291485786438), (4, 0.5727598667144775), (5, 0.5641341209411621), (6, 0.5738649964332581), (7, 0.6048444509506226), (8, 0.5513912439346313), (9, 0.5907332897186279), (0, 0.5709925293922424), (1, 0.5437254905700684), (2, 0.5724775195121765), (3, 0.5633552670478821), (4, 0.5596904158592224), (5, 0.5779804587364197), (6, 0.5799415111541748), (7, 0.5804353356361389), (8, 0.5594741106033325), (9, 0.5680390000343323), (0, 0.5752875208854675), (1, 0.5945259928703308), (2, 0.5689391493797302), (3, 0.5723726153373718), (4, 0.5367504358291626), (5, 0.5431793928146362), (6, 0.5494886636734009), (7, 0.5726353526115417), (8, 0.5566051602363586), (9, 0.5355337858200073), (0, 0.5550426840782166), (1, 0.5587027072906494), (2, 0.5247669816017151), (3, 0.5753993988037109), (4, 0.5828063488006592), (5, 0.5339047312736511), (6, 0.542334258556366), (7, 0.5828823447227478), (8, 0.562497615814209), (9, 0.5292048454284668), (0, 0.5568317174911499), (1, 0.5882203578948975), (2, 0.5660607814788818), (3, 0.5396690964698792), (4, 0.5404161214828491), (5, 0.5183699131011963), (6, 0.5225281715393066), (7, 0.566532552242279), (8, 0.5465466976165771), (9, 0.5618202686309814), (0, 0.5075156688690186), (1, 0.5208351016044617), (2, 0.5847493410110474), (3, 0.551744818687439), (4, 0.5601763129234314), (5, 0.5466681718826294), (6, 0.5462104678153992), (7, 0.5388026237487793), (8, 0.5578495264053345), (9, 0.5133036971092224), (0, 0.5545060634613037), (1, 0.534741997718811), (2, 0.5376225709915161), (3, 0.543438196182251), (4, 0.509696900844574), (5, 0.5366292595863342), (6, 0.542894184589386), (7, 0.5327138304710388), (8, 0.5173856019973755), (9, 0.5968605279922485), (0, 0.5401866436004639), (1, 0.5312374234199524), (2, 0.5315356254577637), (3, 0.4879862070083618), (4, 0.5435166358947754), (5, 0.5380123257637024), (6, 0.5255360007286072), (7, 0.5236976742744446), (8, 0.5289434194564819), (9, 0.5638276934623718), (0, 0.5446802973747253), (1, 0.5193072557449341), (2, 0.5279170870780945), (3, 0.5226673483848572), (4, 0.5290476083755493), (5, 0.5414093136787415), (6, 0.5069211721420288), (7, 0.48236778378486633), (8, 0.5284368395805359), (9, 0.5296509265899658), (0, 0.5427364110946655), (1, 0.5189724564552307), (2, 0.5236879587173462), (3, 0.48591431975364685), (4, 0.5583640336990356), (5, 0.5300217270851135), (6, 0.4886552095413208), (7, 0.5158131122589111), (8, 0.5226537585258484), (9, 0.5116221308708191), (0, 0.5462995767593384), (1, 0.5085697770118713), (2, 0.5059881806373596), (3, 0.5106220841407776), (4, 0.5160393714904785), (5, 0.5062919855117798), (6, 0.5125873684883118), (7, 0.5009142160415649), (8, 0.4844009280204773), (9, 0.5487151145935059), (0, 0.5121898651123047), (1, 0.5037587881088257), (2, 0.5102797746658325), (3, 0.5218728184700012), (4, 0.4553898274898529), (5, 0.5114307999610901), (6, 0.5341328382492065), (7, 0.4814320504665375), (8, 0.553591251373291), (9, 0.46020203828811646), (0, 0.5133772492408752), (1, 0.5163345336914062), (2, 0.4861640930175781), (3, 0.5344774127006531), (4, 0.4902937412261963), (5, 0.5151723623275757), (6, 0.49257349967956543), (7, 0.5105916857719421), (8, 0.4924923777580261), (9, 0.4765254259109497), (0, 0.5284926891326904), (1, 0.4644770920276642), (2, 0.5187602043151855), (3, 0.48943817615509033), (4, 0.4961354434490204), (5, 0.49752888083457947), (6, 0.49758556485176086), (7, 0.4896996319293976), (8, 0.5235553979873657), (9, 0.4880019724369049), (0, 0.48591873049736023), (1, 0.46646812558174133), (2, 0.5201073884963989), (3, 0.5273911952972412), (4, 0.477559894323349), (5, 0.5055198669433594), (6, 0.471980482339859), (7, 0.47673699259757996), (8, 0.5109719038009644), (9, 0.5298101305961609), (0, 0.4957652986049652), (1, 0.4736391305923462), (2, 0.541312038898468), (3, 0.4905897378921509), (4, 0.47529923915863037), (5, 0.5048546195030212), (6, 0.5123151540756226), (7, 0.46451377868652344), (8, 0.485747754573822), (9, 0.4676187038421631), (0, 0.47454696893692017), (1, 0.4921467900276184), (2, 0.4647652804851532), (3, 0.5353550314903259), (4, 0.5304042100906372), (5, 0.45637452602386475), (6, 0.534313440322876), (7, 0.45806884765625), (8, 0.4777051508426666), (9, 0.5335427522659302), (0, 0.4481552839279175), (1, 0.5080233216285706), (2, 0.4785764217376709), (3, 0.504464328289032), (4, 0.45007359981536865), (5, 0.5225709676742554), (6, 0.5049586296081543), (7, 0.5155046582221985), (8, 0.4793897271156311), (9, 0.43823814392089844), (0, 0.473978191614151), (1, 0.47765934467315674), (2, 0.41327130794525146), (3, 0.5044340491294861), (4, 0.4828743040561676), (5, 0.4852311611175537), (6, 0.5164530277252197), (7, 0.48888739943504333), (8, 0.5252105593681335), (9, 0.527778148651123), (0, 0.5024516582489014), (1, 0.4738691747188568), (2, 0.5350233316421509), (3, 0.515227735042572), (4, 0.46557343006134033), (5, 0.4643459618091583), (6, 0.4685811996459961), (7, 0.4860287010669708), (8, 0.4497499465942383), (9, 0.48752856254577637), (0, 0.4906294345855713), (1, 0.47518718242645264), (2, 0.4993099868297577), (3, 0.4710098206996918), (4, 0.4913594424724579), (5, 0.4875189960002899), (6, 0.46564364433288574), (7, 0.5105395317077637), (8, 0.43907973170280457), (9, 0.518603503704071), (0, 0.5151200294494629), (1, 0.48605290055274963), (2, 0.45275914669036865), (3, 0.4784340560436249), (4, 0.49603432416915894), (5, 0.4806530773639679), (6, 0.44824668765068054), (7, 0.4938929080963135), (8, 0.4932175576686859), (9, 0.5162290930747986), (0, 0.48480650782585144), (1, 0.47077545523643494), (2, 0.4794122278690338), (3, 0.49892961978912354), (4, 0.49151185154914856), (5, 0.5137173533439636), (6, 0.4270443022251129), (7, 0.5220233798027039), (8, 0.45787662267684937), (9, 0.5075761675834656), (0, 0.4563606381416321), (1, 0.48649632930755615), (2, 0.4965863525867462), (3, 0.5183164477348328), (4, 0.5305412411689758), (5, 0.4786165654659271), (6, 0.4991326928138733), (7, 0.45090797543525696), (8, 0.4927498698234558), (9, 0.43279945850372314), (0, 0.5197435617446899), (1, 0.4630494713783264), (2, 0.5179167985916138), (3, 0.47888413071632385), (4, 0.45418837666511536), (5, 0.49050793051719666), (6, 0.4352482855319977), (7, 0.46977341175079346), (8, 0.479844868183136), (9, 0.5319600105285645), (0, 0.4453277289867401), (1, 0.4942368268966675), (2, 0.4687027633190155), (3, 0.4895263612270355), (4, 0.4937649071216583), (5, 0.48882997035980225), (6, 0.5310968160629272), (7, 0.46325087547302246), (8, 0.4665205478668213), (9, 0.4667353332042694), (0, 0.4867761731147766), (1, 0.4977230429649353), (2, 0.46652403473854065), (3, 0.4934788644313812), (4, 0.47271978855133057), (5, 0.5057022571563721), (6, 0.4495236575603485), (7, 0.4737433195114136), (8, 0.4839736223220825), (9, 0.4423712193965912), (0, 0.48281538486480713), (1, 0.4929770231246948), (2, 0.48207584023475647), (3, 0.45217904448509216), (4, 0.4676057696342468), (5, 0.45117056369781494), (6, 0.4666956961154938), (7, 0.48674431443214417), (8, 0.4947136342525482), (9, 0.4916331470012665), (0, 0.4744058847427368), (1, 0.4508451819419861), (2, 0.464711457490921), (3, 0.45936498045921326), (4, 0.4870702028274536), (5, 0.4463386833667755), (6, 0.472003698348999), (7, 0.48478028178215027), (8, 0.5061227679252625), (9, 0.5179017782211304), (0, 0.4807043969631195), (1, 0.46216124296188354), (2, 0.44344794750213623), (3, 0.4900931417942047), (4, 0.481342613697052), (5, 0.5151321291923523), (6, 0.4420895278453827), (7, 0.5061041116714478), (8, 0.43085598945617676), (9, 0.44953104853630066), (0, 0.47984200716018677), (1, 0.4528789520263672), (2, 0.47332763671875), (3, 0.5173099040985107), (4, 0.49822694063186646), (5, 0.44976863265037537), (6, 0.4305385649204254), (7, 0.47526511549949646), (8, 0.45391568541526794), (9, 0.4417794942855835), (0, 0.4693962037563324), (1, 0.42668819427490234), (2, 0.46089470386505127), (3, 0.5043578147888184), (4, 0.43201857805252075), (5, 0.46017733216285706), (6, 0.506094753742218), (7, 0.4717040956020355), (8, 0.4467048943042755), (9, 0.5287487506866455), (0, 0.44274985790252686), (1, 0.4252083897590637), (2, 0.5070287585258484), (3, 0.5004333257675171), (4, 0.48005935549736023), (5, 0.46121954917907715), (6, 0.4638923704624176), (7, 0.4623611569404602), (8, 0.42233169078826904), (9, 0.5236358046531677), (0, 0.48074501752853394), (1, 0.47649410367012024), (2, 0.44148921966552734), (3, 0.4322245121002197), (4, 0.5244286060333252), (5, 0.4606267809867859), (6, 0.4862029552459717), (7, 0.47578758001327515), (8, 0.40880000591278076), (9, 0.4708174467086792), (0, 0.42735791206359863), (1, 0.5061850547790527), (2, 0.4629470705986023), (3, 0.4636763036251068), (4, 0.48561951518058777), (5, 0.4832659065723419), (6, 0.468150794506073), (7, 0.46185600757598877), (8, 0.4180188775062561), (9, 0.4685817360877991), (0, 0.4664320647716522), (1, 0.46479371190071106), (2, 0.4520978033542633), (3, 0.4631437361240387), (4, 0.47886723279953003), (5, 0.4586174786090851), (6, 0.4357854127883911), (7, 0.505897581577301), (8, 0.4850537180900574), (9, 0.4609251916408539), (0, 0.44199061393737793), (1, 0.45085132122039795), (2, 0.4549090564250946), (3, 0.42889755964279175), (4, 0.42337095737457275), (5, 0.46233654022216797), (6, 0.46917325258255005), (7, 0.48442283272743225), (8, 0.5393849015235901), (9, 0.44851890206336975), (0, 0.46083351969718933), (1, 0.45417922735214233), (2, 0.4119126498699188), (3, 0.483667254447937), (4, 0.5220437049865723), (5, 0.43036648631095886), (6, 0.5204688310623169), (7, 0.4722597599029541), (8, 0.42807209491729736), (9, 0.40439438819885254), (0, 0.5156163573265076), (1, 0.4391496777534485), (2, 0.45964542031288147), (3, 0.47387608885765076), (4, 0.435005784034729), (5, 0.41694796085357666), (6, 0.4667034447193146), (7, 0.46321341395378113), (8, 0.47224822640419006), (9, 0.4306700825691223), (0, 0.45555195212364197), (1, 0.4796440601348877), (2, 0.41045406460762024), (3, 0.447602242231369), (4, 0.5031923055648804), (5, 0.46256446838378906), (6, 0.4571608603000641), (7, 0.43321773409843445), (8, 0.5094062089920044), (9, 0.4403155446052551), (0, 0.46896255016326904), (1, 0.46079522371292114), (2, 0.4594772458076477), (3, 0.45042410492897034), (4, 0.43919962644577026), (5, 0.42676302790641785), (6, 0.4688001871109009), (7, 0.4392892122268677), (8, 0.4614996016025543), (9, 0.5001996159553528), (0, 0.4390125274658203), (1, 0.459504634141922), (2, 0.4778258800506592), (3, 0.4425967037677765), (4, 0.46628111600875854), (5, 0.4640715718269348), (6, 0.39420562982559204), (7, 0.5089418292045593), (8, 0.4336320459842682), (9, 0.47735270857810974), (0, 0.3764820992946625), (1, 0.42971116304397583), (2, 0.44150546193122864), (3, 0.5383751392364502), (4, 0.4435085356235504), (5, 0.43460479378700256), (6, 0.4576219916343689), (7, 0.4499574303627014), (8, 0.5129508376121521), (9, 0.451153039932251), (0, 0.4729090631008148), (1, 0.4571075141429901), (2, 0.4708019495010376), (3, 0.4321992099285126), (4, 0.49612686038017273), (5, 0.46162131428718567), (6, 0.4500782787799835), (7, 0.4250022768974304), (8, 0.43718090653419495), (9, 0.47153544425964355), (0, 0.46663898229599), (1, 0.4872247576713562), (2, 0.4301939308643341), (3, 0.4447135925292969), (4, 0.4673299491405487), (5, 0.46082085371017456), (6, 0.4215782582759857), (7, 0.4392510950565338), (8, 0.4367597699165344), (9, 0.4702194631099701), (0, 0.4893878102302551), (1, 0.46387526392936707), (2, 0.41502970457077026), (3, 0.45002105832099915), (4, 0.43163883686065674), (5, 0.4708782434463501), (6, 0.4162220060825348), (7, 0.443307101726532), (8, 0.4529098570346832), (9, 0.4959259033203125), (0, 0.46532055735588074), (1, 0.4509338438510895), (2, 0.45633602142333984), (3, 0.4373094141483307), (4, 0.45507851243019104), (5, 0.487039178609848), (6, 0.428519606590271), (7, 0.3881709575653076), (8, 0.4284708499908447), (9, 0.5162340402603149), (0, 0.41990426182746887), (1, 0.46830809116363525), (2, 0.43065235018730164), (3, 0.4644121527671814), (4, 0.4466260075569153), (5, 0.4612191319465637), (6, 0.48629578948020935), (7, 0.4363427460193634), (8, 0.45640915632247925), (9, 0.355232834815979), (0, 0.46200209856033325), (1, 0.4161142408847809), (2, 0.46673452854156494), (3, 0.4574024975299835), (4, 0.4902300536632538), (5, 0.4686901569366455), (6, 0.4211353659629822), (7, 0.40939781069755554), (8, 0.43344101309776306), (9, 0.412871778011322), (0, 0.4193184971809387), (1, 0.4924670457839966), (2, 0.4610573649406433), (3, 0.4775656759738922), (4, 0.42546507716178894), (5, 0.3848487138748169), (6, 0.45837467908859253), (7, 0.4495825469493866), (8, 0.4347645938396454), (9, 0.41376328468322754), (0, 0.4328421354293823), (1, 0.46014708280563354), (2, 0.4462055563926697), (3, 0.4244428873062134), (4, 0.4071446359157562), (5, 0.4743332266807556), (6, 0.45051687955856323), (7, 0.4360333979129791), (8, 0.4052709639072418), (9, 0.5322763323783875), (0, 0.44868239760398865), (1, 0.4452030658721924), (2, 0.49931007623672485), (3, 0.4171014726161957), (4, 0.4152955114841461), (5, 0.4274700880050659), (6, 0.42856520414352417), (7, 0.4588649868965149), (8, 0.46689221262931824), (9, 0.4208206832408905), (0, 0.4601914584636688), (1, 0.41995617747306824), (2, 0.4435690641403198), (3, 0.4566422998905182), (4, 0.37744930386543274), (5, 0.44280925393104553), (6, 0.4601905941963196), (7, 0.4566972851753235), (8, 0.44501495361328125), (9, 0.455150306224823), (0, 0.4262622892856598), (1, 0.43730124831199646), (2, 0.4329087734222412), (3, 0.4168252944946289), (4, 0.42235618829727173), (5, 0.510087251663208), (6, 0.44371119141578674), (7, 0.4188387393951416), (8, 0.43788138031959534), (9, 0.4471023678779602), (0, 0.4346826672554016), (1, 0.4323083758354187), (2, 0.40972861647605896), (3, 0.41296684741973877), (4, 0.4736780822277069), (5, 0.4793252646923065), (6, 0.4436103105545044), (7, 0.41234031319618225), (8, 0.43121907114982605), (9, 0.43022269010543823), (0, 0.42305174469947815), (1, 0.42177435755729675), (2, 0.459392786026001), (3, 0.4688446521759033), (4, 0.42863479256629944), (5, 0.42485809326171875), (6, 0.4352717697620392), (7, 0.3975899815559387), (8, 0.46641790866851807), (9, 0.40533438324928284), (0, 0.446745902299881), (1, 0.43461257219314575), (2, 0.4449084401130676), (3, 0.4521064758300781), (4, 0.419341117143631), (5, 0.4394133388996124), (6, 0.4323440492153168), (7, 0.3719170093536377), (8, 0.4503404200077057), (9, 0.4967177212238312), (0, 0.43248802423477173), (1, 0.43487003445625305), (2, 0.42087769508361816), (3, 0.49405452609062195), (4, 0.43389973044395447), (5, 0.4092528522014618), (6, 0.44286373257637024), (7, 0.40141361951828003), (8, 0.4127654731273651), (9, 0.42496612668037415), (0, 0.4525522291660309), (1, 0.4218605160713196), (2, 0.4610491991043091), (3, 0.43365180492401123), (4, 0.41162917017936707), (5, 0.42040306329727173), (6, 0.40997806191444397), (7, 0.4718906283378601), (8, 0.39596322178840637), (9, 0.4215589761734009), (0, 0.4665016531944275), (1, 0.4159124791622162), (2, 0.42337530851364136), (3, 0.3978751301765442), (4, 0.443480908870697), (5, 0.38398221135139465), (6, 0.456108957529068), (7, 0.4596746861934662), (8, 0.4277600049972534), (9, 0.4202099144458771), (0, 0.43073663115501404), (1, 0.4299364387989044), (2, 0.41801220178604126), (3, 0.4153139889240265), (4, 0.441992849111557), (5, 0.42929720878601074), (6, 0.4322972893714905), (7, 0.45315492153167725), (8, 0.42264682054519653), (9, 0.3822373151779175), (0, 0.43779492378234863), (1, 0.4315241575241089), (2, 0.4165250062942505), (3, 0.4451743960380554), (4, 0.44096943736076355), (5, 0.4011259078979492), (6, 0.4251422882080078), (7, 0.4113074541091919), (8, 0.43116191029548645), (9, 0.4201709032058716), (0, 0.4225962460041046), (1, 0.4244740307331085), (2, 0.42057839035987854), (3, 0.41889718174934387), (4, 0.4598868489265442), (5, 0.43515726923942566), (6, 0.4028538763523102), (7, 0.4117150902748108), (8, 0.43884986639022827), (9, 0.37827813625335693), (0, 0.42732441425323486), (1, 0.446471631526947), (2, 0.41375306248664856), (3, 0.43360844254493713), (4, 0.39898446202278137), (5, 0.41649436950683594), (6, 0.43541592359542847), (7, 0.41499000787734985), (8, 0.42791634798049927), (9, 0.40331459045410156), (0, 0.45937931537628174), (1, 0.4069816470146179), (2, 0.40992194414138794), (3, 0.4168199896812439), (4, 0.40951138734817505), (5, 0.4048902988433838), (6, 0.41464877128601074), (7, 0.4152160882949829), (8, 0.4274951219558716), (9, 0.4156282842159271), (0, 0.4049537181854248), (1, 0.41109442710876465), (2, 0.4403821527957916), (3, 0.4176176190376282), (4, 0.4376765191555023), (5, 0.39123302698135376), (6, 0.41106274724006653), (7, 0.43542686104774475), (8, 0.3980151414871216), (9, 0.4041111469268799), (0, 0.43503308296203613), (1, 0.4717629551887512), (2, 0.428538054227829), (3, 0.40474358201026917), (4, 0.39972779154777527), (5, 0.41216930747032166), (6, 0.4005621373653412), (7, 0.39472949504852295), (8, 0.3896023631095886), (9, 0.4199368357658386), (0, 0.4594539999961853), (1, 0.4520070552825928), (2, 0.3866286873817444), (3, 0.39975860714912415), (4, 0.3807402551174164), (5, 0.43767520785331726), (6, 0.4449310302734375), (7, 0.44208064675331116), (8, 0.3891187012195587), (9, 0.4142058491706848), (0, 0.4236425757408142), (1, 0.4051944315433502), (2, 0.40232232213020325), (3, 0.4175758361816406), (4, 0.41167590022087097), (5, 0.41415369510650635), (6, 0.4274763762950897), (7, 0.4087834656238556), (8, 0.4246869683265686), (9, 0.35929298400878906), (0, 0.36296477913856506), (1, 0.41649115085601807), (2, 0.4239910840988159), (3, 0.43211328983306885), (4, 0.43999210000038147), (5, 0.4170922338962555), (6, 0.39496588706970215), (7, 0.3896390199661255), (8, 0.40762001276016235), (9, 0.3955027461051941), (0, 0.4014297127723694), (1, 0.4095380902290344), (2, 0.431910902261734), (3, 0.39510199427604675), (4, 0.3897787928581238), (5, 0.40027186274528503), (6, 0.3848937749862671), (7, 0.4065994918346405), (8, 0.43323439359664917), (9, 0.38247719407081604), (0, 0.411624550819397), (1, 0.4278509020805359), (2, 0.3905402421951294), (3, 0.3988610506057739), (4, 0.38963985443115234), (5, 0.4039492905139923), (6, 0.42130306363105774), (7, 0.3877008855342865), (8, 0.3812035322189331), (9, 0.40543076395988464), (0, 0.43663352727890015), (1, 0.43221694231033325), (2, 0.39242231845855713), (3, 0.40578246116638184), (4, 0.36961039900779724), (5, 0.37695571780204773), (6, 0.3902077376842499), (7, 0.3842111825942993), (8, 0.40564167499542236), (9, 0.36389899253845215), (0, 0.3644094467163086), (1, 0.39853745698928833), (2, 0.4034116864204407), (3, 0.4113031029701233), (4, 0.38906583189964294), (5, 0.3702279031276703), (6, 0.4174550771713257), (7, 0.43403297662734985), (8, 0.3332936763763428), (9, 0.44422125816345215), (0, 0.3630688786506653), (1, 0.396369069814682), (2, 0.4265565574169159), (3, 0.3633168339729309), (4, 0.4067864716053009), (5, 0.43513450026512146), (6, 0.3430956304073334), (7, 0.40210258960723877), (8, 0.39360368251800537), (9, 0.40953269600868225), (0, 0.3665212392807007), (1, 0.42439574003219604), (2, 0.38656166195869446), (3, 0.4184284508228302), (4, 0.4023117125034332), (5, 0.3822849988937378), (6, 0.3707541227340698), (7, 0.38277146220207214), (8, 0.3565164804458618), (9, 0.3871198892593384), (0, 0.4060216248035431), (1, 0.4074036478996277), (2, 0.4146810472011566), (3, 0.3649032711982727), (4, 0.3404121696949005), (5, 0.36814188957214355), (6, 0.39154669642448425), (7, 0.38096141815185547), (8, 0.4139673709869385), (9, 0.358215868473053), (0, 0.3901017904281616), (1, 0.3993680477142334), (2, 0.4007478952407837), (3, 0.3846089541912079), (4, 0.4323582351207733), (5, 0.3766326904296875), (6, 0.36928269267082214), (7, 0.4152839779853821), (8, 0.4023986756801605), (9, 0.41661185026168823)]