Model Setup for {PATIENT_GROUPS} Trained Network:

NODE Network Architecture Parameters
Input channels=2
Hidden channels=11
Output channels=2

Training hyperparameters
Optimizer=AdamW (
Parameter Group 0
    amsgrad: False
    betas: (0.9, 0.999)
    capturable: False
    differentiable: False
    eps: 1e-08
    foreach: None
    fused: None
    lr: 0.001
    maximize: False
    weight_decay: 1e-06
)Training Iterations=100
Learning rate=0.001
Weight decay=1e-06
Optimizer reset frequency=None

Dropout probability (after initial linear layer before NCDE): 0.0
Training Data Selection Parameters
(If not virtual, the only important params are the groups and whether data was normalized/standardized)
Patient groups=['Control', 'MDD']
Augmentation strategy=Uniform
Noise Magnitude=0.05
Normalized/standardized=StandardizeAll
Number of virtual patients per real patient=100
Label smoothing factor=0
Test Patient Combinations:
Control: (37, 4, 45, 48, 20)
MDD: (2,)
Training batch size=5
Training Results:
Runtime=24.888892889022827
Loss over time=[(0, 6.387246608734131), (1, 6.5073041915893555), (2, 6.183378219604492), (3, 5.896821022033691), (4, 13.561861038208008), (5, 8.941136360168457), (6, 8.717575073242188), (7, 5.684874534606934), (8, 12.638936996459961), (9, 2.7943711280822754), (10, 16.468074798583984), (11, 8.583395957946777), (12, 4.188797950744629), (13, 8.31435489654541), (14, 7.98495626449585), (15, 11.029508590698242), (16, 5.2795281410217285), (17, 15.804611206054688), (18, 16.103322982788086), (19, 10.730203628540039), (20, 6.957818508148193), (0, 7.850878715515137), (1, 5.3737592697143555), (2, 11.669158935546875), (3, 5.247300624847412), (4, 11.060873031616211), (5, 5.256514072418213), (6, 7.566539764404297), (7, 2.336498710064916e-06), (8, 2.3954296112060547), (9, 10.615547180175781), (10, 7.4333391189575195), (11, 10.50418472290039), (12, 17.229488372802734), (13, 4.7438063621521), (14, 9.35185432434082), (15, 16.874174118041992), (16, 4.810390472412109), (17, 2.4285314083099365), (18, 12.794065475463867), (19, 4.822866439819336), (20, 11.6634521484375), (0, 9.066751480102539), (1, 9.219831466674805), (2, 8.808201789855957), (3, 4.233622074127197), (4, 7.152554530875932e-07), (5, 8.386332511901855), (6, 6.1397223472595215), (7, 8.220416069030762), (8, 10.558049201965332), (9, 3.762155392905697e-05), (10, 5.711841106414795), (11, 5.6995744705200195), (12, 3.8545188903808594), (13, 7.49477481842041), (14, 7.178814888000488), (15, 3.601580858230591), (16, 5.291527271270752), (17, 3.372225522994995), (18, 6.335880279541016), (19, 5.033316135406494), (20, 5.0574727058410645), (0, 1.6214549541473389), (1, 3.667999267578125), (2, 3.272017240524292), (3, 7.157029628753662), (4, 5.282559394836426), (5, 6.7919769287109375), (6, 4.242758750915527), (7, 3.9964890480041504), (8, 4.633177757263184), (9, 6.117191314697266), (10, 2.8941233158111572), (11, 4.132923126220703), (12, 1.3796871900558472), (13, 1.338671088218689), (14, 2.533996343612671), (15, 4.953500270843506), (16, 4.7947492599487305), (17, 3.182337522506714), (18, 1.0625746250152588), (19, 4.213664531707764), (20, 2.730370283126831), (0, 1.9960330724716187), (1, 3.056124448776245), (2, 1.9103748798370361), (3, 1.7629420757293701), (4, 2.9629337787628174), (5, 2.035598039627075), (6, 1.7295185327529907), (7, 4.461894989013672), (8, 2.5566487312316895), (9, 3.2402451038360596), (10, 1.574002981185913), (11, 1.5789594650268555), (12, 2.3548009395599365), (13, 1.5389924049377441), (14, 1.529433012008667), (15, 3.00118088722229), (16, 1.398054838180542), (17, 1.3515346050262451), (18, 2.782921314239502), (19, 1.4311937093734741), (20, 3.1865365505218506), (0, 0.758285403251648), (1, 1.3208317756652832), (2, 1.2689030170440674), (3, 2.4992077350616455), (4, 1.946385145187378), (5, 1.8586986064910889), (6, 1.842797875404358), (7, 1.2412431240081787), (8, 2.8070151805877686), (9, 1.7269243001937866), (10, 2.3528923988342285), (11, 1.1716283559799194), (12, 0.6074724793434143), (13, 1.1150754690170288), (14, 2.6792728900909424), (15, 0.9840191006660461), (16, 1.1492257118225098), (17, 1.0757954120635986), (18, 1.080682635307312), (19, 1.9568395614624023), (20, 1.3281583786010742), (0, 1.0388333797454834), (1, 0.5129997730255127), (2, 0.9246883392333984), (3, 2.365415096282959), (4, 2.494136333465576), (5, 1.8214986324310303), (6, 1.429154396057129), (7, 1.0144917964935303), (8, 1.784417748451233), (9, 1.3634045124053955), (10, 0.9184114336967468), (11, 0.9792642593383789), (12, 0.5308126211166382), (13, 1.7546501159667969), (14, 1.3228018283843994), (15, 1.3603196144104004), (16, 0.9551191329956055), (17, 0.9011152386665344), (18, 0.46117115020751953), (19, 0.9424976110458374), (20, 1.999054193496704), (0, 1.1986173391342163), (1, 0.47995442152023315), (2, 0.45645952224731445), (3, 0.5387986898422241), (4, 1.1206693649291992), (5, 0.856589674949646), (6, 1.2061786651611328), (7, 0.8443559408187866), (8, 1.2052501440048218), (9, 0.4586092531681061), (10, 1.1541937589645386), (11, 1.585618257522583), (12, 0.8249021768569946), (13, 2.0722110271453857), (14, 1.5152978897094727), (15, 1.1254092454910278), (16, 1.1292650699615479), (17, 1.1868889331817627), (18, 1.4382113218307495), (19, 0.9412047266960144), (20, 1.5493249893188477), (0, 0.7967179417610168), (1, 1.0322177410125732), (2, 1.4269030094146729), (3, 1.2360035181045532), (4, 0.44432908296585083), (5, 0.7090848684310913), (6, 1.2667893171310425), (7, 0.7284550666809082), (8, 1.0132954120635986), (9, 0.7859740257263184), (10, 0.9897357821464539), (11, 0.962184727191925), (12, 0.5924013257026672), (13, 0.7622100710868835), (14, 0.7760968208312988), (15, 0.8709098696708679), (16, 0.5088427066802979), (17, 0.6760385632514954), (18, 0.8479960560798645), (19, 0.7150410413742065), (20, 1.0076204538345337), (0, 0.4500728249549866), (1, 0.8350564241409302), (2, 1.0242090225219727), (3, 1.032853126525879), (4, 0.6804934740066528), (5, 0.7720843553543091), (6, 0.6289219260215759), (7, 0.8563543558120728), (8, 0.6465364098548889), (9, 0.754008948802948), (10, 0.8314051628112793), (11, 0.6512436866760254), (12, 0.5789760947227478), (13, 0.6482590436935425), (14, 0.5067797303199768), (15, 0.6761016249656677), (16, 0.7433162927627563), (17, 1.0107446908950806), (18, 0.7144991755485535), (19, 0.918717086315155), (20, 0.6021774411201477), (0, 0.7451471090316772), (1, 0.7628766298294067), (2, 0.5897048711776733), (3, 0.8094595074653625), (4, 0.7356921434402466), (5, 0.6775233745574951), (6, 0.8293969035148621), (7, 0.5830697417259216), (8, 0.5454988479614258), (9, 0.974677562713623), (10, 0.8036731481552124), (11, 0.7810693979263306), (12, 0.733580470085144), (13, 0.8627621531486511), (14, 0.7859197854995728), (15, 0.5319798588752747), (16, 0.782001793384552), (17, 0.6378746628761292), (18, 0.6033597588539124), (19, 0.7521771192550659), (20, 0.781746506690979), (0, 0.6030455827713013), (1, 0.8016697764396667), (2, 0.5583927035331726), (3, 0.7874093055725098), (4, 0.6680166721343994), (5, 0.6258920431137085), (6, 0.7503107786178589), (7, 0.7022234201431274), (8, 0.9932394027709961), (9, 0.6471019387245178), (10, 0.7969714999198914), (11, 0.7503303289413452), (12, 0.8010661005973816), (13, 0.6761810183525085), (14, 0.604546070098877), (15, 0.7179436683654785), (16, 0.638496994972229), (17, 0.7528583407402039), (18, 0.8338682055473328), (19, 0.8674968481063843), (20, 0.651892364025116), (0, 0.6755478978157043), (1, 0.7673078775405884), (2, 0.5665187835693359), (3, 0.7643417119979858), (4, 0.7821056246757507), (5, 0.7691752314567566), (6, 0.5637781620025635), (7, 0.9050599932670593), (8, 0.6741162538528442), (9, 0.8923742175102234), (10, 0.7990347146987915), (11, 0.6088218688964844), (12, 0.7248594760894775), (13, 0.7446512579917908), (14, 0.6537377238273621), (15, 0.6310552358627319), (16, 0.6592110395431519), (17, 0.7323340177536011), (18, 0.9244186282157898), (19, 0.6353831887245178), (20, 0.9106304049491882), (0, 0.7810164093971252), (1, 0.7209251523017883), (2, 0.5881567597389221), (3, 0.6412040591239929), (4, 0.7918673157691956), (5, 0.7800157070159912), (6, 0.7417739629745483), (7, 0.5396736860275269), (8, 0.6223213076591492), (9, 0.8444584012031555), (10, 0.9201242327690125), (11, 0.6503742933273315), (12, 0.8473312258720398), (13, 0.6676217913627625), (14, 0.8366902470588684), (15, 0.7718912363052368), (16, 0.5726464986801147), (17, 0.6655181050300598), (18, 0.8736012578010559), (19, 0.6635398268699646), (20, 0.7927417755126953), (0, 0.8075229525566101), (1, 0.6864905953407288), (2, 0.5585524439811707), (3, 0.6207823157310486), (4, 0.5136989951133728), (5, 0.7440325021743774), (6, 0.7670465707778931), (7, 0.755656898021698), (8, 0.80351322889328), (9, 0.5789214968681335), (10, 0.6184332370758057), (11, 0.5339760780334473), (12, 0.7795979976654053), (13, 0.9461435079574585), (14, 0.7536098957061768), (15, 1.0247502326965332), (16, 0.7854015231132507), (17, 0.6845359802246094), (18, 0.8902880549430847), (19, 0.7067512273788452), (20, 0.6933533549308777), (0, 0.7312734723091125), (1, 0.8355657458305359), (2, 0.7386379241943359), (3, 0.7952824831008911), (4, 0.7719448208808899), (5, 0.564041256904602), (6, 0.7240055203437805), (7, 0.7571358680725098), (8, 0.9448646306991577), (9, 0.7018038034439087), (10, 0.8158870935440063), (11, 0.7011289000511169), (12, 0.5992106795310974), (13, 0.6909451484680176), (14, 0.8235051035881042), (15, 0.6653989553451538), (16, 0.6912750005722046), (17, 0.6460300087928772), (18, 0.5046674013137817), (19, 0.8737860918045044), (20, 0.6538678407669067), (0, 0.5542479157447815), (1, 0.6592704653739929), (2, 0.798651397228241), (3, 0.5867958068847656), (4, 0.5862000584602356), (5, 0.9729976654052734), (6, 0.8580402135848999), (7, 0.6323903799057007), (8, 0.7471224069595337), (9, 0.8480464220046997), (10, 0.662572979927063), (11, 0.8148760795593262), (12, 0.8009003400802612), (13, 0.8061830401420593), (14, 0.5647954940795898), (15, 0.6619774699211121), (16, 0.6227756142616272), (17, 0.6347819566726685), (18, 0.8267225027084351), (19, 0.8770217895507812), (20, 0.8047112226486206), (0, 0.4896082878112793), (1, 0.6500018239021301), (2, 0.9570437669754028), (3, 0.8084424138069153), (4, 0.6556351184844971), (5, 0.8650246858596802), (6, 0.5262176394462585), (7, 0.7246497869491577), (8, 1.0029637813568115), (9, 0.7747125625610352), (10, 0.6170094609260559), (11, 0.8369728326797485), (12, 0.6800511479377747), (13, 0.6133559346199036), (14, 0.8653066754341125), (15, 0.5887851715087891), (16, 0.6652708649635315), (17, 0.6929923892021179), (18, 0.6684451103210449), (19, 0.846552848815918), (20, 0.7706443071365356), (0, 0.613987922668457), (1, 0.7892540693283081), (2, 0.6424403190612793), (3, 0.8569761514663696), (4, 0.5278236269950867), (5, 0.6917387843132019), (6, 0.5593451261520386), (7, 0.6936590671539307), (8, 0.7222314476966858), (9, 0.8473409414291382), (10, 0.9941720962524414), (11, 0.7481461763381958), (12, 0.7419734001159668), (13, 0.6483556032180786), (14, 0.7773275375366211), (15, 0.9753195643424988), (16, 0.7988356947898865), (17, 0.6090680360794067), (18, 0.49285441637039185), (19, 0.8499864339828491), (20, 0.6403845548629761), (0, 0.7075871229171753), (1, 0.6136034727096558), (2, 0.7521554231643677), (3, 0.8772302865982056), (4, 0.7423974871635437), (5, 0.6897385716438293), (6, 0.7583767175674438), (7, 0.5699625015258789), (8, 1.0172876119613647), (9, 0.6992915272712708), (10, 0.6305400133132935), (11, 0.7795690298080444), (12, 0.8490320444107056), (13, 0.7541714310646057), (14, 0.8342663645744324), (15, 0.6814946532249451), (16, 0.6845346689224243), (17, 0.6201907396316528), (18, 0.5469317436218262), (19, 0.71491539478302), (20, 0.7817431092262268), (0, 0.5486158132553101), (1, 0.5726719498634338), (2, 0.7140857577323914), (3, 0.890515923500061), (4, 0.6704541444778442), (5, 0.839251697063446), (6, 0.8499060869216919), (7, 0.8543224334716797), (8, 0.844884991645813), (9, 0.7785112261772156), (10, 0.6207894086837769), (11, 0.6264300346374512), (12, 0.7150783538818359), (13, 0.6952401399612427), (14, 0.5863265991210938), (15, 0.7964332103729248), (16, 0.4813270568847656), (17, 0.9185060262680054), (18, 0.6916682124137878), (19, 0.6479175686836243), (20, 1.2320849895477295), (0, 0.8467034101486206), (1, 0.8130606412887573), (2, 0.6669216156005859), (3, 0.7838101387023926), (4, 0.8910994529724121), (5, 0.639141321182251), (6, 0.6118625998497009), (7, 0.731667160987854), (8, 0.6545219421386719), (9, 0.6983116865158081), (10, 0.7542482018470764), (11, 0.811931312084198), (12, 0.5298752784729004), (13, 0.5873972773551941), (14, 0.7705499529838562), (15, 0.6347476243972778), (16, 0.8828467130661011), (17, 0.7840288281440735), (18, 0.39895495772361755), (19, 0.9144847989082336), (20, 1.074906826019287), (0, 0.7463018894195557), (1, 0.724693775177002), (2, 0.6611011624336243), (3, 0.7557144165039062), (4, 0.8340396881103516), (5, 0.914749026298523), (6, 0.7917620539665222), (7, 0.620289146900177), (8, 0.6354528069496155), (9, 1.0823843479156494), (10, 0.5400035977363586), (11, 0.9624397158622742), (12, 0.544918417930603), (13, 0.7918895483016968), (14, 0.8058353662490845), (15, 0.5787180066108704), (16, 0.49517160654067993), (17, 0.693622350692749), (18, 0.6582145094871521), (19, 0.7052274346351624), (20, 0.7270143032073975), (0, 0.8995751142501831), (1, 0.7584195137023926), (2, 1.0161199569702148), (3, 0.5048649907112122), (4, 0.5607002973556519), (5, 1.0021435022354126), (6, 0.5634702444076538), (7, 0.6102984547615051), (8, 0.8050295114517212), (9, 0.670678973197937), (10, 0.749498724937439), (11, 0.7430864572525024), (12, 0.7919462323188782), (13, 0.8788968324661255), (14, 0.9134374856948853), (15, 0.6879631280899048), (16, 0.5112573504447937), (17, 0.5911610722541809), (18, 0.8947972059249878), (19, 0.4558687210083008), (20, 0.5509400367736816), (0, 0.5888698101043701), (1, 0.6503735780715942), (2, 0.5772578716278076), (3, 0.6564168930053711), (4, 0.6386681199073792), (5, 0.6012662649154663), (6, 0.64756178855896), (7, 0.694969892501831), (8, 0.6201416850090027), (9, 0.5725353956222534), (10, 0.7105389833450317), (11, 0.6513886451721191), (12, 1.0543169975280762), (13, 0.8111429214477539), (14, 0.6813899874687195), (15, 0.7811228632926941), (16, 0.7815296649932861), (17, 1.0709564685821533), (18, 0.660323441028595), (19, 1.1220951080322266), (20, 0.6333714723587036), (0, 0.6808610558509827), (1, 0.6281241178512573), (2, 0.5421052575111389), (3, 0.6595836877822876), (4, 0.6671778559684753), (5, 1.087364673614502), (6, 0.7549961805343628), (7, 0.4947575628757477), (8, 0.5846050381660461), (9, 0.6782954335212708), (10, 0.972729504108429), (11, 0.9659161567687988), (12, 0.8318592309951782), (13, 0.5009900331497192), (14, 0.7062671780586243), (15, 0.8745017051696777), (16, 0.7819839715957642), (17, 0.6384309530258179), (18, 0.6178176999092102), (19, 0.722876787185669), (20, 1.076361894607544), (0, 1.1823278665542603), (1, 0.5855699777603149), (2, 0.7064833045005798), (3, 0.9110738039016724), (4, 0.62188720703125), (5, 0.679188072681427), (6, 0.7302144765853882), (7, 0.6939902305603027), (8, 0.7162694334983826), (9, 0.7529560327529907), (10, 0.6196898221969604), (11, 0.8336541056632996), (12, 0.7489442229270935), (13, 0.7214224338531494), (14, 0.7276656031608582), (15, 0.44330382347106934), (16, 0.6095781326293945), (17, 0.6849900484085083), (18, 0.9220967292785645), (19, 0.7007226943969727), (20, 0.5782568454742432), (0, 0.8639383316040039), (1, 0.5846908092498779), (2, 0.8313471078872681), (3, 0.6276820302009583), (4, 0.9733830690383911), (5, 0.7711971998214722), (6, 0.6479564905166626), (7, 0.9105990529060364), (8, 0.9489124417304993), (9, 0.5932247638702393), (10, 0.6101253628730774), (11, 0.7238324880599976), (12, 0.769656777381897), (13, 0.7423878908157349), (14, 0.7755797505378723), (15, 0.5142167210578918), (16, 0.744806170463562), (17, 0.5761138200759888), (18, 0.7380512952804565), (19, 0.6984639167785645), (20, 0.43990373611450195), (0, 0.5869826078414917), (1, 0.7029224634170532), (2, 0.8637935519218445), (3, 0.5898014307022095), (4, 1.083134651184082), (5, 0.5747631192207336), (6, 0.793187141418457), (7, 0.8622041940689087), (8, 0.594688892364502), (9, 0.6062014698982239), (10, 0.7697816491127014), (11, 0.7794656157493591), (12, 0.7526936531066895), (13, 0.5193289518356323), (14, 0.6592728495597839), (15, 0.9865893125534058), (16, 0.87450110912323), (17, 0.6417067646980286), (18, 0.7700777053833008), (19, 0.5159844160079956), (20, 0.7370092272758484), (0, 0.5845555663108826), (1, 0.8312101364135742), (2, 0.526211142539978), (3, 0.7787101864814758), (4, 0.8495772480964661), (5, 0.452921062707901), (6, 0.7913633584976196), (7, 0.8025703430175781), (8, 0.8712638020515442), (9, 0.812437891960144), (10, 0.7580842971801758), (11, 0.6189969778060913), (12, 0.701297402381897), (13, 0.574181854724884), (14, 0.7045134902000427), (15, 0.745531439781189), (16, 0.7283097505569458), (17, 0.6985310912132263), (18, 0.7656353116035461), (19, 0.9171432256698608), (20, 0.777917206287384), (0, 0.6985210180282593), (1, 0.40838590264320374), (2, 0.8317095637321472), (3, 0.7069517970085144), (4, 0.6815982460975647), (5, 0.6552654504776001), (6, 0.9431767463684082), (7, 0.7733601927757263), (8, 0.641352653503418), (9, 0.6810359954833984), (10, 0.5750732421875), (11, 0.6033147573471069), (12, 0.7778024673461914), (13, 0.6725434064865112), (14, 0.7550910711288452), (15, 0.8293495178222656), (16, 0.7316170930862427), (17, 0.9391492009162903), (18, 0.954147458076477), (19, 0.5943792462348938), (20, 0.9225618243217468), (0, 0.558353066444397), (1, 0.5956872701644897), (2, 0.743750810623169), (3, 0.7149510979652405), (4, 0.9011018872261047), (5, 0.550338864326477), (6, 0.777675986289978), (7, 0.9387091398239136), (8, 0.6942561864852905), (9, 0.5280776023864746), (10, 0.684289276599884), (11, 0.7162137031555176), (12, 0.8125836253166199), (13, 0.7824044227600098), (14, 0.8537036180496216), (15, 0.5512701272964478), (16, 0.8762129545211792), (17, 0.6107027530670166), (18, 1.0149850845336914), (19, 0.5208665132522583), (20, 0.9876494407653809), (0, 0.708581805229187), (1, 0.6333646774291992), (2, 0.8960691690444946), (3, 0.5710251927375793), (4, 0.7675696611404419), (5, 0.8291986584663391), (6, 0.8818193674087524), (7, 0.7817869782447815), (8, 0.7647880911827087), (9, 0.636411190032959), (10, 0.6366225481033325), (11, 0.4628797471523285), (12, 0.8155269622802734), (13, 0.5763465762138367), (14, 0.6036981344223022), (15, 0.7233012914657593), (16, 0.7331782579421997), (17, 0.7263087034225464), (18, 0.6860040426254272), (19, 1.0336966514587402), (20, 0.8860594034194946), (0, 1.1115481853485107), (1, 0.6903603672981262), (2, 0.77874755859375), (3, 0.8375474810600281), (4, 0.7363840341567993), (5, 0.7134178280830383), (6, 0.6375757455825806), (7, 0.8271409273147583), (8, 0.5146619081497192), (9, 0.7003557682037354), (10, 0.7199605703353882), (11, 0.6051103472709656), (12, 0.8530267477035522), (13, 0.5661879777908325), (14, 0.47833696007728577), (15, 0.7136306166648865), (16, 0.5576363801956177), (17, 0.5395769476890564), (18, 1.1819736957550049), (19, 0.6687787771224976), (20, 0.975701093673706), (0, 0.676819920539856), (1, 0.7020808458328247), (2, 0.9162365794181824), (3, 0.6287827491760254), (4, 0.6343165636062622), (5, 0.9020649790763855), (6, 0.7692570090293884), (7, 0.6977005004882812), (8, 0.4735240042209625), (9, 0.6653928160667419), (10, 0.8076017498970032), (11, 0.9523273706436157), (12, 0.7743450403213501), (13, 0.6891746520996094), (14, 0.6678194999694824), (15, 0.6867822408676147), (16, 0.5973857045173645), (17, 0.7178260087966919), (18, 0.6221907734870911), (19, 0.9308039546012878), (20, 0.7726850509643555), (0, 0.7308982014656067), (1, 0.8824008703231812), (2, 0.7655611038208008), (3, 0.7897962927818298), (4, 0.8839079737663269), (5, 0.8198279142379761), (6, 0.5398837327957153), (7, 0.7842246294021606), (8, 0.7047266960144043), (9, 0.9203014373779297), (10, 0.687396228313446), (11, 0.7094308733940125), (12, 0.6347541809082031), (13, 0.547252893447876), (14, 0.7976382970809937), (15, 0.7901207804679871), (16, 0.6211199164390564), (17, 0.6050937175750732), (18, 0.6275681257247925), (19, 0.6705771684646606), (20, 0.7699803709983826), (0, 0.6427914500236511), (1, 0.8355575799942017), (2, 0.8227481842041016), (3, 0.8668972253799438), (4, 0.9493924975395203), (5, 0.6777106523513794), (6, 0.66942298412323), (7, 0.6610565185546875), (8, 0.5519378185272217), (9, 0.8063045740127563), (10, 0.892020046710968), (11, 0.4636114537715912), (12, 0.6334067583084106), (13, 0.637065052986145), (14, 0.772907555103302), (15, 0.6077607870101929), (16, 0.8236032724380493), (17, 0.7926095128059387), (18, 0.6379362344741821), (19, 0.8657346963882446), (20, 0.5388462543487549), (0, 0.5752568244934082), (1, 0.7192656397819519), (2, 0.5056570768356323), (3, 0.9083796739578247), (4, 0.6140378713607788), (5, 0.7415667772293091), (6, 0.5923336148262024), (7, 0.6932350397109985), (8, 0.8838268518447876), (9, 0.7310075759887695), (10, 0.9507967233657837), (11, 0.7135637998580933), (12, 0.5945438146591187), (13, 0.9618905186653137), (14, 0.6591769456863403), (15, 0.6228924989700317), (16, 0.9478093385696411), (17, 0.592696487903595), (18, 0.6212817430496216), (19, 0.9866834878921509), (20, 0.5098706483840942), (0, 0.7031382322311401), (1, 0.7559651136398315), (2, 0.703214168548584), (3, 0.6115209460258484), (4, 0.6628373265266418), (5, 0.9672840237617493), (6, 0.7662087678909302), (7, 0.8409582376480103), (8, 0.7887998819351196), (9, 0.5656775236129761), (10, 0.6860995292663574), (11, 0.8683671951293945), (12, 0.8888664245605469), (13, 0.46108800172805786), (14, 0.7082968354225159), (15, 0.6347239017486572), (16, 0.6378450989723206), (17, 0.6084888577461243), (18, 0.9087112545967102), (19, 0.7204812169075012), (20, 0.8406549692153931), (0, 0.5733003616333008), (1, 0.6962424516677856), (2, 0.6561943292617798), (3, 0.7021711468696594), (4, 0.6939113736152649), (5, 0.4734378755092621), (6, 0.3754153847694397), (7, 0.9203359484672546), (8, 0.544712245464325), (9, 0.7642174959182739), (10, 0.7406703233718872), (11, 0.9077360033988953), (12, 0.6483106017112732), (13, 0.6336879730224609), (14, 0.7250494360923767), (15, 0.9046026468276978), (16, 0.5648055672645569), (17, 1.1931655406951904), (18, 0.7099079489707947), (19, 1.0310611724853516), (20, 0.9103737473487854), (0, 0.46324214339256287), (1, 0.8664957284927368), (2, 0.5699537396430969), (3, 0.4845983386039734), (4, 0.7588555216789246), (5, 0.6706587076187134), (6, 0.659443736076355), (7, 0.9879511594772339), (8, 0.9965687990188599), (9, 0.6972718238830566), (10, 0.7768380641937256), (11, 0.8100388646125793), (12, 1.1306321620941162), (13, 0.6233282089233398), (14, 0.8308613896369934), (15, 0.6683241128921509), (16, 0.6769525408744812), (17, 0.7439613342285156), (18, 0.5157638788223267), (19, 0.6078381538391113), (20, 0.7077839374542236), (0, 0.9058994054794312), (1, 0.9474630355834961), (2, 0.7121447920799255), (3, 0.8590051531791687), (4, 0.9086542129516602), (5, 0.6652562022209167), (6, 0.7257043123245239), (7, 0.5879600644111633), (8, 0.5069836378097534), (9, 0.6341158151626587), (10, 0.605800986289978), (11, 0.6534683704376221), (12, 0.7416077852249146), (13, 0.661263108253479), (14, 0.9698707461357117), (15, 0.583742618560791), (16, 0.8929384350776672), (17, 0.6274597644805908), (18, 0.6965755224227905), (19, 0.46919044852256775), (20, 1.1644272804260254), (0, 0.553878903388977), (1, 0.7006095051765442), (2, 0.5527187585830688), (3, 0.6472988724708557), (4, 0.8960591554641724), (5, 0.6806181073188782), (6, 1.0491400957107544), (7, 0.8813265562057495), (8, 0.8236446380615234), (9, 0.7762938141822815), (10, 1.0143506526947021), (11, 0.6753140091896057), (12, 0.5664356350898743), (13, 0.47905033826828003), (14, 0.64421546459198), (15, 0.7038666605949402), (16, 0.7920287251472473), (17, 0.6223319172859192), (18, 0.7962223291397095), (19, 0.7686201333999634), (20, 0.4910428524017334), (0, 0.585736870765686), (1, 0.8129421472549438), (2, 0.6451667547225952), (3, 0.6502805948257446), (4, 0.6948508024215698), (5, 0.6871978044509888), (6, 0.6716604232788086), (7, 0.7516328692436218), (8, 0.8827093243598938), (9, 0.7938318252563477), (10, 0.8483842611312866), (11, 0.8568674325942993), (12, 0.7558782696723938), (13, 0.6329389214515686), (14, 0.6586512327194214), (15, 0.9976943731307983), (16, 0.5430165529251099), (17, 0.7617837190628052), (18, 0.6364902257919312), (19, 0.8078784942626953), (20, 0.36283501982688904), (0, 0.7744454741477966), (1, 0.8733088374137878), (2, 0.7610291838645935), (3, 0.6171960830688477), (4, 0.6762169599533081), (5, 0.8383577466011047), (6, 0.725479245185852), (7, 0.8731409311294556), (8, 0.6346026062965393), (9, 0.7207590341567993), (10, 0.5659995079040527), (11, 0.7234483957290649), (12, 0.6543920636177063), (13, 0.48449262976646423), (14, 0.6311882734298706), (15, 0.7924745678901672), (16, 1.0523157119750977), (17, 0.6599479913711548), (18, 0.721195638179779), (19, 0.7559344172477722), (20, 0.7220015525817871), (0, 0.6518882513046265), (1, 0.748784065246582), (2, 0.6879788637161255), (3, 0.6843165159225464), (4, 0.8798789978027344), (5, 0.7953230142593384), (6, 0.6180552244186401), (7, 0.8083469271659851), (8, 0.6445616483688354), (9, 0.5527211427688599), (10, 0.5118399262428284), (11, 0.8340197801589966), (12, 0.7293661832809448), (13, 0.7346458435058594), (14, 0.5206109285354614), (15, 0.7943319082260132), (16, 0.7182526588439941), (17, 0.8873489499092102), (18, 0.8368997573852539), (19, 1.024165153503418), (20, 0.4002096652984619), (0, 0.9015358090400696), (1, 0.6535533666610718), (2, 0.6669126749038696), (3, 0.6938904523849487), (4, 0.6526408195495605), (5, 0.6443785429000854), (6, 0.809747040271759), (7, 0.9730533361434937), (8, 0.6047329306602478), (9, 0.748302698135376), (10, 0.675178050994873), (11, 0.6584796905517578), (12, 0.6699910163879395), (13, 0.7408219575881958), (14, 0.8071198463439941), (15, 0.7625492215156555), (16, 0.6282353401184082), (17, 0.9724733233451843), (18, 0.5560212135314941), (19, 0.7509427666664124), (20, 0.6286278367042542), (0, 0.9064397811889648), (1, 0.6523247957229614), (2, 0.6528191566467285), (3, 0.6512241363525391), (4, 0.673209547996521), (5, 0.8255176544189453), (6, 0.5399381518363953), (7, 0.6918097734451294), (8, 0.6137086749076843), (9, 0.6635679006576538), (10, 0.8430695533752441), (11, 0.7933311462402344), (12, 0.8642047643661499), (13, 0.7507877349853516), (14, 0.9576140642166138), (15, 0.6600388884544373), (16, 0.7312477827072144), (17, 0.6523216366767883), (18, 0.7706624269485474), (19, 0.6683059930801392), (20, 0.6411078572273254), (0, 0.8125712275505066), (1, 0.8136951327323914), (2, 0.6482565999031067), (3, 0.8232660293579102), (4, 0.704247772693634), (5, 0.8926756978034973), (6, 0.4165011942386627), (7, 0.6126695871353149), (8, 0.654904842376709), (9, 0.878017783164978), (10, 0.7490569949150085), (11, 0.7984110116958618), (12, 0.6465228796005249), (13, 0.7686715126037598), (14, 0.5739858150482178), (15, 0.8033811450004578), (16, 0.5876819491386414), (17, 0.7925719022750854), (18, 0.9402520060539246), (19, 0.6382970809936523), (20, 0.6642311811447144), (0, 0.7320654392242432), (1, 0.6796463131904602), (2, 0.5658115148544312), (3, 0.8520318269729614), (4, 0.8023439645767212), (5, 0.8276850581169128), (6, 0.8039460182189941), (7, 0.5594630837440491), (8, 0.8082985877990723), (9, 0.5549402236938477), (10, 0.5868047475814819), (11, 0.9388530850410461), (12, 0.47937875986099243), (13, 0.6684952974319458), (14, 0.7618806958198547), (15, 0.9557323455810547), (16, 0.6752745509147644), (17, 0.7767500877380371), (18, 0.5882716178894043), (19, 0.8287326693534851), (20, 0.9354193210601807), (0, 0.5172985792160034), (1, 0.8142313957214355), (2, 0.6032495498657227), (3, 0.7265757322311401), (4, 0.6549387574195862), (5, 0.8429865837097168), (6, 0.6636682152748108), (7, 0.5818756222724915), (8, 0.6204754710197449), (9, 0.6657356023788452), (10, 0.6320697665214539), (11, 0.7822816371917725), (12, 0.9801976084709167), (13, 0.6276916265487671), (14, 0.7860884666442871), (15, 0.7899430394172668), (16, 1.1444511413574219), (17, 0.7775386571884155), (18, 0.5531914830207825), (19, 0.7346324324607849), (20, 0.8058246374130249), (0, 0.704475998878479), (1, 0.7970056533813477), (2, 0.7718016505241394), (3, 0.7071875333786011), (4, 0.9153621792793274), (5, 0.647075355052948), (6, 0.6366502642631531), (7, 0.6917388439178467), (8, 0.4294489920139313), (9, 0.7936585545539856), (10, 0.9009637832641602), (11, 0.945050060749054), (12, 0.6398918032646179), (13, 0.8159389495849609), (14, 0.5778437852859497), (15, 0.7592794895172119), (16, 0.7636263966560364), (17, 0.7002637386322021), (18, 0.6913639307022095), (19, 0.6189606785774231), (20, 0.7830531597137451), (0, 0.7806804180145264), (1, 0.750105619430542), (2, 0.5875416994094849), (3, 0.5380014777183533), (4, 0.6922856569290161), (5, 0.7004202008247375), (6, 1.0408203601837158), (7, 0.7001197934150696), (8, 0.47986531257629395), (9, 0.7992421388626099), (10, 0.876334547996521), (11, 0.6352999806404114), (12, 0.8041986227035522), (13, 0.8190256357192993), (14, 0.7125915288925171), (15, 0.9410387873649597), (16, 0.7334901094436646), (17, 0.839932918548584), (18, 0.5027322769165039), (19, 0.640534520149231), (20, 0.6122363209724426), (0, 0.7943234443664551), (1, 0.6563916802406311), (2, 0.583233654499054), (3, 0.8214964866638184), (4, 0.6982802152633667), (5, 0.7694846391677856), (6, 0.7365249395370483), (7, 0.6202431917190552), (8, 0.5699859261512756), (9, 0.8396756052970886), (10, 0.7525253891944885), (11, 0.9108707308769226), (12, 0.7096797227859497), (13, 0.8744951486587524), (14, 0.7744173407554626), (15, 0.6271628141403198), (16, 0.6791208386421204), (17, 0.6141598224639893), (18, 0.608334481716156), (19, 0.8791271448135376), (20, 0.7573345899581909), (0, 0.7793592810630798), (1, 0.7550745606422424), (2, 0.9709426760673523), (3, 0.5917125344276428), (4, 0.9156712293624878), (5, 0.5223407745361328), (6, 0.7130261063575745), (7, 0.785723090171814), (8, 0.8252137899398804), (9, 0.5620362162590027), (10, 0.5848804712295532), (11, 0.6810972094535828), (12, 0.5704192519187927), (13, 0.788373589515686), (14, 0.8468894958496094), (15, 0.7432295680046082), (16, 0.8141797184944153), (17, 0.6258881688117981), (18, 0.6979883313179016), (19, 0.5588443279266357), (20, 1.2147154808044434), (0, 0.56097811460495), (1, 0.8390952348709106), (2, 0.6536921262741089), (3, 0.8105232119560242), (4, 0.6547306180000305), (5, 0.7235674858093262), (6, 0.9118668437004089), (7, 0.8145505785942078), (8, 0.48311981558799744), (9, 0.8310061693191528), (10, 0.7058442831039429), (11, 0.8237012028694153), (12, 0.8011841773986816), (13, 0.7716941833496094), (14, 0.6021935343742371), (15, 0.657871425151825), (16, 0.7150049805641174), (17, 0.8276582956314087), (18, 0.6453627347946167), (19, 0.7913731336593628), (20, 0.49080026149749756), (0, 0.45098766684532166), (1, 0.6545318961143494), (2, 0.6973071694374084), (3, 0.8155925869941711), (4, 0.6208691596984863), (5, 0.8178909420967102), (6, 0.6682615280151367), (7, 0.6582225561141968), (8, 0.8046843409538269), (9, 0.7325464487075806), (10, 0.7001053690910339), (11, 0.7692461609840393), (12, 0.753863513469696), (13, 0.8493553400039673), (14, 1.1465599536895752), (15, 0.6758675575256348), (16, 0.6640244722366333), (17, 0.6444801092147827), (18, 0.5167480707168579), (19, 0.9054665565490723), (20, 0.6860749125480652), (0, 0.6620519757270813), (1, 0.8706969022750854), (2, 0.789063572883606), (3, 0.7916802167892456), (4, 0.8499734997749329), (5, 0.9381097555160522), (6, 0.7710846662521362), (7, 0.5969465970993042), (8, 0.8416748046875), (9, 0.6915194392204285), (10, 0.6861937642097473), (11, 0.8267661929130554), (12, 0.630090594291687), (13, 0.8040415048599243), (14, 0.5896118879318237), (15, 0.6734763383865356), (16, 0.6109035611152649), (17, 0.6256840825080872), (18, 0.6561826467514038), (19, 0.5985022187232971), (20, 0.7927417755126953), (0, 0.740210235118866), (1, 0.5890802145004272), (2, 1.0081936120986938), (3, 0.7598921060562134), (4, 0.8511449694633484), (5, 0.8753772974014282), (6, 0.6666359901428223), (7, 0.7479070425033569), (8, 0.6392043232917786), (9, 0.6677209734916687), (10, 0.9228038787841797), (11, 0.6915534734725952), (12, 0.6906479597091675), (13, 0.3764409124851227), (14, 0.8841923475265503), (15, 0.5954364538192749), (16, 0.726611316204071), (17, 0.8977077603340149), (18, 0.5815520286560059), (19, 0.6264320611953735), (20, 0.7054516077041626), (0, 0.7269178628921509), (1, 0.5999155640602112), (2, 0.4729764461517334), (3, 0.6434558629989624), (4, 0.7712407112121582), (5, 0.7011368870735168), (6, 0.7010961771011353), (7, 1.010446310043335), (8, 0.9455249905586243), (9, 0.8302946090698242), (10, 0.9853978157043457), (11, 0.6534711122512817), (12, 0.5763225555419922), (13, 0.5931369066238403), (14, 0.6044596433639526), (15, 0.8770631551742554), (16, 0.5086508393287659), (17, 0.9944233894348145), (18, 0.5013198852539062), (19, 0.9420091509819031), (20, 0.448911190032959), (0, 0.7124854326248169), (1, 0.6273592114448547), (2, 0.6344833374023438), (3, 0.956699013710022), (4, 0.6982749104499817), (5, 0.6938077807426453), (6, 0.7875909209251404), (7, 0.7385483980178833), (8, 0.7840356826782227), (9, 0.6783507466316223), (10, 0.6356205344200134), (11, 0.6829642057418823), (12, 0.7592705488204956), (13, 1.067201018333435), (14, 0.7400029897689819), (15, 0.5658895373344421), (16, 0.7155507206916809), (17, 0.6858946084976196), (18, 0.564009964466095), (19, 0.8816753625869751), (20, 0.529312789440155), (0, 0.851852297782898), (1, 0.7362332940101624), (2, 0.6650623679161072), (3, 0.439283549785614), (4, 0.6569610834121704), (5, 0.7225578427314758), (6, 0.7461109757423401), (7, 0.5173925161361694), (8, 0.6931646466255188), (9, 0.8135973215103149), (10, 0.8593469858169556), (11, 0.7307189702987671), (12, 0.7474473714828491), (13, 0.7080634832382202), (14, 0.9186541438102722), (15, 0.6549324989318848), (16, 0.6893476247787476), (17, 0.7210909724235535), (18, 0.9199844598770142), (19, 0.6998173594474792), (20, 0.8142675161361694), (0, 0.7131311297416687), (1, 0.8777830004692078), (2, 0.8501299023628235), (3, 0.5173212885856628), (4, 0.5163905024528503), (5, 0.7769867777824402), (6, 0.6825369000434875), (7, 0.5231219530105591), (8, 0.7678716778755188), (9, 0.8795026540756226), (10, 0.7973302006721497), (11, 0.7758294343948364), (12, 0.6370207667350769), (13, 0.6451812982559204), (14, 0.7077138423919678), (15, 0.6289293766021729), (16, 0.7976393103599548), (17, 0.9989093542098999), (18, 0.6460214853286743), (19, 0.7468799948692322), (20, 0.8311717510223389), (0, 0.5779863595962524), (1, 0.6877902746200562), (2, 0.6320144534111023), (3, 0.7304859757423401), (4, 0.7023435235023499), (5, 0.7609456777572632), (6, 0.6106946468353271), (7, 1.0074422359466553), (8, 0.9477447271347046), (9, 0.7464971542358398), (10, 0.6320875287055969), (11, 0.5087255239486694), (12, 0.9360321760177612), (13, 0.46835246682167053), (14, 0.7427656054496765), (15, 0.6872940063476562), (16, 0.6323128342628479), (17, 0.7728990316390991), (18, 0.9531658887863159), (19, 0.7320425510406494), (20, 0.8841121792793274), (0, 0.7977980375289917), (1, 0.6820668578147888), (2, 0.5323809385299683), (3, 0.8742263913154602), (4, 0.8331680297851562), (5, 0.8022054433822632), (6, 0.604354739189148), (7, 0.76939857006073), (8, 0.7299066781997681), (9, 0.8594690561294556), (10, 0.6874061822891235), (11, 0.6665374040603638), (12, 0.783108115196228), (13, 0.7592242956161499), (14, 0.7244564294815063), (15, 0.4864036440849304), (16, 0.8317849040031433), (17, 0.705599308013916), (18, 0.5983024835586548), (19, 0.8119142651557922), (20, 0.6966842412948608), (0, 0.782891571521759), (1, 0.6298580765724182), (2, 0.7874967455863953), (3, 0.6275637149810791), (4, 0.7111901044845581), (5, 0.7201903462409973), (6, 1.0269951820373535), (7, 0.7109898924827576), (8, 0.6039848327636719), (9, 0.5119795799255371), (10, 0.6991976499557495), (11, 0.9786365628242493), (12, 0.6167441606521606), (13, 0.6575685143470764), (14, 0.940875232219696), (15, 0.6807171702384949), (16, 0.5733309388160706), (17, 0.6110085248947144), (18, 0.7030521035194397), (19, 0.9340234994888306), (20, 0.7822965383529663), (0, 1.0428760051727295), (1, 0.7421167492866516), (2, 0.8918439745903015), (3, 0.6838634014129639), (4, 0.8279532194137573), (5, 0.8139470219612122), (6, 0.4237338900566101), (7, 0.5400921106338501), (8, 0.6260299682617188), (9, 0.7902328968048096), (10, 0.9837760925292969), (11, 0.7405479550361633), (12, 0.6778929829597473), (13, 0.8796981573104858), (14, 0.6666580438613892), (15, 0.6495002508163452), (16, 0.6032233238220215), (17, 0.6144992113113403), (18, 0.7412430644035339), (19, 0.6333076357841492), (20, 0.6167957782745361), (0, 0.9256637692451477), (1, 0.6638212203979492), (2, 0.49026012420654297), (3, 0.5612047910690308), (4, 0.9097799062728882), (5, 0.7616885900497437), (6, 0.8635352849960327), (7, 0.6361135244369507), (8, 0.8792451620101929), (9, 0.738502025604248), (10, 0.7539347410202026), (11, 0.5639935731887817), (12, 0.6623550653457642), (13, 0.6441596746444702), (14, 0.9462345838546753), (15, 0.7969759702682495), (16, 0.7481652498245239), (17, 0.5752449631690979), (18, 0.7340272068977356), (19, 0.6562671661376953), (20, 0.7748393416404724), (0, 0.7647722363471985), (1, 0.4938916265964508), (2, 0.79775470495224), (3, 0.5975545644760132), (4, 0.6841133236885071), (5, 0.9476750493049622), (6, 0.7923240661621094), (7, 0.9025198817253113), (8, 0.6314569711685181), (9, 0.6913149952888489), (10, 0.6050843000411987), (11, 1.0046558380126953), (12, 0.576141357421875), (13, 0.5613468885421753), (14, 0.6508557796478271), (15, 0.7706270813941956), (16, 0.5730396509170532), (17, 0.7544646263122559), (18, 0.9017833471298218), (19, 0.6961393356323242), (20, 1.0558364391326904), (0, 0.7298040986061096), (1, 0.6313382387161255), (2, 0.7136725783348083), (3, 0.6838204860687256), (4, 0.5491716265678406), (5, 0.7118786573410034), (6, 0.6605475544929504), (7, 0.7912089228630066), (8, 0.7582398653030396), (9, 0.7313061952590942), (10, 0.8861044645309448), (11, 0.7620596885681152), (12, 0.7621930241584778), (13, 0.5968590974807739), (14, 0.7678307294845581), (15, 0.7972086071968079), (16, 0.6159816980361938), (17, 0.8092684745788574), (18, 0.7297682762145996), (19, 0.7851153612136841), (20, 0.8606126308441162), (0, 0.5738664865493774), (1, 0.8841687440872192), (2, 0.9406136274337769), (3, 0.6276766657829285), (4, 0.5424063205718994), (5, 0.6485637426376343), (6, 0.6979775428771973), (7, 0.6500691771507263), (8, 0.8812927007675171), (9, 0.561468243598938), (10, 0.9867650270462036), (11, 0.7662908434867859), (12, 0.7318132519721985), (13, 0.8263416290283203), (14, 0.5170883536338806), (15, 0.8623290061950684), (16, 0.6512802839279175), (17, 0.6826362013816833), (18, 0.6245232820510864), (19, 0.7776417136192322), (20, 0.9665535092353821), (0, 0.657037615776062), (1, 0.8469341993331909), (2, 0.7940282225608826), (3, 0.7431241869926453), (4, 0.8130799531936646), (5, 0.838383674621582), (6, 0.437389075756073), (7, 0.624050498008728), (8, 0.755939245223999), (9, 0.6256906390190125), (10, 0.662926197052002), (11, 0.8608919978141785), (12, 0.7640764713287354), (13, 0.5459775328636169), (14, 0.8181449770927429), (15, 0.8639258146286011), (16, 0.5670015215873718), (17, 0.7493664622306824), (18, 0.7915074229240417), (19, 0.8000046610832214), (20, 0.6441161036491394), (0, 0.4686175286769867), (1, 0.7799173593521118), (2, 0.5274719595909119), (3, 0.8178941607475281), (4, 0.7781215906143188), (5, 1.0730804204940796), (6, 0.794553279876709), (7, 0.5022686123847961), (8, 0.7951101660728455), (9, 1.0531470775604248), (10, 0.6985823512077332), (11, 0.7370059490203857), (12, 0.5700560212135315), (13, 0.8830412030220032), (14, 0.7037894129753113), (15, 0.5733968019485474), (16, 0.6526915431022644), (17, 0.6864895820617676), (18, 0.6457152962684631), (19, 0.7268995046615601), (20, 0.8731613159179688), (0, 0.7457976341247559), (1, 0.8779700398445129), (2, 0.9676223993301392), (3, 0.6806093454360962), (4, 0.6760830879211426), (5, 0.8757122755050659), (6, 0.7266062498092651), (7, 0.667934775352478), (8, 0.5960336923599243), (9, 0.6681128740310669), (10, 0.6081560850143433), (11, 0.5090538263320923), (12, 0.6836961507797241), (13, 0.5507068634033203), (14, 0.9279314875602722), (15, 0.9082147479057312), (16, 0.8485504984855652), (17, 0.7837282419204712), (18, 0.5469866394996643), (19, 0.6821337342262268), (20, 0.7226338386535645), (0, 0.678788959980011), (1, 0.655073881149292), (2, 0.6191674470901489), (3, 0.9530321955680847), (4, 0.9290307760238647), (5, 0.4918716549873352), (6, 0.7775219082832336), (7, 0.5615122318267822), (8, 0.9087100028991699), (9, 0.8124617338180542), (10, 0.6100426912307739), (11, 0.7973746657371521), (12, 0.7838565111160278), (13, 0.37829503417015076), (14, 0.7032457590103149), (15, 0.7142213582992554), (16, 0.951993465423584), (17, 0.5118538737297058), (18, 0.8550885915756226), (19, 0.7980818152427673), (20, 0.815091073513031), (0, 0.8555386662483215), (1, 0.7677718997001648), (2, 0.6911881566047668), (3, 0.7763317823410034), (4, 0.8682872653007507), (5, 0.5512018203735352), (6, 0.5925987958908081), (7, 0.6251503229141235), (8, 0.6807270646095276), (9, 0.648905873298645), (10, 0.8738247752189636), (11, 0.7401062250137329), (12, 0.5890882611274719), (13, 0.5239114165306091), (14, 0.7240662574768066), (15, 0.5122750997543335), (16, 0.7647138833999634), (17, 0.8524364233016968), (18, 0.9917688369750977), (19, 0.8229049444198608), (20, 0.932325005531311), (0, 0.7428088188171387), (1, 0.9608482122421265), (2, 0.550261378288269), (3, 0.9394332766532898), (4, 0.9521353840827942), (5, 0.6081271171569824), (6, 0.5922406911849976), (7, 0.787423312664032), (8, 0.7611266374588013), (9, 0.7650537490844727), (10, 0.6709818840026855), (11, 0.6584450006484985), (12, 0.5034202933311462), (13, 0.6227808594703674), (14, 0.7575961351394653), (15, 0.7162968516349792), (16, 0.7164541482925415), (17, 0.6692715883255005), (18, 0.708560585975647), (19, 0.732545018196106), (20, 1.0104371309280396), (0, 0.8162181973457336), (1, 0.5322767496109009), (2, 0.8089777231216431), (3, 0.8733814358711243), (4, 0.9847012758255005), (5, 0.8269621133804321), (6, 0.4120608866214752), (7, 0.8824203610420227), (8, 0.603958785533905), (9, 0.761472761631012), (10, 0.8451309204101562), (11, 0.7161245346069336), (12, 0.5958889126777649), (13, 0.5119988322257996), (14, 0.8145183324813843), (15, 0.6813424825668335), (16, 0.5995273590087891), (17, 0.6855244636535645), (18, 0.7984668016433716), (19, 0.8039582371711731), (20, 0.6773161888122559), (0, 0.9082854390144348), (1, 0.6471942663192749), (2, 0.8025315403938293), (3, 1.0014028549194336), (4, 0.6974290609359741), (5, 0.5673921704292297), (6, 0.7006632089614868), (7, 0.6933833956718445), (8, 0.5151838660240173), (9, 0.6767542958259583), (10, 0.6334986686706543), (11, 0.7372351884841919), (12, 0.4912133812904358), (13, 0.8326374292373657), (14, 0.8423806428909302), (15, 0.8562261462211609), (16, 0.6490772366523743), (17, 0.8322075009346008), (18, 0.8183709383010864), (19, 0.6315772533416748), (20, 0.7072724103927612), (0, 0.7390674352645874), (1, 0.6965658068656921), (2, 0.7217571139335632), (3, 0.562759518623352), (4, 0.874859631061554), (5, 0.7361821532249451), (6, 0.6485052108764648), (7, 0.7414268255233765), (8, 0.6734911203384399), (9, 0.7504838109016418), (10, 0.9267879724502563), (11, 0.9170530438423157), (12, 0.48322826623916626), (13, 0.49552398920059204), (14, 0.7010899782180786), (15, 0.5483695268630981), (16, 0.8023602366447449), (17, 0.9859268069267273), (18, 0.5418318510055542), (19, 0.97821044921875), (20, 0.7393167018890381), (0, 0.7124228477478027), (1, 0.7787480354309082), (2, 0.8553535342216492), (3, 0.7287987470626831), (4, 0.5657631158828735), (5, 0.797401487827301), (6, 0.8254567384719849), (7, 0.65931236743927), (8, 0.8313153386116028), (9, 0.8036459684371948), (10, 0.5724193453788757), (11, 0.63657146692276), (12, 0.665384829044342), (13, 0.6681504249572754), (14, 0.8727925419807434), (15, 0.7157731056213379), (16, 0.6525076627731323), (17, 0.6683685183525085), (18, 0.7607417106628418), (19, 0.8071155548095703), (20, 0.5933513641357422), (0, 0.764091968536377), (1, 0.6908400654792786), (2, 0.6502060294151306), (3, 0.8132432699203491), (4, 0.6413812041282654), (5, 0.7339942455291748), (6, 0.6512992978096008), (7, 0.905326247215271), (8, 0.6134495735168457), (9, 0.9342666864395142), (10, 0.6953293085098267), (11, 0.645157516002655), (12, 0.781659722328186), (13, 0.6915960311889648), (14, 0.9823402166366577), (15, 0.6945401430130005), (16, 0.5515907406806946), (17, 0.8143746256828308), (18, 0.7044910192489624), (19, 0.7211915850639343), (20, 0.33482807874679565), (0, 0.6445740461349487), (1, 0.7249871492385864), (2, 0.6932976245880127), (3, 0.6808861494064331), (4, 0.8161094784736633), (5, 0.7639588117599487), (6, 0.6789637804031372), (7, 0.5892397165298462), (8, 0.6307523846626282), (9, 0.9501573443412781), (10, 0.5180913209915161), (11, 0.49937134981155396), (12, 0.7225281000137329), (13, 0.7580078840255737), (14, 0.9510287046432495), (15, 0.8357669711112976), (16, 0.8599714040756226), (17, 0.8881210088729858), (18, 0.6161009669303894), (19, 0.7857385873794556), (20, 0.540184736251831), (0, 0.7323607206344604), (1, 0.45605072379112244), (2, 0.7229401469230652), (3, 1.1593291759490967), (4, 0.8428481817245483), (5, 0.7653065919876099), (6, 0.6614431738853455), (7, 0.5952060222625732), (8, 0.6559261083602905), (9, 0.6535207033157349), (10, 0.5964186787605286), (11, 0.80937659740448), (12, 0.7589210867881775), (13, 0.7690921425819397), (14, 0.8361281156539917), (15, 0.8391626477241516), (16, 0.7132743000984192), (17, 0.7579063177108765), (18, 0.6682808995246887), (19, 0.5781441330909729), (20, 0.6192455887794495), (0, 0.8122441172599792), (1, 0.8673768043518066), (2, 0.7044697999954224), (3, 0.8703470230102539), (4, 0.6414362192153931), (5, 0.7961517572402954), (6, 0.6981599926948547), (7, 0.8615139722824097), (8, 0.5296117663383484), (9, 0.6766884922981262), (10, 0.5579265356063843), (11, 0.8105776906013489), (12, 0.7805544137954712), (13, 0.5725241303443909), (14, 0.47578367590904236), (15, 0.7894294857978821), (16, 0.7873885631561279), (17, 0.8598968386650085), (18, 0.9833051562309265), (19, 0.6244395971298218), (20, 0.28760215640068054), (0, 0.9860914945602417), (1, 0.6521555185317993), (2, 0.6383172273635864), (3, 0.7333070635795593), (4, 0.8829432725906372), (5, 0.6844608187675476), (6, 0.8781436085700989), (7, 0.5675473809242249), (8, 0.6741032004356384), (9, 0.5862338542938232), (10, 0.8657700419425964), (11, 0.506757915019989), (12, 0.8839784860610962), (13, 0.6469684839248657), (14, 0.4716011583805084), (15, 0.8370969891548157), (16, 0.9318252801895142), (17, 0.811894416809082), (18, 0.6281293034553528), (19, 0.7443109750747681), (20, 0.5157579183578491), (0, 0.7646688222885132), (1, 0.8158885836601257), (2, 0.6022708415985107), (3, 0.7359834909439087), (4, 0.5904392004013062), (5, 0.7983415126800537), (6, 0.627361536026001), (7, 1.0229445695877075), (8, 0.6153535842895508), (9, 0.8706738352775574), (10, 0.6745084524154663), (11, 0.5724531412124634), (12, 0.7250333428382874), (13, 0.6387608647346497), (14, 0.9060291051864624), (15, 0.9326399564743042), (16, 0.6399911642074585), (17, 0.6026313304901123), (18, 0.596103847026825), (19, 0.723385214805603), (20, 0.912886381149292), (0, 0.7397738695144653), (1, 0.7466952800750732), (2, 0.6616308093070984), (3, 0.5604653358459473), (4, 0.8339735865592957), (5, 0.5647869110107422), (6, 0.5332632064819336), (7, 0.768068790435791), (8, 0.5411768555641174), (9, 0.8470743298530579), (10, 0.8276851773262024), (11, 0.5764454007148743), (12, 0.9888145327568054), (13, 0.8906394839286804), (14, 0.4980711042881012), (15, 0.9994184374809265), (16, 0.5723735094070435), (17, 0.7559422850608826), (18, 0.7339050769805908), (19, 0.9296917915344238), (20, 0.6119799017906189), (0, 0.7428290247917175), (1, 0.5659773945808411), (2, 0.7137755155563354), (3, 0.9835104942321777), (4, 0.804037868976593), (5, 0.8561531901359558), (6, 0.6164737939834595), (7, 0.647257387638092), (8, 0.6597501039505005), (9, 0.60675448179245), (10, 0.7158700227737427), (11, 0.7888083457946777), (12, 0.7825998067855835), (13, 0.6981509327888489), (14, 0.6303505897521973), (15, 0.5467031598091125), (16, 0.7519869208335876), (17, 0.8185914158821106), (18, 0.7563343048095703), (19, 0.9047480821609497), (20, 0.5719908475875854), (0, 0.7786427736282349), (1, 0.5946500897407532), (2, 0.5177822709083557), (3, 0.537473738193512), (4, 0.7797468900680542), (5, 0.8094834089279175), (6, 0.6874104738235474), (7, 1.0139429569244385), (8, 0.7072655558586121), (9, 0.659955620765686), (10, 0.6810394525527954), (11, 0.7987173199653625), (12, 0.9465218782424927), (13, 0.6443000435829163), (14, 0.5443103909492493), (15, 0.5186221599578857), (16, 0.6107655167579651), (17, 0.8761075735092163), (18, 0.819815456867218), (19, 0.8455095291137695), (20, 1.1135894060134888), (0, 0.4380599558353424), (1, 0.7237119078636169), (2, 0.695360004901886), (3, 0.6871771812438965), (4, 0.8224733471870422), (5, 0.7871716022491455), (6, 0.6884759068489075), (7, 0.7847108244895935), (8, 0.6944974064826965), (9, 0.725715160369873), (10, 0.6792592406272888), (11, 0.9290223121643066), (12, 0.7110618948936462), (13, 0.6113662719726562), (14, 0.8343318700790405), (15, 1.0648691654205322), (16, 0.5794743895530701), (17, 0.9291943311691284), (18, 0.6725465059280396), (19, 0.5616788864135742), (20, 0.49081212282180786), (0, 0.5315848588943481), (1, 0.6216319799423218), (2, 0.7703197002410889), (3, 0.6158474683761597), (4, 0.9115632176399231), (5, 0.6654801964759827), (6, 0.7289670705795288), (7, 0.8630159497261047), (8, 0.5726551413536072), (9, 0.5648320913314819), (10, 0.9552005529403687), (11, 0.7349423170089722), (12, 0.7479994893074036), (13, 0.7515883445739746), (14, 0.8931013345718384), (15, 0.6439783573150635), (16, 0.919835090637207), (17, 0.7251044511795044), (18, 0.7177585363388062), (19, 0.639316201210022), (20, 0.6068270206451416), (0, 0.7607638239860535), (1, 0.6292020678520203), (2, 0.7761619091033936), (3, 0.9029157757759094), (4, 0.9985170364379883), (5, 0.4984547197818756), (6, 0.7421454191207886), (7, 0.7960512042045593), (8, 0.6772149205207825), (9, 0.661900520324707), (10, 0.5751896500587463), (11, 0.9089697599411011), (12, 0.7333823442459106), (13, 0.728927493095398), (14, 0.749653160572052), (15, 0.6519109606742859), (16, 0.7089172601699829), (17, 0.5108197927474976), (18, 0.7706053853034973), (19, 0.8586395382881165), (20, 0.4294201135635376), (0, 0.6871930956840515), (1, 0.7186211347579956), (2, 0.49861955642700195), (3, 0.7954362630844116), (4, 0.7998319864273071), (5, 0.8144054412841797), (6, 0.6974225640296936), (7, 0.7333587408065796), (8, 0.8259173631668091), (9, 0.6577191948890686), (10, 0.8175275921821594), (11, 0.7396831512451172), (12, 0.7272973656654358), (13, 0.618780255317688), (14, 0.49711155891418457), (15, 0.6470252275466919), (16, 1.0332164764404297), (17, 0.6819636821746826), (18, 0.829846203327179), (19, 0.689199686050415), (20, 0.7828673124313354), (0, 0.7945712804794312), (1, 0.6261923313140869), (2, 0.7458652853965759), (3, 1.0207279920578003), (4, 0.8214161992073059), (5, 0.654452383518219), (6, 0.7956830263137817), (7, 0.5749157071113586), (8, 0.6819083094596863), (9, 0.8705288171768188), (10, 0.5616627931594849), (11, 0.7823036313056946), (12, 0.652603030204773), (13, 1.0068281888961792), (14, 0.9082476496696472), (15, 0.47512102127075195), (16, 0.663752019405365), (17, 0.6572297215461731), (18, 0.7557405233383179), (19, 0.6325217485427856), (20, 0.3266908526420593), (0, 0.6607975363731384), (1, 0.7210245132446289), (2, 0.7723596096038818), (3, 0.7586373090744019), (4, 0.8220481872558594), (5, 0.7216507196426392), (6, 0.7964796423912048), (7, 0.5877783298492432), (8, 0.749409019947052), (9, 0.7905067205429077), (10, 0.6405423879623413), (11, 0.45435625314712524), (12, 0.6777690649032593), (13, 0.7283607721328735), (14, 0.8621588945388794), (15, 0.9552327394485474), (16, 0.6780304312705994), (17, 0.716523289680481), (18, 0.7582347393035889), (19, 0.7131174206733704), (20, 0.6275900602340698), (0, 0.6126629114151001), (1, 0.5530157089233398), (2, 0.8997441530227661), (3, 0.5062509775161743), (4, 0.6650570631027222), (5, 0.660277247428894), (6, 0.9399926066398621), (7, 0.5061374306678772), (8, 0.7001071572303772), (9, 0.7210105657577515), (10, 0.7684684991836548), (11, 0.7469698786735535), (12, 1.0690746307373047), (13, 0.583777666091919), (14, 0.6123888492584229), (15, 0.6638098359107971), (16, 0.9938844442367554), (17, 0.7545722723007202), (18, 0.8749540448188782), (19, 0.6398094892501831), (20, 0.8641878366470337), (0, 0.9040473699569702), (1, 0.5939375758171082), (2, 0.6987895965576172), (3, 0.6677136421203613), (4, 0.8110669851303101), (5, 0.724256157875061), (6, 0.6908901929855347), (7, 0.7457031011581421), (8, 0.48007264733314514), (9, 0.7082565426826477), (10, 0.7697873115539551), (11, 0.668493390083313), (12, 0.7910298705101013), (13, 0.6493160724639893), (14, 0.8040650486946106), (15, 0.7635737657546997), (16, 0.8604725003242493), (17, 0.7249965667724609), (18, 0.8676756024360657), (19, 0.8052152395248413), (20, 0.20873326063156128), (0, 0.6579083800315857), (1, 0.6926283836364746), (2, 0.8455923199653625), (3, 0.6948171854019165), (4, 0.6426017880439758), (5, 0.7814463376998901), (6, 0.8485177755355835), (7, 0.8595905303955078), (8, 0.8431047201156616), (9, 0.6422392129898071), (10, 0.7593483924865723), (11, 0.5565020442008972), (12, 0.790569007396698), (13, 0.4360024929046631), (14, 0.733569324016571), (15, 0.6778882145881653), (16, 0.48879045248031616), (17, 0.7981055378913879), (18, 0.8897250294685364), (19, 0.7863090634346008), (20, 0.9874742031097412), (0, 0.9155200719833374), (1, 0.6914738416671753), (2, 0.8241056203842163), (3, 0.6486138105392456), (4, 0.6901273131370544), (5, 0.6275779604911804), (6, 0.5743120908737183), (7, 0.6064875721931458), (8, 0.8367180824279785), (9, 0.6258978843688965), (10, 0.6523634791374207), (11, 0.7015084624290466), (12, 0.8555700182914734), (13, 0.5533271431922913), (14, 1.0418754816055298), (15, 0.6781136393547058), (16, 0.7782526612281799), (17, 0.6912504434585571), (18, 0.5689395666122437), (19, 0.9266260266304016), (20, 0.8119412660598755)]