Model Setup for {PATIENT_GROUPS} Trained Network:

ANN Network Architecture Parameters
Input channels=22
Hidden channels=32
Output channels=1

Training hyperparameters
Optimizer=AdamW (
Parameter Group 0
    amsgrad: False
    betas: (0.9, 0.999)
    capturable: False
    differentiable: False
    eps: 1e-08
    foreach: None
    fused: None
    lr: 0.001
    maximize: False
    weight_decay: 1e-06
)Training Iterations=100
Learning rate=0.001
Weight decay=1e-06
Optimizer reset frequency=None

Dropout probability (after initial linear layer before NCDE): 0.0
Training Data Selection Parameters
(If not virtual, the only important params are the groups and whether data was normalized/standardized)
Patient groups=['Control', 'Atypical']
Augmentation strategy=Uniform
Noise Magnitude=0.05
Normalized/standardized=None
Number of virtual patients per real patient=100
Label smoothing factor=0
Test Patient Combinations:
Control: (13, 11, 8, 14, 6)
MDD: (0, 7, 12, 8, 11)
Training batch size=3
Training Results:
Runtime=0.2033219337463379
Loss over time=[(0, 0.6761494278907776), (1, 0.7505877017974854), (2, 0.6497445106506348), (3, 0.5452611446380615), (4, 0.4632669687271118), (5, 0.7792143821716309), (6, 1.1218565702438354), (0, 0.7427937984466553), (1, 0.6666324734687805), (2, 0.7729055285453796), (3, 0.438450425863266), (4, 0.48081040382385254), (5, 0.4623144567012787), (6, 0.7623857855796814), (0, 0.606872022151947), (1, 0.5676037669181824), (2, 0.5757604241371155), (3, 0.7406190037727356), (4, 0.5903012156486511), (5, 0.4572293758392334), (6, 0.4583880603313446), (0, 0.6704561114311218), (1, 0.4322941303253174), (2, 0.5064070224761963), (3, 0.7279777526855469), (4, 0.74766606092453), (5, 0.46515604853630066), (6, 0.42517444491386414), (0, 0.8134825229644775), (1, 0.5885944962501526), (2, 0.39084625244140625), (3, 0.4416276216506958), (4, 0.6004012227058411), (5, 0.6938201785087585), (6, 0.19412875175476074), (0, 0.7489803433418274), (1, 0.63980633020401), (2, 0.46585118770599365), (3, 0.6070391535758972), (4, 0.5541025996208191), (5, 0.42398834228515625), (6, 0.2799742817878723), (0, 0.49944770336151123), (1, 0.7066616415977478), (2, 0.781090497970581), (3, 0.5833337306976318), (4, 0.49895021319389343), (5, 0.35574522614479065), (6, 0.3430421054363251), (0, 0.42346468567848206), (1, 0.5504491329193115), (2, 0.6452744007110596), (3, 0.4231448173522949), (4, 0.3379673659801483), (5, 0.8495119214057922), (6, 0.7027975916862488), (0, 0.5187509655952454), (1, 0.38001689314842224), (2, 0.5699517130851746), (3, 0.32471004128456116), (4, 0.5588313341140747), (5, 0.7710981965065002), (6, 0.4596789479255676), (0, 0.6893762946128845), (1, 0.6493849754333496), (2, 0.46586450934410095), (3, 0.5089064240455627), (4, 0.5950774550437927), (5, 0.19822631776332855), (6, 0.26451578736305237), (0, 0.41863933205604553), (1, 0.9169841408729553), (2, 0.5556269288063049), (3, 0.33737877011299133), (4, 0.4488058090209961), (5, 0.3787586987018585), (6, 0.4277099668979645), (0, 0.7921423316001892), (1, 0.46504664421081543), (2, 0.35659563541412354), (3, 0.43221113085746765), (4, 0.4098244607448578), (5, 0.500096321105957), (6, 0.34220728278160095), (0, 0.7984446883201599), (1, 0.404400497674942), (2, 0.3430425226688385), (3, 0.2924171984195709), (4, 0.5350713133811951), (5, 0.5430787205696106), (6, 0.2945502698421478), (0, 0.17045223712921143), (1, 0.26570069789886475), (2, 0.6781034469604492), (3, 0.39152273535728455), (4, 0.8090991973876953), (5, 0.5467610359191895), (6, 0.23852621018886566), (0, 0.6387099623680115), (1, 0.3710082769393921), (2, 0.6059408187866211), (3, 0.1746949702501297), (4, 0.46788835525512695), (5, 0.3671013116836548), (6, 0.979653537273407), (0, 0.4298679828643799), (1, 0.9930804371833801), (2, 0.24617999792099), (3, 0.3203093409538269), (4, 0.36793383955955505), (5, 0.4127150774002075), (6, 0.13052396476268768), (0, 0.484708309173584), (1, 0.38734909892082214), (2, 0.5043931603431702), (3, 0.19265131652355194), (4, 0.8215227127075195), (5, 0.30244311690330505), (6, 0.2964954078197479), (0, 0.8446173667907715), (1, 0.35040009021759033), (2, 0.4277060329914093), (3, 0.22821444272994995), (4, 0.41560959815979004), (5, 0.30242106318473816), (6, 0.2682155966758728), (0, 0.17052169144153595), (1, 0.8887456059455872), (2, 0.3213360011577606), (3, 0.5229887962341309), (4, 0.3417835235595703), (5, 0.17393942177295685), (6, 0.8166637420654297), (0, 0.30000266432762146), (1, 0.20150671899318695), (2, 0.5500485897064209), (3, 0.2835313379764557), (4, 0.28882116079330444), (5, 0.9486250281333923), (6, 0.332730233669281), (0, 0.7252607345581055), (1, 0.25492557883262634), (2, 0.44134464859962463), (3, 0.09862273186445236), (4, 0.3389333188533783), (5, 0.4368572235107422), (6, 0.8516912460327148), (0, 0.3979671001434326), (1, 0.4627104699611664), (2, 0.3729966878890991), (3, 0.36375725269317627), (4, 0.15587908029556274), (5, 0.6634905934333801), (6, 0.3145470917224884), (0, 0.20615316927433014), (1, 0.3445521891117096), (2, 0.42471131682395935), (3, 0.8061447143554688), (4, 0.27391448616981506), (5, 0.2969608008861542), (6, 0.061237845569849014), (0, 0.397922158241272), (1, 0.3103539049625397), (2, 0.4317448139190674), (3, 0.6643618941307068), (4, 0.13518957793712616), (5, 0.3177194893360138), (6, 0.18704178929328918), (0, 0.4108358919620514), (1, 0.4336671829223633), (2, 0.4362674653530121), (3, 0.15966086089611053), (4, 0.4177025854587555), (5, 0.3358539640903473), (6, 0.24599558115005493), (0, 0.20708410441875458), (1, 0.14365577697753906), (2, 0.5481812953948975), (3, 0.4634872376918793), (4, 0.4850541353225708), (5, 0.16833628714084625), (6, 0.5638695359230042), (0, 0.2900693416595459), (1, 0.13898956775665283), (2, 0.49246320128440857), (3, 0.2910626530647278), (4, 0.32278478145599365), (5, 0.5331518650054932), (6, 0.4473284184932709), (0, 0.32729724049568176), (1, 0.18113434314727783), (2, 0.5553633570671082), (3, 0.30841222405433655), (4, 0.3439461290836334), (5, 0.3134556710720062), (6, 0.09582919627428055), (0, 0.12480311840772629), (1, 0.24543438851833344), (2, 0.49668416380882263), (3, 0.38794195652008057), (4, 0.44025126099586487), (5, 0.3269636332988739), (6, 0.30274665355682373), (0, 0.3815692961215973), (1, 0.0988074466586113), (2, 0.16430708765983582), (3, 0.2970519959926605), (4, 0.7203659415245056), (5, 0.4235364496707916), (6, 0.2939945161342621), (0, 0.6726319789886475), (1, 0.08928769826889038), (2, 0.3241842985153198), (3, 0.29210183024406433), (4, 0.17506079375743866), (5, 0.26542285084724426), (6, 0.22013510763645172), (0, 0.23452959954738617), (1, 0.23750095069408417), (2, 0.25614139437675476), (3, 0.3206517994403839), (4, 0.5631341338157654), (5, 0.3961723744869232), (6, 0.09888516366481781), (0, 0.2963750660419464), (1, 0.2190086990594864), (2, 0.33124369382858276), (3, 0.235656276345253), (4, 0.20260624587535858), (5, 0.3660297691822052), (6, 0.6035561561584473), (0, 0.2772105038166046), (1, 0.08620915561914444), (2, 0.20055466890335083), (3, 0.3392793834209442), (4, 0.5403928756713867), (5, 0.25419124960899353), (6, 0.09422530233860016), (0, 0.2910495102405548), (1, 0.3843621015548706), (2, 0.20344869792461395), (3, 0.4320320188999176), (4, 0.15817700326442719), (5, 0.26807940006256104), (6, 0.05863263085484505), (0, 0.30157649517059326), (1, 0.24968528747558594), (2, 0.18417072296142578), (3, 0.10355142503976822), (4, 0.4565986692905426), (5, 0.3214435577392578), (6, 0.1288478821516037), (0, 0.3787802457809448), (1, 0.18302901089191437), (2, 0.27028265595436096), (3, 0.3186577558517456), (4, 0.14503182470798492), (5, 0.23180349171161652), (6, 0.14756356179714203), (0, 0.33200523257255554), (1, 0.07451023906469345), (2, 0.23701167106628418), (3, 0.27805644273757935), (4, 0.2929325997829437), (5, 0.2870866060256958), (6, 0.12989668548107147), (0, 0.2651166319847107), (1, 0.26422619819641113), (2, 0.30873727798461914), (3, 0.2940869629383087), (4, 0.19761782884597778), (5, 0.13090556859970093), (6, 0.04631099849939346), (0, 0.08433705568313599), (1, 0.09973642975091934), (2, 0.33099856972694397), (3, 0.2666645348072052), (4, 0.3389321267604828), (5, 0.07458925992250443), (6, 0.5602268576622009), (0, 0.110899917781353), (1, 0.2166806012392044), (2, 0.11559683084487915), (3, 0.2977053225040436), (4, 0.16547466814517975), (5, 0.28331783413887024), (6, 0.4081145226955414), (0, 0.09083174914121628), (1, 0.2270023673772812), (2, 0.21374617516994476), (3, 0.20498673617839813), (4, 0.3300410211086273), (5, 0.2549494802951813), (6, 0.03691158816218376), (0, 0.24775899946689606), (1, 0.08340438455343246), (2, 0.2646135091781616), (3, 0.0958055779337883), (4, 0.24738197028636932), (5, 0.22398388385772705), (6, 0.49373742938041687), (0, 0.26767387986183167), (1, 0.05813625454902649), (2, 0.18897397816181183), (3, 0.23329369723796844), (4, 0.0902143195271492), (5, 0.33273741602897644), (6, 0.03221987932920456), (0, 0.17590583860874176), (1, 0.10581526905298233), (2, 0.16028018295764923), (3, 0.12133494019508362), (4, 0.34575438499450684), (5, 0.18802006542682648), (6, 0.11881290376186371), (0, 0.10377654433250427), (1, 0.10050803422927856), (2, 0.25588908791542053), (3, 0.1774536818265915), (4, 0.18735118210315704), (5, 0.24450720846652985), (6, 0.10777202993631363), (0, 0.12494001537561417), (1, 0.10320103168487549), (2, 0.14078550040721893), (3, 0.12900207936763763), (4, 0.220584437251091), (5, 0.4332590103149414), (6, 0.024190111085772514), (0, 0.21451729536056519), (1, 0.11505115032196045), (2, 0.18033398687839508), (3, 0.1272699236869812), (4, 0.24676716327667236), (5, 0.06996774673461914), (6, 0.20301401615142822), (0, 0.14688318967819214), (1, 0.1174139454960823), (2, 0.15440627932548523), (3, 0.14751875400543213), (4, 0.06825237721204758), (5, 0.24439699947834015), (6, 0.32774174213409424), (0, 0.08044248819351196), (1, 0.19091321527957916), (2, 0.17982040345668793), (3, 0.07347150892019272), (4, 0.13207393884658813), (5, 0.1652587354183197), (6, 0.4417385160923004), (0, 0.10836523771286011), (1, 0.07858369499444962), (2, 0.0905088409781456), (3, 0.13188742101192474), (4, 0.1706075221300125), (5, 0.26515641808509827), (6, 0.34533706307411194), (0, 0.1638631373643875), (1, 0.11573205143213272), (2, 0.20452634990215302), (3, 0.10901322215795517), (4, 0.08255818486213684), (5, 0.20811332762241364), (6, 0.07379282265901566), (0, 0.12746939063072205), (1, 0.1142839565873146), (2, 0.1721680760383606), (3, 0.11427036672830582), (4, 0.11925297975540161), (5, 0.14464358985424042), (6, 0.07373128831386566), (0, 0.1454465240240097), (1, 0.09470867365598679), (2, 0.14833931624889374), (3, 0.11978983879089355), (4, 0.12874527275562286), (5, 0.05907325819134712), (6, 0.40020543336868286), (0, 0.0927162766456604), (1, 0.09562963247299194), (2, 0.0962977483868599), (3, 0.1869274526834488), (4, 0.24688927829265594), (5, 0.04419510066509247), (6, 0.06194441020488739), (0, 0.1517222672700882), (1, 0.09496194124221802), (2, 0.29742416739463806), (3, 0.0631667897105217), (4, 0.1259896606206894), (5, 0.15397216379642487), (6, 0.04610757157206535), (0, 0.09133386611938477), (1, 0.09902159124612808), (2, 0.11292129009962082), (3, 0.21946118772029877), (4, 0.09963766485452652), (5, 0.07456611841917038), (6, 0.10935404151678085), (0, 0.15633928775787354), (1, 0.18010453879833221), (2, 0.09568041563034058), (3, 0.07955760508775711), (4, 0.06621348112821579), (5, 0.0912509486079216), (6, 0.07609670609235764), (0, 0.06770965456962585), (1, 0.14494502544403076), (2, 0.06991218775510788), (3, 0.1641450673341751), (4, 0.11512783914804459), (5, 0.08348145335912704), (6, 0.019852682948112488), (0, 0.12840057909488678), (1, 0.09392056614160538), (2, 0.0940067395567894), (3, 0.13182473182678223), (4, 0.07474970072507858), (5, 0.11190652847290039), (6, 0.04341639205813408), (0, 0.05305531620979309), (1, 0.10056505352258682), (2, 0.10357648134231567), (3, 0.15331672132015228), (4, 0.08222604542970657), (5, 0.03325209021568298), (6, 0.2673439681529999), (0, 0.11516926437616348), (1, 0.12355003505945206), (2, 0.07064500451087952), (3, 0.0495772548019886), (4, 0.2716052234172821), (5, 0.0740232840180397), (6, 0.015220461413264275), (0, 0.12334676831960678), (1, 0.10443202406167984), (2, 0.08622986823320389), (3, 0.13040585815906525), (4, 0.08471205085515976), (5, 0.06530066579580307), (6, 0.042995814234018326), (0, 0.05962999165058136), (1, 0.05268001928925514), (2, 0.07238173484802246), (3, 0.2055046111345291), (4, 0.13284781575202942), (5, 0.055059581995010376), (6, 0.016336027532815933), (0, 0.1342824101448059), (1, 0.06356063485145569), (2, 0.04139212146401405), (3, 0.046773720532655716), (4, 0.1378694325685501), (5, 0.06560412794351578), (6, 0.18639083206653595), (0, 0.04361988976597786), (1, 0.0254994984716177), (2, 0.07740955799818039), (3, 0.08753934502601624), (4, 0.11017977446317673), (5, 0.16735374927520752), (6, 0.15431776642799377), (0, 0.09215274453163147), (1, 0.06979051977396011), (2, 0.09757509082555771), (3, 0.021482789888978004), (4, 0.0774432122707367), (5, 0.10991998761892319), (6, 0.07100377231836319), (0, 0.10404054075479507), (1, 0.07544823735952377), (2, 0.09790944308042526), (3, 0.11080148816108704), (4, 0.037323396652936935), (5, 0.06873001903295517), (6, 0.028991589322686195), (0, 0.08664707094430923), (1, 0.09783457964658737), (2, 0.11239570379257202), (3, 0.05127645656466484), (4, 0.049529965966939926), (5, 0.036399636417627335), (6, 0.10628354549407959), (0, 0.034438762813806534), (1, 0.07468794286251068), (2, 0.10496694594621658), (3, 0.055171459913253784), (4, 0.07290033251047134), (5, 0.10721137374639511), (6, 0.012662923894822598), (0, 0.0553375668823719), (1, 0.04853406548500061), (2, 0.0737961083650589), (3, 0.11001742631196976), (4, 0.09453523904085159), (5, 0.03642600402235985), (6, 0.040934134274721146), (0, 0.06635107100009918), (1, 0.10357499867677689), (2, 0.03496457263827324), (3, 0.07947004586458206), (4, 0.0739578977227211), (5, 0.04781188443303108), (6, 0.028844885528087616), (0, 0.06194158270955086), (1, 0.033981166779994965), (2, 0.09950187802314758), (3, 0.10001730918884277), (4, 0.07595669478178024), (5, 0.051287975162267685), (6, 0.026385122910141945), (0, 0.020561879500746727), (1, 0.041230570524930954), (2, 0.09053312987089157), (3, 0.05535532906651497), (4, 0.06941878795623779), (5, 0.09804443269968033), (6, 0.061556681990623474), (0, 0.07528404891490936), (1, 0.026312634348869324), (2, 0.04669182002544403), (3, 0.06263252347707748), (4, 0.06963445991277695), (5, 0.07115481048822403), (6, 0.07369071990251541), (0, 0.06697315722703934), (1, 0.03684065863490105), (2, 0.01653294265270233), (3, 0.11393187195062637), (4, 0.12076471000909805), (5, 0.03180772066116333), (6, 0.010962426662445068), (0, 0.03634537756443024), (1, 0.09681954979896545), (2, 0.049006860703229904), (3, 0.08300083875656128), (4, 0.03865327313542366), (5, 0.035264600068330765), (6, 0.0675974115729332), (0, 0.030639484524726868), (1, 0.05944129824638367), (2, 0.05320492759346962), (3, 0.06811883300542831), (4, 0.03354591131210327), (5, 0.09383776038885117), (6, 0.029428895562887192), (0, 0.07053358107805252), (1, 0.026740556582808495), (2, 0.0407613143324852), (3, 0.08206986635923386), (4, 0.03281731903553009), (5, 0.057558923959732056), (6, 0.10505314916372299), (0, 0.07017503678798676), (1, 0.053267091512680054), (2, 0.04027923569083214), (3, 0.05471997335553169), (4, 0.09036662429571152), (5, 0.03898808732628822), (6, 0.050454914569854736), (0, 0.029113056138157845), (1, 0.06689383834600449), (2, 0.04074344038963318), (3, 0.0731637254357338), (4, 0.07368090003728867), (5, 0.037824396044015884), (6, 0.008601522073149681), (0, 0.03248065710067749), (1, 0.06891253590583801), (2, 0.01724260114133358), (3, 0.0991700291633606), (4, 0.054554473608732224), (5, 0.04157404974102974), (6, 0.006932074204087257), (0, 0.06588771194219589), (1, 0.030867943540215492), (2, 0.08181467652320862), (3, 0.04461287334561348), (4, 0.041138697415590286), (5, 0.021291881799697876), (6, 0.03726337105035782), (0, 0.0534672886133194), (1, 0.042317286133766174), (2, 0.06013568118214607), (3, 0.040708426386117935), (4, 0.027352863922715187), (5, 0.04444942995905876), (6, 0.05947292596101761), (0, 0.01872376538813114), (1, 0.07298408448696136), (2, 0.0626959428191185), (3, 0.026553720235824585), (4, 0.026512959972023964), (5, 0.044476140290498734), (6, 0.07228438556194305), (0, 0.040619827806949615), (1, 0.03911842778325081), (2, 0.018735384568572044), (3, 0.06661003828048706), (4, 0.041849393397569656), (5, 0.05355285480618477), (6, 0.046548135578632355), (0, 0.04492520913481712), (1, 0.029642581939697266), (2, 0.07093555480241776), (3, 0.02498764730989933), (4, 0.06922399997711182), (5, 0.02677520178258419), (6, 0.006236501503735781), (0, 0.01476980745792389), (1, 0.01853376440703869), (2, 0.022226540371775627), (3, 0.06358038634061813), (4, 0.07348158955574036), (5, 0.05453993007540703), (6, 0.037326935678720474), (0, 0.040990907698869705), (1, 0.016084561124444008), (2, 0.05300213769078255), (3, 0.03991474583745003), (4, 0.062481772154569626), (5, 0.03563091903924942), (6, 0.012595846317708492), (0, 0.036648813635110855), (1, 0.060572683811187744), (2, 0.026968635618686676), (3, 0.031295936554670334), (4, 0.03472892567515373), (5, 0.051381755620241165), (6, 0.005793632473796606), (0, 0.02142363041639328), (1, 0.03594009950757027), (2, 0.04992394521832466), (3, 0.05939418077468872), (4, 0.019155407324433327), (5, 0.04483954608440399), (6, 0.021251250058412552), (0, 0.052021563053131104), (1, 0.017394671216607094), (2, 0.02529182843863964), (3, 0.020942306146025658), (4, 0.015728026628494263), (5, 0.08626165241003036), (6, 0.11085423082113266), (0, 0.02314668335020542), (1, 0.03338966891169548), (2, 0.06257621943950653), (3, 0.03930850327014923), (4, 0.03133183345198631), (5, 0.03835107386112213), (6, 0.018631018698215485), (0, 0.0694824829697609), (1, 0.03257877007126808), (2, 0.01377022359520197), (3, 0.02908201515674591), (4, 0.052418384701013565), (5, 0.030836759135127068), (6, 0.015186048112809658), (0, 0.05838705226778984), (1, 0.020678134635090828), (2, 0.02776883728802204), (3, 0.026851007714867592), (4, 0.036434296518564224), (5, 0.03923506289720535), (6, 0.010984918102622032), (0, 0.036825504153966904), (1, 0.034869879484176636), (2, 0.01771102100610733), (3, 0.0337333083152771), (4, 0.04793846607208252), (5, 0.03725073114037514), (6, 0.004782636184245348), (0, 0.018410319462418556), (1, 0.01680557243525982), (2, 0.03192373737692833), (3, 0.04711640998721123), (4, 0.01016419380903244), (5, 0.05777756869792938), (6, 0.07496508210897446), (0, 0.0334828682243824), (1, 0.02364562638103962), (2, 0.01494242250919342), (3, 0.03245224058628082), (4, 0.01792209781706333), (5, 0.05517125129699707), (6, 0.07884839177131653), (0, 0.03356998786330223), (1, 0.03004184365272522), (2, 0.018017856404185295), (3, 0.020747371017932892), (4, 0.044623181223869324), (5, 0.05640929937362671), (6, 0.0040660458616912365), (0, 0.038408100605010986), (1, 0.031031012535095215), (2, 0.027611397206783295), (3, 0.019482646137475967), (4, 0.05290151759982109), (5, 0.03137641400098801), (6, 0.017376789823174477)]