0.000000000000000000e+00
0.000000000000000000e+00
0.000000000000000000e+00
1.111111111111111154e-02
1.111111111111111154e-02
2.222222222222222307e-02
2.222222222222222307e-02
3.333333333333333287e-02
3.333333333333333287e-02
4.444444444444444614e-02
4.444444444444444614e-02
5.555555555555555247e-02
5.555555555555555247e-02
6.666666666666666574e-02
6.666666666666666574e-02
7.777777777777777901e-02
7.777777777777777901e-02
1.444444444444444309e-01
1.444444444444444309e-01
1.777777777777777846e-01
1.777777777777777846e-01
1.888888888888888840e-01
1.888888888888888840e-01
2.222222222222222099e-01
2.222222222222222099e-01
2.666666666666666630e-01
2.666666666666666630e-01
2.888888888888888618e-01
2.888888888888888618e-01
3.333333333333333148e-01
3.333333333333333148e-01
3.555555555555555691e-01
3.555555555555555691e-01
3.666666666666666408e-01
3.666666666666666408e-01
3.888888888888888951e-01
3.888888888888888951e-01
4.000000000000000222e-01
4.000000000000000222e-01
4.111111111111110938e-01
4.111111111111110938e-01
4.444444444444444198e-01
4.444444444444444198e-01
4.888888888888888729e-01
4.888888888888888729e-01
5.111111111111110716e-01
5.111111111111110716e-01
5.444444444444443976e-01
5.444444444444443976e-01
5.555555555555555802e-01
5.555555555555555802e-01
5.666666666666666519e-01
5.666666666666666519e-01
6.333333333333333037e-01
6.333333333333333037e-01
6.555555555555555580e-01
6.555555555555555580e-01
7.444444444444444642e-01
7.444444444444444642e-01
8.333333333333333703e-01
8.333333333333333703e-01
8.444444444444444420e-01
8.444444444444444420e-01
8.555555555555555136e-01
8.555555555555555136e-01
8.777777777777777679e-01
8.777777777777777679e-01
8.888888888888888395e-01
8.888888888888888395e-01
9.111111111111110938e-01
9.111111111111110938e-01
9.444444444444444198e-01
9.444444444444444198e-01
9.555555555555556024e-01
9.555555555555556024e-01
9.777777777777777457e-01
9.777777777777777457e-01
1.000000000000000000e+00
1.000000000000000000e+00
