Model Setup for Uniform {'virtual' if virtual else 'real'} {PATIENT_GROUP} Trained Network:

Network Architecture Parameters
Input channels=3
Hidden channels=32
Output channels=1

Training hyperparameters
Optimizer=AdamW (
Parameter Group 0
    amsgrad: False
    betas: (0.9, 0.999)
    capturable: False
    differentiable: False
    eps: 1e-08
    foreach: None
    fused: None
    lr: 0.001
    maximize: False
    weight_decay: 1e-06
)Training Iterations=100
Learning rate=0.001
Weight decay=1e-06
Optimizer reset frequency=None

Training Data Selection Parameters
(If not virtual, the only important params are the groups and whether data was normalized/standardized)
Patient groups=['Control', 'Atypical']
Augmentation strategy=Uniform
Normalized/standardized=Standardize
Number of virtual patients per real patient=100
Number of real patients sampled from each group=10
Virtual population number used=4
Training batch size=100
Training Results:
Runtime=9892.06171631813
Loss over time=[(0, 0.6516698015538793), (1, 0.6557347745116289), (2, 0.6293908068705214), (3, 0.6384591628363064), (4, 0.6507567506312713), (5, 0.6651100996282403), (6, 0.6101547285141125), (7, 0.6780519173045252), (8, 0.6548717339347111), (9, 0.6080423217025185), (10, 0.623529415936494), (11, 0.6477659120831487), (12, 0.6219857619239515), (13, 0.5892805586619448), (14, 0.5860089788374669), (15, 0.6219961023485874), (16, 0.6080029513522367), (17, 0.5896740411025058), (18, 0.607542961065045), (19, 0.5809930683311666), (0, 0.5786928889044001), (1, 0.5555382885306739), (2, 0.602630259190279), (3, 0.5952214238270616), (4, 0.5886217317645245), (5, 0.6044910470595465), (6, 0.5998547740969036), (7, 0.5245400772130107), (8, 0.5790763690781298), (9, 0.6001016344937998), (10, 0.5414704751835477), (11, 0.5550207438648481), (12, 0.5106266330176737), (13, 0.5365768070880388), (14, 0.5721507549974956), (15, 0.5325284614958542), (16, 0.5252670007974681), (17, 0.5151447844003502), (18, 0.5078247302249237), (19, 0.5251296973455394), (0, 0.4605045896571891), (1, 0.48699062728641196), (2, 0.5238728951135068), (3, 0.5129920229326967), (4, 0.5299612507126578), (5, 0.5305343011927026), (6, 0.4625329549706834), (7, 0.48312305686737406), (8, 0.4715788388800521), (9, 0.4500019288625069), (10, 0.5304028868705916), (11, 0.45273733829542895), (12, 0.49136689653039883), (13, 0.42216619958286294), (14, 0.4889709595047222), (15, 0.46040505941077614), (16, 0.5122452576273768), (17, 0.43511412719907877), (18, 0.4764944591119488), (19, 0.4116625486452154), (0, 0.43640259659885766), (1, 0.44322102898037974), (2, 0.4304730733755482), (3, 0.5095442753815173), (4, 0.44724792074118336), (5, 0.49180654228701143), (6, 0.46373406619114205), (7, 0.43284020498719594), (8, 0.4021051654828268), (9, 0.39249521853193003), (10, 0.4563690781838983), (11, 0.35827047842936566), (12, 0.3884888427591247), (13, 0.35685482561325305), (14, 0.3702829617925984), (15, 0.3685888962975322), (16, 0.4331376800246692), (17, 0.42132289749147517), (18, 0.3663494035205331), (19, 0.33740350059344276), (0, 0.47134064668320774), (1, 0.40507036611525704), (2, 0.3360835061889432), (3, 0.39582346231415455), (4, 0.3276350752535517), (5, 0.33507090484502966), (6, 0.32770335810105644), (7, 0.384302690250202), (8, 0.39969818501877113), (9, 0.31731117672549813), (10, 0.40850426347844976), (11, 0.3825282670144364), (12, 0.4012805685008458), (13, 0.3258596511182445), (14, 0.30238858247188544), (15, 0.3177034039380091), (16, 0.3394855742658136), (17, 0.3804404256243137), (18, 0.3425191437034018), (19, 0.35119239860364004), (0, 0.38763609730526283), (1, 0.30959633346829984), (2, 0.2659465477423961), (3, 0.32598679419507487), (4, 0.32576371734854787), (5, 0.3270771070829436), (6, 0.3068653083527887), (7, 0.30333305015811624), (8, 0.3422111802443177), (9, 0.31249632739662736), (10, 0.29425533594396014), (11, 0.3756239954986171), (12, 0.31925715480812933), (13, 0.26422281230735395), (14, 0.24523054097366717), (15, 0.3553884370467219), (16, 0.32149715244532884), (17, 0.421503932879624), (18, 0.33354449518879675), (19, 0.31207574247227415), (0, 0.31107438083234745), (1, 0.2310473891372537), (2, 0.32609052596597543), (3, 0.3309869348727475), (4, 0.3118107736628769), (5, 0.31562446706095665), (6, 0.2935753181107912), (7, 0.34312376477907464), (8, 0.3176206581479421), (9, 0.3518032963084211), (10, 0.33041987640332976), (11, 0.25396753200442246), (12, 0.26235460678097056), (13, 0.24762344899241684), (14, 0.2400734711545274), (15, 0.24676861045308), (16, 0.28667106373307344), (17, 0.254885750620296), (18, 0.27807543628349285), (19, 0.28893855867104407), (0, 0.2510776469350384), (1, 0.34536000749356616), (2, 0.2823845236527669), (3, 0.22677060000443525), (4, 0.2771143472841976), (5, 0.3288903146123848), (6, 0.23555012154073168), (7, 0.27434182393416046), (8, 0.26371544908738054), (9, 0.23747227067347546), (10, 0.24844177475264698), (11, 0.2802099627997397), (12, 0.23369716315965844), (13, 0.22277133850859712), (14, 0.2211582336233198), (15, 0.29696288082628025), (16, 0.2447489637133999), (17, 0.2697679901468495), (18, 0.2591504376420297), (19, 0.31274982836141485), (0, 0.24825402062674162), (1, 0.2756159241495289), (2, 0.22775537077528427), (3, 0.22964225356622067), (4, 0.20146358855801708), (5, 0.23544892971998457), (6, 0.2916515449300772), (7, 0.22956614888381174), (8, 0.24018175132629366), (9, 0.2712677373915485), (10, 0.25500814998178506), (11, 0.2686716591255038), (12, 0.2844173084905336), (13, 0.19452359380959358), (14, 0.22791081975368127), (15, 0.24017569789393847), (16, 0.3017727546327456), (17, 0.28170590049785665), (18, 0.18675175381274023), (19, 0.25803875898334494), (0, 0.29340097871364607), (1, 0.2862079810870727), (2, 0.1745781282359701), (3, 0.23520116714868888), (4, 0.202821396562246), (5, 0.26617224497351183), (6, 0.2714341408260577), (7, 0.25071722238290606), (8, 0.19858649457922772), (9, 0.26909714445280114), (10, 0.17974402063155587), (11, 0.21262111976047704), (12, 0.17442027545692604), (13, 0.2420565862573665), (14, 0.2064108683776243), (15, 0.3522191269217147), (16, 0.20234469132664562), (17, 0.22432352704401595), (18, 0.2725043548815065), (19, 0.19845260090750838), (0, 0.2432750205394509), (1, 0.25825713032354314), (2, 0.22831232560692413), (3, 0.23033066957898954), (4, 0.1962827466487116), (5, 0.17312185735728022), (6, 0.26580281755588037), (7, 0.14601583074231692), (8, 0.25106532395185693), (9, 0.20264889171802572), (10, 0.21026665317675783), (11, 0.3265035336681214), (12, 0.2258729743270846), (13, 0.2655135334252478), (14, 0.17343953834135573), (15, 0.23731769266527827), (16, 0.21600119928550465), (17, 0.22645836987842735), (18, 0.20777550186676638), (19, 0.2514973666101553), (0, 0.24119819596028472), (1, 0.25824527378060397), (2, 0.2101239508072034), (3, 0.256928191343596), (4, 0.24920389341911756), (5, 0.2939955220989296), (6, 0.1592997104093436), (7, 0.21651439541987205), (8, 0.12365933091761107), (9, 0.2691694194044678), (10, 0.20039745398962666), (11, 0.21574632860180096), (12, 0.19009933587607866), (13, 0.18220082518280115), (14, 0.38374765426438173), (15, 0.19039993542158976), (16, 0.18698629408133863), (17, 0.16309057905724436), (18, 0.15726139655056648), (19, 0.18420529115182638), (0, 0.2242361351100364), (1, 0.2460986298146891), (2, 0.19267875726651185), (3, 0.17779900617487468), (4, 0.12657630537477035), (5, 0.21638153805885765), (6, 0.15253677952392622), (7, 0.1777837909443035), (8, 0.18601087811440203), (9, 0.22137692945340307), (10, 0.22683628455829571), (11, 0.23757885616009122), (12, 0.19062655567151285), (13, 0.2351193864787198), (14, 0.20468766104979863), (15, 0.21653413882933617), (16, 0.17133495486525868), (17, 0.19243566974673385), (18, 0.22303317278262472), (19, 0.24772116398901511), (0, 0.20358354314523985), (1, 0.21755492624125686), (2, 0.2452237425558931), (3, 0.22877555683589157), (4, 0.2005223946480723), (5, 0.1562245402183062), (6, 0.20256509480576632), (7, 0.21900573793453784), (8, 0.19597365345973225), (9, 0.19573199513570874), (10, 0.18634769580282862), (11, 0.19844747641878355), (12, 0.18176349080026025), (13, 0.21488226065138982), (14, 0.2093194761900515), (15, 0.13961043649073365), (16, 0.16696606911704875), (17, 0.19178401112023624), (18, 0.21215581009509674), (19, 0.16965094521031482), (0, 0.13070321109892663), (1, 0.12972938204803827), (2, 0.1762907141032831), (3, 0.19128692949956233), (4, 0.19636037446083568), (5, 0.17211777127543698), (6, 0.15483225316164195), (7, 0.23295973749679733), (8, 0.1948254642678222), (9, 0.16062510198557423), (10, 0.1989730824167672), (11, 0.1451461929029336), (12, 0.17271857054581655), (13, 0.18096593439342143), (14, 0.13120457074123046), (15, 0.19287419346838405), (16, 0.15494152062261857), (17, 0.20333598789088342), (18, 0.17509803280039216), (19, 0.19767959008179697), (0, 0.10839249703227308), (1, 0.17214728047731734), (2, 0.13467984148506723), (3, 0.20000674371902505), (4, 0.1425027602589498), (5, 0.17605237319843597), (6, 0.21648935990904286), (7, 0.15913349027981227), (8, 0.17574199385519834), (9, 0.10398646431341475), (10, 0.16089988677342418), (11, 0.1882369137904464), (12, 0.13095978310608203), (13, 0.16148047457733022), (14, 0.19796618057834944), (15, 0.13415858354563526), (16, 0.2120142447339005), (17, 0.13102086269266164), (18, 0.15603312840241396), (19, 0.14253493673042017), (0, 0.20639030856149326), (1, 0.1205030342048283), (2, 0.18575547807544915), (3, 0.15482337219412784), (4, 0.19216910938538662), (5, 0.12931662797383287), (6, 0.15479064498951997), (7, 0.12286087828190352), (8, 0.13454828310404768), (9, 0.15771709281905405), (10, 0.08157872648496443), (11, 0.16025996998307407), (12, 0.18771450523309216), (13, 0.24228643584406376), (14, 0.13064812780589416), (15, 0.13950390506667898), (16, 0.0975458229302739), (17, 0.15049704462096153), (18, 0.14411299680616746), (19, 0.1169581525876252), (0, 0.17504390660547275), (1, 0.1839702410329409), (2, 0.15921458560967736), (3, 0.18143443957375768), (4, 0.12295571875013689), (5, 0.1753175255565618), (6, 0.1585676020624345), (7, 0.13531753000504643), (8, 0.091695662110485), (9, 0.10916308394161657), (10, 0.12180448333112255), (11, 0.13355957023520745), (12, 0.14162174388814233), (13, 0.13374280487789456), (14, 0.13552018527766851), (15, 0.14725130417091695), (16, 0.10922106750484034), (17, 0.16713805560615996), (18, 0.128290057636832), (19, 0.14633374168918992), (0, 0.12945330802679275), (1, 0.19182247717379777), (2, 0.09244721750260063), (3, 0.14493891446367932), (4, 0.19646910035317533), (5, 0.12117345517151265), (6, 0.15531177820074646), (7, 0.13824091137152836), (8, 0.11736775177664069), (9, 0.12706108919559422), (10, 0.14237386386961212), (11, 0.10866806472629716), (12, 0.0885770797359488), (13, 0.09929314837373772), (14, 0.11875459544669173), (15, 0.1517837002091399), (16, 0.11426537907673105), (17, 0.20691270163905942), (18, 0.10064026808794768), (19, 0.1833314138649169), (0, 0.1549079673687299), (1, 0.15509322985493854), (2, 0.14819952544947085), (3, 0.10898258685393074), (4, 0.13266739303411604), (5, 0.14496473325623777), (6, 0.11613747709828288), (7, 0.10903654542974746), (8, 0.08484549123961768), (9, 0.10798776458150201), (10, 0.09684494184448272), (11, 0.14310416155189787), (12, 0.1318646968624929), (13, 0.19553788189742385), (14, 0.12923594576892694), (15, 0.15870973908172786), (16, 0.11315380332569376), (17, 0.10962262458423165), (18, 0.11744150172337924), (19, 0.15705854757120732), (0, 0.10608099958861596), (1, 0.17764320922667687), (2, 0.16653811867256932), (3, 0.1674339550400405), (4, 0.1172632969486823), (5, 0.10200288522359367), (6, 0.1696158438019336), (7, 0.10958749362441271), (8, 0.10625626892805538), (9, 0.11489286899183117), (10, 0.12374634354783946), (11, 0.09297100071642607), (12, 0.10100457052543452), (13, 0.09924843639006309), (14, 0.10433295880689913), (15, 0.1516346792562501), (16, 0.08070783468829991), (17, 0.1535317406394312), (18, 0.15250319717956637), (19, 0.11652537658728963), (0, 0.11927159114129335), (1, 0.14225351572519843), (2, 0.14462022785722248), (3, 0.14146115375355545), (4, 0.12323568661579545), (5, 0.1207720679861232), (6, 0.10658868117510625), (7, 0.09585729775453389), (8, 0.12946739242146924), (9, 0.1245056927514035), (10, 0.10716048479527227), (11, 0.1080776911893311), (12, 0.13346612687082746), (13, 0.09757360118513343), (14, 0.1041156049640189), (15, 0.18158365757188244), (16, 0.12848353076306956), (17, 0.15764625787433292), (18, 0.11562893947879037), (19, 0.11574010399497145), (0, 0.10981063663925028), (1, 0.1300750930888615), (2, 0.11264727805269362), (3, 0.16884407958066824), (4, 0.15452358048310208), (5, 0.15783051687637645), (6, 0.07651502187983084), (7, 0.09682649031105177), (8, 0.1223187425555972), (9, 0.11479583547709574), (10, 0.12778213817207437), (11, 0.11233240775595064), (12, 0.12070763903742035), (13, 0.08482225408883252), (14, 0.10148148901850436), (15, 0.13228161638105246), (16, 0.11209683060635499), (17, 0.13753914454813715), (18, 0.11267813294817498), (19, 0.1028525253692013), (0, 0.11860980591266262), (1, 0.10052717937675185), (2, 0.10061839021185673), (3, 0.12410639841105424), (4, 0.13020382723194338), (5, 0.17817296419070297), (6, 0.08422999495046306), (7, 0.10148754820040232), (8, 0.08705579477120245), (9, 0.10520258917977149), (10, 0.11625699035650819), (11, 0.1437891748691149), (12, 0.13216205082677235), (13, 0.11369206874620406), (14, 0.07430768903610135), (15, 0.07504460923020144), (16, 0.18207346931381577), (17, 0.1147699080760873), (18, 0.10039519053338108), (19, 0.10913578520461786), (0, 0.11234236955550682), (1, 0.13359235719120768), (2, 0.09237213450229526), (3, 0.09478481626761932), (4, 0.0916696212567643), (5, 0.11904564592127535), (6, 0.10632256619776208), (7, 0.11400019604545278), (8, 0.10637147999766348), (9, 0.11843718383611034), (10, 0.11344978694949973), (11, 0.13183155253275985), (12, 0.1081730615674081), (13, 0.11502918634004296), (14, 0.10919748411159312), (15, 0.09215301345750795), (16, 0.11155881681128695), (17, 0.11887645319122722), (18, 0.07995216150960664), (19, 0.10490347672391431), (0, 0.09210909935689461), (1, 0.12218243172135519), (2, 0.10823700110195861), (3, 0.10928541081331862), (4, 0.0898316863111119), (5, 0.10302983080148266), (6, 0.12536939106867218), (7, 0.07259972694738245), (8, 0.07872197590865801), (9, 0.08788734664226365), (10, 0.09997110483619386), (11, 0.10946884769418345), (12, 0.09876064186994306), (13, 0.12676451243504044), (14, 0.06735066258127226), (15, 0.1358382547975536), (16, 0.09112843173961022), (17, 0.1040988078809842), (18, 0.11812592149455778), (19, 0.08819407283586625), (0, 0.09150553349548059), (1, 0.12487701623659458), (2, 0.08671632107433866), (3, 0.10526274378898048), (4, 0.09880348092707891), (5, 0.09919835833944328), (6, 0.1063287537463392), (7, 0.08488722374059267), (8, 0.08718177998094469), (9, 0.08868917930822999), (10, 0.09689572954419429), (11, 0.10267602036315811), (12, 0.06509544400643312), (13, 0.1040290375062548), (14, 0.09305456134595386), (15, 0.0855394064529434), (16, 0.0917273476598379), (17, 0.09979395363422017), (18, 0.08110346406454806), (19, 0.05881020812328679), (0, 0.11008010600620917), (1, 0.08407562143424972), (2, 0.057556495893091135), (3, 0.05603874919339941), (4, 0.10812429508333736), (5, 0.07685864787387116), (6, 0.06213753171897546), (7, 0.06569791837127013), (8, 0.22515135403216968), (9, 0.0782916911324778), (10, 0.1609735425504386), (11, 0.10178436726777246), (12, 0.068519341138839), (13, 0.07834298090369594), (14, 0.13020249369669515), (15, 0.11360501225869216), (16, 0.16045842741176727), (17, 0.11548398680767535), (18, 0.08376366348529585), (19, 0.3132795675281861), (0, 0.08912791207887341), (1, 0.08063262333630906), (2, 0.10696882931441472), (3, 0.1198269844883707), (4, 0.1342357720705768), (5, 0.15517313176356112), (6, 0.13331130366150692), (7, 0.16361019457906328), (8, 0.18003674609745104), (9, 0.12290696585564145), (10, 0.11663130590555057), (11, 0.08946639925927723), (12, 0.06242499229087661), (13, 0.12953349107019194), (14, 0.06528052026972782), (15, 0.08734841573669411), (16, 0.10591377552243618), (17, 0.0767453211098515), (18, 0.08928290163110798), (19, 0.13534614408707785), (0, 0.08775627575465748), (1, 0.09126984844772515), (2, 0.10798087883338628), (3, 0.0798823410920264), (4, 0.12052661190223862), (5, 0.1546327711459173), (6, 0.08466698445361845), (7, 0.11858755352289296), (8, 0.08206618603958839), (9, 0.07362207136175342), (10, 0.09806450059307832), (11, 0.0878105349011302), (12, 0.062205345450140226), (13, 0.11487552098695933), (14, 0.06782725807078448), (15, 0.08709318948875959), (16, 0.08500280959697776), (17, 0.06661119565906376), (18, 0.06505388671054652), (19, 0.09248382803712024), (0, 0.0791717185014001), (1, 0.08555387755970266), (2, 0.09018690705076525), (3, 0.08898077490518444), (4, 0.07137331437247482), (5, 0.08281943391206735), (6, 0.07538023501768298), (7, 0.05926180439638012), (8, 0.05164419385107082), (9, 0.08833895981849178), (10, 0.061317053584852496), (11, 0.07382807446514664), (12, 0.05568086935386141), (13, 0.08050706976654867), (14, 0.09811693630260562), (15, 0.08829676595067736), (16, 0.07667831204094776), (17, 0.06511175001232741), (18, 0.06897903616375603), (19, 0.0657798505061163), (0, 0.08531401922374339), (1, 0.063848047562975), (2, 0.058201630466126204), (3, 0.059294146309625775), (4, 0.057055904175173214), (5, 0.08154714706597976), (6, 0.07987542566316107), (7, 0.08782680900566982), (8, 0.06508237018350617), (9, 0.05568695154043205), (10, 0.05558759471425144), (11, 0.0714491144545966), (12, 0.07845905610523024), (13, 0.06240646233246519), (14, 0.053720678618033944), (15, 0.0566490255352837), (16, 0.06601691558197505), (17, 0.043985932978417054), (18, 0.0623057102754512), (19, 0.05467976604631126), (0, 0.06493291057773667), (1, 0.052501132750509216), (2, 0.04942461353724946), (3, 0.08933907976255873), (4, 0.03323845474943111), (5, 0.051758707133452264), (6, 0.047634019098548225), (7, 0.040899257188564304), (8, 0.0654133346313703), (9, 0.0657557125098813), (10, 0.05148068844404568), (11, 0.050108157538160614), (12, 0.06677521286841664), (13, 0.06062232730561314), (14, 0.04960598992525375), (15, 0.0725638931494469), (16, 0.05709012679088934), (17, 0.054518396552368564), (18, 0.061563300695549376), (19, 0.07009244114649767), (0, 0.054833732850319616), (1, 0.06505067847440309), (2, 0.05451871278298866), (3, 0.037039893013995816), (4, 0.049290854084072445), (5, 0.04929759153870542), (6, 0.04383617275900027), (7, 0.04719223586144884), (8, 0.051955661483784506), (9, 0.06209689595826804), (10, 0.04387238599804826), (11, 0.05252561111394274), (12, 0.06155665357785905), (13, 0.06657413288138132), (14, 0.06036576244930909), (15, 0.05651489083242916), (16, 0.056820622254463785), (17, 0.04003625578607286), (18, 0.05343287606527932), (19, 0.05969470673095947), (0, 0.05206661855138615), (1, 0.048556901273137436), (2, 0.051809978075112235), (3, 0.056465526816549455), (4, 0.040963059470339916), (5, 0.04784561762393293), (6, 0.05455668938494488), (7, 0.05768488444590848), (8, 0.06279695828592209), (9, 0.04848449425613325), (10, 0.047211215926609075), (11, 0.04891072667349567), (12, 0.04426608906610492), (13, 0.05067203778761098), (14, 0.03439556954487204), (15, 0.04627919177080241), (16, 0.05749538267668727), (17, 0.05298641066218198), (18, 0.04698321285429838), (19, 0.038692657517213694), (0, 0.0389041691016767), (1, 0.05556463541140252), (2, 0.047317091442978916), (3, 0.05613417998269617), (4, 0.055693386781766475), (5, 0.039186895822861535), (6, 0.0480742270572209), (7, 0.038992915689750475), (8, 0.05136891697308066), (9, 0.06273633629566583), (10, 0.03530505542592806), (11, 0.03170507171423629), (12, 0.04714068564238489), (13, 0.04675112687751106), (14, 0.04884238159725502), (15, 0.045726658565647844), (16, 0.04022674594928357), (17, 0.04797105884865862), (18, 0.04063398695941894), (19, 0.056319439210017544), (0, 0.05563960884972729), (1, 0.046269114970091875), (2, 0.04643564947137984), (3, 0.1149559619037875), (4, 0.03559200487070984), (5, 0.04804651750774703), (6, 0.08050387729513152), (7, 0.062299756299806795), (8, 0.057730148545596854), (9, 0.08019350399019322), (10, 0.06235220508701669), (11, 0.07003195471473131), (12, 0.03481516788147085), (13, 0.0439004043430654), (14, 0.032179495645947714), (15, 0.0547800570210321), (16, 0.0471633320811198), (17, 0.03580202858656509), (18, 0.06132843497871287), (19, 0.04099127206207959), (0, 0.055850819021880424), (1, 0.03405168557340968), (2, 0.039965761339941494), (3, 0.039687636043061664), (4, 0.05340686472653781), (5, 0.0440009478592417), (6, 0.04038184133590044), (7, 0.05224312796471915), (8, 0.03730453692155627), (9, 0.05301679798489275), (10, 0.047563015973774186), (11, 0.03279307026604919), (12, 0.03397995007432318), (13, 0.05609014009662312), (14, 0.040188067491152564), (15, 0.03988483511437893), (16, 0.03675516119717672), (17, 0.04219627677740914), (18, 0.06395785139132895), (19, 0.027760639248783844), (0, 0.0396119146115886), (1, 0.04851910418683247), (2, 0.04693017840115543), (3, 0.031156239497689496), (4, 0.03179246233398273), (5, 0.047482871404292804), (6, 0.03828364599979276), (7, 0.036538847924955035), (8, 0.029664192265693418), (9, 0.052991211422506075), (10, 0.04376849493662018), (11, 0.03904770975689876), (12, 0.03753953016373416), (13, 0.037121740180789405), (14, 0.04679612892704091), (15, 0.033566474192726584), (16, 0.03032897453581879), (17, 0.02365318097676518), (18, 0.038640497154214075), (19, 0.03304916026400925), (0, 0.030295771737418653), (1, 0.04034282242180832), (2, 0.04551821482260739), (3, 0.021651477245282633), (4, 0.03653567907718434), (5, 0.02976969038527017), (6, 0.03498004324949831), (7, 0.042901662896120886), (8, 0.0327110612394157), (9, 0.034351612886882765), (10, 0.02966698308946004), (11, 0.039557752353606056), (12, 0.03147175076895453), (13, 0.03144527507159461), (14, 0.03467030957426357), (15, 0.031296993233095975), (16, 0.03751088182362918), (17, 0.031845128349004916), (18, 0.05318870595302751), (19, 0.03767403857282221), (0, 0.03682087647027014), (1, 0.03220604234771832), (2, 0.029108251694569515), (3, 0.029844625775741433), (4, 0.03737257904222093), (5, 0.044141606422447056), (6, 0.028606393045610207), (7, 0.041192182773316585), (8, 0.028095385476675495), (9, 0.03211265355188752), (10, 0.03361730178342192), (11, 0.03137394108334414), (12, 0.028502677281318653), (13, 0.03806130942364821), (14, 0.031598698860057464), (15, 0.03766389351962304), (16, 0.03582862279450102), (17, 0.03836633710564984), (18, 0.028430960351463967), (19, 0.025922380441902534), (0, 0.029304161542515927), (1, 0.025721467284219406), (2, 0.04007751385155274), (3, 0.024457802851445404), (4, 0.032320083592049714), (5, 0.035753331827610015), (6, 0.029534966369223387), (7, 0.03029283349535538), (8, 0.02731384765114825), (9, 0.033612793162284646), (10, 0.02908520190595528), (11, 0.02627055674201117), (12, 0.03303609362354295), (13, 0.035906838718333105), (14, 0.033976103784781476), (15, 0.037971564213195384), (16, 0.03719483497666221), (17, 0.025990147570203764), (18, 0.022671152518602647), (19, 0.029724238616059297), (0, 0.030354145680370457), (1, 0.026384602120884924), (2, 0.032739239460944536), (3, 0.029311754165898946), (4, 0.02440207266925289), (5, 0.033481933586423054), (6, 0.02964035113708931), (7, 0.02710647260620502), (8, 0.02706327514582231), (9, 0.03053924195999838), (10, 0.0347101483310614), (11, 0.02593282417655978), (12, 0.030609500780981), (13, 0.028542240662011133), (14, 0.027903226229052062), (15, 0.029778103930919623), (16, 0.027225975735508202), (17, 0.02640868742294336), (18, 0.029658818005205322), (19, 0.03162532108355043), (0, 0.039044477212982646), (1, 0.024226139092603342), (2, 0.02936364622350131), (3, 0.02666476698828288), (4, 0.027631485163715733), (5, 0.02805777135091412), (6, 0.021318934744652195), (7, 0.02877974218166427), (8, 0.028988662023859683), (9, 0.029831123767026846), (10, 0.035642292590904005), (11, 0.033169473778957376), (12, 0.030808811687447913), (13, 0.026090092692546713), (14, 0.024667305696748718), (15, 0.0192942559692213), (16, 0.021237194136061947), (17, 0.017373495557174125), (18, 0.03413504997585101), (19, 0.025446911968436858), (0, 0.0226348560382632), (1, 0.021411732992019577), (2, 0.02008053721474135), (3, 0.028355226596656905), (4, 0.023219123500724415), (5, 0.03456247418615233), (6, 0.03282884103799327), (7, 0.028993001724964274), (8, 0.02729355874134573), (9, 0.022907238060565892), (10, 0.028889788454576976), (11, 0.025483405831951595), (12, 0.02551424698752647), (13, 0.031267299174324796), (14, 0.022408627120771924), (15, 0.023037343805482707), (16, 0.019984291257358282), (17, 0.029105053573007515), (18, 0.020068167698755916), (19, 0.034405824509528414), (0, 0.02202037031410708), (1, 0.02196994779842062), (2, 0.025499151093312352), (3, 0.031645159534319275), (4, 0.026205789255118416), (5, 0.029412978903715366), (6, 0.023948984711325214), (7, 0.019110897752059437), (8, 0.024978173563783443), (9, 0.029205037147396022), (10, 0.018075654460700183), (11, 0.026962209771894327), (12, 0.022754476611002987), (13, 0.02604606060311095), (14, 0.025666686448279775), (15, 0.025762499407366357), (16, 0.024127937938203493), (17, 0.026871804364537268), (18, 0.021557359652014593), (19, 0.020787872885055823), (0, 0.03566349300739236), (1, 0.022273085229654876), (2, 0.02891294766267305), (3, 0.026168189208303723), (4, 0.022295255673331422), (5, 0.016097277249630455), (6, 0.01574887987684214), (7, 0.026401426574091627), (8, 0.01980958949294489), (9, 0.021570918402778964), (10, 0.022783409733929), (11, 0.022419957988327698), (12, 0.027690192273428536), (13, 0.028587959299402606), (14, 0.02486959260840913), (15, 0.015519544142635825), (16, 0.0214631525378942), (17, 0.02298140643409111), (18, 0.02056322034842206), (19, 0.02753551944097408), (0, 0.024903715946651483), (1, 0.025356884191605786), (2, 0.024237864493782627), (3, 0.020960977775925996), (4, 0.01919396794007251), (5, 0.021179510163271603), (6, 0.026624903346432686), (7, 0.019815228510085384), (8, 0.025951190522040014), (9, 0.02158667550212173), (10, 0.019735484999728166), (11, 0.025996278015510816), (12, 0.017203703771677677), (13, 0.01935511348569016), (14, 0.02444221957214343), (15, 0.0194440457251463), (16, 0.023390375302089855), (17, 0.030966216248643274), (18, 0.01985640189460435), (19, 0.012626753663199977), (0, 0.024780217777831303), (1, 0.02307537462442664), (2, 0.021756324835365052), (3, 0.014939150631200042), (4, 0.018200160099297775), (5, 0.01764419454813897), (6, 0.022085214078019826), (7, 0.02136771577455659), (8, 0.024224880249954547), (9, 0.0212576950660989), (10, 0.023302642867149635), (11, 0.01624699920850697), (12, 0.02466186903202418), (13, 0.018276170487220852), (14, 0.019749474308327467), (15, 0.02150350409167282), (16, 0.02335995538804908), (17, 0.022541754536718608), (18, 0.01748428795139957), (19, 0.025509943829670298), (0, 0.01856219604995375), (1, 0.01752621047211446), (2, 0.02272783681136262), (3, 0.019707666705503463), (4, 0.017916509963752825), (5, 0.024171328118459918), (6, 0.017684201363510295), (7, 0.018706556070906377), (8, 0.018139972559949435), (9, 0.02379526836741996), (10, 0.02019939651643893), (11, 0.02119217441555507), (12, 0.01724369888752925), (13, 0.019503901859373392), (14, 0.024814344106086562), (15, 0.017870386533282018), (16, 0.0172880455047949), (17, 0.024272994905696624), (18, 0.019722934261024287), (19, 0.01928490287325293), (0, 0.01464583140353878), (1, 0.026233929890300767), (2, 0.02047923218814045), (3, 0.017358495466505065), (4, 0.017650933607091707), (5, 0.013739357106475052), (6, 0.017615467069141962), (7, 0.024012212900174437), (8, 0.02013225347659516), (9, 0.018384457538099565), (10, 0.02296040956996868), (11, 0.016862797866552072), (12, 0.019343067386246394), (13, 0.016729778288013444), (14, 0.014975545999380419), (15, 0.022460607005047307), (16, 0.018397800333151127), (17, 0.016999063912924398), (18, 0.017808918545852512), (19, 0.024758443728552213), (0, 0.013982198272668398), (1, 0.020027103203463046), (2, 0.020430659853168633), (3, 0.021591565422147303), (4, 0.027126240788200962), (5, 0.0194412771776326), (6, 0.02230577855900746), (7, 0.015990381734993998), (8, 0.013665172536530835), (9, 0.020533867228274466), (10, 0.015182694648595979), (11, 0.01700126760091576), (12, 0.016335779409236768), (13, 0.01739511363963072), (14, 0.01698885619922638), (15, 0.014599905084666194), (16, 0.017598202526105323), (17, 0.02085397143822743), (18, 0.015318764118393058), (19, 0.018059053935118086), (0, 0.016458694384517046), (1, 0.01402588381491901), (2, 0.015142648152830989), (3, 0.01596302379201177), (4, 0.017605948599108395), (5, 0.01963875362555301), (6, 0.01930616220474868), (7, 0.019262555755632696), (8, 0.016850737520530568), (9, 0.018731077908134802), (10, 0.015864700201755823), (11, 0.020499417164175818), (12, 0.014245270408729272), (13, 0.018449755145510657), (14, 0.014511710878586992), (15, 0.02041019803522172), (16, 0.018413978295442376), (17, 0.018957304405395222), (18, 0.021324421660596997), (19, 0.012405684249400148), (0, 0.016842380758454328), (1, 0.016139035922669784), (2, 0.021117138739955212), (3, 0.01381378292822708), (4, 0.01760043420359125), (5, 0.01801403032862504), (6, 0.016985787810758185), (7, 0.018148352368203165), (8, 0.018252555043688102), (9, 0.015373847811422973), (10, 0.015433776367141315), (11, 0.020281676032667614), (12, 0.01392387218400779), (13, 0.018618978068610206), (14, 0.012518395838994292), (15, 0.015611732301746409), (16, 0.01626023835204143), (17, 0.014291103359453867), (18, 0.01712336015420385), (19, 0.01658070421782414), (0, 0.01839837791831407), (1, 0.015782953477832422), (2, 0.01918308580081512), (3, 0.01723695721926158), (4, 0.015562130304488456), (5, 0.011639007289663068), (6, 0.019974962895502827), (7, 0.013620301477279963), (8, 0.013536649344882131), (9, 0.019388749097851116), (10, 0.015646230069116213), (11, 0.012414788868435568), (12, 0.01711735195559035), (13, 0.01387836746891596), (14, 0.014881896365012231), (15, 0.013710196028274772), (16, 0.01577000763351526), (17, 0.01886450866142739), (18, 0.012001032819188589), (19, 0.019462863261975688), (0, 0.021027169468151724), (1, 0.01733820295207113), (2, 0.011269225097935818), (3, 0.01714063051053245), (4, 0.01596635774009233), (5, 0.01484128992803329), (6, 0.016211990925696498), (7, 0.01714656718651884), (8, 0.014690442081361806), (9, 0.016363367812925963), (10, 0.016107229289492323), (11, 0.012594962040084142), (12, 0.011692743173949222), (13, 0.014186845317170465), (14, 0.014398258245019455), (15, 0.01353802917118634), (16, 0.01429443374774008), (17, 0.01472806614865124), (18, 0.017974480687274516), (19, 0.013980785901698205), (0, 0.015395806315705063), (1, 0.011471173406579353), (2, 0.01796282470862027), (3, 0.019604466134376514), (4, 0.014313656428565016), (5, 0.016065670833341088), (6, 0.009882776811267967), (7, 0.01207572655773175), (8, 0.014348853120526948), (9, 0.01908945340155687), (10, 0.016781942391016453), (11, 0.012789424735959252), (12, 0.02148520719938437), (13, 0.01457450859798256), (14, 0.015613914645703036), (15, 0.011230171052133354), (16, 0.015187395943363982), (17, 0.010556374840756975), (18, 0.011688485982596582), (19, 0.013483010534980435), (0, 0.01538035530093651), (1, 0.017029860477926758), (2, 0.0119719056942053), (3, 0.01368692150569405), (4, 0.01217687807855783), (5, 0.015617679692924111), (6, 0.017291919049940204), (7, 0.01691562382212292), (8, 0.01184264297131469), (9, 0.014012795010692502), (10, 0.013380764191313205), (11, 0.011983818083243336), (12, 0.01565716195459247), (13, 0.013891568224518775), (14, 0.01449197846332074), (15, 0.010923135526983105), (16, 0.018033673293144925), (17, 0.011811562059993093), (18, 0.01369743848848664), (19, 0.011700954957120945), (0, 0.014236968824683399), (1, 0.011195192837926467), (2, 0.013364883032354002), (3, 0.014172183829821444), (4, 0.013147231790868144), (5, 0.015750432531527744), (6, 0.014889799509809364), (7, 0.011779529442683382), (8, 0.012888886406923135), (9, 0.011597752375994544), (10, 0.01351544846619861), (11, 0.014046130816409206), (12, 0.012355062444086308), (13, 0.012817770502881829), (14, 0.018110572228281503), (15, 0.016099078791551587), (16, 0.011477907339038702), (17, 0.008549562684995982), (18, 0.01671216597880639), (19, 0.012402123321026998), (0, 0.011393255977365782), (1, 0.014388547135050033), (2, 0.013328502461174188), (3, 0.014074085848850545), (4, 0.011286370817854925), (5, 0.014912862120518108), (6, 0.013439306927361644), (7, 0.012808979366659808), (8, 0.010487048383653282), (9, 0.013340803545339026), (10, 0.015248398537119163), (11, 0.011530715589056825), (12, 0.012720421458930884), (13, 0.016274278291774472), (14, 0.011353260653693898), (15, 0.013119855064649296), (16, 0.010799433940988484), (17, 0.012507194434272262), (18, 0.012771170576736603), (19, 0.013855959796206326), (0, 0.01047641142780405), (1, 0.012008997182057748), (2, 0.01597015644231093), (3, 0.012193002444219407), (4, 0.011747400181106968), (5, 0.011791839623808333), (6, 0.01271672748901462), (7, 0.009054039411485238), (8, 0.01111409453132008), (9, 0.012001948263101019), (10, 0.010417601523667412), (11, 0.016897727441257736), (12, 0.012135134118266491), (13, 0.012100511987162227), (14, 0.011949354742359428), (15, 0.016400610831364883), (16, 0.011988745265332942), (17, 0.012795728852952397), (18, 0.014604166901710234), (19, 0.011455783007783738), (0, 0.016329982956513316), (1, 0.014400248565179779), (2, 0.012298023938490702), (3, 0.010776886075032657), (4, 0.010610323286814105), (5, 0.013057722469065104), (6, 0.012693223885243255), (7, 0.013052098836494625), (8, 0.012427718843523672), (9, 0.013057796616365134), (10, 0.008856142137509836), (11, 0.013994137328408063), (12, 0.011112640685737602), (13, 0.009948920897473979), (14, 0.010955779912650123), (15, 0.010258083567521298), (16, 0.010703121649067797), (17, 0.012157176603585281), (18, 0.012147376778768574), (19, 0.012262211703596562), (0, 0.010948149991647749), (1, 0.010651470305217084), (2, 0.014329873024993271), (3, 0.012398838565789175), (4, 0.00887692710736263), (5, 0.009370442522445309), (6, 0.011265234263874845), (7, 0.011625372099880715), (8, 0.011203260630881857), (9, 0.008805882255324873), (10, 0.010790161799287244), (11, 0.012369995845438825), (12, 0.012226978982062113), (13, 0.011751878787468605), (14, 0.01095426583357697), (15, 0.012696836063028806), (16, 0.012638679703340218), (17, 0.012718118762318932), (18, 0.015217916876969136), (19, 0.010745138290017638), (0, 0.00943257871433609), (1, 0.014046300137754649), (2, 0.010404932463252223), (3, 0.014683117249451785), (4, 0.012497967995530154), (5, 0.009737322997541452), (6, 0.011921298021054851), (7, 0.012285728702190364), (8, 0.00923391852240404), (9, 0.01206222496308011), (10, 0.010614537380889756), (11, 0.011075358092185983), (12, 0.012939167007199747), (13, 0.010116228601518928), (14, 0.011916898806399564), (15, 0.009673735681691052), (16, 0.010790440245181302), (17, 0.01002505343407945), (18, 0.01139884326487839), (19, 0.008415824615839482), (0, 0.013307560053091267), (1, 0.006693070914825262), (2, 0.01086200512209062), (3, 0.011623555572835072), (4, 0.011137570893233136), (5, 0.012094905832264706), (6, 0.011874713108782032), (7, 0.00788982893146041), (8, 0.008570878800122994), (9, 0.011127276136863403), (10, 0.011840598580542424), (11, 0.011817006034836286), (12, 0.011185692250693888), (13, 0.010228333510028125), (14, 0.01045986905541887), (15, 0.010171354062249218), (16, 0.011792032876088777), (17, 0.009112775107263722), (18, 0.013880816855960912), (19, 0.012124664755877573), (0, 0.011182009322805395), (1, 0.008873354589357667), (2, 0.00880592797696884), (3, 0.011780689924816781), (4, 0.011261050061309433), (5, 0.009299164490699865), (6, 0.012747691792811242), (7, 0.010883565704975378), (8, 0.013471927231813674), (9, 0.009967854167917995), (10, 0.011396179789330677), (11, 0.010103677819460966), (12, 0.010252453472050069), (13, 0.010443556059221233), (14, 0.009658740180427948), (15, 0.008660693962833189), (16, 0.00732656427317058), (17, 0.011085946725684675), (18, 0.011273137180393867), (19, 0.0093007747759435), (0, 0.008880897092341904), (1, 0.01031418358288462), (2, 0.012128181239071846), (3, 0.01264066896914645), (4, 0.012052460728100957), (5, 0.010566433947821153), (6, 0.009205224213784618), (7, 0.008702573719523548), (8, 0.01180463197384962), (9, 0.007667803418344078), (10, 0.011682921355178472), (11, 0.009161200285751419), (12, 0.008358130753285906), (13, 0.011796958732156995), (14, 0.010943436651756431), (15, 0.00965811202104316), (16, 0.01030506399405749), (17, 0.008983635324220873), (18, 0.008437429901562207), (19, 0.007756000029536013), (0, 0.010997664596401382), (1, 0.01026626813661208), (2, 0.009988639355582729), (3, 0.009199037267280349), (4, 0.00995112914912553), (5, 0.008298071176114407), (6, 0.008505770024297019), (7, 0.008488913739239193), (8, 0.008882123728375435), (9, 0.012331335088508538), (10, 0.011155816568292566), (11, 0.010056985516275823), (12, 0.009706260191934107), (13, 0.008538277004859773), (14, 0.008069166543296183), (15, 0.01136772902494836), (16, 0.009264798197825878), (17, 0.01252558639595538), (18, 0.00883652069790743), (19, 0.00802752616642941), (0, 0.01126077863859256), (1, 0.01085300826409112), (2, 0.009898923598614223), (3, 0.007172514084437511), (4, 0.007323293600364586), (5, 0.008558225164812193), (6, 0.011318201964980455), (7, 0.010508287292575136), (8, 0.007426673077389723), (9, 0.010694527734885747), (10, 0.007017317061867049), (11, 0.011053543249500388), (12, 0.010353920493905645), (13, 0.008609623203117134), (14, 0.009444735368181802), (15, 0.00737070168821167), (16, 0.009405740920737336), (17, 0.011007332473092997), (18, 0.0087928434340629), (19, 0.010060325025259198), (0, 0.008587630728715198), (1, 0.012590531203286109), (2, 0.011099861869754235), (3, 0.009982021338121757), (4, 0.0098849644682971), (5, 0.011109061338907567), (6, 0.008186126215526387), (7, 0.009078469787591234), (8, 0.008307873200412966), (9, 0.007269966025277736), (10, 0.00961902668440631), (11, 0.008201117863785756), (12, 0.008395765076061644), (13, 0.006530333248273273), (14, 0.009654722532470069), (15, 0.012188730928692562), (16, 0.008699535296511136), (17, 0.009194239619161208), (18, 0.007188335395994963), (19, 0.006300969456232244), (0, 0.008245678993420671), (1, 0.009138269591429403), (2, 0.010486844310294823), (3, 0.008916772277063636), (4, 0.01177958493029086), (5, 0.007753229294725193), (6, 0.007361225243499791), (7, 0.007511001708672954), (8, 0.008605121016263048), (9, 0.009002327773070333), (10, 0.012388478526768205), (11, 0.009701583482697848), (12, 0.004881859661967125), (13, 0.0059097169822060905), (14, 0.009968611262997586), (15, 0.004454040487606662), (16, 0.009650497947377103), (17, 0.00977967909516108), (18, 0.008970554360236352), (19, 0.011662757144085831), (0, 0.009952080504949477), (1, 0.007515458721233168), (2, 0.009372416188819272), (3, 0.010184727584623165), (4, 0.00947142504115299), (5, 0.006419627781554141), (6, 0.009580017844975544), (7, 0.010052647508068478), (8, 0.006850568015948964), (9, 0.008300043148606415), (10, 0.007130795927137057), (11, 0.008213857046850754), (12, 0.007351469618385085), (13, 0.008497050977695679), (14, 0.010541129937878797), (15, 0.006823085336590907), (16, 0.00992741095932561), (17, 0.008034136373056975), (18, 0.008384570601447164), (19, 0.008727006930951358), (0, 0.008889115003876812), (1, 0.011243913661259503), (2, 0.008985245026398421), (3, 0.007595106255444758), (4, 0.0065387146502228636), (5, 0.007324977625026117), (6, 0.00661144392134134), (7, 0.008962259060348155), (8, 0.008663774474253741), (9, 0.008415271497431487), (10, 0.008852998003271696), (11, 0.01055340610552325), (12, 0.008117969240016268), (13, 0.007175154357620724), (14, 0.00805262859606139), (15, 0.008722342295893781), (16, 0.00958755423349941), (17, 0.006850999016126556), (18, 0.008592175840541408), (19, 0.006314000629190084), (0, 0.007948783372029202), (1, 0.007024386630648054), (2, 0.005612797560245828), (3, 0.008014548563684786), (4, 0.008061821518579248), (5, 0.0063037421737692344), (6, 0.007451153775530639), (7, 0.009937243807657665), (8, 0.00848102243383849), (9, 0.008532667721229115), (10, 0.008146048242326263), (11, 0.010101553242196512), (12, 0.009414368830612614), (13, 0.0063441385617942275), (14, 0.009089199940510754), (15, 0.009786625051766877), (16, 0.008571882535756858), (17, 0.006806256178044074), (18, 0.007969921771408671), (19, 0.007223428465302705), (0, 0.007537041155707178), (1, 0.008358821180167423), (2, 0.006495400214145046), (3, 0.005507028418264946), (4, 0.009344313963823472), (5, 0.006399839813182806), (6, 0.008839758946022055), (7, 0.009585539474485158), (8, 0.008301502022478478), (9, 0.009055752144117394), (10, 0.006464625984167975), (11, 0.007812941781034984), (12, 0.0060503001566088645), (13, 0.009561956346177193), (14, 0.008746917594072074), (15, 0.007619269656130387), (16, 0.009070239465407888), (17, 0.006627629192416169), (18, 0.006922600895923149), (19, 0.0087229048852093), (0, 0.00794891046755532), (1, 0.0075929453716379915), (2, 0.005318434158272751), (3, 0.006564887538329938), (4, 0.007057054961381435), (5, 0.0065722399256570975), (6, 0.007954008508476678), (7, 0.00765030863223812), (8, 0.007275013769462411), (9, 0.007274559674223652), (10, 0.006949701544134718), (11, 0.010245380438956063), (12, 0.005708006994232918), (13, 0.007065889646002683), (14, 0.007905547443896089), (15, 0.00893832006225915), (16, 0.00792041062351106), (17, 0.008770520305881373), (18, 0.007952024294637906), (19, 0.008737637562934846), (0, 0.007645955971817107), (1, 0.009536597092642419), (2, 0.006633289777628909), (3, 0.007526824502387333), (4, 0.008568133700110921), (5, 0.007356162851702575), (6, 0.007359906295915677), (7, 0.006189270888624096), (8, 0.007052934820788722), (9, 0.0069258182294670454), (10, 0.008704192815968707), (11, 0.006074194684969807), (12, 0.005565041086095001), (13, 0.007256299695986293), (14, 0.0077775406075528165), (15, 0.007314376611845339), (16, 0.008321372530483664), (17, 0.006652979231739173), (18, 0.00851177908676899), (19, 0.006455889051521343), (0, 0.006662744654845041), (1, 0.007396025811688543), (2, 0.00798995078134382), (3, 0.007095279873713414), (4, 0.007823166274956793), (5, 0.008205201074365714), (6, 0.006374058310945716), (7, 0.007456693924487353), (8, 0.005611786698803157), (9, 0.0069642568203852106), (10, 0.006042739559359203), (11, 0.007110386589680399), (12, 0.007588753335334419), (13, 0.006304774069279643), (14, 0.00880724408456497), (15, 0.006777517945895538), (16, 0.004921037691753185), (17, 0.01063141749570491), (18, 0.00638383936777928), (19, 0.00722238421869698), (0, 0.0072276403231614226), (1, 0.007516621100557725), (2, 0.006816457212588639), (3, 0.006190422747968787), (4, 0.007089872268606954), (5, 0.007045608958882619), (6, 0.007683564877222924), (7, 0.006420964712752707), (8, 0.00575831839878799), (9, 0.007487560565233635), (10, 0.007452406873494822), (11, 0.006760086106272656), (12, 0.007192690673446522), (13, 0.00714325051298268), (14, 0.0060204470654366075), (15, 0.007419875384192563), (16, 0.007334472579145677), (17, 0.00718901589057116), (18, 0.007037550905998873), (19, 0.006310917053911034), (0, 0.008207132081815291), (1, 0.0061248685124806425), (2, 0.007761950393801092), (3, 0.007776128002715142), (4, 0.005933020663710959), (5, 0.005289143216831393), (6, 0.006456152722634366), (7, 0.006578616109862969), (8, 0.005829494117067925), (9, 0.008377086061435361), (10, 0.006192105038710851), (11, 0.009114505635314052), (12, 0.006301784294152135), (13, 0.0050487187217765715), (14, 0.007404968244445662), (15, 0.006698836094675757), (16, 0.005630699385474729), (17, 0.007142641363229538), (18, 0.006568677446939326), (19, 0.007074780299607958), (0, 0.008501876948739124), (1, 0.004869105359252942), (2, 0.007878174831304562), (3, 0.005427871815921379), (4, 0.007388768743496194), (5, 0.006291374781149394), (6, 0.0067963255868896955), (7, 0.006903666381759655), (8, 0.00570877375130419), (9, 0.0068578822465299605), (10, 0.0055271547462353325), (11, 0.006220685849151345), (12, 0.005582968405954799), (13, 0.006259101462599843), (14, 0.006806536202609063), (15, 0.004724603601311829), (16, 0.0092329726228189), (17, 0.007217274322584386), (18, 0.0063160604122506), (19, 0.007110927891772868), (0, 0.005713910229141417), (1, 0.004844054768655528), (2, 0.005807274073741812), (3, 0.0067598824499660905), (4, 0.007675680381705398), (5, 0.006877553135808893), (6, 0.006335173984178053), (7, 0.008105561209753412), (8, 0.005246485578951132), (9, 0.005659751021890762), (10, 0.006654925289766725), (11, 0.006077095034184189), (12, 0.0061151054739649316), (13, 0.008239389579861717), (14, 0.007085208238837289), (15, 0.005880110974089952), (16, 0.006233840217894549), (17, 0.006125807670324732), (18, 0.006400691311628577), (19, 0.006356981670767059), (0, 0.008839848973729891), (1, 0.006298827932880378), (2, 0.0061049561640065565), (3, 0.004978827139658732), (4, 0.007905347001782895), (5, 0.0063087982705835), (6, 0.007284505163368573), (7, 0.005564301859398404), (8, 0.0047389288689367185), (9, 0.007074230827059058), (10, 0.005272938196715236), (11, 0.005917190019243501), (12, 0.004431709303428283), (13, 0.005041256145396118), (14, 0.005785981396890887), (15, 0.007179868147378384), (16, 0.006418446335295466), (17, 0.006154902232653343), (18, 0.006651122333836142), (19, 0.006852181574978477), (0, 0.00658218468857538), (1, 0.0067919576330275925), (2, 0.009632589151801945), (3, 0.006723895113715965), (4, 0.0051698817563212264), (5, 0.005334149452082582), (6, 0.005906182768153661), (7, 0.006563124828167403), (8, 0.004426996975327222), (9, 0.00742189729953463), (10, 0.005689066051335621), (11, 0.006202496131821598), (12, 0.0054747115190142024), (13, 0.005764090114381484), (14, 0.006289363081146176), (15, 0.007677511875353042), (16, 0.004703428403009566), (17, 0.004493818032801179), (18, 0.005263092143683539), (19, 0.005455227584017017), (0, 0.003900596446047897), (1, 0.004637518953158511), (2, 0.0046482611141943535), (3, 0.005770018969303967), (4, 0.005586043221696821), (5, 0.007827906954294785), (6, 0.006521262092834982), (7, 0.007269583049522803), (8, 0.00588449954443979), (9, 0.0065827896546897385), (10, 0.00565131742442509), (11, 0.005498611262733697), (12, 0.005406764333751139), (13, 0.00628455762618), (14, 0.005135504258115002), (15, 0.007400851202197951), (16, 0.006707149937930392), (17, 0.005454885372175579), (18, 0.0056980743787533), (19, 0.006524157039779326), (0, 0.005495701471727591), (1, 0.008221442762740106), (2, 0.0066862754724935506), (3, 0.006503037111574404), (4, 0.005937836947198099), (5, 0.005360004146883526), (6, 0.004754664974604871), (7, 0.005858479555138585), (8, 0.005946855208884938), (9, 0.005788927719092325), (10, 0.005016008330573176), (11, 0.006460668638192409), (12, 0.00438159245735075), (13, 0.005376402555424493), (14, 0.005234296366517632), (15, 0.004432407705204526), (16, 0.006235710284018627), (17, 0.005823045123762483), (18, 0.006983359892199455), (19, 0.004892728557418355), (0, 0.005783169928189891), (1, 0.004429694508314385), (2, 0.0049144283464433195), (3, 0.0066032713686459245), (4, 0.0061242192449543235), (5, 0.005955620456967225), (6, 0.006898084736537862), (7, 0.006992891511889126), (8, 0.005442905786968281), (9, 0.0064278419776339635), (10, 0.004511820690381533), (11, 0.006680046204048649), (12, 0.006257491391238149), (13, 0.00523397441408789), (14, 0.0049703648197734675), (15, 0.005243537787154491), (16, 0.004532118360227987), (17, 0.005195463180703566), (18, 0.005586717714078463), (19, 0.004860423433759996), (0, 0.006077770432705361), (1, 0.0059157447922789375), (2, 0.007959194294591614), (3, 0.005345720015247761), (4, 0.005130468108741393), (5, 0.005274774870549432), (6, 0.006031001997500989), (7, 0.004976014825415042), (8, 0.006844247301185522), (9, 0.0050711553202718454), (10, 0.005243828649587292), (11, 0.00398359242097349), (12, 0.0046053143131153905), (13, 0.003927043012449441), (14, 0.006042063272411249), (15, 0.005773047106393119), (16, 0.005479626053060663), (17, 0.004581031862947896), (18, 0.005706469852260357), (19, 0.005617824950330043), (0, 0.0053302217783878685), (1, 0.005524415430383931), (2, 0.004456140267796273), (3, 0.006773893942105357), (4, 0.005867879576725024), (5, 0.004914007677019463), (6, 0.004722365519206802), (7, 0.005120461092614734), (8, 0.005442086297409366), (9, 0.006014791895669553), (10, 0.006417066788494559), (11, 0.0044087608088209706), (12, 0.006443628328650786), (13, 0.004372995381318424), (14, 0.005451736582664408), (15, 0.005780182458835538), (16, 0.005162695429749353), (17, 0.004607447740025317), (18, 0.005092681181132711), (19, 0.004923824780505474), (0, 0.005314481162140675), (1, 0.005098024740766753), (2, 0.005508362946840545), (3, 0.004380820318504966), (4, 0.005092300228408986), (5, 0.005086547744130212), (6, 0.00521900321159664), (7, 0.004529988749493564), (8, 0.005537615246006489), (9, 0.006183482619034194), (10, 0.006538048797511086), (11, 0.005943742299641261), (12, 0.004593173225044111), (13, 0.0053179427027475225), (14, 0.003246873889524239), (15, 0.005475752871305798), (16, 0.0047832535712832), (17, 0.006523694866766281), (18, 0.005626303303773084), (19, 0.004330056450186282), (0, 0.006031902810861188), (1, 0.005424897010029843), (2, 0.004549966838126415), (3, 0.004714848415886905), (4, 0.004328582144127003), (5, 0.006330467074627798), (6, 0.006378756750688927), (7, 0.0037828004018556527), (8, 0.00516600265646678), (9, 0.004805026808325645), (10, 0.00478844964205426), (11, 0.0043184606055128374), (12, 0.005415755582128924), (13, 0.006320238074813929), (14, 0.005751644924264843), (15, 0.004102455690473817), (16, 0.004795540633850347), (17, 0.005774845681743905), (18, 0.005140108421142901), (19, 0.0039265874436067525), (0, 0.005744779556595414), (1, 0.006182717687669841), (2, 0.005219218015569966), (3, 0.005272996385662758), (4, 0.003977692180595566), (5, 0.004464751441808564), (6, 0.005567786432144704), (7, 0.004554545421855931), (8, 0.0038883985515668785), (9, 0.0051582128109660345), (10, 0.005582529428616325), (11, 0.005239669307936524), (12, 0.004563806229102649), (13, 0.00503320466425985), (14, 0.004590647581866193), (15, 0.004966944860759655), (16, 0.005717050418034854), (17, 0.00484202291042153), (18, 0.005088401184017056), (19, 0.0038847712596396635), (0, 0.004258968173257825), (1, 0.004634674194576083), (2, 0.006036400281166428), (3, 0.004114506939414133), (4, 0.0038074483858210042), (5, 0.004416438631980222), (6, 0.0057752030335971915), (7, 0.00474878007413816), (8, 0.005376777597437486), (9, 0.005331459982090857), (10, 0.0046636708025956175), (11, 0.007640040764298015), (12, 0.004347860191820054), (13, 0.003586093030368708), (14, 0.004506682675849676), (15, 0.004460499303978417), (16, 0.0053020583854003316), (17, 0.0045440362871206185), (18, 0.0046012968777639635), (19, 0.005061605677676411), (0, 0.0033705732700742745), (1, 0.00519629570999504), (2, 0.004926287002936949), (3, 0.004206851181333044), (4, 0.003544771220265962), (5, 0.0056090311320966535), (6, 0.004714331711590002), (7, 0.005304832439318321), (8, 0.0048548893446823385), (9, 0.005192631505969991), (10, 0.003065107941850785), (11, 0.005668278257034892), (12, 0.005532575630684632), (13, 0.004217928694166303), (14, 0.0038269825956037287), (15, 0.005448082217897572), (16, 0.005331136593836215), (17, 0.005493947414467758), (18, 0.005120445848015638), (19, 0.004183455212446662), (0, 0.0040692116703732175), (1, 0.004624478460728465), (2, 0.003791884100262176), (3, 0.004903914460147228), (4, 0.005372166378953368), (5, 0.004994934057950723), (6, 0.004383934387333109), (7, 0.005777784769289556), (8, 0.005615294201393865), (9, 0.0037699138108636264), (10, 0.0035454841343650844), (11, 0.005052014245218613), (12, 0.004750935905022841), (13, 0.004685212060302704), (14, 0.004150850600825289), (15, 0.004842726165876364), (16, 0.004478956371927831), (17, 0.003917052583483252), (18, 0.005304010014933023), (19, 0.004660596743310075), (0, 0.00399277163276315), (1, 0.005009657134312624), (2, 0.004887492604171122), (3, 0.003796881278456061), (4, 0.005276125011195989), (5, 0.003934978627220813), (6, 0.004381738527332462), (7, 0.005090367187460566), (8, 0.005494829139451108), (9, 0.0039731294734134445), (10, 0.0039156342779547324), (11, 0.004137693237312367), (12, 0.0049710438260040625), (13, 0.00501399150891832), (14, 0.004436705640424447), (15, 0.0051189977934881226), (16, 0.0043369208140503455), (17, 0.004364633950363306), (18, 0.004122052303643761), (19, 0.0045341921047300175), (0, 0.004762586210550751), (1, 0.004018895575442068), (2, 0.0043118390740884815), (3, 0.003947208361849775), (4, 0.002983623815892402), (5, 0.005030962124324237), (6, 0.005435042672021737), (7, 0.00477678710382531), (8, 0.004069349493500473), (9, 0.004846825555443944), (10, 0.004616067684079606), (11, 0.0044776415350777895), (12, 0.004819769056917905), (13, 0.005010000632179986), (14, 0.0035871646079704577), (15, 0.004573387361020337), (16, 0.004916084862872309), (17, 0.004400376917430887), (18, 0.004204576468513527), (19, 0.0036213058801640614), (0, 0.00452792495631535), (1, 0.0038306529871776442), (2, 0.0037424334252651147), (3, 0.005547939263569419), (4, 0.004625598774855855), (5, 0.003210937220865802), (6, 0.0031779299829302267), (7, 0.0036776208461524818), (8, 0.004928421106701998), (9, 0.00575856878371932), (10, 0.00485107169460112), (11, 0.004104925290475894), (12, 0.004040188845720308), (13, 0.004217930791092397), (14, 0.004986762796663904), (15, 0.003757862202753337), (16, 0.005430700722318187), (17, 0.004863955323728917), (18, 0.0040842016424332515), (19, 0.0032537927604535644), (0, 0.004948152143005236), (1, 0.004525899813546982), (2, 0.0045629259639817085), (3, 0.003930112191037905), (4, 0.00489154108749164), (5, 0.004840909631782553), (6, 0.004606082150997534), (7, 0.005251680196790189), (8, 0.0036023224315255447), (9, 0.004571896019936109), (10, 0.0034168486175272382), (11, 0.003901841230987676), (12, 0.0033347658296858564), (13, 0.004113125526092626), (14, 0.0031106105464337357), (15, 0.00398624158494188), (16, 0.004578677397503875), (17, 0.004427854007361867), (18, 0.004191042580688), (19, 0.0038850063690975965), (0, 0.003898357447543991), (1, 0.005117168515123089), (2, 0.0030980890388016143), (3, 0.003965873450169941), (4, 0.004671364368902592), (5, 0.0030491239907048506), (6, 0.005243532742681796), (7, 0.003492348351736807), (8, 0.005239185951289582), (9, 0.004633993667421312), (10, 0.0037362356178875324), (11, 0.003232691490199904), (12, 0.00443028268805579), (13, 0.004269434607032828), (14, 0.004493539619072172), (15, 0.00432334226298454), (16, 0.0031990622443440943), (17, 0.003149416350601346), (18, 0.004568651996618692), (19, 0.004713286274798458)]