mdd_minimum=array([0.        , 0.75174767, 8.1310854 , 1.42535102, 1.49334919])
mdd_maximum=array([ 2.3499999 ,  3.87484455, 22.34710312, 28.86649323,  2.9486165 ])
mdd_range=array([ 2.3499999 ,  3.12309688, 14.21601772, 27.4411422 ,  1.45526731])
ctrl_minimum=array([0.        , 0.75038135, 5.35695124, 1.78576422, 1.49182498])
ctrl_maximum=array([ 2.3499999 ,  2.10625982, 12.40979004, 17.73011208,  2.74476957])
ctrl_range=array([ 2.3499999 ,  1.35587847,  7.0528388 , 15.94434786,  1.25294459])
mdd_mean=tensor([ 1.1750,  2.4963, 14.2715, 12.5210,  2.1155], dtype=torch.float64)
mdd_std=tensor([0.0000, 0.3594, 2.0662, 1.8254, 0.3056], dtype=torch.float64)
ctrl_mean=tensor([1.1750, 1.4960, 8.5365, 8.5272, 2.0536], dtype=torch.float64)
ctrl_std=tensor([0.0000, 0.2159, 1.2354, 1.2310, 0.2970], dtype=torch.float64)
