Model Setup for Uniformvirtual {PATIENT_GROUPS} Trained Network:

Network Architecture Parameters
Input channels=2
Hidden channels=32
Output channels=1

Training hyperparameters
Optimizer=AdamW (
Parameter Group 0
    amsgrad: False
    betas: (0.9, 0.999)
    capturable: False
    differentiable: False
    eps: 1e-08
    foreach: None
    fused: None
    lr: 0.001
    maximize: False
    weight_decay: 1e-06
)Training Iterations=100
Learning rate=0.001
Weight decay=1e-06
Optimizer reset frequency=None

Dropout probability (after initial linear layer before NCDE): 0
Training Data Selection Parameters
(If not virtual, the only important params are the groups and whether data was normalized/standardized)
Patient groups=['Control', 'Atypical']
Augmentation strategy=Uniform
Noise Magnitude=0.05
Normalized/standardized=StandardizeAll
Number of virtual patients per real patient=100
Label smoothing factor=0
Test Patient Combinations:
Control: (0, 9, 3, 7, 4)
MDD: (0,)
Training batch size=200
Training Results:
Runtime=89.28652596473694
Loss over time=[(0, 0.6872694492340088), (1, 0.6898887753486633), (2, 0.6793867349624634), (3, 0.6954708695411682), (4, 0.6789402961730957), (5, 0.6927958726882935), (6, 0.6790030598640442), (7, 0.6822358965873718), (8, 0.6820340752601624), (9, 0.6871885657310486), (10, 0.686410129070282), (11, 0.7078152298927307), (0, 0.6946406364440918), (1, 0.6949050426483154), (2, 0.677436888217926), (3, 0.7077941298484802), (4, 0.6753555536270142), (5, 0.6861463785171509), (6, 0.6717562079429626), (7, 0.6785137057304382), (8, 0.663957417011261), (9, 0.6915853023529053), (10, 0.6646960377693176), (11, 0.6772477626800537), (0, 0.680167019367218), (1, 0.6969699859619141), (2, 0.6724682450294495), (3, 0.6891682147979736), (4, 0.6779966950416565), (5, 0.6661316752433777), (6, 0.6784564852714539), (7, 0.6732500195503235), (8, 0.6896253824234009), (9, 0.6959348320960999), (10, 0.6577656269073486), (11, 0.6801807880401611), (0, 0.6823456287384033), (1, 0.6881207227706909), (2, 0.6790015697479248), (3, 0.6688150763511658), (4, 0.6889541149139404), (5, 0.6695777773857117), (6, 0.6702436208724976), (7, 0.6666839718818665), (8, 0.6625593304634094), (9, 0.6760990023612976), (10, 0.6812759637832642), (11, 0.6986034512519836), (0, 0.686596155166626), (1, 0.6724326610565186), (2, 0.6839897036552429), (3, 0.6587134003639221), (4, 0.6855100989341736), (5, 0.6674028635025024), (6, 0.6792370676994324), (7, 0.6538153290748596), (8, 0.6751468181610107), (9, 0.66191565990448), (10, 0.6607615947723389), (11, 0.6882549524307251), (0, 0.6590722799301147), (1, 0.6609615087509155), (2, 0.6815168261528015), (3, 0.6596395969390869), (4, 0.6603158712387085), (5, 0.6560227274894714), (6, 0.6679690480232239), (7, 0.6694692373275757), (8, 0.6724206805229187), (9, 0.674481987953186), (10, 0.6595342755317688), (11, 0.6747878193855286), (0, 0.6602445840835571), (1, 0.6569979786872864), (2, 0.6572718024253845), (3, 0.6607908606529236), (4, 0.6642178893089294), (5, 0.6600933074951172), (6, 0.6370705366134644), (7, 0.6864258050918579), (8, 0.6387805342674255), (9, 0.6702657341957092), (10, 0.6544052362442017), (11, 0.6505795121192932), (0, 0.6541454195976257), (1, 0.6500898599624634), (2, 0.6483304500579834), (3, 0.6709425449371338), (4, 0.6663234829902649), (5, 0.6648809909820557), (6, 0.6384342312812805), (7, 0.6182371377944946), (8, 0.6535117626190186), (9, 0.6358650326728821), (10, 0.6488434672355652), (11, 0.6518464088439941), (0, 0.6642794609069824), (1, 0.6224814057350159), (2, 0.6392225623130798), (3, 0.6298444271087646), (4, 0.6453955173492432), (5, 0.6383370757102966), (6, 0.6589300632476807), (7, 0.6290289759635925), (8, 0.645526647567749), (9, 0.6367716193199158), (10, 0.6396987438201904), (11, 0.6401727795600891), (0, 0.6415407657623291), (1, 0.6371674537658691), (2, 0.6421056389808655), (3, 0.6285191178321838), (4, 0.6426684856414795), (5, 0.6205728054046631), (6, 0.6027098894119263), (7, 0.6470810770988464), (8, 0.6230754852294922), (9, 0.611545741558075), (10, 0.6414902210235596), (11, 0.6505668759346008), (0, 0.620054304599762), (1, 0.6254640221595764), (2, 0.6349446773529053), (3, 0.6411964893341064), (4, 0.6153122782707214), (5, 0.6048062443733215), (6, 0.6215377449989319), (7, 0.603520393371582), (8, 0.6345621347427368), (9, 0.6098859310150146), (10, 0.6135731339454651), (11, 0.6116832494735718), (0, 0.6180887818336487), (1, 0.6128256320953369), (2, 0.6431635022163391), (3, 0.5883119702339172), (4, 0.6079757213592529), (5, 0.6050750613212585), (6, 0.5978516340255737), (7, 0.6113125085830688), (8, 0.5933211445808411), (9, 0.600399911403656), (10, 0.5959855318069458), (11, 0.6087685227394104), (0, 0.6042467355728149), (1, 0.591704249382019), (2, 0.6049973368644714), (3, 0.5999132394790649), (4, 0.5903487205505371), (5, 0.5971485376358032), (6, 0.5799188613891602), (7, 0.5860116481781006), (8, 0.5946416258811951), (9, 0.5693493485450745), (10, 0.5730481743812561), (11, 0.6094528436660767), (0, 0.6118912100791931), (1, 0.568621814250946), (2, 0.5806970000267029), (3, 0.5724058747291565), (4, 0.589942455291748), (5, 0.5779337882995605), (6, 0.5657656788825989), (7, 0.5777018666267395), (8, 0.57071852684021), (9, 0.5537394285202026), (10, 0.541847825050354), (11, 0.5430735945701599), (0, 0.5438520312309265), (1, 0.5494312644004822), (2, 0.58097243309021), (3, 0.5561763048171997), (4, 0.5522552132606506), (5, 0.5443018674850464), (6, 0.5711776614189148), (7, 0.542916476726532), (8, 0.5504712462425232), (9, 0.5668225288391113), (10, 0.52509605884552), (11, 0.5200843214988708), (0, 0.5188086032867432), (1, 0.5336325764656067), (2, 0.5258939266204834), (3, 0.5408304333686829), (4, 0.5351801514625549), (5, 0.5335023999214172), (6, 0.5343395471572876), (7, 0.5134241580963135), (8, 0.5257219076156616), (9, 0.5416677594184875), (10, 0.5248912572860718), (11, 0.5091941952705383), (0, 0.5312657952308655), (1, 0.5089806914329529), (2, 0.5058699250221252), (3, 0.5121976733207703), (4, 0.4986904561519623), (5, 0.485540509223938), (6, 0.5074717402458191), (7, 0.48429423570632935), (8, 0.4981725811958313), (9, 0.5273500680923462), (10, 0.5132380127906799), (11, 0.4954754710197449), (0, 0.4925801753997803), (1, 0.4941260516643524), (2, 0.4800010919570923), (3, 0.45115140080451965), (4, 0.47189709544181824), (5, 0.5071132779121399), (6, 0.48931124806404114), (7, 0.4749467074871063), (8, 0.5029253959655762), (9, 0.47120657563209534), (10, 0.5039929747581482), (11, 0.45558661222457886), (0, 0.45329922437667847), (1, 0.45186588168144226), (2, 0.46572044491767883), (3, 0.4496918022632599), (4, 0.4515988826751709), (5, 0.4945589005947113), (6, 0.4611199200153351), (7, 0.46999043226242065), (8, 0.46612632274627686), (9, 0.45247554779052734), (10, 0.48810017108917236), (11, 0.4421166479587555), (0, 0.442043274641037), (1, 0.44965702295303345), (2, 0.47435206174850464), (3, 0.4752884805202484), (4, 0.44333019852638245), (5, 0.44161689281463623), (6, 0.429815411567688), (7, 0.43345871567726135), (8, 0.42331939935684204), (9, 0.43709301948547363), (10, 0.4343080520629883), (11, 0.4362910985946655), (0, 0.4456457793712616), (1, 0.4137555658817291), (2, 0.43049389123916626), (3, 0.42070502042770386), (4, 0.44134682416915894), (5, 0.41558289527893066), (6, 0.41045674681663513), (7, 0.415248841047287), (8, 0.42556917667388916), (9, 0.4362589716911316), (10, 0.42872297763824463), (11, 0.4135166108608246), (0, 0.39933767914772034), (1, 0.42706307768821716), (2, 0.40455466508865356), (3, 0.42569366097450256), (4, 0.4041261672973633), (5, 0.3862099051475525), (6, 0.4235420525074005), (7, 0.4023418426513672), (8, 0.39554885029792786), (9, 0.40953147411346436), (10, 0.397329181432724), (11, 0.45283210277557373), (0, 0.41445285081863403), (1, 0.3693200349807739), (2, 0.41290855407714844), (3, 0.39573585987091064), (4, 0.38026589155197144), (5, 0.3794114589691162), (6, 0.41509687900543213), (7, 0.42146384716033936), (8, 0.3715671896934509), (9, 0.40501073002815247), (10, 0.385254830121994), (11, 0.36765483021736145), (0, 0.4138948321342468), (1, 0.3731357455253601), (2, 0.38285866379737854), (3, 0.3685521185398102), (4, 0.36710795760154724), (5, 0.3438287079334259), (6, 0.40200790762901306), (7, 0.36996155977249146), (8, 0.3906300365924835), (9, 0.3875408470630646), (10, 0.40386509895324707), (11, 0.39517316222190857), (0, 0.3994848132133484), (1, 0.3863486349582672), (2, 0.3346138894557953), (3, 0.37700775265693665), (4, 0.3561861515045166), (5, 0.3481011986732483), (6, 0.3475014567375183), (7, 0.3726770281791687), (8, 0.4064085781574249), (9, 0.3786896765232086), (10, 0.3786076307296753), (11, 0.35004591941833496), (0, 0.37690040469169617), (1, 0.38720786571502686), (2, 0.34722229838371277), (3, 0.35659870505332947), (4, 0.3461264371871948), (5, 0.35064223408699036), (6, 0.3726579248905182), (7, 0.3428814709186554), (8, 0.357844740152359), (9, 0.3621648848056793), (10, 0.3468869924545288), (11, 0.39492350816726685), (0, 0.38145074248313904), (1, 0.3292890787124634), (2, 0.3637661039829254), (3, 0.33454033732414246), (4, 0.37778815627098083), (5, 0.3463832139968872), (6, 0.34132248163223267), (7, 0.33835911750793457), (8, 0.3478895127773285), (9, 0.3787200152873993), (10, 0.3319731056690216), (11, 0.35069891810417175), (0, 0.35863834619522095), (1, 0.37078362703323364), (2, 0.35963839292526245), (3, 0.3567802309989929), (4, 0.3445080816745758), (5, 0.3851582407951355), (6, 0.3396812379360199), (7, 0.3184646666049957), (8, 0.33166131377220154), (9, 0.3183152675628662), (10, 0.3152214586734772), (11, 0.31712591648101807), (0, 0.3675529360771179), (1, 0.3172454833984375), (2, 0.35014066100120544), (3, 0.34050455689430237), (4, 0.32189318537712097), (5, 0.3205673098564148), (6, 0.34259337186813354), (7, 0.3326408267021179), (8, 0.357957124710083), (9, 0.3076913356781006), (10, 0.3457943797111511), (11, 0.35557472705841064), (0, 0.32418426871299744), (1, 0.32812365889549255), (2, 0.3514062464237213), (3, 0.370569109916687), (4, 0.33729544281959534), (5, 0.2954714298248291), (6, 0.3148702383041382), (7, 0.33279678225517273), (8, 0.3232748508453369), (9, 0.342295378446579), (10, 0.3031865954399109), (11, 0.37451353669166565), (0, 0.3294062316417694), (1, 0.37169674038887024), (2, 0.3238096535205841), (3, 0.3235675096511841), (4, 0.3110770881175995), (5, 0.3157607913017273), (6, 0.32801517844200134), (7, 0.3209180533885956), (8, 0.3464795649051666), (9, 0.29902344942092896), (10, 0.31953638792037964), (11, 0.31536659598350525), (0, 0.3386038541793823), (1, 0.31949979066848755), (2, 0.3342954218387604), (3, 0.32534652948379517), (4, 0.314615935087204), (5, 0.32270899415016174), (6, 0.3506038188934326), (7, 0.32487308979034424), (8, 0.32055801153182983), (9, 0.2887174189090729), (10, 0.29676368832588196), (11, 0.3058512210845947), (0, 0.2987515330314636), (1, 0.29352933168411255), (2, 0.2956782877445221), (3, 0.32152336835861206), (4, 0.31809067726135254), (5, 0.3311809301376343), (6, 0.3541406989097595), (7, 0.3394407033920288), (8, 0.309291809797287), (9, 0.31088078022003174), (10, 0.2854033410549164), (11, 0.34968113899230957), (0, 0.33827531337738037), (1, 0.3070257306098938), (2, 0.3070564270019531), (3, 0.312402606010437), (4, 0.324773907661438), (5, 0.3114747107028961), (6, 0.2988889813423157), (7, 0.2694775462150574), (8, 0.3273293972015381), (9, 0.33350470662117004), (10, 0.3214060664176941), (11, 0.2626589238643646), (0, 0.3012470304965973), (1, 0.3104858100414276), (2, 0.30598771572113037), (3, 0.28799203038215637), (4, 0.3275117576122284), (5, 0.3131859302520752), (6, 0.3300682306289673), (7, 0.30137452483177185), (8, 0.28539738059043884), (9, 0.332467645406723), (10, 0.28522834181785583), (11, 0.3115227222442627), (0, 0.2984694838523865), (1, 0.29739364981651306), (2, 0.2928973138332367), (3, 0.27789440751075745), (4, 0.3134572207927704), (5, 0.2757834494113922), (6, 0.27929216623306274), (7, 0.3177218735218048), (8, 0.3396972417831421), (9, 0.30232563614845276), (10, 0.3242473602294922), (11, 0.34940892457962036), (0, 0.27357304096221924), (1, 0.3009917736053467), (2, 0.2893911302089691), (3, 0.3209713399410248), (4, 0.3026471436023712), (5, 0.3088533878326416), (6, 0.2972276210784912), (7, 0.29983893036842346), (8, 0.3045959174633026), (9, 0.3115411102771759), (10, 0.29921600222587585), (11, 0.2832995057106018), (0, 0.28563550114631653), (1, 0.31105250120162964), (2, 0.3204054534435272), (3, 0.2661159336566925), (4, 0.2533136308193207), (5, 0.34231072664260864), (6, 0.2832033038139343), (7, 0.28051766753196716), (8, 0.29538804292678833), (9, 0.31657183170318604), (10, 0.3075309097766876), (11, 0.3004271388053894), (0, 0.276936799287796), (1, 0.30948394536972046), (2, 0.3057703375816345), (3, 0.3142366111278534), (4, 0.28142157196998596), (5, 0.27680960297584534), (6, 0.32991617918014526), (7, 0.3086869716644287), (8, 0.2773541808128357), (9, 0.27670708298683167), (10, 0.26042667031288147), (11, 0.3199065327644348), (0, 0.3112168610095978), (1, 0.2846806049346924), (2, 0.2738892734050751), (3, 0.28328943252563477), (4, 0.277336984872818), (5, 0.30480605363845825), (6, 0.3392181694507599), (7, 0.27996835112571716), (8, 0.27620044350624084), (9, 0.27264204621315), (10, 0.3057306408882141), (11, 0.27131110429763794), (0, 0.25617316365242004), (1, 0.29737919569015503), (2, 0.3039672076702118), (3, 0.2563355565071106), (4, 0.2645285129547119), (5, 0.25980597734451294), (6, 0.32574188709259033), (7, 0.321391761302948), (8, 0.2784833610057831), (9, 0.28094056248664856), (10, 0.3048374056816101), (11, 0.3246488571166992), (0, 0.31486600637435913), (1, 0.27998262643814087), (2, 0.2762172222137451), (3, 0.27673959732055664), (4, 0.27698400616645813), (5, 0.2843745946884155), (6, 0.29958489537239075), (7, 0.3030061721801758), (8, 0.26611801981925964), (9, 0.28091171383857727), (10, 0.2836178243160248), (11, 0.2777766287326813), (0, 0.30712994933128357), (1, 0.25262290239334106), (2, 0.2823386490345001), (3, 0.24818651378154755), (4, 0.30346691608428955), (5, 0.26040545105934143), (6, 0.30901747941970825), (7, 0.30492067337036133), (8, 0.30215904116630554), (9, 0.23710572719573975), (10, 0.2867351770401001), (11, 0.32261693477630615), (0, 0.28793656826019287), (1, 0.262975811958313), (2, 0.31796690821647644), (3, 0.31448081135749817), (4, 0.25692927837371826), (5, 0.28955549001693726), (6, 0.2800647020339966), (7, 0.27040842175483704), (8, 0.2436133325099945), (9, 0.2916540801525116), (10, 0.28247660398483276), (11, 0.24926282465457916), (0, 0.274100661277771), (1, 0.2739318907260895), (2, 0.26095595955848694), (3, 0.3065495491027832), (4, 0.3040289282798767), (5, 0.28858235478401184), (6, 0.2688625454902649), (7, 0.29290106892585754), (8, 0.2715859115123749), (9, 0.25882688164711), (10, 0.27487194538116455), (11, 0.23713836073875427), (0, 0.2905764877796173), (1, 0.3218458592891693), (2, 0.28871452808380127), (3, 0.2454960197210312), (4, 0.30566471815109253), (5, 0.2780330777168274), (6, 0.2747882306575775), (7, 0.2642533779144287), (8, 0.2606359124183655), (9, 0.27098509669303894), (10, 0.2291027009487152), (11, 0.27237728238105774), (0, 0.2746542692184448), (1, 0.28966736793518066), (2, 0.285381942987442), (3, 0.2284078598022461), (4, 0.2705188989639282), (5, 0.2855265140533447), (6, 0.22593462467193604), (7, 0.25401821732521057), (8, 0.2728920876979828), (9, 0.2721210718154907), (10, 0.4405757188796997), (11, 0.2781708836555481), (0, 0.2666020393371582), (1, 0.28428953886032104), (2, 0.25131678581237793), (3, 0.24724899232387543), (4, 0.2714468240737915), (5, 0.3104710876941681), (6, 0.3287508487701416), (7, 0.3236876428127289), (8, 0.29339057207107544), (9, 0.2686210870742798), (10, 0.29989349842071533), (11, 0.292933851480484), (0, 0.27916544675827026), (1, 0.3181811571121216), (2, 0.3018013536930084), (3, 0.2736302316188812), (4, 0.302203893661499), (5, 0.2649803161621094), (6, 0.32524994015693665), (7, 0.30399417877197266), (8, 0.356761634349823), (9, 0.23804792761802673), (10, 0.2601949870586395), (11, 0.27247241139411926), (0, 0.282385915517807), (1, 0.33112677931785583), (2, 0.2544240653514862), (3, 0.2865348160266876), (4, 0.3009184002876282), (5, 0.2475242167711258), (6, 0.241835817694664), (7, 0.27165913581848145), (8, 0.27458077669143677), (9, 0.2372303009033203), (10, 0.2633039057254791), (11, 0.2563396394252777), (0, 0.26179495453834534), (1, 0.2604437470436096), (2, 0.27319979667663574), (3, 0.22563327848911285), (4, 0.29699328541755676), (5, 0.25927993655204773), (6, 0.28413447737693787), (7, 0.2623659372329712), (8, 0.26724478602409363), (9, 0.2752983570098877), (10, 0.21676452457904816), (11, 0.27898234128952026), (0, 0.240783229470253), (1, 0.2292567640542984), (2, 0.29481562972068787), (3, 0.22082750499248505), (4, 0.24994498491287231), (5, 0.2724534571170807), (6, 0.25253918766975403), (7, 0.2820800840854645), (8, 0.2692006826400757), (9, 0.22943319380283356), (10, 0.25469449162483215), (11, 0.32627448439598083), (0, 0.23707371950149536), (1, 0.2668863832950592), (2, 0.21956020593643188), (3, 0.25088968873023987), (4, 0.2309269905090332), (5, 0.23909752070903778), (6, 0.2698873281478882), (7, 0.2676265239715576), (8, 0.2781428098678589), (9, 0.2676324248313904), (10, 0.21319660544395447), (11, 0.31521332263946533), (0, 0.2644181549549103), (1, 0.2635291814804077), (2, 0.25598886609077454), (3, 0.24193574488162994), (4, 0.20418807864189148), (5, 0.2393953502178192), (6, 0.2766072750091553), (7, 0.2624320089817047), (8, 0.2136504054069519), (9, 0.26484763622283936), (10, 0.2588529884815216), (11, 0.21545614302158356), (0, 0.24982352554798126), (1, 0.27172908186912537), (2, 0.23653018474578857), (3, 0.2953150272369385), (4, 0.21207357943058014), (5, 0.2565045952796936), (6, 0.2502470016479492), (7, 0.23286184668540955), (8, 0.25293073058128357), (9, 0.2436947375535965), (10, 0.2232680320739746), (11, 0.19906750321388245), (0, 0.24301660060882568), (1, 0.2080034762620926), (2, 0.24887794256210327), (3, 0.25615882873535156), (4, 0.25814905762672424), (5, 0.27248939871788025), (6, 0.23308230936527252), (7, 0.24914707243442535), (8, 0.2461218684911728), (9, 0.2192254662513733), (10, 0.24181783199310303), (11, 0.21732991933822632), (0, 0.2313232421875), (1, 0.2713315486907959), (2, 0.20422597229480743), (3, 0.21450883150100708), (4, 0.22013482451438904), (5, 0.23499779403209686), (6, 0.25888004899024963), (7, 0.24866031110286713), (8, 0.25977179408073425), (9, 0.2510930001735687), (10, 0.22383728623390198), (11, 0.2465892732143402), (0, 0.23668740689754486), (1, 0.25612491369247437), (2, 0.2287885993719101), (3, 0.23413264751434326), (4, 0.22655387222766876), (5, 0.205693319439888), (6, 0.2680113911628723), (7, 0.23072876036167145), (8, 0.19938714802265167), (9, 0.24877600371837616), (10, 0.21248824894428253), (11, 0.25553277134895325), (0, 0.23579297959804535), (1, 0.2532132863998413), (2, 0.22215837240219116), (3, 0.27437183260917664), (4, 0.2192874550819397), (5, 0.2128393054008484), (6, 0.17177049815654755), (7, 0.18385204672813416), (8, 0.18139247596263885), (9, 0.2519124746322632), (10, 0.261391818523407), (11, 0.17342524230480194), (0, 0.21658051013946533), (1, 0.19305114448070526), (2, 0.24712760746479034), (3, 0.184779092669487), (4, 0.1888279765844345), (5, 0.1664724349975586), (6, 0.2022182047367096), (7, 0.2310158759355545), (8, 0.2404482066631317), (9, 0.23051995038986206), (10, 0.24527138471603394), (11, 0.23624151945114136), (0, 0.2352079153060913), (1, 0.21750545501708984), (2, 0.2739594280719757), (3, 0.23941053450107574), (4, 0.23612810671329498), (5, 0.25469163060188293), (6, 0.19837182760238647), (7, 0.23426471650600433), (8, 0.22562992572784424), (9, 0.22428643703460693), (10, 0.22298520803451538), (11, 0.16617467999458313), (0, 0.2324489951133728), (1, 0.3314078450202942), (2, 0.29252105951309204), (3, 0.2831420600414276), (4, 0.2427656054496765), (5, 0.302000492811203), (6, 0.24380777776241302), (7, 0.214895099401474), (8, 0.27478131651878357), (9, 0.19281695783138275), (10, 0.20377004146575928), (11, 0.2962808310985565), (0, 0.29853981733322144), (1, 0.21909093856811523), (2, 0.2559635639190674), (3, 0.19306981563568115), (4, 0.2230481207370758), (5, 0.2096458077430725), (6, 0.2159031480550766), (7, 0.23604293167591095), (8, 0.21369336545467377), (9, 0.2276274561882019), (10, 0.2012711465358734), (11, 0.28552505373954773), (0, 0.26638272404670715), (1, 0.2174718976020813), (2, 0.23729190230369568), (3, 0.24236664175987244), (4, 0.1927260458469391), (5, 0.21823717653751373), (6, 0.21000553667545319), (7, 0.1834953874349594), (8, 0.2243027240037918), (9, 0.20359204709529877), (10, 0.24810071289539337), (11, 0.20186887681484222), (0, 0.22749833762645721), (1, 0.23897776007652283), (2, 0.21378353238105774), (3, 0.17974716424942017), (4, 0.21042080223560333), (5, 0.16794902086257935), (6, 0.2559746503829956), (7, 0.1922454982995987), (8, 0.183478444814682), (9, 0.23399952054023743), (10, 0.2457006424665451), (11, 0.21762800216674805), (0, 0.23539605736732483), (1, 0.2267979085445404), (2, 0.2042752504348755), (3, 0.22452601790428162), (4, 0.21556521952152252), (5, 0.19456098973751068), (6, 0.18358059227466583), (7, 0.22008293867111206), (8, 0.22005347907543182), (9, 0.2049185186624527), (10, 0.1736125946044922), (11, 0.17136995494365692), (0, 0.24550199508666992), (1, 0.20601849257946014), (2, 0.1655498743057251), (3, 0.2256620079278946), (4, 0.1881064623594284), (5, 0.1644538938999176), (6, 0.24619808793067932), (7, 0.19641637802124023), (8, 0.1749526411294937), (9, 0.23078469932079315), (10, 0.2092341035604477), (11, 0.21657484769821167), (0, 0.20894372463226318), (1, 0.2158632129430771), (2, 0.21338912844657898), (3, 0.21266856789588928), (4, 0.13132989406585693), (5, 0.21601681411266327), (6, 0.19421933591365814), (7, 0.22471275925636292), (8, 0.20228806138038635), (9, 0.3253442049026489), (10, 0.28410884737968445), (11, 0.343759149312973), (0, 0.24604646861553192), (1, 0.26752814650535583), (2, 0.2447005808353424), (3, 0.27358970046043396), (4, 0.17635463178157806), (5, 0.2850387692451477), (6, 0.2101982682943344), (7, 0.26176631450653076), (8, 0.25376150012016296), (9, 0.27509620785713196), (10, 0.2282097488641739), (11, 0.24453705549240112), (0, 0.25659385323524475), (1, 0.2473253458738327), (2, 0.22948181629180908), (3, 0.257300466299057), (4, 0.23431047797203064), (5, 0.20047064125537872), (6, 0.262708842754364), (7, 0.2710949182510376), (8, 0.2558267414569855), (9, 0.2348390519618988), (10, 0.2938748896121979), (11, 0.31845980882644653), (0, 0.22788912057876587), (1, 0.26269295811653137), (2, 0.2125949263572693), (3, 0.20102955400943756), (4, 0.21052579581737518), (5, 0.2871270775794983), (6, 0.21161316335201263), (7, 0.19408565759658813), (8, 0.19846363365650177), (9, 0.20794560015201569), (10, 0.2106369435787201), (11, 0.20745466649532318), (0, 0.24566484987735748), (1, 0.20965726673603058), (2, 0.24133077263832092), (3, 0.24010278284549713), (4, 0.2232920080423355), (5, 0.2330249547958374), (6, 0.19497498869895935), (7, 0.17583507299423218), (8, 0.2249865084886551), (9, 0.23616771399974823), (10, 0.20174455642700195), (11, 0.19053155183792114), (0, 0.20134149491786957), (1, 0.17344041168689728), (2, 0.22492413222789764), (3, 0.20568618178367615), (4, 0.20755529403686523), (5, 0.19950984418392181), (6, 0.20230300724506378), (7, 0.16615964472293854), (8, 0.20773285627365112), (9, 0.24711711704730988), (10, 0.23588894307613373), (11, 0.2050606608390808), (0, 0.22267431020736694), (1, 0.2149946242570877), (2, 0.22840309143066406), (3, 0.2011346071958542), (4, 0.22579292953014374), (5, 0.17244262993335724), (6, 0.2021079659461975), (7, 0.18531738221645355), (8, 0.17282533645629883), (9, 0.18574172258377075), (10, 0.19048824906349182), (11, 0.20106150209903717), (0, 0.2159670889377594), (1, 0.16223368048667908), (2, 0.18440108001232147), (3, 0.2016851007938385), (4, 0.23364028334617615), (5, 0.2030457705259323), (6, 0.21791072189807892), (7, 0.17739078402519226), (8, 0.1531163603067398), (9, 0.21470586955547333), (10, 0.1581735759973526), (11, 0.26986566185951233), (0, 0.20704035460948944), (1, 0.21207879483699799), (2, 0.2091847062110901), (3, 0.1790708750486374), (4, 0.1773460954427719), (5, 0.17897266149520874), (6, 0.17368802428245544), (7, 0.20578189194202423), (8, 0.2115129679441452), (9, 0.1747146099805832), (10, 0.20283310115337372), (11, 0.17336373031139374), (0, 0.18368284404277802), (1, 0.24284274876117706), (2, 0.19784332811832428), (3, 0.1659393459558487), (4, 0.19435758888721466), (5, 0.17879480123519897), (6, 0.20826414227485657), (7, 0.1702737957239151), (8, 0.18602001667022705), (9, 0.1987023502588272), (10, 0.1734711229801178), (11, 0.1838216334581375), (0, 0.1840779185295105), (1, 0.18069042265415192), (2, 0.21765731275081635), (3, 0.22961413860321045), (4, 0.16818033158779144), (5, 0.20089443027973175), (6, 0.15603023767471313), (7, 0.19844844937324524), (8, 0.20774546265602112), (9, 0.18859508633613586), (10, 0.16056470572948456), (11, 0.13715136051177979), (0, 0.14962781965732574), (1, 0.19587434828281403), (2, 0.15452013909816742), (3, 0.17340661585330963), (4, 0.19492967426776886), (5, 0.1957048922777176), (6, 0.2575370967388153), (7, 0.22940072417259216), (8, 0.150679349899292), (9, 0.20087338984012604), (10, 0.18318402767181396), (11, 0.11121757328510284), (0, 0.1615709811449051), (1, 0.18355560302734375), (2, 0.2233443409204483), (3, 0.16799938678741455), (4, 0.18724550306797028), (5, 0.18939357995986938), (6, 0.18582971394062042), (7, 0.6189804673194885), (8, 0.6457783579826355), (9, 0.6700767278671265), (10, 0.686876118183136), (11, 0.8111444115638733), (0, 0.7439959049224854), (1, 0.8282181024551392), (2, 0.7356747388839722), (3, 0.734018087387085), (4, 0.7361344695091248), (5, 0.7553838491439819), (6, 0.6354343295097351), (7, 0.6238812804222107), (8, 0.4945385754108429), (9, 0.5501457452774048), (10, 0.6438300609588623), (11, 0.4973558783531189), (0, 0.41899263858795166), (1, 0.32579371333122253), (2, 0.43978172540664673), (3, 0.6001410484313965), (4, 0.5176926851272583), (5, 0.5957925319671631), (6, 0.35102614760398865), (7, 0.29706400632858276), (8, 0.4130551815032959), (9, 0.5082811117172241), (10, 0.5615254044532776), (11, 0.48467758297920227), (0, 0.5687402486801147), (1, 0.39614516496658325), (2, 0.4946118891239166), (3, 0.4639844000339508), (4, 0.4106510281562805), (5, 0.48678743839263916), (6, 0.4514085054397583), (7, 0.42644837498664856), (8, 0.5394599437713623), (9, 0.45626717805862427), (10, 0.38118746876716614), (11, 0.44397667050361633), (0, 0.38422393798828125), (1, 0.44934138655662537), (2, 0.46878883242607117), (3, 0.40638813376426697), (4, 0.3579312264919281), (5, 0.4022342562675476), (6, 0.3680196702480316), (7, 0.4025329351425171), (8, 0.38710448145866394), (9, 0.3972068727016449), (10, 0.36137130856513977), (11, 0.3611641824245453), (0, 0.37626323103904724), (1, 0.3343369960784912), (2, 0.33622315526008606), (3, 0.39139389991760254), (4, 0.3969591557979584), (5, 0.3542475402355194), (6, 0.3586515188217163), (7, 0.36098819971084595), (8, 0.3400573432445526), (9, 0.3379411995410919), (10, 0.30786195397377014), (11, 0.34835219383239746), (0, 0.3425211012363434), (1, 0.34425437450408936), (2, 0.393554151058197), (3, 0.3445736765861511), (4, 0.2710159718990326), (5, 0.30680331587791443), (6, 0.3008120656013489), (7, 0.348026305437088), (8, 0.287061870098114), (9, 0.2878921926021576), (10, 0.3298611044883728), (11, 0.3264254331588745), (0, 0.3560732305049896), (1, 0.2663140892982483), (2, 0.2948119640350342), (3, 0.34556064009666443), (4, 0.2840642035007477), (5, 0.2913939952850342), (6, 0.2860178053379059), (7, 0.2737508714199066), (8, 0.3219166696071625), (9, 0.2980915606021881), (10, 0.3228524923324585), (11, 0.2929275631904602), (0, 0.28417322039604187), (1, 0.31929463148117065), (2, 0.2694002091884613), (3, 0.3295738697052002), (4, 0.3201235234737396), (5, 0.24832886457443237), (6, 0.27807003259658813), (7, 0.30498847365379333), (8, 0.2511293292045593), (9, 0.2886410355567932), (10, 0.3048851788043976), (11, 0.2669011950492859), (0, 0.30122843384742737), (1, 0.270821750164032), (2, 0.28338542580604553), (3, 0.2951847016811371), (4, 0.295904278755188), (5, 0.26433441042900085), (6, 0.2773793935775757), (7, 0.2870500087738037), (8, 0.2600059509277344), (9, 0.30781689286231995), (10, 0.2715737819671631), (11, 0.22020664811134338), (0, 0.2733762264251709), (1, 0.29795265197753906), (2, 0.27402910590171814), (3, 0.30586716532707214), (4, 0.27831658720970154), (5, 0.28647172451019287), (6, 0.246410071849823), (7, 0.27474892139434814), (8, 0.25775155425071716), (9, 0.2157806158065796), (10, 0.27225103974342346), (11, 0.33660852909088135), (0, 0.23950572311878204), (1, 0.3093112111091614), (2, 0.26977217197418213), (3, 0.2530897259712219), (4, 0.2775387763977051), (5, 0.25129473209381104), (6, 0.2845780551433563), (7, 0.2729252874851227), (8, 0.2855188250541687), (9, 0.2824475169181824), (10, 0.2439287006855011), (11, 0.26421093940734863), (0, 0.27690815925598145), (1, 0.29505300521850586), (2, 0.2786191999912262), (3, 0.2623417377471924), (4, 0.24199160933494568), (5, 0.2998321056365967), (6, 0.24532821774482727), (7, 0.26351699233055115), (8, 0.2512897849082947), (9, 0.23892636597156525), (10, 0.28144752979278564), (11, 0.267289400100708), (0, 0.26298293471336365), (1, 0.24725341796875), (2, 0.28171008825302124), (3, 0.2167440950870514), (4, 0.27375686168670654), (5, 0.23442715406417847), (6, 0.27663254737854004), (7, 0.25519096851348877), (8, 0.33103007078170776), (9, 0.27171817421913147), (10, 0.23016424477100372), (11, 0.3228735625743866), (0, 0.25439172983169556), (1, 0.2982003390789032), (2, 0.24738681316375732), (3, 0.26439833641052246), (4, 0.26093026995658875), (5, 0.23641854524612427), (6, 0.28334081172943115), (7, 0.21270814538002014), (8, 0.31637516617774963), (9, 0.27357760071754456), (10, 0.23724891245365143), (11, 0.2861884534358978), (0, 0.2737705111503601), (1, 0.326909601688385), (2, 0.24251142144203186), (3, 0.28044959902763367), (4, 0.23718978464603424), (5, 0.24014641344547272), (6, 0.258097380399704), (7, 0.27675291895866394), (8, 0.26620033383369446), (9, 0.25340309739112854), (10, 0.23517970740795135), (11, 0.22390352189540863), (0, 0.27729982137680054), (1, 0.30105483531951904), (2, 0.23445747792720795), (3, 0.25111478567123413), (4, 0.24858461320400238), (5, 0.2523496150970459), (6, 0.25493478775024414), (7, 0.2652222216129303), (8, 0.27020320296287537), (9, 0.2672708034515381), (10, 0.23882938921451569), (11, 0.26470598578453064), (0, 0.278293251991272), (1, 0.23630379140377045), (2, 0.2951239347457886), (3, 0.22336068749427795), (4, 0.25047236680984497), (5, 0.25017598271369934), (6, 0.26177090406417847), (7, 0.2667923867702484), (8, 0.2505360543727875), (9, 0.26671040058135986), (10, 0.24719734489917755), (11, 0.28364261984825134), (0, 0.2541826367378235), (1, 0.2692658305168152), (2, 0.23963916301727295), (3, 0.21697022020816803), (4, 0.25463980436325073), (5, 0.27686184644699097), (6, 0.27594709396362305), (7, 0.2533602714538574), (8, 0.26944252848625183), (9, 0.2830776572227478), (10, 0.24020938575267792), (11, 0.24108362197875977), (0, 0.26298466324806213), (1, 0.2637910544872284), (2, 0.27262064814567566), (3, 0.261587530374527), (4, 0.28339844942092896), (5, 0.263894259929657), (6, 0.23486416041851044), (7, 0.22227920591831207), (8, 0.2584189772605896), (9, 0.2571723461151123), (10, 0.22930774092674255), (11, 0.2605268955230713), (0, 0.27778106927871704), (1, 0.24009759724140167), (2, 0.24278774857521057), (3, 0.2740843892097473), (4, 0.2783524692058563), (5, 0.2362249195575714), (6, 0.2751826345920563), (7, 0.21754130721092224), (8, 0.26030516624450684), (9, 0.25627779960632324), (10, 0.2238406240940094), (11, 0.273710697889328)]