2.489999961853027344e+01 1.480000019073486328e+01
2.505598191266994945e+01 1.484803179171546006e+01
2.521115445095449914e+01 1.489595693683198085e+01
2.536550137684854533e+01 1.494377441785453797e+01
2.551897508931024561e+01 1.499147959065402880e+01
2.567169758326318174e+01 1.503908630090929144e+01
2.582379129442693966e+01 1.508660838188582964e+01
2.597536074431810960e+01 1.513405765058512564e+01
2.612649254025028256e+01 1.518144390774461883e+01
2.627725537533404321e+01 1.522877493783771641e+01
2.642770002847698407e+01 1.527605650907379342e+01
2.657785936438370200e+01 1.532329237339819095e+01
2.672774809232519289e+01 1.537048424642036970e+01
2.687736500556769670e+01 1.541763215687507405e+01
2.702671074307703591e+01 1.546473633856888164e+01
2.717578719590308722e+01 1.551179714759150130e+01
2.732459624387115227e+01 1.555881493793499004e+01
2.747313975558198251e+01 1.560579006149375303e+01
2.762141958841174727e+01 1.565272286806454716e+01
2.776943758851205502e+01 1.569961370534647926e+01
2.791719559080995339e+01 1.574646291894099548e+01
2.806469541900791143e+01 1.579327085235190253e+01
2.821193888656073057e+01 1.584003784716803764e+01
2.835892779600985136e+01 1.588676424293866773e+01
2.850566393654194997e+01 1.593345037671722153e+01
2.865214908688017204e+01 1.598009658360175145e+01
2.879838501536542594e+01 1.602670319675012678e+01
2.894437347995630816e+01 1.607327054738005856e+01
2.909011622822918142e+01 1.611979896476907825e+01
2.923561499737810720e+01 1.616628877625456440e+01
2.938087151421490617e+01 1.621274030723370885e+01
2.952588749516909417e+01 1.625915388116354521e+01
2.967066464628794265e+01 1.630552981956093106e+01
2.981520466323644669e+01 1.635186844200256928e+01
2.995950923129732146e+01 1.639817006612497252e+01
3.010358002537101285e+01 1.644443500762449517e+01
3.024742342128796224e+01 1.649066207545624252e+01
3.039109298633719547e+01 1.653683467779891103e+01
3.053460650520626274e+01 1.658294699992071841e+01
3.067796765426938421e+01 1.662899765224808490e+01
3.082117980218566089e+01 1.667498533123935189e+01
3.096424600989914211e+01 1.672090881938477480e+01
3.110716903063874739e+01 1.676676698520651243e+01
3.124995130991833392e+01 1.681255878325865183e+01
3.139259498553664685e+01 1.685828325412716922e+01
3.153510188757734412e+01 1.690393952442996905e+01
3.167747353840899294e+01 1.694952680681687340e+01
3.181971115268506267e+01 1.699504439996960059e+01
3.196181563734393194e+01 1.704049168860179719e+01
3.210378759160889928e+01 1.708586814345900251e+01
3.224562730698814761e+01 1.713117332131869119e+01
3.238733476727479399e+01 1.717640686499023772e+01
3.252890964854683631e+01 1.722156850331491995e+01
3.267035131916718882e+01 1.726665805116594399e+01
3.281165883978368925e+01 1.731167540944842287e+01
3.295283096332905615e+01 1.735662056509938367e+01
3.309386613502093866e+01 1.740149359108776395e+01
3.323476249236188806e+01 1.744629464641441174e+01
3.337551786513934360e+01 1.749102397611209270e+01
3.351612977542567506e+01 1.753568191124547226e+01
3.365659553433820861e+01 1.758026884533293099e+01
3.379691646714537967e+01 1.762478419475016977e+01
3.393709355586914000e+01 1.766922743877612589e+01
3.407712608169046575e+01 1.771359846905018642e+01
3.421701333027176872e+01 1.775789717835197834e+01
3.435675459175673296e+01 1.780212346060136497e+01
3.449634916077038582e+01 1.784627721085844598e+01
3.463579633641914768e+01 1.789035832532354675e+01
3.477509542229073958e+01 1.793436670133722899e+01
3.491424572645422586e+01 1.797830223738030853e+01
3.505324656146005680e+01 1.802216483307380201e+01
3.519209724433999043e+01 1.806595438917898377e+01
3.533079709660712098e+01 1.810967080759736803e+01
3.546934544425590019e+01 1.815331399137068047e+01
3.560774161776214441e+01 1.819688384468090092e+01
3.574598495208297777e+01 1.824038027285023489e+01
3.588407478665688188e+01 1.828380318234112423e+01
3.602201046540369589e+01 1.832715248075625070e+01
3.615979133672455959e+01 1.837042807683852530e+01
3.629741675350202001e+01 1.841362988047108828e+01
3.643488607309991778e+01 1.845675780267733401e+01
3.657219865736345099e+01 1.849981175562086477e+01
3.670935387261916816e+01 1.854279165260554052e+01
3.684635108967495398e+01 1.858569740807543980e+01
3.698318968382003646e+01 1.862852893761489170e+01
3.711986901958657370e+01 1.867128615320532958e+01
3.725638846890863931e+01 1.871396896887645056e+01
3.739274742495939563e+01 1.875657730501634646e+01
3.752894528484149816e+01 1.879911108298424338e+01
3.766498144958644900e+01 1.884157022511037383e+01
3.780085532415456839e+01 1.888395465469602286e+01
3.793656631743503027e+01 1.892626429601349258e+01
3.807211384224584094e+01 1.896849907430610926e+01
3.820749731533388172e+01 1.901065891578824463e+01
3.834271615737481653e+01 1.905274374764528744e+01
3.847776979297319855e+01 1.909475349803365063e+01
3.861265765066240618e+01 1.913668809608078192e+01
3.874737916290465023e+01 1.917854747188516029e+01
3.888193376609097385e+01 1.922033155651628888e+01
3.901632090054130941e+01 1.926204028201469853e+01
3.915054001050437904e+01 1.930367358139195133e+01
3.928459054415775853e+01 1.934523138863064418e+01
3.941847195360787026e+01 1.938671363868438391e+01
3.955218369488999031e+01 1.942812026747782994e+01
3.968572522796820579e+01 1.946945121190664807e+01
3.981909601673547883e+01 1.951070640983755311e+01
3.995229552901357550e+01 1.955188580010826627e+01
4.008532323655311558e+01 1.959298932252755776e+01
4.021817861503360092e+01 1.963401691787521841e+01
4.035086114406329472e+01 1.967496852790205963e+01
4.048337030717937068e+01 1.971584409532993831e+01
4.061570559184781359e+01 1.975664356385172482e+01
4.074786648946344769e+01 1.979736687813133145e+01
4.087985249534995091e+01 1.983801398380368042e+01
4.101166310875982646e+01 1.987858482747473943e+01
4.114329783287443121e+01 1.991907935672150032e+01
4.127475617480394732e+01 1.995949752009197553e+01
4.140603764558741773e+01 1.999983926710522653e+01
4.153714176019270354e+01 2.004010454825131760e+01
4.166806803751654797e+01 2.008029331499135495e+01
4.179881600038447687e+01 2.012040551975747960e+01
4.192938517555089817e+01 2.016044111595284960e+01
4.205977509369905221e+01 2.020040005795165783e+01
4.218998528944101167e+01 2.024028230109911064e+01
4.232001530131769584e+01 2.028008780171147762e+01
4.244986467179887057e+01 2.031981651707602410e+01
4.257953294728313409e+01 2.035946840545105729e+01
4.270901967809790278e+01 2.039904342606590504e+01
4.283832441849948935e+01 2.043854153912093707e+01
4.296744672667301757e+01 2.047796270578754729e+01
4.309638616473242223e+01 2.051730688820814663e+01
4.322514229872054159e+01 2.055657404949619149e+01
4.335371469860899651e+01 2.059576415373615177e+01
4.348210293829826867e+01 2.063487716598353572e+01
4.361030659561771472e+01 2.067391305226488285e+01
4.373832525222469769e+01 2.071287177954832259e+01
4.386615847760197084e+01 2.075175331111752897e+01
4.399380585229415175e+01 2.079055761335753161e+01
4.412126697320095303e+01 2.082928465724065603e+01
4.424854144049988491e+01 2.086793441451715125e+01
4.437562885764619836e+01 2.090650685771521466e+01
4.450252883137294191e+01 2.094500196014096716e+01
4.462924097169092619e+01 2.098341969587848510e+01
4.475576489188871676e+01 2.102176003978976482e+01
4.488210020853264837e+01 2.106002296751472258e+01
4.500824654146686044e+01 2.109820845547124790e+01
4.513420351381322604e+01 2.113631648085513959e+01
4.525997075197138741e+01 2.117434702164013416e+01
4.538554788561877729e+01 2.121230005657791295e+01
4.551093454771059044e+01 2.125017556519808792e+01
4.563613037447979082e+01 2.128797352780819807e+01
4.576113500543710444e+01 2.132569392549372722e+01
4.588594808337103359e+01 2.136333674011809691e+01
4.601056925434784262e+01 2.140090195432265929e+01
4.613499816771158635e+01 2.143838955152669712e+01
4.625923447608404615e+01 2.147579951592744152e+01
4.638327783536482940e+01 2.151313183250005068e+01
4.650712790473127711e+01 2.155038648699761339e+01
4.663078434663850658e+01 2.158756346595116682e+01
4.675424682681937583e+01 2.162466275666966808e+01
4.687751501428459733e+01 2.166168434724002623e+01
4.700058858132257456e+01 2.169862822652707379e+01
4.712346720349948725e+01 2.173549438417357393e+01
4.724615055965930566e+01 2.177228281060024884e+01
4.736863833192376916e+01 2.180899349700573708e+01
4.749093020569238632e+01 2.184562643536660431e+01
4.761302586964242778e+01 2.188218161843737519e+01
4.773492501572894042e+01 2.191865903975050145e+01
4.785662733918473322e+01 2.195505869361635476e+01
4.797813253852037718e+01 2.199138057512326228e+01
4.809944031552424804e+01 2.202762468013748176e+01
4.822055037526245513e+01 2.206379100530319448e+01
4.834146242607889121e+01 2.209987954804253363e+01
4.846217617959520396e+01 2.213589030655555590e+01
4.858269135071084577e+01 2.217182327982026635e+01
4.870300765760298844e+01 2.220767846759258290e+01
4.882312482172662982e+01 2.224345587040638605e+01
4.894304256781449425e+01 2.227915548957346914e+01
4.906276062387708237e+01 2.231477732718357743e+01
4.918227872120267818e+01 2.235032138610437968e+01
4.930159659435734198e+01 2.238578766998148950e+01
4.942071398118486769e+01 2.242117618323844397e+01
4.953963062280685392e+01 2.245648693107673566e+01
4.965834626362266135e+01 2.249171991947576643e+01
4.977686065130939852e+01 2.252687515519289363e+01
4.989517353682197154e+01 2.256195264576339810e+01
5.001328467439303438e+01 2.259695239950050905e+01
5.013119382153303150e+01 2.263187442549538275e+01
5.024890073635170040e+01 2.266671873286078309e+01
5.036640516230274045e+01 2.270148532645562156e+01
5.048370686549652220e+01 2.273617421744130951e+01
5.060080561983682657e+01 2.277078541903339826e+01
5.071770120189103892e+01 2.280531894504806800e+01
5.083439339089037645e+01 2.283977480990213493e+01
5.095088196872966790e+01 2.287415302861306898e+01
5.106716671996748858e+01 2.290845361679893699e+01
5.118324743182614611e+01 2.294267659067845955e+01
5.129912389419162366e+01 2.297682196707101099e+01
5.141479589961362962e+01 2.301088976339655545e+01
5.153026324330561181e+01 2.304487999767572859e+01
5.164552572314468648e+01 2.307879268852979493e+01
5.176058313967169511e+01 2.311262785518063723e+01
5.187543529609120441e+01 2.314638551745078132e+01
5.199008199827146370e+01 2.318006569576338549e+01
5.210452305474446888e+01 2.321366841114225110e+01
5.221875827670589842e+01 2.324719368521180130e+01
5.233278747801515607e+01 2.328064154019709875e+01
5.244661047519534947e+01 2.331401199892384213e+01
5.256022708743331151e+01 2.334730508481836253e+01
5.267363713657956481e+01 2.338052082190761993e+01
5.278684044714835721e+01 2.341365923481922096e+01
5.289983684631765470e+01 2.344672034878139399e+01
5.301262616392909877e+01 2.347970418962301054e+01
5.312520823248809165e+01 2.351261078377357094e+01
5.323758288716372533e+01 2.354544015826321157e+01
5.334974996578877438e+01 2.357819234072270120e+01
5.346170930885977413e+01 2.361086735938344461e+01
5.357346075953694964e+01 2.364346524307748254e+01
5.368500416364422279e+01 2.367598602123748464e+01
5.379633936966922647e+01 2.370842972389676362e+01
5.390746622876334015e+01 2.374079638168925399e+01
5.401838459474163301e+01 2.377308602584953334e+01
5.412909432408287103e+01 2.380529868821281170e+01
5.423959527592953833e+01 2.383743440121494217e+01
5.434988731208785140e+01 2.386949319789238544e+01
5.445997029702771641e+01 2.390147511188227014e+01
5.456984409788276480e+01 2.393338017742233248e+01
5.467950858445029638e+01 2.396520842935095175e+01
5.478896362919140017e+01 2.399695990310715032e+01
5.489820910723080516e+01 2.402863463473057237e+01
5.500724489635700110e+01 2.406023266086150159e+01
5.511607087702216035e+01 2.409175401874086120e+01
5.522468693234215920e+01 2.412319874621018911e+01
5.533309294809661338e+01 2.415456688171168764e+01
5.544128881272882126e+01 2.418585846428816666e+01
5.554927441734582771e+01 2.421707353358308268e+01
5.565704965571834606e+01 2.424821212984052465e+01
5.576461442428082904e+01 2.427927429390521397e+01
5.587196862213144044e+01 2.431026006722250798e+01
5.597911215103205507e+01 2.434116949183840006e+01
5.608604491540823034e+01 2.437200261039951243e+01
5.619276682234927733e+01 2.440275946615310332e+01
5.629927778160818264e+01 2.443344010294707047e+01
5.640557070839177101e+01 2.446404494511336125e+01
5.651162041055017227e+01 2.449457544131919917e+01
5.661743456246342276e+01 2.452503129764991385e+01
5.672302403697647577e+01 2.455541202846344362e+01
5.682839911140667510e+01 2.458571715932279034e+01
5.693356946754364145e+01 2.461594622699596968e+01
5.703854419164932921e+01 2.464609877945606087e+01
5.714333177445801937e+01 2.467617437588117113e+01
5.724794011117632664e+01 2.470617258665445704e+01
5.735237650148319233e+01 2.473609299336410672e+01
5.745664764952987724e+01 2.476593518880335765e+01
5.756075966393996879e+01 2.479569877697047531e+01
5.766471805780939519e+01 2.482538337306878873e+01
5.776852774870637575e+01 2.485498860350664430e+01
5.787219305867148478e+01 2.488451410589745194e+01
5.797571771421762321e+01 2.491395952905963895e+01
5.807910484633000436e+01 2.494332453301668195e+01
5.818235699046616816e+01 2.497260878899711045e+01
5.828547608655600243e+01 2.500181197943448552e+01
5.838846347900168610e+01 2.503093379796740692e+01
5.849131991667773889e+01 2.505997394943951306e+01
5.859404555293102845e+01 2.508893214989949172e+01
5.869663994558072773e+01 2.511780812660107287e+01
5.879910205691832914e+01 2.514660161800301097e+01
5.890143025370765884e+01 2.517531237376912756e+01
5.900362230718487666e+01 2.520394015476825444e+01
5.910567539305844065e+01 2.523248473307428696e+01
5.920758627660648443e+01 2.526094589468974760e+01
5.930935630238064959e+01 2.528932349914276401e+01
5.941098603727325411e+01 2.531761737161531656e+01
5.951247440935944155e+01 2.534582731029452418e+01
5.961382035102113264e+01 2.537395311493008876e+01
5.971502279894701104e+01 2.540199458683428446e+01
5.981608069413252338e+01 2.542995152888197907e+01
5.991699298187990053e+01 2.545782374551060201e+01
6.001775861179812210e+01 2.548561104272019406e+01
6.011837653780295199e+01 2.551331322807334345e+01
6.021884571811690989e+01 2.554093011069522845e+01
6.031916511526929270e+01 2.556846150127362449e+01
6.041933369609613180e+01 2.559590721205887220e+01
6.051935043174029261e+01 2.562326705686389872e+01
6.061921429765133951e+01 2.565054085106420345e+01
6.071892427358565669e+01 2.567772841159787589e+01
6.081847934360635577e+01 2.570482955696558847e+01
6.091787849608334682e+01 2.573184410723058235e+01
6.101712072369328865e+01 2.575877188401868167e+01
6.111620502341961014e+01 2.578561271051830772e+01
6.121513039655251731e+01 2.581236641148044342e+01
6.131389584868898623e+01 2.583903281321865819e+01
6.141250038973274172e+01 2.586561174360910442e+01
6.151094303389428575e+01 2.589210303209051389e+01
6.160922279969089743e+01 2.591850650966419423e+01
6.170733870994661174e+01 2.594482200889404311e+01
6.180528979179223370e+01 2.597104936390653052e+01
6.190307507666534548e+01 2.599718841039071293e+01
6.200069361370094612e+01 2.602323898509310141e+01
6.209814446341175653e+01 2.604920092614039362e+01
6.219542666672585085e+01 2.607507407415130274e+01
6.229253926869339608e+01 2.610085827126651026e+01
6.238948131887607218e+01 2.612655336113329696e+01
6.248625187134715731e+01 2.615215918890553581e+01
6.258284998469146387e+01 2.617767560124369197e+01
6.267927472200542383e+01 2.620310244631481567e+01
6.277552515089698915e+01 2.622843957379256707e+01
6.287160034348569582e+01 2.625368683485717725e+01
6.296749937640264960e+01 2.627884408219548362e+01
6.306322133079053316e+01 2.630391117000090162e+01
6.315876529230356340e+01 2.632888795397345660e+01
6.325413035110754834e+01 2.635377429131974836e+01
6.334931560187987287e+01 2.637857004075297596e+01
6.344432014380944196e+01 2.640327506249293776e+01
6.353914308059679428e+01 2.642788921826601367e+01
6.363378352045398856e+01 2.645241237130517931e+01
6.372824057610466753e+01 2.647684438634999537e+01
6.382251336478402237e+01 2.650118512964662187e+01
6.391660100823883539e+01 2.652543446894781809e+01
6.401050263272743734e+01 2.654959227351291773e+01
6.410421736901975009e+01 2.657365841410785734e+01
6.419774435239725108e+01 2.659763276300516566e+01
6.429108272265294488e+01 2.662151519398396005e+01
6.438423162409146983e+01 2.664530558232994295e+01
6.447719020552898428e+01 2.666900380483542321e+01
6.456995762029323771e+01 2.669260973979929474e+01
6.466253302622352805e+01 2.671612326702703655e+01
6.475491558567074435e+01 2.673954426783073401e+01
6.484710446549730989e+01 2.676287262502905051e+01
6.493909883707725328e+01 2.678610822294724869e+01
6.503089787629613738e+01 2.680925094741717984e+01
6.512250076355108774e+01 2.683230068577729455e+01
6.521390668375083521e+01 2.685525732687261780e+01
6.530511482631567333e+01 2.687812076105478809e+01
6.539612438517740145e+01 2.690089088018202546e+01
6.548693455877946690e+01 2.692356757761913855e+01
6.557754455007680860e+01 2.694615074823753176e+01
6.566795356653601345e+01 2.696864028841520167e+01
6.575816082013517416e+01 2.699103609603673348e+01
6.584816552736394613e+01 2.701333807049330815e+01
6.593796690922360426e+01 2.703554611268269880e+01
6.602756419122694354e+01 2.705766012500926720e+01
6.611695660339833580e+01 2.707968001138397085e+01
6.620614338027375823e+01 2.710160567722435232e+01
6.629512376090067960e+01 2.712343702945454638e+01
6.638389698883823087e+01 2.714517397650530128e+01
6.647246231215699197e+01 2.716681642831392551e+01
6.656081898343923342e+01 2.718836429632433394e+01
6.664896625977871736e+01 2.720981749348703715e+01
6.673690340278078281e+01 2.723117593425913441e+01
6.682462967856234570e+01 2.725243953460431001e+01
6.691214435775189884e+01 2.727360821199284757e+01
6.699944671548946928e+01 2.729468188540161933e+01
6.708653603142666100e+01 2.731566047531409680e+01
6.717341158972671167e+01 2.733654390372033660e+01
6.726007267906432219e+01 2.735733209411698397e+01
6.734651859262579876e+01 2.737802497150727632e+01
6.743274862810908132e+01 2.739862246240106103e+01
6.751876208772354460e+01 2.741912449481474567e+01
6.760455827819025387e+01 2.743953099827136555e+01
6.769013651074178028e+01 2.745984190380051260e+01
6.777549610112228606e+01 2.748005714393839938e+01
6.786063636958746770e+01 2.750017665272780931e+01
6.794555664090461278e+01 2.752020036571812511e+01
6.803025624435258578e+01 2.754012821996533233e+01
6.811473451372177124e+01 2.755996015403199451e+01
6.819898453761885548e+01 2.757969464100488111e+01
6.828291536833143027e+01 2.759931044186955162e+01
6.836652074548132418e+01 2.761880622252817474e+01
6.844983035466350429e+01 2.763818908217012904e+01
6.853287280263458570e+01 2.765746585828411241e+01
6.861567561731297360e+01 2.767664312665810300e+01
6.869826524777869281e+01 2.769572720137941246e+01
6.878066706427360089e+01 2.771472413483461850e+01
6.886290535820121761e+01 2.773363971770963943e+01
6.894500334212681025e+01 2.775247947898966316e+01
6.902698314977735095e+01 2.777124868595919338e+01
6.910886583604151667e+01 2.778995234420203531e+01
6.919067137696978875e+01 2.780859519760129572e+01
6.927241866977426810e+01 2.782718172833938652e+01
6.935412553282884573e+01 2.784571615689801405e+01
6.943580870566911756e+01 2.786420244205820040e+01
6.951748384899237010e+01 2.788264428090025149e+01
6.959916554465768002e+01 2.790104510880378896e+01
6.968086729568578619e+01 2.791940809944773250e+01
6.976260152625917499e+01 2.793773616481029975e+01
6.984437958172206606e+01 2.795603195516902062e+01
6.992621172858038392e+01 2.797429785910071587e+01
7.000810715450175792e+01 2.799253600348151849e+01
7.009007396831557912e+01 2.801074825348685948e+01
7.017211920001295766e+01 2.802893621259146073e+01
7.025424880074669431e+01 2.804710122256937055e+01
7.033646764283135155e+01 2.806524436349392104e+01
7.041877951974316829e+01 2.808336645373774232e+01
7.050118714612013093e+01 2.810146804997278380e+01
7.058369215776198757e+01 2.811954944717029292e+01
7.066629511163013433e+01 2.813761067860080800e+01
7.074899548584774323e+01 2.815565151583417247e+01
7.083179167969970536e+01 2.817367146873954908e+01
7.091468104728187427e+01 2.819166979715047106e+01
7.099766277699751527e+01 2.820964640264729439e+01
7.108073773540908746e+01 2.822760151595766231e+01
7.116390623408464933e+01 2.824553511721922661e+01
7.124716862326069133e+01 2.826344719300671926e+01
7.133052529184215018e+01 2.828133773633199510e+01
7.141397666740235195e+01 2.829920674664400337e+01
7.149752321618306894e+01 2.831705422982880904e+01
7.158116544309449125e+01 2.833488019820957859e+01
7.166490389171525521e+01 2.835268467054659070e+01
7.174873914429240074e+01 2.837046767203722553e+01
7.183267182174141396e+01 2.838822923431596834e+01
7.191670258364618462e+01 2.840596939545441302e+01
7.200083212825904866e+01 2.842368819996126916e+01
7.208506119250077404e+01 2.844138569878233369e+01
7.216939055196053232e+01 2.845906194930053346e+01
7.225382102089594127e+01 2.847671701533587907e+01
7.233835345223305069e+01 2.849435096714548976e+01
7.242298873756629973e+01 2.851196388142362892e+01
7.250772780715860222e+01 2.852955584130161171e+01
7.259257162994127555e+01 2.854712693634788678e+01
7.267752121351405492e+01 2.856467726256802564e+01
7.276257760414512177e+01 2.858220692240466576e+01
7.284774188677107531e+01 2.859971602473759233e+01
7.293301518499693259e+01 2.861720468488366720e+01
7.301839866109617105e+01 2.863467302459687858e+01
7.310389351601064334e+01 2.865212117206830911e+01
7.318950098935069093e+01 2.866954926192614650e+01
7.327522235939500206e+01 2.868695743523570130e+01
7.336105894309078224e+01 2.870434583949937135e+01
7.344701209605358372e+01 2.872171462865667735e+01
7.353308321256746183e+01 2.873906396308423083e+01
7.361927372558481864e+01 2.875639400959575909e+01
7.370558510672654506e+01 2.877370494144209800e+01
7.379201794009050275e+01 2.879099677151484826e+01
7.387856838933531378e+01 2.880826871721614069e+01
7.396523579343580934e+01 2.882552056911190519e+01
7.405202010459439066e+01 2.884275222824819451e+01
7.413892127450976943e+01 2.885996359553524115e+01
7.422593925437682572e+01 2.887715457174743960e+01
7.431307399488680687e+01 2.889432505752334990e+01
7.440032544622717126e+01 2.891147495336570827e+01
7.448769355808167347e+01 2.892860415964142007e+01
7.457517827963029333e+01 2.894571257658156327e+01
7.466277955954932111e+01 2.896280010428137075e+01
7.475049734601130069e+01 2.897986664270026225e+01
7.483833158668502961e+01 2.899691209166181594e+01
7.492628222873557320e+01 2.901393635085377909e+01
7.501434921882430729e+01 2.903093931982807518e+01
7.510253250310879025e+01 2.904792089800080035e+01
7.519083202724293358e+01 2.906488098465219494e+01
7.527924773637685973e+01 2.908181947892670038e+01
7.536777957515700166e+01 2.909873627983290945e+01
7.545642748772601749e+01 2.911563128624359820e+01
7.554519141772281898e+01 2.913250439689569404e+01
7.563407130828267100e+01 2.914935551039030415e+01
7.572306710203702096e+01 2.916618452519269766e+01
7.581217874111362676e+01 2.918299133963233061e+01
7.590140616713645727e+01 2.919977585190280323e+01
7.599074932122583448e+01 2.921653796006191328e+01
7.608020814399827714e+01 2.923327756203159566e+01
7.616978257556662868e+01 2.924999455559798989e+01
7.625947255553992932e+01 2.926668883841137614e+01
7.634927802302354394e+01 2.928336030798621437e+01
7.643919891661904842e+01 2.930000886170113716e+01
7.652923517442437173e+01 2.931663439679894978e+01
7.661938673403362543e+01 2.933323681038660524e+01
7.670965353253725993e+01 2.934981599943525055e+01
7.680004547307893858e+01 2.936637749496985350e+01
7.689057075943539132e+01 2.938292585430077253e+01
7.698122214995372303e+01 2.939945689941470519e+01
7.707199270948700587e+01 2.941596663124960642e+01
7.716287586851883873e+01 2.943245126313701121e+01
7.725386542316338989e+01 2.944890722080207368e+01
7.734495553516532595e+01 2.946533114236354223e+01
7.743614073189995395e+01 2.948171987833376306e+01
7.752741590637300817e+01 2.949807049161869799e+01
7.761877631722090598e+01 2.951438025751788885e+01
7.771021758871049201e+01 2.953064666372450020e+01
7.780173571073922290e+01 2.954686741032528730e+01
7.789332703883509623e+01 2.956304040980061743e+01
7.798498829415669320e+01 2.957916378702444504e+01
7.807671656349300804e+01 2.959523587926433663e+01
7.816850929926378910e+01 2.961125523618146005e+01
7.826036431951914096e+01 2.962722061983057742e+01
7.835227980793986546e+01 2.964313100466006290e+01
7.844425431383716329e+01 2.965898557751187781e+01
7.853628675215297505e+01 2.967478373762160970e+01
7.862837640345959755e+01 2.969052509661842976e+01
7.872052291396001067e+01 2.970620947852510696e+01
7.881272629548767839e+01 2.972183691975802589e+01
7.890498692550661985e+01 2.973740766912716538e+01
7.899730521921031823e+01 2.975292199362345968e+01
7.908967935005884442e+01 2.976837883298572152e+01
7.918210845639092099e+01 2.978377770455285756e+01
7.927459204044453145e+01 2.979911834244898827e+01
7.936712960270128292e+01 2.981440048049620373e+01
7.945972064188650563e+01 2.982962385221457069e+01
7.955236465496912501e+01 2.984478819082213619e+01
7.964506113716180380e+01 2.985989322923494882e+01
7.973780958192071466e+01 2.987493870006701968e+01
7.983060948094583864e+01 2.988992433563034368e+01
7.992346032418073776e+01 2.990484986793490663e+01
8.001636159981262608e+01 2.991971502868866750e+01
8.010931279427238394e+01 2.993451954929756198e+01
8.020231339223457212e+01 2.994926316086552376e+01
8.029536287661733240e+01 2.996394559419444548e+01
8.038846072858260072e+01 2.997856657978422845e+01
8.048160642753578031e+01 2.999312584783273294e+01
8.057479945112609698e+01 3.000762312823581368e+01
8.066803927524631490e+01 3.002205815058729144e+01
8.076132537403296396e+01 3.003643064417898501e+01
8.085465721986609822e+01 3.005074033800068989e+01
8.094803428336952322e+01 3.006498696074018540e+01
8.104145603341071080e+01 3.007917024078322044e+01
8.113492193710071376e+01 3.009328990621354194e+01
8.122843145979423696e+01 3.010734568481285933e+01
8.132198406508973676e+01 3.012133730406087651e+01
8.141557921482925053e+01 3.013526449113528471e+01
8.150921636909846768e+01 3.014912697291174126e+01
8.160289498062655866e+01 3.016292447912443819e+01
8.169661449706903511e+01 3.017665674095889017e+01
8.179037437438307734e+01 3.019032348355638717e+01
8.188417406688178346e+01 3.020392443172481478e+01
8.197801302705768478e+01 3.021745931003910357e+01
8.207189070558274580e+01 3.023092784284128598e+01
8.216580655130832156e+01 3.024432975424045367e+01
8.225976001126511505e+01 3.025766476811280015e+01
8.235375053066329087e+01 3.027093260810158526e+01
8.244777755289246102e+01 3.028413299761714583e+01
8.254184051952152856e+01 3.029726565983690634e+01
8.263593887029888663e+01 3.031033031770537178e+01
8.273007204315231888e+01 3.032332669393411351e+01
8.282423947418899957e+01 3.033625451100180825e+01
8.291844059769552189e+01 3.034911349115418133e+01
8.301267484613789804e+01 3.036190335640405991e+01
8.310694165016148816e+01 3.037462382853133391e+01
8.320124043859111396e+01 3.038727462908299159e+01
8.329557063843098774e+01 3.039985547937308397e+01
8.338993167486471236e+01 3.041236610048276390e+01
8.348432297125530965e+01 3.042480621326022927e+01
8.357874394914522043e+01 3.043717553832079759e+01
8.367319402825629027e+01 3.044947379604682069e+01
8.376767262648971268e+01 3.046170070658777362e+01
8.386217915992612859e+01 3.047385598986019417e+01
8.395671304282561209e+01 3.048593936554767936e+01
8.405127368762758522e+01 3.049795055310094583e+01
8.414586050495097425e+01 3.050988927173775522e+01
8.424047290359395390e+01 3.052175524044296751e+01
8.433511029053427421e+01 3.053354817796851250e+01
8.442977207092891945e+01 3.054526780283340770e+01
8.452445764811443496e+01 3.055691383332374400e+01
8.461916642360669982e+01 3.056848598749268930e+01
8.471389779710099788e+01 3.057998398316050981e+01
8.480865116647198931e+01 3.059140753791452383e+01
8.490342592777385278e+01 3.060275636910915154e+01
8.499822147523998694e+01 3.061403019386587943e+01
8.509303720128339421e+01 3.062522872907327454e+01
8.518787249649635385e+01 3.063635169138699865e+01
8.528272674965059252e+01 3.064739879722977278e+01
8.537759934769724168e+01 3.065836976279140558e+01
8.547248967576683754e+01 3.066926430402879689e+01
8.556739711716930685e+01 3.068008213666590223e+01
8.566232105339399538e+01 3.069082297619377897e+01
8.575726086410962523e+01 3.070148653787054727e+01
8.585221592716442274e+01 3.071207253672142556e+01
8.594718561858590533e+01 3.072258068753869154e+01
8.604216931258103784e+01 3.073301070488171760e+01
8.613716638153618987e+01 3.074336230307694606e+01
8.623217619601715000e+01 3.075363519621790331e+01
8.632719812476908317e+01 3.076382909816519629e+01
8.642223153471657326e+01 3.077394372254650889e+01
8.651727579096365162e+01 3.078397878275661270e+01
8.661233025679366904e+01 3.079393399195734204e+01
8.670739429366945217e+01 3.080380906307761890e+01
8.680246726123318979e+01 3.081360370881345645e+01
8.689754851730654650e+01 3.082331764162793775e+01
8.699263741789049220e+01 3.083295057375122639e+01
8.708773331716547261e+01 3.084250221718055585e+01
8.718283556749128138e+01 3.085197228368025080e+01
8.727794351940720219e+01 3.086136048478171290e+01
8.737305652163186664e+01 3.087066653178342790e+01
8.746817392106331113e+01 3.087989013575095498e+01
8.756329506277899100e+01 3.088903100751692676e+01
8.765841929003573796e+01 3.089808885768107061e+01
8.775354594426987376e+01 3.090706339661019086e+01
8.784867436509701122e+01 3.091595433443815821e+01
8.794380389031223899e+01 3.092476138106593098e+01
8.803893385589005049e+01 3.093348424616155512e+01
8.813406359598431550e+01 3.094212263916013939e+01
8.822919244292833696e+01 3.095067626926388726e+01
8.832431972723477998e+01 3.095914484544207923e+01
8.841944477759575705e+01 3.096752807643105498e+01
8.851456692088281386e+01 3.097582567073427029e+01
8.860968548214681562e+01 3.098403733662223303e+01
8.870479978461810333e+01 3.099216278213253872e+01
8.879990914970636595e+01 3.100020171506986344e+01
8.889501289700076825e+01 3.100815384300596023e+01
8.899011034426983713e+01 3.101601887327966622e+01
8.908520080746146164e+01 3.102379651299689201e+01
8.918028360070306348e+01 3.103148646903063579e+01
8.927535803630134126e+01 3.103908844802096567e+01
8.937042342474245515e+01 3.104660215637503384e+01
8.946547907469195593e+01 3.105402730026707658e+01
8.956052429299484174e+01 3.106136358563840361e+01
8.965555839006634642e+01 3.106861072113914091e+01
8.975058067560247821e+01 3.107576841606705642e+01
8.984559045165316604e+01 3.108283637651864950e+01
8.994058701844807047e+01 3.108981430843802940e+01
9.003556967440188430e+01 3.109670191761949809e+01
9.013053771611427578e+01 3.110349890970761777e+01
9.022549043836987437e+01 3.111020499019714691e+01
9.032042713413831336e+01 3.111681986443307224e+01
9.041534709457425834e+01 3.112334323761059807e+01
9.051024960901729344e+01 3.112977481477516406e+01
9.060513396499202088e+01 3.113611430082241682e+01
9.069999944820804672e+01 3.114236140049824542e+01
9.079484534255995243e+01 3.114851581839874584e+01
9.088967093012729492e+01 3.115457725897023167e+01
9.098447549117464916e+01 3.116054542650925896e+01
9.107925830415155133e+01 3.116642002516258714e+01
9.117401864569255565e+01 3.117220075892720743e+01
9.126875579061719179e+01 3.117788733165033577e+01
9.136346901192995063e+01 3.118347944702940566e+01
9.145815758082034108e+01 3.118897680861207178e+01
9.155282076666289015e+01 3.119437911979621347e+01
9.164745783701702919e+01 3.119968608382993125e+01
9.174206805762726447e+01 3.120489740381155386e+01
9.183665069242306345e+01 3.121001278268963119e+01
9.193120500351885482e+01 3.121503192326292364e+01
9.202573025121408534e+01 3.121995452818043404e+01
9.212022569403755767e+01 3.122478030041229857e+01
9.221469058873840652e+01 3.122950894286138634e+01
9.230912419020110349e+01 3.123414015756352313e+01
9.240352575150403425e+01 3.123867364645355593e+01
9.249789452391952693e+01 3.124310911137111191e+01
9.259222975691389479e+01 3.124744625406055221e+01
9.268653069814747880e+01 3.125168477617100393e+01
9.278079659347454822e+01 3.125582437925633172e+01
9.287502668694337160e+01 3.125986476477514842e+01
9.296922022079620263e+01 3.126380563409082214e+01
9.306337643546929428e+01 3.126764668847147277e+01
9.315749456959288466e+01 3.127138762908997194e+01
9.325157385999114013e+01 3.127502815702393590e+01
9.334561354168225478e+01 3.127856797325572913e+01
9.343961284787839361e+01 3.128200677867247137e+01
9.353357100998572093e+01 3.128534427406601992e+01
9.362748725760435775e+01 3.128858016013300869e+01
9.372136081852842437e+01 3.129171413747479491e+01
9.381519091874599781e+01 3.129474590659749467e+01
9.390897678243914015e+01 3.129767516791198290e+01
9.400271763198395547e+01 3.130050162173386497e+01
9.409641268795044766e+01 3.130322496828351930e+01
9.419006116910269100e+01 3.130584490768605477e+01
9.428366229239863117e+01 3.130836113997134262e+01
9.437721527299027002e+01 3.131077336507399522e+01
9.447071932422359453e+01 3.131308128283338377e+01
9.456417365763853411e+01 3.131528459299362765e+01
9.465757748296904595e+01 3.131738299520358382e+01
9.475093000814301547e+01 3.131937618901687159e+01
9.484423043928235586e+01 3.132126387389186206e+01
9.493747798070296540e+01 3.132304574919166384e+01
9.503067183491468484e+01 3.132472151418415507e+01
9.512381120262134004e+01 3.132629086804193719e+01
9.521689528272078462e+01 3.132775350984239182e+01
9.530992327230482886e+01 3.132910913856762392e+01
9.540281990739293860e+01 3.133033963096321628e+01
9.549556494615058000e+01 3.133144008319075269e+01
9.558828846394773393e+01 3.133244156588261120e+01
9.568110422617105826e+01 3.133337119365758738e+01
9.577410863445413725e+01 3.133425187273395807e+01
9.586738072667762367e+01 3.133510230092948845e+01
9.596098217696912513e+01 3.133593696766143211e+01
9.605495729570321828e+01 3.133676615394650611e+01
9.614933302950149141e+01 3.133759593240093722e+01
9.624411896123254451e+01 3.133842816724041569e+01
9.633930731001190395e+01 3.133926051428012727e+01
9.643488942357578253e+01 3.134009044883127260e+01
9.653087860304283652e+01 3.134092080741592312e+01
9.662727686760018742e+01 3.134175165670031049e+01
9.672408598410129343e+01 3.134258299972519524e+01
9.682130772717343348e+01 3.134341483954445451e+01
9.691894387921803400e+01 3.134424717922504655e+01
9.701699623041032794e+01 3.134508002184704978e+01
9.711546657869966737e+01 3.134591337050362370e+01
9.721435672980935294e+01 3.134674722830103732e+01
9.731366849723659129e+01 3.134758159835865143e+01
9.741340370225269396e+01 3.134841648380892920e+01
9.751356417390287845e+01 3.134925188779743976e+01
9.761415174996602673e+01 3.135008781348439655e+01
9.771516827845162823e+01 3.135092426404743904e+01
9.781661561073353539e+01 3.135176124266970632e+01
9.791849560602760505e+01 3.135259875254758910e+01
9.802081013194840864e+01 3.135343679689164276e+01
9.812356106450920379e+01 3.135427537892658023e+01
9.822675028812197695e+01 3.135511450189125071e+01
9.833037969559735814e+01 3.135595416903866450e+01
9.843445118814470618e+01 3.135679438363599303e+01
9.853896667537210874e+01 3.135763514896455462e+01
9.864392807528629703e+01 3.135847646831982161e+01
9.874933731429271688e+01 3.135931834501141680e+01
9.885519632719552874e+01 3.136016078236311699e+01
9.896150705719760765e+01 3.136100378371286368e+01
9.906827145590047223e+01 3.136184735241273458e+01
9.917549148330439834e+01 3.136269149182897564e+01
9.928316910780831961e+01 3.136353620534197262e+01
9.939130630620992690e+01 3.136438149634627237e+01
9.949990506370552623e+01 3.136522736825057933e+01
9.960896737389012401e+01 3.136607382447774484e+01
9.971849523875754073e+01 3.136692086846477423e+01
9.982849066870018362e+01 3.136776850366281977e+01
9.993895568300229115e+01 3.136861673353809365e+01
1.000498923121803472e+02 3.136946556157556287e+01
1.001613025922812596e+02 3.137031499126968015e+01
1.002731885677631993e+02 3.137116502612899893e+01
1.003855522922563637e+02 3.137201566967755539e+01
1.004983958285628773e+02 3.137286692545483291e+01
1.006117212486569628e+02 3.137371879701577271e+01
1.007255306336847696e+02 3.137457128793077388e+01
1.008398260739645167e+02 3.137542440178569692e+01
1.009546096689863646e+02 3.137627814218186018e+01
1.010698835274125287e+02 3.137713251273603277e+01
1.011856497670772370e+02 3.137798751708045941e+01
1.013019105149866164e+02 3.137884315886282849e+01
1.014186679073189339e+02 3.137969944174628978e+01
1.015359240894243555e+02 3.138055636940944737e+01
1.016536812158251308e+02 3.138141394554637742e+01
1.017719414502154649e+02 3.138227217386659618e+01
1.018907069654615043e+02 3.138313105809509196e+01
1.020099799436015928e+02 3.138399060197230739e+01
1.021297657113149171e+02 3.138485082383962066e+01
1.022501178693363926e+02 3.138571196633496285e+01
1.023710341665723007e+02 3.138657401181338003e+01
1.024924880053434748e+02 3.138743682953688818e+01
1.026144538538656263e+02 3.138830029397813348e+01
1.027369072462495438e+02 3.138916428482036736e+01
1.028598247825009224e+02 3.139002868695746074e+01
1.029831841285205911e+02 3.139089339049389693e+01
1.031069640161042997e+02 3.139175829074477164e+01
1.032311442429428325e+02 3.139262328823580006e+01
1.033557056726219372e+02 3.139348828870332042e+01
1.034806302346224101e+02 3.139435320309427624e+01
1.036059009243200535e+02 3.139521794756623052e+01
1.037315018029856475e+02 3.139608244348736221e+01
1.038574179977849639e+02 3.139694661743645909e+01
1.039836357017787947e+02 3.139781040120292843e+01
1.041101421739230233e+02 3.139867373178679699e+01
1.042369257390683686e+02 3.139953655139871458e+01
1.043639757879606691e+02 3.140039880745991852e+01
1.044912827772407411e+02 3.140126045260228693e+01
1.046188382294444210e+02 3.140212144466831035e+01
1.047466384608130170e+02 3.140298176391074847e+01
1.048746966070890920e+02 3.140384146819180700e+01
1.050030150451295725e+02 3.140470056547547273e+01
1.051315943095811889e+02 3.140555905520301394e+01
1.052604349362097622e+02 3.140641693681433466e+01
1.053895374619003320e+02 3.140727420974796047e+01
1.055189024246571421e+02 3.140813087344104915e+01
1.056485303636036406e+02 3.140898692732938002e+01
1.057784218189824657e+02 3.140984237084737174e+01
1.059085773321554029e+02 3.141069720342805738e+01
1.060389974456034992e+02 3.141155142450310578e+01
1.061696827029269627e+02 3.141240503350281799e+01
1.063006336488451780e+02 3.141325802985610949e+01
1.064318508291967333e+02 3.141411041299053153e+01
1.065633347909394217e+02 3.141496218233226401e+01
1.066950860821502403e+02 3.141581333730611902e+01
1.068271052520253193e+02 3.141666387733552668e+01
1.069593928508800502e+02 3.141751380184255282e+01
1.070919494301489721e+02 3.141836311024788486e+01
1.072247755423858848e+02 3.141921180197084240e+01
1.073578717412636507e+02 3.142005987642937015e+01
1.074912385928341081e+02 3.142090733302637062e+01
1.076248766691285681e+02 3.142175417115798552e+01
1.077587865246629661e+02 3.142260039024092322e+01
1.078929687149951917e+02 3.142344598969075520e+01
1.080274237969539683e+02 3.142429096892150042e+01
1.081621523286389248e+02 3.142513532734561110e+01
1.082971548694204813e+02 3.142597906437400468e+01
1.084324319799399774e+02 3.142682217941603184e+01
1.085679842221095157e+02 3.142766467187948720e+01
1.087038121591121183e+02 3.142850654117061282e+01
1.088399163554015843e+02 3.142934778669410889e+01
1.089762973767026608e+02 3.143018840785310530e+01
1.091129557900108296e+02 3.143102840404917941e+01
1.092498921635925058e+02 3.143186777468236315e+01
1.093871070669849104e+02 3.143270651915112879e+01
1.095246010709961553e+02 3.143354463685239608e+01
1.096623747477051296e+02 3.143438212718152514e+01
1.098004286704616277e+02 3.143521898953233062e+01
1.099387634138862921e+02 3.143605522329706758e+01
1.100773795538705997e+02 3.143689082786644207e+01
1.102162776675768328e+02 3.143772580262958982e+01
1.103554583334382073e+02 3.143856014697411183e+01
1.104949221311587308e+02 3.143939386028604943e+01
1.106346696417133018e+02 3.144022694194988432e+01
1.107747014473475815e+02 3.144105939134854921e+01
1.109150181315781651e+02 3.144189120786341363e+01
1.110556202791924534e+02 3.144272239087430876e+01
1.111965084762487379e+02 3.144355293975949905e+01
1.113376833100761019e+02 3.144438285389569288e+01
1.114791453692745193e+02 3.144521213265804960e+01
1.116208952437147843e+02 3.144604077542018317e+01
1.117629335245385676e+02 3.144686878155414078e+01
1.119052608041583881e+02 3.144769615043042066e+01
1.120478776762575563e+02 3.144852288141795071e+01
1.121907847357902881e+02 3.144934897388413830e+01
1.123339825789816615e+02 3.145017442719480982e+01
1.124774718033275605e+02 3.145099924071424269e+01
1.126212530075947171e+02 3.145182341380515822e+01
1.127653267918206978e+02 3.145264694582873943e+01
1.129096937573140309e+02 3.145346983614459546e+01
1.130543545066539224e+02 3.145429208411078648e+01
1.131993096436905688e+02 3.145511368908382366e+01
1.133445597735449155e+02 3.145593465041866921e+01
1.134901055026088414e+02 3.145675496746870792e+01
1.136359474385449744e+02 3.145757463958579336e+01
1.137820861902869183e+02 3.145839366612021948e+01
1.139285223680390118e+02 3.145921204642071700e+01
1.140752565832764986e+02 3.146002977983447479e+01
1.142222894487454141e+02 3.146084686570711852e+01
1.143696215784627697e+02 3.146166330338271777e+01
1.145172535877162545e+02 3.146247909220380379e+01
1.146651860930645626e+02 3.146329423151133042e+01
1.148134197123370939e+02 3.146410872064471675e+01
1.149619550646342248e+02 3.146492255894181866e+01
1.151107927703270803e+02 3.146573574573893239e+01
1.152599334510577194e+02 3.146654828037081941e+01
1.154093777297389920e+02 3.146736016217066734e+01
1.155591262305545968e+02 3.146817139047011480e+01
1.157091795789591089e+02 3.146898196459925146e+01
1.158595384016779377e+02 3.146979188388660731e+01
1.160102033267073409e+02 3.147060114765915984e+01
1.161611749833144245e+02 3.147140975524233397e+01
1.163124540020371569e+02 3.147221770595999502e+01
1.164640410146843266e+02 3.147302499913446283e+01
1.166159366543355418e+02 3.147383163408649764e+01
1.167681415553414013e+02 3.147463761013530004e+01
1.169206563533231531e+02 3.147544292659852161e+01
1.170734816851730642e+02 3.147624758279227208e+01
1.172266181890541787e+02 3.147705157803108378e+01
1.173800665044003324e+02 3.147785491162795068e+01
1.175338272719163086e+02 3.147865758289430360e+01
1.176879011335776823e+02 3.147945959114003500e+01
1.178422887326309336e+02 3.148026093567345640e+01
1.179969907135932914e+02 3.148106161580134810e+01
1.181520077222529039e+02 3.148186163082892719e+01
1.183073404056687963e+02 3.148266098005985469e+01
1.184629894121707707e+02 3.148345966279624619e+01
1.186189553913594921e+02 3.148425767833865407e+01
1.187752389941065019e+02 3.148505502598607464e+01
1.189318408725541900e+02 3.148585170503596231e+01
1.190887616801157947e+02 3.148664771478420832e+01
1.192460020714753313e+02 3.148744305452514780e+01
1.194035627025877488e+02 3.148823772355156336e+01
1.195614442306788590e+02 3.148903172115468507e+01
1.197196473142452504e+02 3.148982504662419757e+01
1.198781726130543461e+02 3.149061769924821874e+01
1.200370207881445452e+02 3.149140967831330684e+01
1.201961925018249673e+02 3.149220098310448535e+01
1.203556884176756228e+02 3.149299161290520743e+01
1.205155092005473705e+02 3.149378156699737374e+01
1.206756555165619176e+02 3.149457084466133949e+01
1.208361280331118337e+02 3.149535944517590380e+01
1.209969274188605510e+02 3.149614736781830615e+01
1.211580543437422506e+02 3.149693461186423349e+01
1.213195094809880459e+02 3.149772117658532622e+01
1.214812935354605372e+02 3.149850706121535282e+01
1.216434071906626002e+02 3.149929226501354762e+01
1.218058511198797618e+02 3.150007678725146576e+01
1.219686259979449403e+02 3.150086062719877944e+01
1.221317325012382184e+02 3.150164378412324950e+01
1.222951713076870277e+02 3.150242625729077162e+01
1.224589430967660206e+02 3.150320804596535851e+01
1.226230485494971987e+02 3.150398914940911510e+01
1.227874883484497985e+02 3.150476956688228114e+01
1.229522631777402779e+02 3.150554929764319567e+01
1.231173737230324434e+02 3.150632834094831836e+01
1.232828206715373796e+02 3.150710669605222236e+01
1.234486047120134202e+02 3.150788436220759081e+01
1.236147265347661914e+02 3.150866133866522389e+01
1.237811868316485544e+02 3.150943762467403886e+01
1.239479862960606766e+02 3.151021321948104870e+01
1.241151256229500461e+02 3.151098812233140478e+01
1.242826055088113577e+02 3.151176233246836134e+01
1.244504266516865982e+02 3.151253584913327188e+01
1.246185897511650609e+02 3.151330867156562832e+01
1.247870955083833167e+02 3.151408079900302894e+01
1.249559446260251292e+02 3.151485223068116781e+01
1.251251378083216537e+02 3.151562296583386669e+01
1.252946757610512662e+02 3.151639300369307506e+01
1.254645591915395784e+02 3.151716234348882750e+01
1.256347888086595788e+02 3.151793098444928987e+01
1.258053653228314346e+02 3.151869892580074151e+01
1.259762894460226761e+02 3.151946616676756108e+01
1.261475618917480119e+02 3.152023270657226561e+01
1.263191833750695281e+02 3.152099854443546079e+01
1.264911546125964747e+02 3.152176367957587644e+01
1.266634763224855220e+02 3.152252811121035947e+01
1.268361492244404900e+02 3.152329183855386674e+01
1.270091740397125051e+02 3.152405486081946506e+01
1.271825514910999999e+02 3.152481717721834542e+01
1.273562823029487134e+02 3.152557878695979809e+01
1.275303672011515488e+02 3.152633968925123398e+01
1.277048069131488290e+02 3.152709988329819168e+01
1.278796021679279846e+02 3.152785936830429137e+01
1.280547536960239086e+02 3.152861814347129155e+01
1.282302622295186154e+02 3.152937620799906426e+01
1.284061285020414687e+02 3.153013356108558085e+01
1.285823532487691523e+02 3.153089020192693326e+01
1.287589372064254860e+02 3.153164612971733760e+01
1.289358811132817095e+02 3.153240134364909864e+01
1.291131857091562836e+02 3.153315584291266660e+01
1.292908517354148898e+02 3.153390962669657682e+01
1.294688799349706301e+02 3.153466269418749235e+01
1.296472710522836564e+02 3.153541504457018974e+01
1.298260258333617116e+02 3.153616667702755549e+01
1.300051450257594752e+02 3.153691759074058609e+01
1.301846293785791033e+02 3.153766778488841283e+01
1.303644796424700587e+02 3.153841725864823786e+01
1.305446965696289396e+02 3.153916601119542662e+01
1.307252809137997929e+02 3.153991404170342250e+01
1.309062334302736588e+02 3.154066134934380017e+01
1.310875548758891966e+02 3.154140793328623715e+01
1.312692460090321163e+02 3.154215379269853869e+01
1.314513075896354621e+02 3.154289892674660223e+01
1.316337403791795282e+02 3.154364333459446357e+01
1.318165451406920567e+02 3.154438701540425427e+01
1.319997226387477838e+02 3.154512996833622296e+01
1.321832736394689505e+02 3.154587219254873531e+01
1.323671989105249054e+02 3.154661368719827408e+01
1.325514992211324454e+02 3.154735445143942130e+01
1.327361753420555317e+02 3.154809448442489384e+01
1.329212280456054032e+02 3.154883378530549720e+01
1.331066581056405482e+02 3.154957235323017173e+01
1.332924662975669037e+02 3.155031018734596771e+01
1.334786533983374568e+02 3.155104728679803472e+01
1.336652201864526432e+02 3.155178365072964652e+01
1.338521674419600345e+02 3.155251927828220104e+01
1.340394959464545934e+02 3.155325416859518128e+01
1.342272064830785325e+02 3.155398832080620863e+01
1.344152998365213136e+02 3.155472173405102154e+01
1.346037767930195912e+02 3.155545440746344354e+01
1.347926381403575817e+02 3.155618634017544011e+01
1.349818846678664670e+02 3.155691753131706889e+01
1.351715171664247634e+02 3.155764798001652238e+01
1.353615364284584075e+02 3.155837768540009236e+01
1.355519432479405566e+02 3.155910664659218057e+01
1.357427384203915608e+02 3.155983486271531646e+01
1.359339227428791332e+02 3.156056233289013946e+01
1.361254970140181513e+02 3.156128905623538827e+01
1.363174620339709975e+02 3.156201503186793644e+01
1.365098186044470481e+02 3.156274025890275325e+01
1.367025675287031845e+02 3.156346473645293216e+01
1.368957096115433671e+02 3.156418846362967656e+01
1.370892456593190616e+02 3.156491143954230338e+01
1.372831764799288123e+02 3.156563366329824305e+01
1.374775028828185270e+02 3.156635513400304660e+01
1.376722256789813343e+02 3.156707585076036082e+01
1.378673456809577544e+02 3.156779581267196377e+01
1.380628637028354717e+02 3.156851501883773992e+01
1.382587805602494200e+02 3.156923346835568722e+01
1.384550970703819814e+02 3.156995116032191717e+01
1.386518140522149167e+02 3.157066809387593054e+01
1.388489549017967875e+02 3.157138829096017218e+01
1.390465429135442719e+02 3.157211574504372820e+01
1.392445792060602514e+02 3.157285049263061794e+01
1.394430648987066661e+02 3.157359256993155583e+01
1.396420011116045714e+02 3.157434201286391584e+01
1.398413889656343656e+02 3.157509885705174568e+01
1.400412295824353350e+02 3.157586313782576681e+01
1.402415240844062225e+02 3.157663489022337799e+01
1.404422735947046874e+02 3.157741414898864107e+01
1.406434792372477318e+02 3.157820094857229876e+01
1.408451421367113028e+02 3.157899532313176039e+01
1.410472634185307470e+02 3.157979730653110906e+01
1.412498442089004982e+02 3.158060693234109806e+01
1.414528856347740486e+02 3.158142423383916153e+01
1.416563888238640629e+02 3.158224924400939315e+01
1.418603549046425485e+02 3.158308199554257101e+01
1.420647850063404860e+02 3.158392252083613272e+01
1.422696802589481706e+02 3.158477085199420031e+01
1.424750417932147286e+02 3.158562702082756601e+01
1.426808707406489702e+02 3.158649105885369224e+01
1.428871682335183948e+02 3.158736299729670449e+01
1.430939354048499297e+02 3.158824286708741269e+01
1.433011733884295040e+02 3.158913069886330760e+01
1.435088833188023330e+02 3.159002652296851821e+01
1.437170663312728038e+02 3.159093036945388278e+01
1.439257235619043627e+02 3.159184226807689910e+01
1.441348561475195709e+02 3.159276224830172453e+01
1.443444652257003895e+02 3.159369033929921144e+01
1.445545519347876677e+02 3.159462656994686114e+01
1.447651174138816259e+02 3.159557096882886285e+01
1.449761628028414577e+02 3.159652356423607600e+01
1.451876892422856997e+02 3.159748438416602312e+01
1.453996978735919470e+02 3.159845345632291824e+01
1.456121898388969385e+02 3.159943080811762783e+01
1.458251662810965854e+02 3.160041646666769921e+01
1.460386283438460850e+02 3.160141045879734634e+01
1.462525771715596363e+02 3.160241281103747113e+01
