Model Setup for {PATIENT_GROUPS} Trained Network:

NCDE Network Architecture Parameters
Input channels=3
Hidden channels=11
Output channels=1

Training hyperparameters
Optimizer=AdamW (
Parameter Group 0
    amsgrad: False
    betas: (0.9, 0.999)
    capturable: False
    differentiable: False
    eps: 1e-08
    foreach: None
    fused: None
    lr: 0.001
    maximize: False
    weight_decay: 1e-06
)Training Iterations=100
Learning rate=0.001
Weight decay=1e-06
Optimizer reset frequency=None

Dropout probability (after initial linear layer before NCDE): 0.0
Training Data Selection Parameters
(If not virtual, the only important params are the groups and whether data was normalized/standardized)
Patient groups=['Control', 'MDD']
Augmentation strategy=Uniform
Noise Magnitude=0.05
Normalized/standardized=StandardizeAll
Number of virtual patients per real patient=100
Label smoothing factor=0
Test Patient Combinations:
Control: (30, 11, 3, 38, 29)
MDD: (11, 12, 53, 29, 55)
Training batch size=5
Training Results:
Runtime=514.8895397186279
Loss over time=[(0, 0.5686190128326416), (1, 0.753122091293335), (2, 0.8421080708503723), (3, 0.8580406904220581), (4, 0.6517707109451294), (5, 0.8184701800346375), (6, 0.9433347582817078), (7, 0.8182491064071655), (8, 0.7051330804824829), (9, 0.7777248620986938), (10, 0.7552573084831238), (11, 0.7990447282791138), (12, 0.7298940420150757), (13, 0.7717684507369995), (14, 0.6522939801216125), (15, 0.7017951011657715), (16, 0.620849072933197), (17, 0.728390634059906), (18, 0.6745172739028931), (19, 0.6689751744270325), (0, 0.6632888317108154), (1, 0.7127702236175537), (2, 0.6103578805923462), (3, 0.709431529045105), (4, 0.6549152731895447), (5, 0.8112287521362305), (6, 0.6694396138191223), (7, 0.7909396290779114), (8, 0.6919551491737366), (9, 0.73857581615448), (10, 0.5812665224075317), (11, 0.6590589880943298), (12, 0.7459693551063538), (13, 0.6550917625427246), (14, 0.6577617526054382), (15, 0.5885728001594543), (16, 0.6628914475440979), (17, 0.6655269861221313), (18, 0.6806513071060181), (19, 0.6990752816200256), (0, 0.6781886219978333), (1, 0.7454051971435547), (2, 0.5987704396247864), (3, 0.6889521479606628), (4, 0.6238835453987122), (5, 0.6570064425468445), (6, 0.6621306538581848), (7, 0.701343834400177), (8, 0.7871522307395935), (9, 0.78973788022995), (10, 0.622616171836853), (11, 0.7153606414794922), (12, 0.6259559392929077), (13, 0.7775634527206421), (14, 0.4628608226776123), (15, 0.6139689087867737), (16, 0.6797266006469727), (17, 0.6382588148117065), (18, 0.6608201265335083), (19, 0.724783718585968), (0, 0.6928460597991943), (1, 0.5060309767723083), (2, 0.6259725093841553), (3, 0.5655105113983154), (4, 0.6970094442367554), (5, 0.5370450019836426), (6, 0.7119189500808716), (7, 0.628237247467041), (8, 0.8132728338241577), (9, 0.7749218344688416), (10, 0.5935190320014954), (11, 0.7498430013656616), (12, 0.5651326179504395), (13, 0.5799560546875), (14, 0.7892230749130249), (15, 0.6797852516174316), (16, 0.7768903970718384), (17, 0.6631754040718079), (18, 0.7215588688850403), (19, 0.5506457686424255), (0, 0.6857815980911255), (1, 0.7039654850959778), (2, 0.7101098895072937), (3, 0.6476476788520813), (4, 0.5437374114990234), (5, 0.5494698286056519), (6, 0.6760592460632324), (7, 0.6122869253158569), (8, 0.6696860194206238), (9, 0.7051359415054321), (10, 0.551696240901947), (11, 0.7086458802223206), (12, 0.7157885432243347), (13, 0.7167578935623169), (14, 0.7093618512153625), (15, 0.7438158392906189), (16, 0.5044780969619751), (17, 0.6132967472076416), (18, 0.7341955304145813), (19, 0.6640416383743286), (0, 0.6067520380020142), (1, 0.5902329683303833), (2, 0.6517475247383118), (3, 0.6747134923934937), (4, 0.5760918855667114), (5, 0.7157474756240845), (6, 0.7247381210327148), (7, 0.6632920503616333), (8, 0.6951502561569214), (9, 0.5931654572486877), (10, 0.6372331380844116), (11, 0.6472996473312378), (12, 0.5578159093856812), (13, 0.5559579730033875), (14, 1.0660340785980225), (15, 0.6307872533798218), (16, 0.7802262306213379), (17, 0.5376812815666199), (18, 0.7839165925979614), (19, 0.6344539523124695), (0, 0.650769829750061), (1, 0.7113549709320068), (2, 0.5801461935043335), (3, 0.723147988319397), (4, 0.6468605995178223), (5, 0.7079000473022461), (6, 0.6850126385688782), (7, 0.7132236361503601), (8, 0.7743023037910461), (9, 0.6478670239448547), (10, 0.5531291365623474), (11, 0.6312232613563538), (12, 0.6671284437179565), (13, 0.5536898374557495), (14, 0.6863669157028198), (15, 0.5522263646125793), (16, 0.6127676367759705), (17, 0.7835973501205444), (18, 0.6623176336288452), (19, 0.6950769424438477), (0, 0.6510432958602905), (1, 0.6642166972160339), (2, 0.6072399020195007), (3, 0.6664458513259888), (4, 0.6153842210769653), (5, 0.7028075456619263), (6, 0.7015239596366882), (7, 0.6738195419311523), (8, 0.6696712374687195), (9, 0.630652129650116), (10, 0.7398520708084106), (11, 0.6221283674240112), (12, 0.6940311193466187), (13, 0.5935023427009583), (14, 0.6365554332733154), (15, 0.4643459916114807), (16, 0.6120728254318237), (17, 0.6843780279159546), (18, 0.7159385681152344), (19, 0.5435905456542969), (0, 0.7130271196365356), (1, 0.6960715055465698), (2, 0.667549729347229), (3, 0.7467478513717651), (4, 0.5010536909103394), (5, 0.6637493371963501), (6, 0.502894401550293), (7, 0.7073236703872681), (8, 0.5513631701469421), (9, 0.66988605260849), (10, 0.5679210424423218), (11, 0.8690440058708191), (12, 0.6658114194869995), (13, 0.7002831101417542), (14, 0.6175929307937622), (15, 0.5644130110740662), (16, 0.633562445640564), (17, 0.6000126600265503), (18, 0.6186404824256897), (19, 0.6587215065956116), (0, 0.5973500609397888), (1, 0.5104386210441589), (2, 0.5243951082229614), (3, 0.9016207456588745), (4, 0.6963208913803101), (5, 0.711772084236145), (6, 0.9474185109138489), (7, 0.6634414196014404), (8, 0.5898754596710205), (9, 0.5465404987335205), (10, 0.6167324781417847), (11, 0.6701061129570007), (12, 0.4706766605377197), (13, 0.681302011013031), (14, 0.42468446493148804), (15, 0.7929230332374573), (16, 0.8047193288803101), (17, 0.6599637269973755), (18, 0.5524889826774597), (19, 0.806797444820404), (0, 0.48483672738075256), (1, 0.4610365331172943), (2, 0.5137578248977661), (3, 0.5299654603004456), (4, 0.6332557797431946), (5, 0.744264543056488), (6, 0.7086073756217957), (7, 0.44066372513771057), (8, 0.9833162426948547), (9, 0.6296695470809937), (10, 0.7098627090454102), (11, 0.6163522005081177), (12, 0.43464455008506775), (13, 0.7226045727729797), (14, 0.7135812044143677), (15, 0.6716872453689575), (16, 0.696151852607727), (17, 0.705726683139801), (18, 0.7209412455558777), (19, 0.7257798314094543), (0, 0.6647416353225708), (1, 0.7523235082626343), (2, 0.6662203669548035), (3, 0.7097258567810059), (4, 0.6391041874885559), (5, 0.6202644109725952), (6, 0.6424360275268555), (7, 0.6805596947669983), (8, 0.4770297408103943), (9, 0.6996670961380005), (10, 0.41509681940078735), (11, 0.5988379716873169), (12, 0.8135277628898621), (13, 0.48080459237098694), (14, 0.5875950455665588), (15, 0.6795452833175659), (16, 0.7346920967102051), (17, 0.5898241400718689), (18, 0.73343825340271), (19, 0.7350303530693054), (0, 0.5332472324371338), (1, 0.4912601113319397), (2, 0.4351862967014313), (3, 0.6132189631462097), (4, 0.645890474319458), (5, 0.6217242479324341), (6, 0.682974100112915), (7, 0.6105856895446777), (8, 0.7985144853591919), (9, 0.8382372856140137), (10, 0.6859201192855835), (11, 0.9305127859115601), (12, 0.6930651664733887), (13, 0.6779305338859558), (14, 0.6180914640426636), (15, 0.7837024331092834), (16, 0.7143078446388245), (17, 0.7981029152870178), (18, 0.6699714064598083), (19, 0.46524056792259216), (0, 0.4965057969093323), (1, 1.0281050205230713), (2, 0.8103784322738647), (3, 0.560125470161438), (4, 0.6149555444717407), (5, 0.5781487822532654), (6, 0.6912103891372681), (7, 0.6013980507850647), (8, 0.6907625198364258), (9, 0.5088748931884766), (10, 0.7402982115745544), (11, 0.6003142595291138), (12, 0.6520501971244812), (13, 0.618013322353363), (14, 0.6431313753128052), (15, 0.6585537195205688), (16, 0.6550494432449341), (17, 0.6837245225906372), (18, 0.6479779481887817), (19, 0.46304142475128174), (0, 0.5528522729873657), (1, 0.6441478729248047), (2, 0.675716757774353), (3, 0.5881882309913635), (4, 0.5514995455741882), (5, 0.6355786919593811), (6, 0.6805590391159058), (7, 0.6469756960868835), (8, 0.5865729451179504), (9, 0.6758067607879639), (10, 0.759658694267273), (11, 0.5165391564369202), (12, 0.5874148607254028), (13, 0.8493427038192749), (14, 0.7362643480300903), (15, 0.5398130416870117), (16, 0.6767197251319885), (17, 0.5998638868331909), (18, 0.4814731478691101), (19, 0.5717483162879944), (0, 0.9197801351547241), (1, 0.5990412831306458), (2, 0.6188135147094727), (3, 0.6024538278579712), (4, 0.6606511473655701), (5, 0.5566173791885376), (6, 0.626170814037323), (7, 0.8489673733711243), (8, 0.5956752896308899), (9, 0.6021089553833008), (10, 0.4552021026611328), (11, 0.6506638526916504), (12, 0.5473686456680298), (13, 0.7042797803878784), (14, 0.70381098985672), (15, 0.40755710005760193), (16, 0.5893661379814148), (17, 0.574962317943573), (18, 0.7213059067726135), (19, 0.5699666142463684), (0, 0.5580283999443054), (1, 0.553877055644989), (2, 0.616409182548523), (3, 0.5992180705070496), (4, 0.7412571907043457), (5, 0.675705075263977), (6, 0.9188250303268433), (7, 0.5601717233657837), (8, 0.7126377820968628), (9, 0.4154932498931885), (10, 0.9318493604660034), (11, 0.5047692060470581), (12, 0.613662600517273), (13, 0.6812189817428589), (14, 0.40656647086143494), (15, 0.6589073538780212), (16, 0.5148026347160339), (17, 0.5789358615875244), (18, 0.7975369691848755), (19, 0.6483959555625916), (0, 0.6068800091743469), (1, 0.7359052896499634), (2, 0.6700736284255981), (3, 0.47761067748069763), (4, 0.5580424666404724), (5, 0.5819169282913208), (6, 0.7493592500686646), (7, 0.5929938554763794), (8, 0.39856964349746704), (9, 0.9498143196105957), (10, 0.5170040726661682), (11, 0.8772867321968079), (12, 0.3792756199836731), (13, 0.7342406511306763), (14, 0.5822886228561401), (15, 0.6923654675483704), (16, 0.7029761672019958), (17, 0.4933021664619446), (18, 0.6286157369613647), (19, 0.797935962677002), (0, 0.6905633211135864), (1, 0.5032010674476624), (2, 0.6342703104019165), (3, 0.7597280740737915), (4, 0.7257888913154602), (5, 0.7036964297294617), (6, 0.6657099723815918), (7, 0.7350156903266907), (8, 0.8194435238838196), (9, 0.6014370322227478), (10, 0.7418464422225952), (11, 0.6345130205154419), (12, 0.46335434913635254), (13, 0.7726220488548279), (14, 0.602688193321228), (15, 0.48409920930862427), (16, 0.7326986193656921), (17, 0.42153435945510864), (18, 0.4551734924316406), (19, 0.685845673084259), (0, 0.608622133731842), (1, 0.6236640214920044), (2, 0.4386657774448395), (3, 0.5927085280418396), (4, 0.5727072358131409), (5, 0.7121831178665161), (6, 0.5721725225448608), (7, 0.6589543223381042), (8, 0.8201376795768738), (9, 0.5551044940948486), (10, 0.6687575578689575), (11, 0.562644362449646), (12, 0.6053823232650757), (13, 0.5838126540184021), (14, 0.620460569858551), (15, 0.4719420075416565), (16, 0.7309114933013916), (17, 0.5965883135795593), (18, 0.4912167191505432), (19, 1.0863978862762451), (0, 0.7413992881774902), (1, 0.5547411441802979), (2, 0.5617503523826599), (3, 0.649988055229187), (4, 0.5921145677566528), (5, 0.5684051513671875), (6, 0.6022863388061523), (7, 0.5485601425170898), (8, 0.8167632818222046), (9, 0.5981063842773438), (10, 0.44162577390670776), (11, 0.6813427805900574), (12, 0.6329047679901123), (13, 0.7820982933044434), (14, 0.6750232577323914), (15, 0.5532869696617126), (16, 0.6968237161636353), (17, 0.5263712406158447), (18, 0.6432574391365051), (19, 0.7160986065864563), (0, 0.6991817355155945), (1, 0.5880100131034851), (2, 0.558077335357666), (3, 0.5076174139976501), (4, 0.7543255686759949), (5, 0.8187816739082336), (6, 0.662259578704834), (7, 0.4488634169101715), (8, 0.4368898272514343), (9, 0.5820038914680481), (10, 0.6311630010604858), (11, 0.7493961453437805), (12, 0.5728408098220825), (13, 0.5169633626937866), (14, 0.7156203985214233), (15, 0.621329128742218), (16, 0.6100393533706665), (17, 0.717870831489563), (18, 0.5687706470489502), (19, 0.6526830196380615), (0, 0.6727452278137207), (1, 0.5012812614440918), (2, 0.6307615637779236), (3, 0.687461256980896), (4, 0.7299677133560181), (5, 0.5563879609107971), (6, 0.6744391322135925), (7, 0.46858564019203186), (8, 0.6840752363204956), (9, 0.5719941854476929), (10, 0.5481451153755188), (11, 0.5389904975891113), (12, 0.607123613357544), (13, 0.6861885190010071), (14, 0.4997192323207855), (15, 0.459419310092926), (16, 0.7155047655105591), (17, 0.5081697702407837), (18, 0.9265924692153931), (19, 0.647104799747467), (0, 0.48056262731552124), (1, 0.442134290933609), (2, 0.5749602317810059), (3, 0.7542102336883545), (4, 0.6714560985565186), (5, 0.4187750220298767), (6, 0.5307267904281616), (7, 0.6032110452651978), (8, 0.6667375564575195), (9, 0.5995546579360962), (10, 0.8811734318733215), (11, 0.593189001083374), (12, 0.48300981521606445), (13, 0.7255097031593323), (14, 0.8383787274360657), (15, 0.7191469073295593), (16, 0.8342664837837219), (17, 0.7316541075706482), (18, 0.631130039691925), (19, 0.49480530619621277), (0, 0.4851658344268799), (1, 0.5916253328323364), (2, 0.6789476871490479), (3, 0.4624999463558197), (4, 0.6755667328834534), (5, 0.4824952185153961), (6, 0.41632217168807983), (7, 0.6499303579330444), (8, 0.5508698225021362), (9, 0.6357129216194153), (10, 0.8421099781990051), (11, 0.8771821856498718), (12, 0.43494874238967896), (13, 0.5645581483840942), (14, 0.6402345895767212), (15, 0.7774400115013123), (16, 0.5624319314956665), (17, 0.6331506371498108), (18, 0.7524366974830627), (19, 0.5282033085823059), (0, 0.7464394569396973), (1, 0.51329505443573), (2, 0.6612291932106018), (3, 0.7389440536499023), (4, 0.6274296641349792), (5, 0.4209224283695221), (6, 0.8738757967948914), (7, 0.5662473440170288), (8, 0.5688649415969849), (9, 0.40063542127609253), (10, 0.47433018684387207), (11, 0.6831706762313843), (12, 0.6643087863922119), (13, 0.5471440553665161), (14, 0.7205806970596313), (15, 0.5817095637321472), (16, 0.7600686550140381), (17, 0.6223734617233276), (18, 0.6078118085861206), (19, 0.6482911705970764), (0, 0.703146755695343), (1, 0.5597907900810242), (2, 0.46336016058921814), (3, 0.4951639175415039), (4, 0.47635889053344727), (5, 0.69874107837677), (6, 0.7301918268203735), (7, 0.5458325147628784), (8, 0.5324521660804749), (9, 0.8756405711174011), (10, 0.5208530426025391), (11, 0.6324895620346069), (12, 0.6192124485969543), (13, 0.6627835631370544), (14, 0.6098576188087463), (15, 0.6028748750686646), (16, 0.7406047582626343), (17, 0.61629319190979), (18, 0.6262003183364868), (19, 0.332858681678772), (0, 0.6566593050956726), (1, 0.5540624856948853), (2, 0.5121277570724487), (3, 0.7339014410972595), (4, 0.5752535462379456), (5, 0.7318322062492371), (6, 0.561805248260498), (7, 0.6316721439361572), (8, 0.6065932512283325), (9, 0.7204517126083374), (10, 0.7832316160202026), (11, 0.5533868074417114), (12, 0.6085450649261475), (13, 0.8658338785171509), (14, 0.5186395645141602), (15, 0.49249395728111267), (16, 0.5354670286178589), (17, 0.43490728735923767), (18, 0.6117721796035767), (19, 0.2683572769165039), (0, 0.7264710664749146), (1, 0.6578670144081116), (2, 0.4619755744934082), (3, 0.8434421420097351), (4, 0.8888953328132629), (5, 0.8480483293533325), (6, 0.5404427647590637), (7, 0.45832377672195435), (8, 0.5153912305831909), (9, 0.5812014937400818), (10, 0.4701443314552307), (11, 0.5396356582641602), (12, 0.5936246514320374), (13, 0.42691469192504883), (14, 0.642841637134552), (15, 0.6757694482803345), (16, 0.37287667393684387), (17, 0.7346731424331665), (18, 0.5734143257141113), (19, 0.641507625579834), (0, 0.5695508718490601), (1, 0.7963778376579285), (2, 0.7886869311332703), (3, 0.37420183420181274), (4, 0.8292679786682129), (5, 0.7951356172561646), (6, 0.7713490724563599), (7, 0.46848422288894653), (8, 0.4002671241760254), (9, 0.5576874613761902), (10, 0.71302330493927), (11, 0.5805982351303101), (12, 0.5469002723693848), (13, 0.3557525873184204), (14, 0.4462710916996002), (15, 0.505388617515564), (16, 0.5849415063858032), (17, 0.5163418054580688), (18, 0.6087621450424194), (19, 0.7641046643257141), (0, 0.5750249624252319), (1, 0.606952428817749), (2, 0.7468665242195129), (3, 0.6586886644363403), (4, 0.29757532477378845), (5, 0.9069652557373047), (6, 0.7139750719070435), (7, 0.44414225220680237), (8, 0.7451977729797363), (9, 0.6231048107147217), (10, 0.6889123320579529), (11, 0.5971819162368774), (12, 0.6154305934906006), (13, 0.5712549090385437), (14, 0.7369281053543091), (15, 0.46673092246055603), (16, 0.5428568124771118), (17, 0.4399798810482025), (18, 0.7124908566474915), (19, 0.509759247303009), (0, 0.49685630202293396), (1, 0.6450151205062866), (2, 0.6657074689865112), (3, 0.5046270489692688), (4, 0.4344109892845154), (5, 0.883973240852356), (6, 0.6925910711288452), (7, 0.6491934061050415), (8, 0.4906468391418457), (9, 0.4189209043979645), (10, 0.6730920672416687), (11, 0.48172861337661743), (12, 0.616172194480896), (13, 0.5907632112503052), (14, 0.5452412366867065), (15, 0.5428406596183777), (16, 0.8516668081283569), (17, 0.8095455169677734), (18, 0.5250200033187866), (19, 0.6090596318244934), (0, 0.3264957070350647), (1, 0.5797547101974487), (2, 0.6390876770019531), (3, 0.6396728754043579), (4, 0.6460989117622375), (5, 0.3662094473838806), (6, 0.5957479476928711), (7, 0.4465908110141754), (8, 0.7629746198654175), (9, 0.5089462995529175), (10, 0.6461988687515259), (11, 0.6098364591598511), (12, 0.46897125244140625), (13, 0.4476259648799896), (14, 0.8081086277961731), (15, 0.776718020439148), (16, 0.5897979736328125), (17, 0.6289780139923096), (18, 0.6715959906578064), (19, 1.0427857637405396), (0, 0.641762375831604), (1, 0.5552455186843872), (2, 0.4255737364292145), (3, 0.5856885313987732), (4, 0.5330655574798584), (5, 0.339010089635849), (6, 0.4440210461616516), (7, 0.6350165605545044), (8, 0.36549025774002075), (9, 0.6257985234260559), (10, 0.8572448492050171), (11, 0.781850278377533), (12, 0.4116824269294739), (13, 0.9757928848266602), (14, 0.5751806497573853), (15, 0.6529629230499268), (16, 0.8633615374565125), (17, 0.7113245725631714), (18, 0.6828258633613586), (19, 0.40890583395957947), (0, 0.539331316947937), (1, 0.8702914118766785), (2, 0.42965373396873474), (3, 0.6318356394767761), (4, 0.40939411520957947), (5, 0.6247889995574951), (6, 0.6930451393127441), (7, 0.6611486673355103), (8, 0.6319109797477722), (9, 0.5065716505050659), (10, 0.580533504486084), (11, 0.5119074583053589), (12, 0.5286377668380737), (13, 0.9836745262145996), (14, 0.5965914726257324), (15, 0.6051687598228455), (16, 0.6679254174232483), (17, 0.6160103678703308), (18, 0.4669601023197174), (19, 0.5339873433113098), (0, 0.7311474680900574), (1, 0.5511020421981812), (2, 0.49500447511672974), (3, 0.5992369651794434), (4, 0.7954515218734741), (5, 0.6081951260566711), (6, 0.5425518155097961), (7, 0.48668184876441956), (8, 0.7593293190002441), (9, 0.5789749026298523), (10, 0.4823405146598816), (11, 0.6546148061752319), (12, 0.38365498185157776), (13, 0.6099659204483032), (14, 0.7280555367469788), (15, 0.5813900232315063), (16, 0.6174033284187317), (17, 0.5069043040275574), (18, 0.589537501335144), (19, 0.7328593134880066), (0, 0.5656533241271973), (1, 0.4513789117336273), (2, 0.4129074215888977), (3, 0.5853811502456665), (4, 0.7557879686355591), (5, 0.536182165145874), (6, 0.6831837296485901), (7, 0.719122588634491), (8, 0.8965757489204407), (9, 0.4623865485191345), (10, 0.792019784450531), (11, 0.4626232087612152), (12, 0.4471946656703949), (13, 0.6403909921646118), (14, 0.5876075625419617), (15, 0.5505401492118835), (16, 0.4852559566497803), (17, 0.9068796038627625), (18, 0.6071156859397888), (19, 0.3941572904586792), (0, 0.772921085357666), (1, 0.5211735963821411), (2, 0.5931292772293091), (3, 0.584671139717102), (4, 0.5977836847305298), (5, 0.4355061948299408), (6, 0.5297125577926636), (7, 0.7806466817855835), (8, 0.6808999180793762), (9, 0.3733559548854828), (10, 0.5395866632461548), (11, 1.138082504272461), (12, 0.5369665026664734), (13, 0.7322490215301514), (14, 0.5497276186943054), (15, 0.36880189180374146), (16, 0.7650159001350403), (17, 0.6684563755989075), (18, 0.3021678924560547), (19, 0.39612460136413574), (0, 0.477342426776886), (1, 0.5062803030014038), (2, 0.5210713148117065), (3, 0.509748101234436), (4, 0.6221258044242859), (5, 0.656509518623352), (6, 0.5404858589172363), (7, 0.6503156423568726), (8, 0.5298382043838501), (9, 1.1048622131347656), (10, 0.9635363817214966), (11, 0.45768076181411743), (12, 0.5508807897567749), (13, 0.473082959651947), (14, 0.6208314299583435), (15, 0.5154218077659607), (16, 0.66557776927948), (17, 0.6812105774879456), (18, 0.4709254801273346), (19, 0.9906976222991943), (0, 0.4720071256160736), (1, 0.8299064636230469), (2, 0.8388789296150208), (3, 0.4210267961025238), (4, 0.5517417788505554), (5, 0.5195134878158569), (6, 0.5338646769523621), (7, 0.33294886350631714), (8, 0.7100455164909363), (9, 0.5358873605728149), (10, 0.580407440662384), (11, 0.5287092328071594), (12, 0.6574331521987915), (13, 0.6183622479438782), (14, 0.7096832990646362), (15, 0.7186113595962524), (16, 0.4527656137943268), (17, 0.5536198019981384), (18, 0.518720269203186), (19, 0.7423016428947449), (0, 0.7125650644302368), (1, 0.6328587532043457), (2, 0.7021341919898987), (3, 0.5296450257301331), (4, 0.6389268636703491), (5, 0.7884714007377625), (6, 0.49673575162887573), (7, 0.2207542359828949), (8, 0.45025381445884705), (9, 0.624435305595398), (10, 0.5321371555328369), (11, 0.8392232656478882), (12, 0.657211422920227), (13, 0.3234473764896393), (14, 0.5194552540779114), (15, 0.5688880681991577), (16, 0.9312028884887695), (17, 0.7554613947868347), (18, 0.5727303624153137), (19, 0.42550837993621826), (0, 0.6131559610366821), (1, 0.6000040769577026), (2, 0.515015721321106), (3, 0.41430577635765076), (4, 0.6196901202201843), (5, 0.5688744783401489), (6, 0.38318997621536255), (7, 0.6907711625099182), (8, 0.605812668800354), (9, 0.6126202940940857), (10, 0.8481038808822632), (11, 0.6932926774024963), (12, 0.5858255624771118), (13, 0.7748851180076599), (14, 0.46088868379592896), (15, 0.7187449932098389), (16, 0.7036826014518738), (17, 0.5167309641838074), (18, 0.4494139552116394), (19, 0.4975167512893677), (0, 0.6781631708145142), (1, 0.667617678642273), (2, 0.38393571972846985), (3, 0.7654535174369812), (4, 0.3846854269504547), (5, 0.3140687942504883), (6, 0.7018917798995972), (7, 0.6672844886779785), (8, 0.7825456261634827), (9, 0.5305570363998413), (10, 0.6662023663520813), (11, 0.6672667860984802), (12, 0.7064397931098938), (13, 0.43886131048202515), (14, 0.6848687529563904), (15, 0.48500221967697144), (16, 0.5062687993049622), (17, 0.49125176668167114), (18, 0.7514876127243042), (19, 0.43110334873199463), (0, 0.573794960975647), (1, 0.3846319317817688), (2, 0.47491446137428284), (3, 0.7771817445755005), (4, 0.5318615436553955), (5, 0.5531228184700012), (6, 0.7151495814323425), (7, 0.7457820177078247), (8, 0.9411188364028931), (9, 0.658132016658783), (10, 0.5028609037399292), (11, 0.5945696830749512), (12, 0.5423750877380371), (13, 0.5046292543411255), (14, 0.8610411882400513), (15, 0.4777165949344635), (16, 0.3489413857460022), (17, 0.5746584534645081), (18, 0.7259761691093445), (19, 0.8558323979377747), (0, 0.5176705121994019), (1, 0.6699641942977905), (2, 0.6426616907119751), (3, 0.5824748277664185), (4, 0.443425714969635), (5, 0.5211621522903442), (6, 0.7108825445175171), (7, 0.5701574087142944), (8, 0.5650920271873474), (9, 0.3662776052951813), (10, 0.7825621366500854), (11, 0.6340367197990417), (12, 0.6274577379226685), (13, 0.5791351199150085), (14, 0.5806415677070618), (15, 0.9901121258735657), (16, 0.536744236946106), (17, 0.610122799873352), (18, 0.3489930033683777), (19, 0.415365070104599), (0, 0.5446801781654358), (1, 0.46566134691238403), (2, 0.6234452128410339), (3, 0.5575367212295532), (4, 0.6893041133880615), (5, 0.5770833492279053), (6, 0.6158925890922546), (7, 0.7047938108444214), (8, 0.3787224292755127), (9, 0.646449863910675), (10, 0.3453039824962616), (11, 0.3873722553253174), (12, 0.6496017575263977), (13, 0.7088710069656372), (14, 0.4826391637325287), (15, 0.5084315538406372), (16, 1.045952320098877), (17, 0.5530168414115906), (18, 0.654463529586792), (19, 0.4749448597431183), (0, 0.5172959566116333), (1, 0.6402104496955872), (2, 0.760683536529541), (3, 0.7288608551025391), (4, 0.37664857506752014), (5, 0.3581320345401764), (6, 0.5938248634338379), (7, 0.4579557776451111), (8, 0.5245519876480103), (9, 0.8595337867736816), (10, 0.2973725497722626), (11, 0.645115077495575), (12, 0.7819740176200867), (13, 0.9630192518234253), (14, 0.5296387076377869), (15, 0.5551117062568665), (16, 0.4687017798423767), (17, 0.285119891166687), (18, 0.7097163796424866), (19, 0.782188892364502), (0, 0.5723074674606323), (1, 0.4107305407524109), (2, 0.34252214431762695), (3, 0.6762083172798157), (4, 0.4024727940559387), (5, 0.38232776522636414), (6, 0.5158048868179321), (7, 0.6131721138954163), (8, 0.6431354880332947), (9, 0.6220775246620178), (10, 0.6247717142105103), (11, 0.45584312081336975), (12, 0.3574630320072174), (13, 0.8208832740783691), (14, 0.6442437767982483), (15, 0.7603625059127808), (16, 0.637048602104187), (17, 0.7918013334274292), (18, 0.7154490351676941), (19, 0.7456826567649841), (0, 0.754240870475769), (1, 0.6952465772628784), (2, 0.38582053780555725), (3, 0.5812916159629822), (4, 0.38635581731796265), (5, 0.3912098705768585), (6, 0.5875874161720276), (7, 0.6097766160964966), (8, 0.5880827307701111), (9, 0.707015335559845), (10, 0.9648855328559875), (11, 0.8539864420890808), (12, 0.6085690259933472), (13, 0.6254144310951233), (14, 0.5928997993469238), (15, 0.47882264852523804), (16, 0.5085935592651367), (17, 0.6137353181838989), (18, 0.6398971676826477), (19, 0.5797192454338074), (0, 0.49729305505752563), (1, 0.574400782585144), (2, 0.5196078419685364), (3, 0.5232459306716919), (4, 0.34899020195007324), (5, 0.5595031976699829), (6, 0.48654618859291077), (7, 0.6336063146591187), (8, 0.5376691818237305), (9, 0.6513847708702087), (10, 0.5363801121711731), (11, 0.9008712768554688), (12, 0.564045786857605), (13, 0.6256930232048035), (14, 0.5782691836357117), (15, 0.7060744762420654), (16, 0.6222559213638306), (17, 0.5449277758598328), (18, 0.912601113319397), (19, 0.7391521334648132), (0, 0.544225811958313), (1, 0.49796247482299805), (2, 0.4643864631652832), (3, 0.570828914642334), (4, 0.4678312838077545), (5, 0.6719390153884888), (6, 0.5776675343513489), (7, 0.5763176083564758), (8, 0.6250370740890503), (9, 0.6094803214073181), (10, 0.6546350717544556), (11, 0.5307904481887817), (12, 0.4267887473106384), (13, 0.5007650256156921), (14, 0.7861159443855286), (15, 0.5694993734359741), (16, 0.6072636246681213), (17, 0.6851826906204224), (18, 0.8104950785636902), (19, 0.9176236987113953), (0, 0.640410840511322), (1, 0.3826698362827301), (2, 0.41490626335144043), (3, 0.624053955078125), (4, 0.9829670190811157), (5, 0.4996718466281891), (6, 0.511665940284729), (7, 0.7871798276901245), (8, 0.5510414242744446), (9, 0.6746827363967896), (10, 0.644015371799469), (11, 0.47962841391563416), (12, 0.6122038960456848), (13, 0.7158376574516296), (14, 0.4690926969051361), (15, 0.45212095975875854), (16, 0.6983832716941833), (17, 0.7156912684440613), (18, 0.43040576577186584), (19, 0.30829155445098877), (0, 0.5683592557907104), (1, 0.3416898548603058), (2, 0.5894374847412109), (3, 0.32644155621528625), (4, 0.5116201639175415), (5, 0.7743790149688721), (6, 0.485729455947876), (7, 0.6328791975975037), (8, 0.5358805656433105), (9, 0.5674499869346619), (10, 0.6470906734466553), (11, 0.7014780044555664), (12, 0.5289087295532227), (13, 0.7063947319984436), (14, 0.8233272433280945), (15, 0.45591211318969727), (16, 0.7147244215011597), (17, 0.5999985933303833), (18, 0.5275658965110779), (19, 0.7840579152107239), (0, 0.6660019755363464), (1, 0.8229861259460449), (2, 0.42704978585243225), (3, 0.71305912733078), (4, 0.6992372870445251), (5, 0.523701548576355), (6, 0.6855810880661011), (7, 0.8216813206672668), (8, 0.4890667796134949), (9, 0.692512035369873), (10, 0.49302610754966736), (11, 0.5620265603065491), (12, 0.6417340040206909), (13, 0.6210581660270691), (14, 0.4805696904659271), (15, 0.8282163739204407), (16, 0.4651634097099304), (17, 0.506493866443634), (18, 0.41481494903564453), (19, 0.2727988064289093), (0, 0.5560711622238159), (1, 0.44451791048049927), (2, 0.5232555270195007), (3, 0.6425615549087524), (4, 0.7127128839492798), (5, 0.41466790437698364), (6, 0.4591883718967438), (7, 0.71937096118927), (8, 0.9098060727119446), (9, 0.6678391695022583), (10, 0.6712449789047241), (11, 0.45875459909439087), (12, 0.39944204688072205), (13, 0.41540995240211487), (14, 0.6606904864311218), (15, 0.8591211438179016), (16, 0.4600275158882141), (17, 0.612086296081543), (18, 0.39322566986083984), (19, 0.7948675155639648), (0, 0.43373388051986694), (1, 0.634473443031311), (2, 0.505058228969574), (3, 0.896292507648468), (4, 0.5533962249755859), (5, 0.5464029312133789), (6, 0.6269398927688599), (7, 0.2564845681190491), (8, 0.7069201469421387), (9, 0.8798302412033081), (10, 0.4012281000614166), (11, 0.39737358689308167), (12, 0.7388945817947388), (13, 0.602960467338562), (14, 0.5985022187232971), (15, 0.737749457359314), (16, 0.6729687452316284), (17, 0.6409651637077332), (18, 0.32086315751075745), (19, 0.492544561624527), (0, 0.6418898105621338), (1, 0.44847583770751953), (2, 0.5368079543113708), (3, 0.6258905529975891), (4, 0.46144795417785645), (5, 0.5984123349189758), (6, 0.5733832120895386), (7, 0.49607977271080017), (8, 0.5348657369613647), (9, 0.4808433949947357), (10, 0.48893508315086365), (11, 0.5345950722694397), (12, 0.6600686311721802), (13, 0.6241464018821716), (14, 0.46889233589172363), (15, 0.5979975461959839), (16, 0.5659517049789429), (17, 0.8484575152397156), (18, 0.7422681450843811), (19, 0.579625129699707), (0, 0.518044650554657), (1, 0.4429939389228821), (2, 0.5073365569114685), (3, 0.5825353264808655), (4, 0.6128672361373901), (5, 0.7966569662094116), (6, 0.4314144253730774), (7, 0.4910241961479187), (8, 0.5038701295852661), (9, 0.7451366782188416), (10, 0.7405737638473511), (11, 0.6408591270446777), (12, 0.5408371686935425), (13, 0.671993613243103), (14, 0.5575345158576965), (15, 0.4736306667327881), (16, 0.42842477560043335), (17, 0.6505141258239746), (18, 0.6372674107551575), (19, 0.5200669169425964), (0, 0.500117838382721), (1, 0.23804637789726257), (2, 0.6810659170150757), (3, 0.7840577960014343), (4, 0.5771552324295044), (5, 0.4601244330406189), (6, 1.0521775484085083), (7, 0.5670833587646484), (8, 0.6624866724014282), (9, 0.7429360151290894), (10, 0.45478782057762146), (11, 0.7523474097251892), (12, 0.5843998193740845), (13, 0.6453083157539368), (14, 0.5434980392456055), (15, 0.7548038363456726), (16, 0.2345709353685379), (17, 0.6403080821037292), (18, 0.599387526512146), (19, 0.4337695837020874), (0, 0.5195379853248596), (1, 0.34857234358787537), (2, 0.6380504369735718), (3, 0.6294985413551331), (4, 0.3536880612373352), (5, 0.702161967754364), (6, 0.7364184260368347), (7, 0.6748873591423035), (8, 0.6058570146560669), (9, 0.5383886694908142), (10, 0.4946579039096832), (11, 0.5275843739509583), (12, 0.6933468580245972), (13, 0.8472688794136047), (14, 0.48230084776878357), (15, 0.855965256690979), (16, 0.46761760115623474), (17, 0.6306484937667847), (18, 0.3508623242378235), (19, 0.3575034439563751), (0, 0.6563776731491089), (1, 0.5203139185905457), (2, 0.34468576312065125), (3, 0.4762272834777832), (4, 0.6695886850357056), (5, 0.47106146812438965), (6, 0.9679994583129883), (7, 0.6590815782546997), (8, 0.7184117436408997), (9, 0.8460791707038879), (10, 0.7971985936164856), (11, 0.5698994398117065), (12, 0.5285900235176086), (13, 0.5377630591392517), (14, 0.5982750058174133), (15, 0.6614669561386108), (16, 0.33429864048957825), (17, 0.4482696056365967), (18, 0.5667208433151245), (19, 0.14386974275112152), (0, 0.4813228249549866), (1, 0.5790862441062927), (2, 0.6125836968421936), (3, 0.8423498272895813), (4, 0.5373772382736206), (5, 0.5262768268585205), (6, 0.3969917297363281), (7, 0.49809712171554565), (8, 0.3998641073703766), (9, 0.6705890893936157), (10, 0.364473432302475), (11, 0.3655274212360382), (12, 0.7008938789367676), (13, 0.7399616241455078), (14, 0.7117487192153931), (15, 0.690566897392273), (16, 0.4850151538848877), (17, 0.7918345928192139), (18, 0.6260772943496704), (19, 0.8714426159858704), (0, 0.40234312415122986), (1, 0.5962515473365784), (2, 0.6048364639282227), (3, 0.5972965955734253), (4, 0.6839855909347534), (5, 0.4498847424983978), (6, 0.6219902634620667), (7, 0.501499354839325), (8, 0.6232203245162964), (9, 0.6104266047477722), (10, 0.595237135887146), (11, 0.6075109243392944), (12, 0.8514158129692078), (13, 0.5716950297355652), (14, 0.5572792291641235), (15, 0.4187261462211609), (16, 1.0290768146514893), (17, 0.563315749168396), (18, 0.4274260401725769), (19, 0.5586519837379456), (0, 0.4011779725551605), (1, 0.6496824622154236), (2, 0.5826857686042786), (3, 0.8334823846817017), (4, 0.8242387771606445), (5, 0.7287346124649048), (6, 0.45692920684814453), (7, 0.6104440689086914), (8, 0.6415044069290161), (9, 0.8144526481628418), (10, 0.5087631940841675), (11, 0.5641593933105469), (12, 0.5624767541885376), (13, 0.5951938629150391), (14, 0.6239302754402161), (15, 0.5035959482192993), (16, 0.49556708335876465), (17, 0.5605040788650513), (18, 0.7424277067184448), (19, 0.19327948987483978), (0, 0.5189423561096191), (1, 0.5206362009048462), (2, 0.7837499380111694), (3, 0.6226654052734375), (4, 0.7283231019973755), (5, 0.6078504323959351), (6, 0.5790683031082153), (7, 0.5486694574356079), (8, 0.5584295988082886), (9, 0.46772879362106323), (10, 0.595863938331604), (11, 0.7162652611732483), (12, 0.6291468739509583), (13, 0.49373960494995117), (14, 0.8127671480178833), (15, 0.3340833783149719), (16, 0.42180776596069336), (17, 0.43223434686660767), (18, 0.6202718019485474), (19, 0.6369286179542542), (0, 0.609695315361023), (1, 0.19895139336585999), (2, 0.6428371667861938), (3, 0.5491312742233276), (4, 0.4408667981624603), (5, 0.6813668608665466), (6, 0.5903923511505127), (7, 0.4800270199775696), (8, 0.9831398129463196), (9, 1.0433294773101807), (10, 0.6514862775802612), (11, 0.46027883887290955), (12, 0.6236397624015808), (13, 0.6271078586578369), (14, 0.35305359959602356), (15, 0.413430392742157), (16, 0.5061460733413696), (17, 0.8478097915649414), (18, 0.4201253056526184), (19, 0.5721950531005859), (0, 0.5599247217178345), (1, 0.7942878007888794), (2, 0.4386148452758789), (3, 0.5615988969802856), (4, 0.8244576454162598), (5, 0.5277742147445679), (6, 0.430284321308136), (7, 0.4477180540561676), (8, 0.489246666431427), (9, 0.4540006220340729), (10, 0.4406084418296814), (11, 0.7230480909347534), (12, 0.3489084839820862), (13, 0.7018885612487793), (14, 0.6005102396011353), (15, 0.6964433789253235), (16, 0.7083938717842102), (17, 0.5978467464447021), (18, 0.654751181602478), (19, 0.782085120677948), (0, 0.6226474046707153), (1, 0.4942570626735687), (2, 0.506127119064331), (3, 0.5869179964065552), (4, 0.7203224897384644), (5, 0.33793625235557556), (6, 0.45176029205322266), (7, 0.7225337624549866), (8, 0.6392002105712891), (9, 0.4696706235408783), (10, 0.6216987371444702), (11, 0.41127410531044006), (12, 0.9327173233032227), (13, 0.488677442073822), (14, 0.5117904543876648), (15, 0.7868041396141052), (16, 0.49181193113327026), (17, 0.5611109733581543), (18, 0.7352176904678345), (19, 0.5460417866706848), (0, 0.5672647356987), (1, 0.7579325437545776), (2, 0.47837167978286743), (3, 0.6511791348457336), (4, 0.6688402891159058), (5, 0.6856650710105896), (6, 0.624774158000946), (7, 0.44384661316871643), (8, 0.6049782633781433), (9, 0.5049866437911987), (10, 0.7262608408927917), (11, 0.6372202634811401), (12, 0.5015096068382263), (13, 0.3227572739124298), (14, 0.675636887550354), (15, 0.2845761477947235), (16, 0.7395718097686768), (17, 0.7408098578453064), (18, 0.5306547284126282), (19, 0.4999745786190033), (0, 0.7038851976394653), (1, 0.21363750100135803), (2, 0.5463070869445801), (3, 0.5617284774780273), (4, 0.7116143107414246), (5, 0.7642747163772583), (6, 0.4927508234977722), (7, 0.5676571130752563), (8, 0.7367101311683655), (9, 0.7237032651901245), (10, 0.6601907014846802), (11, 0.5338132977485657), (12, 0.5632961392402649), (13, 0.4781268537044525), (14, 0.5536905527114868), (15, 0.5178959369659424), (16, 0.3318350315093994), (17, 0.6132663488388062), (18, 0.5834370255470276), (19, 0.5737057328224182), (0, 0.6222023963928223), (1, 0.3981827199459076), (2, 0.5037307739257812), (3, 0.4746376872062683), (4, 0.6070122122764587), (5, 0.774067759513855), (6, 0.5845232009887695), (7, 0.48631638288497925), (8, 0.48470592498779297), (9, 0.22274620831012726), (10, 0.5755860805511475), (11, 1.1407655477523804), (12, 0.6373852491378784), (13, 0.6128675937652588), (14, 0.6428926587104797), (15, 0.43564343452453613), (16, 0.4414750933647156), (17, 0.7298234105110168), (18, 1.0200016498565674), (19, 0.49078306555747986), (0, 0.5709713101387024), (1, 0.42215365171432495), (2, 0.5037550926208496), (3, 0.5909215211868286), (4, 0.4819764196872711), (5, 0.5412462949752808), (6, 0.4595511853694916), (7, 0.6164044141769409), (8, 0.7422015070915222), (9, 0.7157499194145203), (10, 0.6534687876701355), (11, 0.3183657228946686), (12, 0.4918513894081116), (13, 0.5369266271591187), (14, 0.9311915636062622), (15, 1.01567542552948), (16, 0.5902537703514099), (17, 0.8818243145942688), (18, 0.3372364342212677), (19, 0.4488811492919922), (0, 0.6205326914787292), (1, 0.379993736743927), (2, 0.5344019532203674), (3, 0.5622451901435852), (4, 0.8343589901924133), (5, 0.5683628916740417), (6, 0.4327130913734436), (7, 0.4924563467502594), (8, 0.6315056085586548), (9, 0.6849849224090576), (10, 0.1550408899784088), (11, 0.6473096013069153), (12, 0.591547429561615), (13, 0.6887645721435547), (14, 0.7548788785934448), (15, 0.6544337272644043), (16, 0.47060227394104004), (17, 0.6854225397109985), (18, 0.5759356021881104), (19, 0.7941537499427795), (0, 0.4194796681404114), (1, 0.5177428126335144), (2, 0.6048018336296082), (3, 0.5123100280761719), (4, 0.4173368811607361), (5, 0.7043372988700867), (6, 0.5664361119270325), (7, 0.579395592212677), (8, 0.8405283093452454), (9, 0.6364833116531372), (10, 0.347514808177948), (11, 0.8184338808059692), (12, 0.589739203453064), (13, 0.7720953822135925), (14, 0.9359353184700012), (15, 0.45202699303627014), (16, 0.820124626159668), (17, 0.5121458768844604), (18, 0.3269132971763611), (19, 0.70997554063797), (0, 0.7040393352508545), (1, 0.5513697862625122), (2, 0.42677241563796997), (3, 0.6229022145271301), (4, 0.5844229459762573), (5, 0.6836134195327759), (6, 0.5630332231521606), (7, 0.5414107441902161), (8, 0.3550746440887451), (9, 0.47800198197364807), (10, 0.49749556183815), (11, 0.6530616879463196), (12, 0.7314621210098267), (13, 0.7344106435775757), (14, 0.4508628845214844), (15, 0.9069108963012695), (16, 0.5560712218284607), (17, 0.6924949884414673), (18, 0.5734981298446655), (19, 0.5996513962745667), (0, 0.42459550499916077), (1, 0.39641040563583374), (2, 0.4942351281642914), (3, 0.5621450543403625), (4, 0.4737066328525543), (5, 0.6692572832107544), (6, 0.5135837197303772), (7, 0.971175491809845), (8, 0.7097823619842529), (9, 0.5908087491989136), (10, 0.3176933825016022), (11, 0.6490009427070618), (12, 0.563848614692688), (13, 0.6390718221664429), (14, 0.616338849067688), (15, 0.5552237033843994), (16, 0.7719747424125671), (17, 0.49245578050613403), (18, 0.758446991443634), (19, 0.7270596623420715), (0, 0.5222844481468201), (1, 0.5576499104499817), (2, 0.47107553482055664), (3, 0.47207051515579224), (4, 0.4258130192756653), (5, 0.1048511490225792), (6, 0.6718620657920837), (7, 0.7096360921859741), (8, 0.3444793224334717), (9, 0.7302259206771851), (10, 0.6517338156700134), (11, 0.8981436491012573), (12, 0.6314301490783691), (13, 0.5012051463127136), (14, 0.6111229062080383), (15, 0.5906943082809448), (16, 0.6204293966293335), (17, 0.7022172212600708), (18, 0.6047936677932739), (19, 0.8373786807060242), (0, 0.8094701766967773), (1, 0.569861888885498), (2, 0.5286917686462402), (3, 0.5291039943695068), (4, 0.5703212022781372), (5, 0.5422918796539307), (6, 0.8562120199203491), (7, 0.5882658362388611), (8, 0.675516664981842), (9, 0.3456076681613922), (10, 0.7340062856674194), (11, 0.6221625208854675), (12, 0.6516901254653931), (13, 0.3977591395378113), (14, 0.5413158535957336), (15, 0.6015796065330505), (16, 0.32657936215400696), (17, 0.7316367030143738), (18, 0.6368076205253601), (19, 0.38029444217681885), (0, 0.7745342254638672), (1, 0.4478185772895813), (2, 0.5904303789138794), (3, 0.45182737708091736), (4, 0.5823580026626587), (5, 0.3887940049171448), (6, 0.5458623766899109), (7, 0.5364723205566406), (8, 0.5446153283119202), (9, 0.4552798271179199), (10, 0.7975571751594543), (11, 0.426058828830719), (12, 0.8130634427070618), (13, 0.7113407254219055), (14, 0.6509256362915039), (15, 0.8061977624893188), (16, 0.4507022798061371), (17, 0.6013644933700562), (18, 0.238002210855484), (19, 0.4816732108592987), (0, 0.42219868302345276), (1, 0.42285817861557007), (2, 0.3458996117115021), (3, 0.6678745746612549), (4, 0.70344078540802), (5, 0.7643794417381287), (6, 0.3395887613296509), (7, 0.567470133304596), (8, 0.9680107831954956), (9, 0.7104114294052124), (10, 0.6772262454032898), (11, 0.7914762496948242), (12, 0.4905816912651062), (13, 0.5518255829811096), (14, 0.5364940762519836), (15, 0.5864146947860718), (16, 0.5156599283218384), (17, 0.4612184166908264), (18, 0.6069186925888062), (19, 0.43900513648986816), (0, 0.4590650200843811), (1, 0.32096248865127563), (2, 0.35429906845092773), (3, 0.6533272862434387), (4, 0.5456516146659851), (5, 0.5428355932235718), (6, 0.4652005136013031), (7, 0.7887315154075623), (8, 0.476592481136322), (9, 0.35509464144706726), (10, 0.7817574739456177), (11, 0.5424298048019409), (12, 0.7084521055221558), (13, 0.9300815463066101), (14, 0.7267907857894897), (15, 0.6348280906677246), (16, 0.6483458280563354), (17, 0.8462724685668945), (18, 0.5141719579696655), (19, 0.2431975156068802), (0, 0.817523181438446), (1, 0.44343096017837524), (2, 0.548102855682373), (3, 0.367829829454422), (4, 0.43885570764541626), (5, 0.4616319537162781), (6, 0.34884485602378845), (7, 0.6986280679702759), (8, 0.6162049174308777), (9, 0.45421725511550903), (10, 0.8348715901374817), (11, 0.667585015296936), (12, 0.5160688161849976), (13, 0.9564275741577148), (14, 0.9144007563591003), (15, 0.8605489730834961), (16, 0.7009595036506653), (17, 0.652068018913269), (18, 0.5677099227905273), (19, 0.4801362454891205), (0, 0.934085488319397), (1, 0.5010367631912231), (2, 0.5917220711708069), (3, 0.4089433550834656), (4, 0.5806354284286499), (5, 0.2764735817909241), (6, 0.5623065233230591), (7, 0.6340459585189819), (8, 1.089000940322876), (9, 0.6162434816360474), (10, 0.6016639471054077), (11, 0.5334314703941345), (12, 0.5081441402435303), (13, 0.5198695063591003), (14, 0.5611466765403748), (15, 0.6009995341300964), (16, 0.4830161929130554), (17, 0.5085498094558716), (18, 0.595100462436676), (19, 0.7709612250328064), (0, 0.5978170037269592), (1, 0.6339374780654907), (2, 1.0351884365081787), (3, 0.46593260765075684), (4, 0.6332676410675049), (5, 0.47163933515548706), (6, 0.5643913745880127), (7, 0.36730819940567017), (8, 0.5354730486869812), (9, 0.6437330842018127), (10, 0.433383047580719), (11, 0.6569437980651855), (12, 0.5463036894798279), (13, 0.5161596536636353), (14, 0.44274741411209106), (15, 0.8861632347106934), (16, 0.8827224969863892), (17, 0.697551429271698), (18, 0.34464770555496216), (19, 0.31130340695381165), (0, 0.5634473562240601), (1, 0.48835673928260803), (2, 0.633211076259613), (3, 0.3448100984096527), (4, 0.4723528027534485), (5, 0.4931723177433014), (6, 0.5421160459518433), (7, 0.5729352831840515), (8, 0.9343751072883606), (9, 0.667833685874939), (10, 0.5297515392303467), (11, 0.2961472272872925), (12, 0.42252740263938904), (13, 0.734806478023529), (14, 0.9919508695602417), (15, 0.6951444745063782), (16, 0.3876573145389557), (17, 0.4601716101169586), (18, 0.7699146270751953), (19, 0.6607723236083984), (0, 0.47137850522994995), (1, 0.4893586039543152), (2, 0.7079108357429504), (3, 0.6549461483955383), (4, 0.4381161332130432), (5, 0.7708826065063477), (6, 0.7366129159927368), (7, 0.44256487488746643), (8, 0.331468403339386), (9, 0.9161788821220398), (10, 0.5899326205253601), (11, 0.5130414366722107), (12, 0.7423082590103149), (13, 0.6855040788650513), (14, 0.571851372718811), (15, 0.31741443276405334), (16, 0.40005120635032654), (17, 0.6097507476806641), (18, 0.48677340149879456), (19, 0.5950703620910645), (0, 0.6840076446533203), (1, 0.43649721145629883), (2, 0.44119781255722046), (3, 0.48683834075927734), (4, 0.8832980990409851), (5, 0.6289117932319641), (6, 0.3629923462867737), (7, 0.6490384340286255), (8, 0.8642138242721558), (9, 0.7529308199882507), (10, 0.5307560563087463), (11, 0.5775995254516602), (12, 0.5245488882064819), (13, 0.4594039022922516), (14, 0.37720486521720886), (15, 0.7288926839828491), (16, 0.47061195969581604), (17, 0.5612528324127197), (18, 0.41698893904685974), (19, 0.6622305512428284), (0, 0.5019800662994385), (1, 0.6028587818145752), (2, 0.618209958076477), (3, 0.7190568447113037), (4, 0.30903857946395874), (5, 0.5546470880508423), (6, 0.8733526468276978), (7, 0.5520440340042114), (8, 0.5872509479522705), (9, 0.752018392086029), (10, 0.5997716188430786), (11, 0.6669473052024841), (12, 0.9010763168334961), (13, 0.432710736989975), (14, 0.5247876048088074), (15, 0.41964760422706604), (16, 0.21669559180736542), (17, 0.7964469194412231), (18, 0.4400273263454437), (19, 0.32963451743125916), (0, 0.4262465536594391), (1, 0.5876623392105103), (2, 0.6233769655227661), (3, 0.5625278353691101), (4, 0.3867545425891876), (5, 0.48670777678489685), (6, 0.3095661997795105), (7, 0.6682667136192322), (8, 0.44888702034950256), (9, 0.45320644974708557), (10, 0.5081987380981445), (11, 0.7882840037345886), (12, 0.6379233002662659), (13, 0.5640108585357666), (14, 0.6488052606582642), (15, 0.8224174380302429), (16, 0.2294515073299408), (17, 0.9758397936820984), (18, 0.8825043439865112), (19, 0.5629188418388367), (0, 0.8158098459243774), (1, 0.7242186665534973), (2, 0.3764617145061493), (3, 0.537056028842926), (4, 0.4582516551017761), (5, 0.9165026545524597), (6, 0.7849357724189758), (7, 0.8001745343208313), (8, 0.6161254048347473), (9, 0.5333191156387329), (10, 0.5459510684013367), (11, 0.741023063659668), (12, 0.5614430904388428), (13, 0.5205422639846802), (14, 0.4631517827510834), (15, 0.459511935710907), (16, 0.5248764753341675), (17, 0.4648919105529785), (18, 0.47170180082321167), (19, 0.6973035931587219), (0, 0.8642760515213013), (1, 0.5029722452163696), (2, 0.5478807687759399), (3, 0.5602357387542725), (4, 0.5469018220901489), (5, 0.37083718180656433), (6, 0.3696107864379883), (7, 0.7085932493209839), (8, 0.5650556683540344), (9, 0.5836805105209351), (10, 0.7099578380584717), (11, 0.748554527759552), (12, 0.33648672699928284), (13, 1.0297595262527466), (14, 0.33629584312438965), (15, 0.45593976974487305), (16, 0.4946998655796051), (17, 0.6522163152694702), (18, 0.5323556661605835), (19, 0.5055528283119202), (0, 0.575892448425293), (1, 0.3648560345172882), (2, 0.6496239900588989), (3, 0.266804963350296), (4, 0.46537986397743225), (5, 0.3694276213645935), (6, 1.261277437210083), (7, 0.4729718267917633), (8, 0.7801814675331116), (9, 0.71534264087677), (10, 0.545646607875824), (11, 0.6712953448295593), (12, 0.4148436486721039), (13, 0.4904903471469879), (14, 0.5794121623039246), (15, 0.39748331904411316), (16, 0.6904647350311279), (17, 0.6051561236381531), (18, 0.6325250864028931), (19, 0.40359053015708923), (0, 0.5717176795005798), (1, 0.3087485432624817), (2, 0.6981722712516785), (3, 0.5675836801528931), (4, 0.7538593411445618), (5, 0.49843937158584595), (6, 0.4562053084373474), (7, 0.5733344554901123), (8, 0.41611242294311523), (9, 0.6878215670585632), (10, 0.366956889629364), (11, 0.5443304181098938), (12, 0.4788143038749695), (13, 0.5225837826728821), (14, 0.6451367735862732), (15, 0.4614149034023285), (16, 0.74155592918396), (17, 0.4525913596153259), (18, 0.9591180086135864), (19, 0.8842296600341797), (0, 0.45933404564857483), (1, 0.5494455099105835), (2, 0.5867155194282532), (3, 0.5388854742050171), (4, 0.4149961471557617), (5, 0.6227631568908691), (6, 0.7370463609695435), (7, 0.4682418406009674), (8, 0.5086338520050049), (9, 0.5513705015182495), (10, 0.4869000315666199), (11, 0.5087288022041321), (12, 0.5843186378479004), (13, 0.8410639762878418), (14, 0.5857378840446472), (15, 0.5810542702674866), (16, 0.6943010091781616), (17, 0.5637203454971313), (18, 0.6670726537704468), (19, 0.6004450917243958), (0, 0.5934072732925415), (1, 0.7401518821716309), (2, 0.6916950941085815), (3, 0.5441396832466125), (4, 0.22332389652729034), (5, 0.5150471925735474), (6, 0.39423471689224243), (7, 0.4443263113498688), (8, 0.5611340403556824), (9, 0.610193133354187), (10, 0.2926829755306244), (11, 0.5317246317863464), (12, 0.5731044411659241), (13, 0.4554055631160736), (14, 0.5466042757034302), (15, 1.0157439708709717), (16, 0.5500203967094421), (17, 0.638775110244751), (18, 0.6928808689117432), (19, 0.7906606793403625), (0, 0.43319693207740784), (1, 0.41432103514671326), (2, 0.5437619686126709), (3, 0.4904312491416931), (4, 0.544741690158844), (5, 0.8001972436904907), (6, 0.36656320095062256), (7, 0.5782943367958069), (8, 0.9920192956924438), (9, 0.7047934532165527), (10, 0.5903263092041016), (11, 0.5863814353942871), (12, 0.19949473440647125), (13, 0.6643093824386597), (14, 0.3912755846977234), (15, 0.5446614027023315), (16, 0.6755927801132202), (17, 0.5242307186126709), (18, 0.7761855125427246), (19, 0.708166778087616), (0, 0.6626015901565552), (1, 0.3676176965236664), (2, 0.31592822074890137), (3, 0.9320582151412964), (4, 0.48304829001426697), (5, 0.5546259880065918), (6, 0.6043232679367065), (7, 0.7450553178787231), (8, 0.653961181640625), (9, 0.43606653809547424), (10, 0.6038504242897034), (11, 0.5995904207229614), (12, 0.5223231911659241), (13, 0.4714772701263428), (14, 0.5273180603981018), (15, 0.6790458559989929), (16, 0.515705943107605), (17, 0.7351691126823425), (18, 0.6956149935722351), (19, 0.18876902759075165), (0, 0.3740310072898865), (1, 0.5520032644271851), (2, 0.6311551928520203), (3, 0.4992200434207916), (4, 0.8782331347465515), (5, 0.6207088828086853), (6, 0.4625484347343445), (7, 1.1070942878723145), (8, 0.5309422016143799), (9, 0.7258539795875549), (10, 0.7556569576263428), (11, 0.4327155649662018), (12, 0.5417019128799438), (13, 0.605277419090271), (14, 0.4301918148994446), (15, 0.3854222297668457), (16, 0.523577868938446), (17, 0.4685128629207611), (18, 0.6781573295593262), (19, 0.2209637314081192), (0, 0.490908145904541), (1, 0.8231579065322876), (2, 0.611024022102356), (3, 0.7810484170913696), (4, 0.39680758118629456), (5, 0.4804688096046448), (6, 0.4829484820365906), (7, 0.44903844594955444), (8, 0.7915314435958862), (9, 0.6931551694869995), (10, 0.4497040808200836), (11, 0.5692312121391296), (12, 0.5557517409324646), (13, 0.6585095524787903), (14, 0.6885215044021606), (15, 0.37050026655197144), (16, 0.41054731607437134), (17, 1.0064326524734497), (18, 0.3934859335422516), (19, 0.4222968518733978), (0, 0.9051680564880371), (1, 0.6702976226806641), (2, 0.5594912767410278), (3, 0.5033475160598755), (4, 0.4518193304538727), (5, 0.48579782247543335), (6, 0.20529663562774658), (7, 0.35678890347480774), (8, 0.7349188327789307), (9, 0.7237892150878906), (10, 0.7335062026977539), (11, 0.5327199101448059), (12, 0.799570620059967), (13, 0.8834792375564575), (14, 0.48517805337905884), (15, 0.5524696707725525), (16, 0.47444820404052734), (17, 0.6672517657279968), (18, 0.4855305254459381), (19, 0.562308132648468)]