Model Setup for {PATIENT_GROUPS} Trained Network:

NODE Network Architecture Parameters
Input channels=2
Hidden channels=11
Output channels=2

Training hyperparameters
Optimizer=AdamW (
Parameter Group 0
    amsgrad: False
    betas: (0.9, 0.999)
    capturable: False
    differentiable: False
    eps: 1e-08
    foreach: None
    fused: None
    lr: 0.001
    maximize: False
    weight_decay: 1e-06
)Training Iterations=100
Learning rate=0.001
Weight decay=1e-06
Optimizer reset frequency=None

Dropout probability (after initial linear layer before NCDE): 0.0
Training Data Selection Parameters
(If not virtual, the only important params are the groups and whether data was normalized/standardized)
Patient groups=['Control', 'Atypical']
Augmentation strategy=Uniform
Noise Magnitude=0.05
Normalized/standardized=None
Number of virtual patients per real patient=100
Label smoothing factor=0
Test Patient Combinations:
Control: (0, 9, 3, 7, 4)
MDD: (4, 1, 13, 10)
Training batch size=5
Training Results:
Runtime=3.9108290672302246
Loss over time=[(0, 1.4257359504699707), (1, 2.4510018825531006), (2, 1.3010205030441284), (3, 1.9667284488677979), (0, 0.963030993938446), (1, 2.0637173652648926), (2, 2.431485176086426), (3, 1.686253309249878), (0, 1.9209543466567993), (1, 1.1611133813858032), (2, 3.2195205688476562), (3, 0.8428982496261597), (0, 1.4804351329803467), (1, 2.194023609161377), (2, 1.5643038749694824), (3, 1.905724287033081), (0, 1.2952359914779663), (1, 3.3435726165771484), (2, 1.0056736469268799), (3, 1.5000042915344238), (0, 1.61286199092865), (1, 1.0525598526000977), (2, 2.1365790367126465), (3, 2.3424861431121826), (0, 1.038383960723877), (1, 1.6693775653839111), (2, 2.2862541675567627), (3, 2.1504712104797363), (0, 1.250855803489685), (1, 2.4560399055480957), (2, 2.9425976276397705), (3, 0.4949935972690582), (0, 2.1631035804748535), (1, 0.005497895181179047), (2, 3.2043190002441406), (3, 1.7715661525726318), (0, 1.697166085243225), (1, 1.4327166080474854), (2, 1.9932804107666016), (3, 2.0213236808776855), (0, 1.6824817657470703), (1, 2.397118330001831), (2, 1.9910533428192139), (3, 1.0738332271575928), (0, 1.1427263021469116), (1, 1.7246071100234985), (2, 2.597095251083374), (3, 1.680058240890503), (0, 2.5817863941192627), (1, 1.6163736581802368), (2, 0.467430979013443), (3, 2.478895902633667), (0, 1.4697129726409912), (1, 1.531596064567566), (2, 2.191237688064575), (3, 1.9519401788711548), (0, 1.4325329065322876), (1, 2.3282439708709717), (2, 1.1591389179229736), (3, 2.2245709896087646), (0, 1.0042237043380737), (1, 2.1599676609039307), (2, 2.511500835418701), (3, 1.4687944650650024), (0, 0.841305136680603), (1, 1.4665634632110596), (2, 3.152543306350708), (3, 1.6840749979019165), (0, 2.7218289375305176), (1, 2.2896299362182617), (2, 0.6511069536209106), (3, 1.4819211959838867), (0, 2.397116184234619), (1, 1.1285126209259033), (2, 2.1768908500671387), (3, 1.4419671297073364), (0, 2.7933995723724365), (1, 2.7976467609405518), (2, 1.5312962532043457), (3, 0.022144198417663574), (0, 2.231203556060791), (1, 0.9220280647277832), (2, 3.3092010021209717), (3, 0.6820544004440308), (0, 2.473928689956665), (1, 2.2578625679016113), (2, 1.1132850646972656), (3, 1.2994105815887451), (0, 1.469429850578308), (1, 2.1883444786071777), (2, 1.9258811473846436), (3, 1.5608314275741577), (0, 0.9785205721855164), (1, 2.5532820224761963), (2, 2.5353786945343018), (3, 1.077305793762207), (0, 2.003580331802368), (1, 2.229077100753784), (2, 1.095855474472046), (3, 1.8159738779067993), (0, 0.5126804113388062), (1, 1.503485918045044), (2, 2.175673007965088), (3, 2.9526476860046387), (0, 2.55427622795105), (1, 0.6344882845878601), (2, 2.3316657543182373), (3, 1.6240565776824951), (0, 2.042461395263672), (1, 1.2549272775650024), (2, 2.1670947074890137), (3, 1.6800035238265991), (0, 3.5120434761047363), (1, 2.15777850151062), (2, 0.5116042494773865), (3, 0.9630605578422546), (0, 0.4926193356513977), (1, 1.8229297399520874), (2, 2.2526981830596924), (3, 2.576239824295044), (0, 0.9862688779830933), (1, 1.8188035488128662), (2, 2.5119636058807373), (3, 1.8274509906768799), (0, 2.5591793060302734), (1, 1.7425405979156494), (2, 1.8565528392791748), (3, 0.986214280128479), (0, 1.9347808361053467), (1, 0.6693927049636841), (2, 2.1430554389953613), (3, 2.3972578048706055), (0, 0.6502901315689087), (1, 2.209768772125244), (2, 1.5458654165267944), (3, 2.738562822341919), (0, 2.751599073410034), (1, 2.72591495513916), (2, 0.026163050904870033), (3, 1.6408096551895142), (0, 2.677797794342041), (1, 2.17109751701355), (2, 1.0803430080413818), (3, 1.215248703956604), (0, 1.1195957660675049), (1, 0.5180203914642334), (2, 1.6442821025848389), (3, 3.862588405609131), (0, 1.8865344524383545), (1, 2.727363109588623), (2, 1.6712554693222046), (3, 0.8593336939811707), (0, 2.193178653717041), (1, 2.4853453636169434), (2, 0.9204120635986328), (3, 1.5455509424209595), (0, 2.3718228340148926), (1, 0.6695322394371033), (2, 3.1168251037597656), (3, 0.9863066673278809), (0, 1.0509979724884033), (1, 1.0414094924926758), (2, 1.7729294300079346), (3, 3.2791500091552734), (0, 2.1602377891540527), (1, 2.167185068130493), (2, 0.9782207608222961), (3, 1.8388431072235107), (0, 1.0518639087677002), (1, 2.7046360969543457), (2, 2.1256699562072754), (3, 1.2623169422149658), (0, 1.2996954917907715), (1, 2.1733245849609375), (2, 1.1155664920806885), (3, 2.5559005737304688), (0, 3.400960922241211), (1, 1.5491737127304077), (2, 1.5125596523284912), (3, 0.6817923188209534), (0, 2.133800745010376), (1, 2.480343818664551), (2, 1.3717167377471924), (3, 1.158625841140747), (0, 0.6510691046714783), (1, 2.601534366607666), (2, 2.6319727897644043), (3, 1.2599105834960938), (0, 2.412576198577881), (1, 1.0971558094024658), (2, 1.9373565912246704), (3, 1.6973981857299805), (0, 0.49343615770339966), (1, 2.993799924850464), (2, 3.188859224319458), (3, 0.4683915972709656), (0, 1.9537382125854492), (1, 2.833540439605713), (2, 1.2586948871612549), (3, 1.0985132455825806), (0, 1.2346718311309814), (1, 2.1047017574310303), (2, 1.6795833110809326), (3, 2.1255297660827637), (0, 2.314650535583496), (1, 2.536881446838379), (2, 0.4099031090736389), (3, 1.883051872253418), (0, 0.6683670282363892), (1, 2.0768868923187256), (2, 2.9564437866210938), (3, 1.442789077758789), (0, 1.8187658786773682), (1, 1.0984262228012085), (2, 1.9395688772201538), (3, 2.2877259254455566), (0, 2.79768705368042), (1, 1.0743274688720703), (2, 1.5260562896728516), (3, 1.7464158535003662), (0, 1.0752880573272705), (1, 2.619126796722412), (2, 1.6788545846939087), (3, 1.7712173461914062), (0, 2.207568883895874), (1, 1.2957675457000732), (2, 2.1731324195861816), (3, 1.468017816543579), (0, 2.719320774078369), (1, 1.6650606393814087), (2, 0.808099627494812), (3, 1.9520056247711182), (0, 3.1869235038757324), (1, 1.0335431098937988), (2, 2.4381191730499268), (3, 0.4859010577201843), (0, 2.333810806274414), (1, 1.5912400484085083), (2, 2.166900634765625), (3, 1.0525352954864502), (0, 3.0235629081726074), (1, 1.0352879762649536), (2, 0.8424041867256165), (3, 2.243232011795044), (0, 1.4996626377105713), (1, 1.8162040710449219), (2, 2.649271249771118), (3, 1.1793488264083862), (0, 0.5169591903686523), (1, 2.976245164871216), (2, 1.0691683292388916), (3, 2.5821139812469482), (0, 1.442461371421814), (1, 2.0203728675842285), (2, 1.8787485361099243), (3, 1.8029041290283203), (0, 1.6988489627838135), (1, 2.373638868331909), (2, 1.5401731729507446), (3, 1.5318259000778198), (0, 2.0826973915100098), (1, 1.9431310892105103), (2, 2.155456066131592), (3, 0.9632023572921753), (0, 2.9526474475860596), (1, 1.551276445388794), (2, 1.6971139907836914), (3, 0.9434488415718079), (0, 0.6845932602882385), (1, 3.3438048362731934), (2, 0.9802533388137817), (3, 2.1358354091644287), (0, 1.8955971002578735), (1, 1.9163100719451904), (2, 0.6498612761497498), (3, 2.6827187538146973), (0, 1.5249035358428955), (1, 2.4698853492736816), (2, 0.4691537916660309), (3, 2.680544376373291), (0, 1.6478912830352783), (1, 3.238790988922119), (2, 1.294773817062378), (3, 0.963030993938446), (0, 2.5790929794311523), (1, 2.37363862991333), (2, 1.0531766414642334), (3, 1.1385784149169922), (0, 1.5483973026275635), (1, 0.43207067251205444), (2, 1.0363514423370361), (3, 4.127667427062988), (0, 3.0091636180877686), (1, 2.3951210975646973), (2, 0.04173026233911514), (3, 1.6984714269638062), (0, 2.9132487773895264), (1, 0.4741917550563812), (2, 0.3968115448951721), (3, 3.360234498977661), (0, 2.6854774951934814), (1, 1.2335935831069946), (2, 1.511776328086853), (3, 1.713639259338379), (0, 0.7883909344673157), (1, 2.1880593299865723), (2, 2.616797685623169), (3, 1.5512386560440063), (0, 2.186208963394165), (1, 0.9069655537605286), (2, 2.8936798572540283), (3, 1.1576329469680786), (0, 1.1329067945480347), (1, 0.41158327460289), (2, 3.155441999435425), (3, 2.4445548057556152), (0, 1.3122934103012085), (1, 2.331008195877075), (2, 2.579038143157959), (3, 0.9221469163894653), (0, 1.8385244607925415), (1, 1.766278624534607), (2, 0.8586999773979187), (3, 2.680983781814575), (0, 1.7101161479949951), (1, 2.1397173404693604), (2, 0.6342562437057495), (3, 2.6603970527648926), (0, 2.7363741397857666), (1, 0.7883909344673157), (2, 2.073199510574341), (3, 1.5465219020843506), (0, 1.0357472896575928), (1, 1.5515367984771729), (2, 2.577622652053833), (3, 1.9795801639556885), (0, 1.1363664865493774), (1, 1.8359676599502563), (2, 1.6832937002182007), (3, 2.488858938217163), (0, 1.4529926776885986), (1, 3.4795937538146973), (2, 2.1722803115844727), (3, 0.03962016850709915), (0, 1.1780664920806885), (1, 1.6898586750030518), (2, 1.1381537914276123), (3, 3.1384079456329346), (0, 1.6831722259521484), (1, 1.7065784931182861), (2, 1.6887693405151367), (3, 2.065966844558716), (0, 2.952453136444092), (1, 1.5490537881851196), (2, 0.5342590808868408), (3, 2.1087207794189453), (0, 2.1072545051574707), (1, 1.6537253856658936), (2, 1.4620356559753418), (3, 1.921471357345581), (0, 1.8943971395492554), (1, 0.8064193725585938), (2, 2.65559458732605), (3, 1.7880756855010986), (0, 2.5522730350494385), (1, 1.4420268535614014), (2, 2.037043571472168), (3, 1.1131433248519897), (0, 3.0986363887786865), (1, 0.8643170595169067), (2, 2.6939144134521484), (3, 0.4876191020011902), (0, 1.1777983903884888), (1, 2.819108247756958), (2, 2.208240509033203), (3, 0.9393396377563477), (0, 3.0889134407043457), (1, 2.2283573150634766), (2, 1.143426537513733), (3, 0.6837892532348633), (0, 2.0382070541381836), (1, 0.6838270425796509), (2, 2.206561326980591), (3, 2.2158913612365723), (0, 1.6510322093963623), (1, 2.2461304664611816), (2, 1.7673835754394531), (3, 1.4799407720565796), (0, 2.056584358215332), (1, 1.9251549243927002), (2, 1.054874062538147), (3, 2.1078734397888184), (0, 1.2947567701339722), (1, 2.1173086166381836), (2, 3.3213672637939453), (3, 0.41105371713638306), (0, 1.6296306848526), (1, 1.0364415645599365), (2, 1.4677497148513794), (3, 3.010664701461792)]