Model Setup for {PATIENT_GROUPS} Trained Network:

NCDE Network Architecture Parameters
Input channels=3
Hidden channels=11
Output channels=1

Training hyperparameters
Optimizer=AdamW (
Parameter Group 0
    amsgrad: False
    betas: (0.9, 0.999)
    capturable: False
    differentiable: False
    eps: 1e-08
    foreach: None
    fused: None
    lr: 0.001
    maximize: False
    weight_decay: 1e-06
)Training Iterations=100
Learning rate=0.001
Weight decay=1e-06
Optimizer reset frequency=None

Dropout probability (after initial linear layer before NCDE): 0.0
Training Data Selection Parameters
(If not virtual, the only important params are the groups and whether data was normalized/standardized)
Patient groups=['Control', 'MDD']
Augmentation strategy=Uniform
Noise Magnitude=0.05
Normalized/standardized=StandardizeAll
Number of virtual patients per real patient=100
Label smoothing factor=0
Test Patient Combinations:
Control: (16, 22, 47, 15, 7)
MDD: (42, 52, 20, 51, 40)
Training batch size=5
Training Results:
Runtime=208.72043704986572
Loss over time=[(0, 0.7150595784187317), (1, 0.6997352838516235), (2, 0.7316799163818359), (3, 0.6743724942207336), (4, 0.6749149560928345), (5, 0.7034898996353149), (6, 0.7288663387298584), (7, 0.7200556993484497), (8, 0.5824160575866699), (9, 0.7595481872558594), (10, 0.7500805258750916), (11, 0.707350492477417), (12, 0.7136127352714539), (13, 0.7367278337478638), (14, 0.7063999772071838), (15, 0.6292838454246521), (16, 0.7194410562515259), (17, 0.7212212681770325), (18, 0.6776779294013977), (19, 0.7296721935272217), (0, 0.6894726157188416), (1, 0.7547391653060913), (2, 0.6654342412948608), (3, 0.690146803855896), (4, 0.663662850856781), (5, 0.6748589873313904), (6, 0.7111630439758301), (7, 0.6542413830757141), (8, 0.6429938077926636), (9, 0.6453836560249329), (10, 0.6229149103164673), (11, 0.707710862159729), (12, 0.6870831251144409), (13, 0.7288112640380859), (14, 0.7089980840682983), (15, 0.6993688941001892), (16, 0.6362321376800537), (17, 0.6718415021896362), (18, 0.6663144826889038), (19, 0.7136883735656738), (0, 0.6366690397262573), (1, 0.6311181783676147), (2, 0.7868748903274536), (3, 0.7236499190330505), (4, 0.6401429176330566), (5, 0.6662307977676392), (6, 0.7406271696090698), (7, 0.4930875897407532), (8, 0.5762280225753784), (9, 0.7948645353317261), (10, 0.6845187544822693), (11, 0.6777525544166565), (12, 0.5896549820899963), (13, 0.7396444082260132), (14, 0.5231190323829651), (15, 0.7939213514328003), (16, 0.6467303037643433), (17, 0.6708067655563354), (18, 0.6371573209762573), (19, 0.6233382821083069), (0, 0.7209804058074951), (1, 0.7481878399848938), (2, 0.749162495136261), (3, 0.567001461982727), (4, 0.6573202013969421), (5, 0.7225983738899231), (6, 0.6200436353683472), (7, 0.7505744695663452), (8, 0.5945255160331726), (9, 0.6273468732833862), (10, 0.7115286588668823), (11, 0.7679821848869324), (12, 0.5114836692810059), (13, 0.643496572971344), (14, 0.6089328527450562), (15, 0.5964612364768982), (16, 0.6687871813774109), (17, 0.6920238733291626), (18, 0.58867347240448), (19, 0.5637297034263611), (0, 0.5740875601768494), (1, 0.7703522443771362), (2, 0.6206467747688293), (3, 0.7417138814926147), (4, 0.5230176448822021), (5, 0.6199605464935303), (6, 0.6880840063095093), (7, 0.5866407155990601), (8, 0.5739424824714661), (9, 0.6542271375656128), (10, 0.6669286489486694), (11, 0.6919431090354919), (12, 0.5677133798599243), (13, 0.537295937538147), (14, 0.803364098072052), (15, 0.7748359441757202), (16, 0.5652689337730408), (17, 0.7633318901062012), (18, 0.5988127589225769), (19, 0.690163791179657), (0, 0.7332268357276917), (1, 0.597767174243927), (2, 0.4717617630958557), (3, 0.8329216837882996), (4, 0.6739798784255981), (5, 0.7747448682785034), (6, 0.4704648554325104), (7, 0.635871410369873), (8, 0.517074465751648), (9, 0.7447625994682312), (10, 0.7786351442337036), (11, 0.7361832857131958), (12, 0.5224228501319885), (13, 0.6177509427070618), (14, 0.5974978804588318), (15, 0.575713038444519), (16, 0.5619680285453796), (17, 0.8232226371765137), (18, 0.5630189776420593), (19, 0.6901257038116455), (0, 0.45797958970069885), (1, 0.6060022115707397), (2, 0.6735202670097351), (3, 0.48081493377685547), (4, 0.7481664419174194), (5, 0.6678546667098999), (6, 0.6866675615310669), (7, 0.6747409105300903), (8, 0.6763300895690918), (9, 0.6336896419525146), (10, 0.5955930352210999), (11, 0.6231824159622192), (12, 0.5345391631126404), (13, 0.5903794169425964), (14, 0.6301801204681396), (15, 0.8622671961784363), (16, 0.7970978617668152), (17, 0.43920421600341797), (18, 0.7784138917922974), (19, 0.706291139125824), (0, 0.5063561201095581), (1, 0.6058061122894287), (2, 0.7764676809310913), (3, 0.7276039123535156), (4, 0.6431815028190613), (5, 0.6483408808708191), (6, 0.7188930511474609), (7, 0.5508278608322144), (8, 0.6799172759056091), (9, 0.4661727845668793), (10, 0.5168718099594116), (11, 0.5179370045661926), (12, 0.6775053143501282), (13, 0.4867003560066223), (14, 0.6432050466537476), (15, 0.685731053352356), (16, 0.759821891784668), (17, 0.808306097984314), (18, 0.7562369108200073), (19, 0.5955138802528381), (0, 0.6334525942802429), (1, 0.6091102361679077), (2, 0.6952470541000366), (3, 0.6388810873031616), (4, 0.7188773155212402), (5, 0.4740976393222809), (6, 0.6561318039894104), (7, 0.5486530065536499), (8, 0.6286109685897827), (9, 0.7737277746200562), (10, 0.4021161198616028), (11, 0.6872708201408386), (12, 0.6586655378341675), (13, 0.6404722929000854), (14, 0.5593019723892212), (15, 0.48238229751586914), (16, 0.5626813173294067), (17, 0.8831093907356262), (18, 0.5928219556808472), (19, 0.43271544575691223), (0, 0.6441099047660828), (1, 0.5927873849868774), (2, 0.42318296432495117), (3, 0.9776026606559753), (4, 0.686659038066864), (5, 0.32881274819374084), (6, 0.5879548788070679), (7, 0.509597897529602), (8, 0.6175628900527954), (9, 0.401981920003891), (10, 0.6607322096824646), (11, 0.7092809081077576), (12, 0.5779914855957031), (13, 0.7094771265983582), (14, 0.8153148889541626), (15, 0.6853088140487671), (16, 0.4772758483886719), (17, 0.5430291891098022), (18, 0.9532324075698853), (19, 0.43700122833251953), (0, 0.5252764821052551), (1, 0.4508593678474426), (2, 0.5701892971992493), (3, 0.5775553584098816), (4, 0.699957013130188), (5, 0.8504659533500671), (6, 0.5770776867866516), (7, 0.4955739378929138), (8, 0.6131409406661987), (9, 0.562207818031311), (10, 0.809785008430481), (11, 0.7239142060279846), (12, 0.4184610843658447), (13, 0.5043830871582031), (14, 0.7547744512557983), (15, 0.8350812792778015), (16, 0.581095814704895), (17, 0.537932813167572), (18, 0.6606615781784058), (19, 0.6346732974052429), (0, 0.5839878916740417), (1, 0.4785338342189789), (2, 0.9192875027656555), (3, 0.4707820415496826), (4, 0.5217822790145874), (5, 0.583707332611084), (6, 1.1478831768035889), (7, 0.4439067244529724), (8, 0.8379448056221008), (9, 0.8993535041809082), (10, 0.716924786567688), (11, 0.6139762997627258), (12, 0.5541154146194458), (13, 0.6547178030014038), (14, 0.7062669992446899), (15, 0.5307976007461548), (16, 0.5909105539321899), (17, 0.5587680339813232), (18, 0.587026059627533), (19, 0.5978912711143494), (0, 0.4760982394218445), (1, 0.48414674401283264), (2, 0.5325189828872681), (3, 0.628878653049469), (4, 0.5930225253105164), (5, 0.6861717700958252), (6, 0.5892900228500366), (7, 0.61452716588974), (8, 0.6580654978752136), (9, 0.8257116079330444), (10, 0.6743739247322083), (11, 0.634453296661377), (12, 0.649025559425354), (13, 0.570318877696991), (14, 0.6553241610527039), (15, 0.691169261932373), (16, 0.5032440423965454), (17, 0.6792008280754089), (18, 0.687731146812439), (19, 0.48790907859802246), (0, 0.6238048076629639), (1, 0.67291259765625), (2, 0.6193724870681763), (3, 0.6797188520431519), (4, 0.4764752984046936), (5, 0.5282109975814819), (6, 0.5479370951652527), (7, 0.36820870637893677), (8, 1.1377328634262085), (9, 0.49054408073425293), (10, 0.4112203121185303), (11, 0.5275865793228149), (12, 0.5905280113220215), (13, 0.8965519666671753), (14, 0.7521269917488098), (15, 0.6910045146942139), (16, 0.544748842716217), (17, 0.6517283320426941), (18, 0.5280892252922058), (19, 0.8390492796897888), (0, 0.5159289836883545), (1, 0.8456865549087524), (2, 0.7116262316703796), (3, 0.5875310897827148), (4, 0.6820482015609741), (5, 0.643547773361206), (6, 0.49970000982284546), (7, 0.7272958755493164), (8, 0.5962966680526733), (9, 0.5074003338813782), (10, 0.4276348948478699), (11, 0.5503284931182861), (12, 0.5635999441146851), (13, 0.6893216371536255), (14, 0.4760335087776184), (15, 0.7319610714912415), (16, 0.37072935700416565), (17, 0.7254936695098877), (18, 0.5347179770469666), (19, 1.1448239088058472), (0, 0.5067676305770874), (1, 0.5702568888664246), (2, 0.625672459602356), (3, 0.6896237134933472), (4, 0.6905336380004883), (5, 0.6557298898696899), (6, 0.7104829549789429), (7, 0.6243430376052856), (8, 0.5536235570907593), (9, 0.5844850540161133), (10, 0.5889518857002258), (11, 0.54255211353302), (12, 0.4400162696838379), (13, 0.5873440504074097), (14, 0.6337820887565613), (15, 0.5958186984062195), (16, 0.5483624935150146), (17, 0.6631391048431396), (18, 0.5940568447113037), (19, 0.8697414398193359), (0, 0.3604165017604828), (1, 0.7835432887077332), (2, 0.6329745054244995), (3, 0.3377036452293396), (4, 0.7634339332580566), (5, 0.7688129544258118), (6, 0.7134985327720642), (7, 0.48306116461753845), (8, 0.6947261691093445), (9, 0.6101049780845642), (10, 0.672540545463562), (11, 0.5620354413986206), (12, 0.8175880312919617), (13, 0.5816075801849365), (14, 0.5938326120376587), (15, 0.6801599264144897), (16, 0.44941624999046326), (17, 0.5313637852668762), (18, 0.5651849508285522), (19, 0.7561818957328796), (0, 0.467414915561676), (1, 0.5923647880554199), (2, 0.6129981875419617), (3, 0.6534544229507446), (4, 0.5483904480934143), (5, 0.44352632761001587), (6, 0.6878378391265869), (7, 0.3918386399745941), (8, 0.48571380972862244), (9, 0.6011012196540833), (10, 0.6854434013366699), (11, 0.8356305956840515), (12, 0.5408005118370056), (13, 0.5073996782302856), (14, 0.6916183233261108), (15, 0.5256128311157227), (16, 0.6965162754058838), (17, 0.5778089761734009), (18, 1.0784027576446533), (19, 0.5373576283454895), (0, 0.6275139451026917), (1, 0.5662268996238708), (2, 0.43828660249710083), (3, 0.5097053647041321), (4, 0.8299375772476196), (5, 0.5369024276733398), (6, 0.5521942377090454), (7, 0.5787997245788574), (8, 0.4993426203727722), (9, 0.5360105037689209), (10, 0.44322317838668823), (11, 0.6820686459541321), (12, 0.6878373622894287), (13, 0.6260470151901245), (14, 0.41138195991516113), (15, 0.508019208908081), (16, 0.4308171272277832), (17, 0.8046356439590454), (18, 0.84351646900177), (19, 0.9033805727958679), (0, 0.6607846021652222), (1, 0.5701798796653748), (2, 0.6041711568832397), (3, 0.38583797216415405), (4, 0.6340651512145996), (5, 0.4346281588077545), (6, 0.7036973834037781), (7, 0.40224790573120117), (8, 0.6571993827819824), (9, 0.47339922189712524), (10, 0.7529395818710327), (11, 0.5585563778877258), (12, 0.63388991355896), (13, 0.6428049206733704), (14, 0.8181079626083374), (15, 0.49088579416275024), (16, 0.6140443086624146), (17, 0.7827062606811523), (18, 0.6621887683868408), (19, 0.3342151641845703), (0, 0.5496526956558228), (1, 0.5343099236488342), (2, 0.34232670068740845), (3, 0.9236644506454468), (4, 0.5609263777732849), (5, 0.5914512872695923), (6, 0.6529115438461304), (7, 0.36882901191711426), (8, 0.6942242980003357), (9, 0.4527553617954254), (10, 0.6400242447853088), (11, 0.7035943865776062), (12, 0.6169697046279907), (13, 0.3998447060585022), (14, 0.47287267446517944), (15, 0.4851599633693695), (16, 0.8524903059005737), (17, 0.7584630250930786), (18, 0.7776902914047241), (19, 0.6794924736022949), (0, 0.4226920008659363), (1, 0.4835403561592102), (2, 0.6141253709793091), (3, 0.3707842528820038), (4, 0.4851081967353821), (5, 0.6167734861373901), (6, 0.3956625461578369), (7, 0.7008209228515625), (8, 0.7333526611328125), (9, 1.0058236122131348), (10, 0.4974118769168854), (11, 0.5936216711997986), (12, 0.3304571509361267), (13, 0.6703264713287354), (14, 1.0222519636154175), (15, 1.019025444984436), (16, 0.7632591724395752), (17, 0.6278831362724304), (18, 0.6144998669624329), (19, 0.3814898729324341), (0, 0.44358015060424805), (1, 0.4836781919002533), (2, 0.5876278877258301), (3, 0.4291381239891052), (4, 0.5404084324836731), (5, 0.6429901719093323), (6, 0.5691229701042175), (7, 0.5452990531921387), (8, 0.6781033873558044), (9, 0.7263253927230835), (10, 0.5380345582962036), (11, 0.848878026008606), (12, 0.7803382873535156), (13, 0.633057713508606), (14, 0.4202237129211426), (15, 0.6077486276626587), (16, 0.4663885533809662), (17, 0.7694200277328491), (18, 0.6777859330177307), (19, 0.7204630374908447), (0, 0.6728314161300659), (1, 0.48670855164527893), (2, 0.4376436173915863), (3, 0.4982137084007263), (4, 0.5333832502365112), (5, 0.6109700202941895), (6, 0.46128422021865845), (7, 0.5096107721328735), (8, 0.800207793712616), (9, 0.5429103374481201), (10, 0.7090539932250977), (11, 0.5022882223129272), (12, 0.5626412630081177), (13, 0.5856331586837769), (14, 0.9530757665634155), (15, 0.4457565248012543), (16, 0.7563468217849731), (17, 0.5737885236740112), (18, 0.5299574136734009), (19, 0.8197996616363525), (0, 0.5298855900764465), (1, 0.8128037452697754), (2, 0.4819914400577545), (3, 0.48512324690818787), (4, 0.6074942350387573), (5, 0.5251607894897461), (6, 0.3795469403266907), (7, 0.5960708260536194), (8, 0.7217581868171692), (9, 0.6331344842910767), (10, 0.45064181089401245), (11, 0.7431303262710571), (12, 0.6893463134765625), (13, 0.5857856273651123), (14, 0.5876957178115845), (15, 0.6032988429069519), (16, 0.6510535478591919), (17, 0.5560153722763062), (18, 0.5395863652229309), (19, 0.7036065459251404), (0, 0.27058202028274536), (1, 0.5897281169891357), (2, 0.5723279714584351), (3, 0.650509238243103), (4, 0.4752691686153412), (5, 0.5072602033615112), (6, 0.5994142293930054), (7, 0.8175460696220398), (8, 0.5229097604751587), (9, 0.557922899723053), (10, 0.580004096031189), (11, 0.34023696184158325), (12, 0.7794260382652283), (13, 0.4731784760951996), (14, 0.5924820899963379), (15, 0.5362488627433777), (16, 0.6311092972755432), (17, 0.7452502250671387), (18, 0.7956417798995972), (19, 0.6667502522468567), (0, 0.7351142168045044), (1, 0.5087262392044067), (2, 0.6317946314811707), (3, 0.5532318949699402), (4, 0.6644532084465027), (5, 0.7446739077568054), (6, 0.6054646372795105), (7, 0.71978759765625), (8, 0.942477822303772), (9, 0.5915819406509399), (10, 0.27543050050735474), (11, 0.45267191529273987), (12, 0.7419110536575317), (13, 0.29414838552474976), (14, 0.46427273750305176), (15, 0.5377792119979858), (16, 0.7397992014884949), (17, 0.2729261815547943), (18, 0.8153864145278931), (19, 0.47676804661750793), (0, 0.49211421608924866), (1, 0.6698983907699585), (2, 0.35628265142440796), (3, 0.6572561264038086), (4, 0.494976282119751), (5, 0.7367726564407349), (6, 0.779258131980896), (7, 0.5067155361175537), (8, 0.43367141485214233), (9, 0.8339388966560364), (10, 0.1855100691318512), (11, 0.7474485039710999), (12, 0.4050969183444977), (13, 0.33474570512771606), (14, 0.5626538991928101), (15, 0.6215435266494751), (16, 0.6957721710205078), (17, 0.8316279649734497), (18, 0.6962371468544006), (19, 0.9140782356262207), (0, 0.30622056126594543), (1, 0.7598336935043335), (2, 0.5343704223632812), (3, 0.2858855128288269), (4, 0.718755841255188), (5, 0.5680239796638489), (6, 0.7486974000930786), (7, 0.6113031506538391), (8, 0.7205559015274048), (9, 0.4353109896183014), (10, 0.8050491213798523), (11, 0.7947329878807068), (12, 0.4081430435180664), (13, 0.49127689003944397), (14, 0.6863278746604919), (15, 0.3652304410934448), (16, 0.7438977360725403), (17, 0.4998262822628021), (18, 0.45809388160705566), (19, 0.7019605040550232), (0, 0.6818413734436035), (1, 0.4215170443058014), (2, 0.6181437373161316), (3, 0.3786499500274658), (4, 0.7408689856529236), (5, 0.6435834169387817), (6, 0.41447481513023376), (7, 0.6795767545700073), (8, 0.3864699900150299), (9, 0.6549702882766724), (10, 0.5662935376167297), (11, 0.34104403853416443), (12, 0.7417432069778442), (13, 0.594864547252655), (14, 0.8279199600219727), (15, 0.7185133099555969), (16, 0.3871757686138153), (17, 0.5779198408126831), (18, 0.6014297604560852), (19, 0.5433827042579651), (0, 0.9706939458847046), (1, 0.40436309576034546), (2, 0.6763657331466675), (3, 0.7596397995948792), (4, 0.5349900126457214), (5, 0.5195597410202026), (6, 0.54964280128479), (7, 0.4624881148338318), (8, 0.44678717851638794), (9, 0.7004313468933105), (10, 0.3700457513332367), (11, 0.7302395701408386), (12, 0.4409775733947754), (13, 0.5341402292251587), (14, 0.5761314630508423), (15, 0.667919397354126), (16, 0.6906124353408813), (17, 0.6147797703742981), (18, 0.41588497161865234), (19, 0.4206402599811554), (0, 0.5888931155204773), (1, 0.2886233627796173), (2, 0.7672005891799927), (3, 0.7178949117660522), (4, 0.4815240800380707), (5, 0.5819154381752014), (6, 0.461892694234848), (7, 0.4672711491584778), (8, 0.5912346839904785), (9, 0.8829556703567505), (10, 0.2930978238582611), (11, 0.4144221246242523), (12, 0.7136178016662598), (13, 0.7284671068191528), (14, 1.210684061050415), (15, 0.35589104890823364), (16, 0.5197259187698364), (17, 0.39992037415504456), (18, 0.5029227137565613), (19, 0.8889335989952087), (0, 0.34828323125839233), (1, 0.8669660687446594), (2, 0.6194816827774048), (3, 0.22825050354003906), (4, 0.4603096842765808), (5, 0.4306213855743408), (6, 0.9753936529159546), (7, 0.7908326387405396), (8, 0.5891414284706116), (9, 0.39926013350486755), (10, 0.5395163297653198), (11, 0.6637364029884338), (12, 0.663305938243866), (13, 0.7423304915428162), (14, 0.4846402108669281), (15, 0.7011690139770508), (16, 0.5240648984909058), (17, 0.5822285413742065), (18, 0.8081291913986206), (19, 0.43699514865875244), (0, 0.7179843187332153), (1, 0.5973168611526489), (2, 0.5575236082077026), (3, 0.4783187806606293), (4, 0.670421302318573), (5, 0.4827090799808502), (6, 0.6770378351211548), (7, 0.6023737788200378), (8, 0.5746403932571411), (9, 0.24826280772686005), (10, 0.24067406356334686), (11, 1.0881736278533936), (12, 0.6159486770629883), (13, 0.4559977650642395), (14, 0.5872739553451538), (15, 0.855822741985321), (16, 0.6417607069015503), (17, 0.7620313763618469), (18, 0.652945876121521), (19, 0.7245786190032959), (0, 0.7645161747932434), (1, 0.4948999881744385), (2, 0.6900125741958618), (3, 0.6860703229904175), (4, 0.5255110859870911), (5, 0.6259872913360596), (6, 0.3084319233894348), (7, 0.6906298398971558), (8, 0.5199548006057739), (9, 0.5127059817314148), (10, 1.078526496887207), (11, 0.7274812459945679), (12, 0.6250174045562744), (13, 0.6489435434341431), (14, 0.8791438937187195), (15, 0.4274931848049164), (16, 0.2928693890571594), (17, 0.3400983214378357), (18, 0.6729898452758789), (19, 0.6863735318183899), (0, 0.47622641921043396), (1, 0.7250536680221558), (2, 0.684665322303772), (3, 0.5157061815261841), (4, 0.6229164004325867), (5, 0.3151260018348694), (6, 0.5600542426109314), (7, 0.5134003758430481), (8, 0.3658446669578552), (9, 0.6647469401359558), (10, 0.5839388966560364), (11, 0.6958343386650085), (12, 0.35646310448646545), (13, 0.7653902769088745), (14, 0.37032073736190796), (15, 0.8967335820198059), (16, 0.43202847242355347), (17, 0.6488449573516846), (18, 0.8982780575752258), (19, 0.7948681712150574), (0, 0.5763204097747803), (1, 0.5332568883895874), (2, 0.7455137968063354), (3, 0.48885950446128845), (4, 0.45505625009536743), (5, 0.524797797203064), (6, 0.7065799236297607), (7, 0.5431687831878662), (8, 0.5424756407737732), (9, 0.46576961874961853), (10, 0.38145819306373596), (11, 0.5286760926246643), (12, 0.7913206815719604), (13, 0.49448680877685547), (14, 0.9343670606613159), (15, 0.5909518003463745), (16, 0.7306691408157349), (17, 0.5376081466674805), (18, 0.6613982319831848), (19, 0.3470427989959717), (0, 0.48879188299179077), (1, 0.46509885787963867), (2, 0.5986438989639282), (3, 0.7766720056533813), (4, 0.6002535820007324), (5, 0.7236055135726929), (6, 0.7994486093521118), (7, 0.5801041126251221), (8, 0.37810447812080383), (9, 0.5468820333480835), (10, 0.4723261892795563), (11, 0.6354872584342957), (12, 0.3222896456718445), (13, 0.6178122162818909), (14, 0.4598920941352844), (15, 0.5333245992660522), (16, 0.550136387348175), (17, 0.6684107184410095), (18, 0.6610070466995239), (19, 0.5523470640182495), (0, 0.6452585458755493), (1, 0.32963666319847107), (2, 0.7152353525161743), (3, 0.5572998523712158), (4, 1.05955970287323), (5, 0.49167466163635254), (6, 0.6977581977844238), (7, 0.9819801449775696), (8, 0.4574316442012787), (9, 0.5689834356307983), (10, 0.6538020372390747), (11, 0.6054503321647644), (12, 0.17114563286304474), (13, 0.528277575969696), (14, 0.3228495717048645), (15, 0.5636204481124878), (16, 0.6449415683746338), (17, 0.5289213061332703), (18, 0.5419321060180664), (19, 0.5050134062767029), (0, 0.5029910206794739), (1, 0.5484193563461304), (2, 0.68346107006073), (3, 0.6898723840713501), (4, 0.38893234729766846), (5, 0.4988357424736023), (6, 0.3899824321269989), (7, 0.6212126016616821), (8, 0.49244076013565063), (9, 0.627932071685791), (10, 0.4171005189418793), (11, 0.7161096334457397), (12, 0.4861922264099121), (13, 0.5234372615814209), (14, 0.862980842590332), (15, 0.7516031861305237), (16, 0.5147205591201782), (17, 0.6338211894035339), (18, 0.41680365800857544), (19, 0.4962609112262726), (0, 0.627754807472229), (1, 0.5277916193008423), (2, 0.6272187232971191), (3, 0.3229592442512512), (4, 0.5776713490486145), (5, 0.3616725504398346), (6, 0.49872440099716187), (7, 0.8152488470077515), (8, 0.2957158386707306), (9, 0.5325457453727722), (10, 1.1686452627182007), (11, 0.6330849528312683), (12, 0.6318477392196655), (13, 0.4527294635772705), (14, 0.4648398458957672), (15, 0.5122838020324707), (16, 0.6146560907363892), (17, 0.5202320218086243), (18, 0.5272892713546753), (19, 0.7514756321907043), (0, 0.3997926712036133), (1, 0.7355823516845703), (2, 0.6252940893173218), (3, 0.386270135641098), (4, 0.6740076541900635), (5, 0.5315514802932739), (6, 0.45165330171585083), (7, 0.6139007806777954), (8, 0.5565705299377441), (9, 0.5390394926071167), (10, 0.6597976684570312), (11, 0.6125169992446899), (12, 0.6031453609466553), (13, 0.4335818886756897), (14, 0.2551387548446655), (15, 0.5352479219436646), (16, 0.6704396605491638), (17, 0.8108308911323547), (18, 0.6929183602333069), (19, 0.519476592540741), (0, 0.6376578211784363), (1, 0.8489678502082825), (2, 0.5172273516654968), (3, 0.5430688261985779), (4, 0.4996740221977234), (5, 0.2954067289829254), (6, 0.5986478924751282), (7, 0.7412824630737305), (8, 0.5185214281082153), (9, 0.980984091758728), (10, 0.5256878137588501), (11, 0.3703387379646301), (12, 0.5576972961425781), (13, 0.5843385457992554), (14, 0.6549356579780579), (15, 0.5000990629196167), (16, 0.4327891767024994), (17, 0.5854558944702148), (18, 0.41440820693969727), (19, 0.6373030543327332), (0, 0.4071230888366699), (1, 0.41111406683921814), (2, 0.8678095936775208), (3, 0.5503846406936646), (4, 0.594538688659668), (5, 0.3555987477302551), (6, 0.9210765957832336), (7, 0.27480044960975647), (8, 0.7098593711853027), (9, 0.6908769607543945), (10, 0.49087509512901306), (11, 0.4968920350074768), (12, 0.4785802960395813), (13, 0.45454373955726624), (14, 0.7378408312797546), (15, 0.6288509964942932), (16, 0.3841920495033264), (17, 0.41226157546043396), (18, 0.7410740852355957), (19, 1.331662654876709), (0, 0.4148469567298889), (1, 0.6137228608131409), (2, 0.4735981822013855), (3, 0.940956711769104), (4, 0.6461145877838135), (5, 0.4930650293827057), (6, 0.5225127339363098), (7, 0.3137286305427551), (8, 0.36314892768859863), (9, 0.5034802556037903), (10, 0.6160072088241577), (11, 0.7552573680877686), (12, 0.3881031274795532), (13, 0.5191149711608887), (14, 1.0190913677215576), (15, 0.7101160287857056), (16, 0.6095809936523438), (17, 0.38310855627059937), (18, 0.8211377263069153), (19, 0.6706872582435608), (0, 0.35601240396499634), (1, 0.3897339403629303), (2, 0.5899756550788879), (3, 0.7429221868515015), (4, 0.45572739839553833), (5, 0.6351375579833984), (6, 0.5588651895523071), (7, 0.49022379517555237), (8, 0.7014185786247253), (9, 0.8310807943344116), (10, 0.6617019772529602), (11, 0.5954276323318481), (12, 0.6537217497825623), (13, 0.33620795607566833), (14, 0.4722582697868347), (15, 0.6450508236885071), (16, 0.4714847505092621), (17, 0.5863282084465027), (18, 0.6096590161323547), (19, 0.7768180966377258), (0, 0.4795053005218506), (1, 0.43595799803733826), (2, 0.5903304219245911), (3, 0.587315559387207), (4, 0.5545763373374939), (5, 0.6270819902420044), (6, 0.3933815360069275), (7, 0.37915629148483276), (8, 0.5868586897850037), (9, 0.444370836019516), (10, 0.4014427065849304), (11, 0.8222844004631042), (12, 0.30824384093284607), (13, 0.5722018480300903), (14, 0.7483829259872437), (15, 0.690466046333313), (16, 0.5684167146682739), (17, 0.4830590784549713), (18, 0.7758572101593018), (19, 0.9377174377441406), (0, 0.48088327050209045), (1, 0.6410667896270752), (2, 0.3660963177680969), (3, 0.577282726764679), (4, 0.8181301355361938), (5, 0.6685053706169128), (6, 0.8130384683609009), (7, 0.45348986983299255), (8, 0.506574273109436), (9, 0.7499758005142212), (10, 0.5308443307876587), (11, 0.4180571138858795), (12, 0.5679756999015808), (13, 0.509637713432312), (14, 0.6658048033714294), (15, 0.6593680381774902), (16, 0.5235108733177185), (17, 0.5690842270851135), (18, 0.4326540529727936), (19, 0.3832203149795532), (0, 0.5762494206428528), (1, 0.6077929735183716), (2, 0.2816438674926758), (3, 0.6694350242614746), (4, 0.6913954019546509), (5, 0.620632529258728), (6, 0.4926755428314209), (7, 0.4233517050743103), (8, 0.7696129679679871), (9, 0.8851884603500366), (10, 0.40051668882369995), (11, 0.5068411827087402), (12, 0.342350035905838), (13, 0.5521154999732971), (14, 0.1304779201745987), (15, 0.6478697061538696), (16, 0.8351967930793762), (17, 0.6364223957061768), (18, 0.5269737839698792), (19, 0.6405892968177795), (0, 0.915666401386261), (1, 0.5624620914459229), (2, 0.8655816912651062), (3, 0.4841899871826172), (4, 0.3589746356010437), (5, 0.549669086933136), (6, 0.5826919078826904), (7, 0.5275641679763794), (8, 0.6470028162002563), (9, 0.5762637853622437), (10, 0.5286670327186584), (11, 0.6352222561836243), (12, 0.8728771209716797), (13, 0.444851815700531), (14, 0.457796186208725), (15, 0.5160890817642212), (16, 0.4111671447753906), (17, 0.5913597941398621), (18, 0.6220285296440125), (19, 0.4419400691986084), (0, 0.6497671008110046), (1, 0.4596982002258301), (2, 0.43987661600112915), (3, 0.8518512845039368), (4, 0.5127456188201904), (5, 0.2693171799182892), (6, 0.5057901740074158), (7, 0.5342742800712585), (8, 1.1079133749008179), (9, 0.3549240231513977), (10, 0.6338427066802979), (11, 0.7305904626846313), (12, 0.4612552523612976), (13, 0.5277681946754456), (14, 0.43130216002464294), (15, 0.4456748366355896), (16, 0.6195303797721863), (17, 0.48582619428634644), (18, 0.8087984323501587), (19, 0.3332175314426422), (0, 0.6684659123420715), (1, 0.6204503178596497), (2, 0.504097580909729), (3, 0.5446857810020447), (4, 0.7177512049674988), (5, 0.5411069989204407), (6, 0.4711264967918396), (7, 0.3339790403842926), (8, 0.43128204345703125), (9, 0.2640307545661926), (10, 0.3214925229549408), (11, 0.559350848197937), (12, 0.45749861001968384), (13, 0.44778624176979065), (14, 0.6688330173492432), (15, 0.6107743382453918), (16, 1.567750334739685), (17, 0.676099419593811), (18, 0.6251147985458374), (19, 0.3386387526988983), (0, 0.6455759406089783), (1, 0.564934492111206), (2, 0.47677478194236755), (3, 0.6431236267089844), (4, 0.7475537061691284), (5, 0.7081962823867798), (6, 0.33711934089660645), (7, 0.593793511390686), (8, 0.47330665588378906), (9, 0.47683316469192505), (10, 0.36891046166419983), (11, 0.48381978273391724), (12, 0.32091695070266724), (13, 0.5388501286506653), (14, 0.6849791407585144), (15, 0.5831791758537292), (16, 0.7298170924186707), (17, 0.387887567281723), (18, 0.8550283312797546), (19, 0.5646906495094299), (0, 0.45717543363571167), (1, 0.4726453721523285), (2, 0.543273389339447), (3, 1.0025285482406616), (4, 0.5520087480545044), (5, 0.6731137037277222), (6, 0.42393460869789124), (7, 0.41481223702430725), (8, 0.3882964253425598), (9, 0.35613036155700684), (10, 0.5152422189712524), (11, 0.5774067640304565), (12, 0.4662134051322937), (13, 0.5335294008255005), (14, 0.5541824698448181), (15, 0.4740772843360901), (16, 0.7631655931472778), (17, 1.0111697912216187), (18, 0.32180947065353394), (19, 0.9213810563087463), (0, 0.5439192056655884), (1, 0.5684760212898254), (2, 0.4461785852909088), (3, 0.555927574634552), (4, 0.39867299795150757), (5, 0.47230225801467896), (6, 0.8327568769454956), (7, 0.4817509651184082), (8, 0.8300870656967163), (9, 0.5206608176231384), (10, 0.6219111680984497), (11, 0.8479012250900269), (12, 0.39381614327430725), (13, 0.6043971180915833), (14, 0.342515230178833), (15, 0.478431761264801), (16, 0.7692385911941528), (17, 0.5191928744316101), (18, 0.390011727809906), (19, 0.534766674041748), (0, 0.4291512072086334), (1, 0.801832377910614), (2, 0.42031151056289673), (3, 0.5874921083450317), (4, 0.585496187210083), (5, 0.6192995309829712), (6, 0.42329683899879456), (7, 0.44990772008895874), (8, 0.4998454451560974), (9, 0.5610144138336182), (10, 0.551531195640564), (11, 0.63824063539505), (12, 0.6387711763381958), (13, 0.3978227972984314), (14, 0.6047223806381226), (15, 0.5882949829101562), (16, 0.818879246711731), (17, 0.4244001507759094), (18, 0.9288808703422546), (19, 0.2921319901943207), (0, 0.5990164875984192), (1, 0.48107069730758667), (2, 0.4560624063014984), (3, 0.5620483160018921), (4, 0.9305881261825562), (5, 0.30517083406448364), (6, 0.6980631947517395), (7, 0.35121458768844604), (8, 0.6771634817123413), (9, 0.4384675920009613), (10, 0.39352601766586304), (11, 0.41800355911254883), (12, 0.8701614141464233), (13, 0.7094763517379761), (14, 0.43002763390541077), (15, 0.5417660474777222), (16, 0.48232507705688477), (17, 0.6099539399147034), (18, 0.6388539671897888), (19, 0.5264984965324402), (0, 0.6295000314712524), (1, 0.4873725473880768), (2, 0.4928675591945648), (3, 0.24820908904075623), (4, 0.3781174123287201), (5, 0.6969839334487915), (6, 0.8014658689498901), (7, 0.49318790435791016), (8, 0.5242602825164795), (9, 0.3911605477333069), (10, 0.567730188369751), (11, 0.3939873278141022), (12, 0.7221895456314087), (13, 0.596045196056366), (14, 0.8411601781845093), (15, 0.41036009788513184), (16, 0.46139639616012573), (17, 0.49759021401405334), (18, 0.7573444247245789), (19, 0.8386776447296143), (0, 0.8615046739578247), (1, 0.5488196015357971), (2, 0.505212664604187), (3, 0.36951038241386414), (4, 0.5232676863670349), (5, 0.6477961540222168), (6, 0.7165332436561584), (7, 0.5572914481163025), (8, 0.5390374064445496), (9, 0.5518196225166321), (10, 0.6557079553604126), (11, 0.4227019250392914), (12, 0.7086611986160278), (13, 0.516289234161377), (14, 0.5983926653862), (15, 0.32007282972335815), (16, 0.5325933694839478), (17, 0.528353214263916), (18, 0.6506295204162598), (19, 0.4479217231273651), (0, 0.32390737533569336), (1, 1.0055912733078003), (2, 0.31962865591049194), (3, 0.47997426986694336), (4, 0.668804407119751), (5, 0.5438758134841919), (6, 0.3901504874229431), (7, 0.445244163274765), (8, 0.48568886518478394), (9, 0.694560170173645), (10, 0.5318713784217834), (11, 0.6837067604064941), (12, 0.6293925046920776), (13, 0.529859185218811), (14, 0.46558135747909546), (15, 0.866838812828064), (16, 0.5294248461723328), (17, 0.4817661643028259), (18, 0.5560013055801392), (19, 0.5940282940864563), (0, 0.5441600680351257), (1, 0.7493781447410583), (2, 0.7072573900222778), (3, 0.6894671320915222), (4, 0.8080137968063354), (5, 0.7351460456848145), (6, 0.2750338315963745), (7, 0.48718318343162537), (8, 0.6725438833236694), (9, 0.5695073008537292), (10, 0.5190353393554688), (11, 0.4384915232658386), (12, 0.3515274226665497), (13, 0.7421658635139465), (14, 0.3654429614543915), (15, 0.6455048322677612), (16, 0.33609336614608765), (17, 0.5644639730453491), (18, 0.5074323415756226), (19, 0.5404264330863953), (0, 0.8366038203239441), (1, 0.58255535364151), (2, 0.5494223833084106), (3, 0.37522464990615845), (4, 0.37275147438049316), (5, 0.6505956649780273), (6, 0.5811921954154968), (7, 0.4097119867801666), (8, 0.39469823241233826), (9, 0.7633899450302124), (10, 0.3633716404438019), (11, 0.5846940875053406), (12, 0.8062585592269897), (13, 0.4228825569152832), (14, 0.37015432119369507), (15, 0.6322236657142639), (16, 0.9091798663139343), (17, 0.6472645998001099), (18, 0.36903154850006104), (19, 0.3940688669681549), (0, 0.44778233766555786), (1, 0.6684533357620239), (2, 0.4631442427635193), (3, 0.545313835144043), (4, 0.7811803817749023), (5, 0.3944752514362335), (6, 0.5837079286575317), (7, 0.5481809973716736), (8, 0.4327598214149475), (9, 0.6093181371688843), (10, 0.41104617714881897), (11, 0.22678768634796143), (12, 0.6850816011428833), (13, 0.6073586344718933), (14, 0.4049343168735504), (15, 0.9188780784606934), (16, 0.6131024360656738), (17, 0.5305676460266113), (18, 0.7354763746261597), (19, 0.5291302800178528), (0, 0.505412220954895), (1, 0.5596779584884644), (2, 0.6587538123130798), (3, 0.5479262471199036), (4, 0.49858617782592773), (5, 0.45583176612854004), (6, 0.5422084927558899), (7, 0.552370548248291), (8, 0.4051794409751892), (9, 0.4692555069923401), (10, 0.6239124536514282), (11, 0.43435001373291016), (12, 0.7361419796943665), (13, 0.6297123432159424), (14, 1.0703595876693726), (15, 0.4798620641231537), (16, 0.524575412273407), (17, 0.46247249841690063), (18, 0.5116151571273804), (19, 0.3403092920780182), (0, 0.4452466368675232), (1, 0.5365349650382996), (2, 0.4680703282356262), (3, 0.6335012316703796), (4, 0.40060681104660034), (5, 0.60333651304245), (6, 0.5995146632194519), (7, 0.46413421630859375), (8, 0.6386211514472961), (9, 0.4153306484222412), (10, 0.3767102062702179), (11, 0.4948156774044037), (12, 0.9036270976066589), (13, 0.7755492925643921), (14, 0.4539314806461334), (15, 0.3691581189632416), (16, 0.7139585614204407), (17, 0.6810640692710876), (18, 0.571985125541687), (19, 0.41810324788093567), (0, 0.3372301161289215), (1, 0.43542957305908203), (2, 0.5526403188705444), (3, 0.4506123661994934), (4, 0.38458818197250366), (5, 0.3920580744743347), (6, 0.4186135232448578), (7, 0.761715292930603), (8, 0.7873286008834839), (9, 0.5575107336044312), (10, 0.6565234661102295), (11, 0.7001355290412903), (12, 0.44500336050987244), (13, 0.4455719590187073), (14, 0.5962458848953247), (15, 0.8184553384780884), (16, 0.35283511877059937), (17, 0.7011755704879761), (18, 0.7363251447677612), (19, 0.720379650592804), (0, 0.8150350451469421), (1, 0.6531230807304382), (2, 0.40835270285606384), (3, 0.511773943901062), (4, 0.35009944438934326), (5, 0.7660075426101685), (6, 0.5406700968742371), (7, 0.31871071457862854), (8, 0.5536547899246216), (9, 0.31271645426750183), (10, 0.45629411935806274), (11, 0.6465383768081665), (12, 0.6096884608268738), (13, 0.41167956590652466), (14, 0.6442478895187378), (15, 0.4416991174221039), (16, 0.642327070236206), (17, 0.4791986048221588), (18, 0.4985288977622986), (19, 0.7142098546028137), (0, 0.725492537021637), (1, 0.524337112903595), (2, 1.034890055656433), (3, 0.6059867143630981), (4, 0.681291401386261), (5, 0.17947669327259064), (6, 0.6079913377761841), (7, 0.48009657859802246), (8, 0.35710597038269043), (9, 0.567104697227478), (10, 0.2642372250556946), (11, 0.3226812779903412), (12, 0.6795530319213867), (13, 0.5656195878982544), (14, 0.6238518357276917), (15, 0.4509735703468323), (16, 0.6344308257102966), (17, 0.36590641736984253), (18, 0.7059720158576965), (19, 0.4979376494884491), (0, 0.5016099214553833), (1, 0.549403965473175), (2, 0.7814692258834839), (3, 0.5633147954940796), (4, 0.4059562683105469), (5, 0.18582402169704437), (6, 0.4466888904571533), (7, 0.49646568298339844), (8, 0.6946041584014893), (9, 0.8753778338432312), (10, 0.4883336126804352), (11, 0.3146434426307678), (12, 0.996364414691925), (13, 0.45295247435569763), (14, 0.7366162538528442), (15, 0.5105753540992737), (16, 0.45091503858566284), (17, 0.6313846707344055), (18, 0.6589442491531372), (19, 0.2970840334892273), (0, 0.38636454939842224), (1, 0.5430104732513428), (2, 0.5736979246139526), (3, 0.3159545063972473), (4, 0.5798062086105347), (5, 0.4711075723171234), (6, 0.4815031886100769), (7, 0.5062633752822876), (8, 0.45236021280288696), (9, 0.5892224311828613), (10, 0.954107940196991), (11, 0.5166346430778503), (12, 0.5370716452598572), (13, 0.4647290110588074), (14, 0.5710257887840271), (15, 0.6133044958114624), (16, 0.7318892478942871), (17, 0.6559165120124817), (18, 0.5628762245178223), (19, 0.6380504965782166), (0, 0.7742093205451965), (1, 0.4308452606201172), (2, 0.4070054888725281), (3, 0.6165779829025269), (4, 0.9186504483222961), (5, 0.49042829871177673), (6, 0.35075128078460693), (7, 0.5715264678001404), (8, 0.3482573628425598), (9, 0.3445298969745636), (10, 0.7746738791465759), (11, 0.5661978125572205), (12, 0.3367548882961273), (13, 0.5919339060783386), (14, 0.873741626739502), (15, 0.3959609270095825), (16, 0.49752721190452576), (17, 0.41749534010887146), (18, 0.45259571075439453), (19, 0.5652925372123718), (0, 0.6033245921134949), (1, 0.5530068278312683), (2, 0.48733752965927124), (3, 0.6719112396240234), (4, 0.6975805759429932), (5, 0.7141056060791016), (6, 0.34979623556137085), (7, 0.5001512765884399), (8, 0.5078302621841431), (9, 0.6458589434623718), (10, 0.34498727321624756), (11, 0.40552783012390137), (12, 0.4335698187351227), (13, 0.6050527095794678), (14, 0.42701393365859985), (15, 0.3689044415950775), (16, 0.3071742057800293), (17, 0.7455477714538574), (18, 0.758460283279419), (19, 0.6195608377456665), (0, 0.8994779586791992), (1, 0.4416443705558777), (2, 0.41308754682540894), (3, 0.7244632840156555), (4, 0.6225873827934265), (5, 0.4490281939506531), (6, 0.5589112639427185), (7, 0.42510199546813965), (8, 0.43119269609451294), (9, 0.36228999495506287), (10, 0.6269049048423767), (11, 0.5261744260787964), (12, 0.6656872630119324), (13, 0.7490919828414917), (14, 0.7718154191970825), (15, 0.7196792960166931), (16, 0.22158722579479218), (17, 0.4966636598110199), (18, 0.5566943287849426), (19, 0.26158079504966736), (0, 0.3087289035320282), (1, 0.1961427479982376), (2, 0.2448214739561081), (3, 0.6402851343154907), (4, 0.4070933759212494), (5, 0.6038028001785278), (6, 0.718449592590332), (7, 0.6267142295837402), (8, 0.45344048738479614), (9, 0.5217280387878418), (10, 0.7493003606796265), (11, 0.7279137372970581), (12, 0.4960993826389313), (13, 0.38609665632247925), (14, 0.3581579327583313), (15, 0.6561612486839294), (16, 0.7590299248695374), (17, 0.7374123334884644), (18, 0.5661788582801819), (19, 0.722905158996582), (0, 0.5168785452842712), (1, 0.8536917567253113), (2, 0.38288190960884094), (3, 0.5373538732528687), (4, 0.44443264603614807), (5, 0.2228122055530548), (6, 0.5481695532798767), (7, 0.6228808760643005), (8, 0.5689057111740112), (9, 0.5099238157272339), (10, 0.6955715417861938), (11, 0.4518934190273285), (12, 0.6975141763687134), (13, 0.48711958527565), (14, 0.35941553115844727), (15, 0.3670291006565094), (16, 0.6719831228256226), (17, 0.4202503263950348), (18, 0.7480576634407043), (19, 0.5740514397621155), (0, 0.4922114312648773), (1, 0.46409717202186584), (2, 0.4591367840766907), (3, 0.5516958236694336), (4, 0.27801063656806946), (5, 0.8717101216316223), (6, 0.7925127744674683), (7, 0.46331924200057983), (8, 0.514936089515686), (9, 0.6404860615730286), (10, 0.6673411130905151), (11, 0.5644034147262573), (12, 0.34564486145973206), (13, 0.5124624371528625), (14, 0.31400159001350403), (15, 0.6628872156143188), (16, 0.8489021062850952), (17, 0.9439862370491028), (18, 0.35936394333839417), (19, 0.29658761620521545), (0, 0.5885798335075378), (1, 0.7669240236282349), (2, 0.3272695541381836), (3, 0.4018625319004059), (4, 0.37374043464660645), (5, 0.3455730974674225), (6, 0.45119810104370117), (7, 0.6732925772666931), (8, 0.7805682420730591), (9, 0.4105898439884186), (10, 0.49414411187171936), (11, 0.4251900315284729), (12, 0.16188569366931915), (13, 0.4286917746067047), (14, 0.635664701461792), (15, 1.1532608270645142), (16, 0.8954160809516907), (17, 0.48735085129737854), (18, 0.5215640664100647), (19, 0.4013650715351105), (0, 0.5168002843856812), (1, 0.4620496332645416), (2, 0.583832859992981), (3, 0.5198694467544556), (4, 0.5456511378288269), (5, 0.8988741636276245), (6, 0.7095528244972229), (7, 0.5834030508995056), (8, 0.3475704789161682), (9, 0.39204272627830505), (10, 0.7039713859558105), (11, 0.69362473487854), (12, 0.45964089035987854), (13, 0.2895437777042389), (14, 0.41161584854125977), (15, 0.4605262875556946), (16, 0.9277440309524536), (17, 0.5293739438056946), (18, 0.3374116122722626), (19, 0.45439407229423523), (0, 0.4456251263618469), (1, 0.5668107867240906), (2, 0.295825332403183), (3, 0.4076949954032898), (4, 0.6822532415390015), (5, 0.4424661695957184), (6, 0.6031936407089233), (7, 0.6288824081420898), (8, 0.4591391980648041), (9, 0.7661738395690918), (10, 0.23556473851203918), (11, 0.6973210573196411), (12, 0.5087240934371948), (13, 0.5684717893600464), (14, 1.3081711530685425), (15, 0.8058598637580872), (16, 0.5566186904907227), (17, 0.6303738355636597), (18, 0.496530145406723), (19, 0.41087600588798523), (0, 0.871194064617157), (1, 0.3224528133869171), (2, 0.6880412101745605), (3, 0.6286734342575073), (4, 0.30443859100341797), (5, 0.8076740503311157), (6, 0.6894527673721313), (7, 0.36782652139663696), (8, 0.33088675141334534), (9, 0.5680890083312988), (10, 0.5311794877052307), (11, 0.4668866991996765), (12, 0.5771397352218628), (13, 0.4068346917629242), (14, 0.659277081489563), (15, 0.8636600375175476), (16, 0.811862587928772), (17, 0.4339872896671295), (18, 0.5260371565818787), (19, 0.5991110801696777), (0, 0.5394868850708008), (1, 0.6097698211669922), (2, 0.8140594363212585), (3, 0.6296707987785339), (4, 0.5389143228530884), (5, 0.5456939935684204), (6, 0.5747882127761841), (7, 0.6141172647476196), (8, 0.4767948091030121), (9, 0.41265130043029785), (10, 0.6586292386054993), (11, 0.6107504963874817), (12, 0.48888930678367615), (13, 0.304299533367157), (14, 0.38316163420677185), (15, 0.3247547149658203), (16, 0.7629909515380859), (17, 0.4284439980983734), (18, 0.7102835774421692), (19, 0.3221015930175781), (0, 0.5565330982208252), (1, 0.4882117211818695), (2, 0.4849514067173004), (3, 0.44471532106399536), (4, 0.9344019889831543), (5, 0.3123915195465088), (6, 0.6178204417228699), (7, 0.3083931803703308), (8, 0.7784457206726074), (9, 0.5813668370246887), (10, 0.5325134992599487), (11, 0.4948580861091614), (12, 0.6674196720123291), (13, 0.5017434358596802), (14, 0.6124354600906372), (15, 0.3750343918800354), (16, 0.42428675293922424), (17, 0.7714228630065918), (18, 0.5060426592826843), (19, 0.30039164423942566), (0, 0.2757468819618225), (1, 0.28783974051475525), (2, 0.9523887634277344), (3, 0.9843654632568359), (4, 0.849324107170105), (5, 0.4572751522064209), (6, 0.3233662247657776), (7, 0.4098493456840515), (8, 0.5164222717285156), (9, 0.5122944116592407), (10, 0.33061981201171875), (11, 0.5234302282333374), (12, 0.6363149881362915), (13, 0.3583067059516907), (14, 0.4687790870666504), (15, 0.5789777040481567), (16, 0.5069804191589355), (17, 0.8028653264045715), (18, 0.46613746881484985), (19, 0.3668522834777832), (0, 0.23360462486743927), (1, 0.655188798904419), (2, 0.37632888555526733), (3, 0.5820578932762146), (4, 0.460122674703598), (5, 0.41607919335365295), (6, 0.5686332583427429), (7, 0.4838941991329193), (8, 0.5673664212226868), (9, 0.7083834409713745), (10, 0.6057615876197815), (11, 0.46926817297935486), (12, 0.5533369779586792), (13, 0.39599984884262085), (14, 0.41208142042160034), (15, 0.6786321401596069), (16, 1.0527113676071167), (17, 0.4438698887825012), (18, 0.9409391283988953), (19, 0.24988718330860138), (0, 0.3095528781414032), (1, 0.37815847992897034), (2, 0.5430694818496704), (3, 0.870888888835907), (4, 0.4853193759918213), (5, 0.8692848086357117), (6, 0.8758729100227356), (7, 0.4383103847503662), (8, 0.2223203182220459), (9, 0.6153883337974548), (10, 0.32200875878334045), (11, 0.5615770816802979), (12, 0.7915711402893066), (13, 0.4687265455722809), (14, 0.573593020439148), (15, 0.45692119002342224), (16, 0.7072980999946594), (17, 0.5121908187866211), (18, 0.43457645177841187), (19, 0.4662296772003174), (0, 0.6108967661857605), (1, 0.2309187650680542), (2, 0.4344537854194641), (3, 0.39240726828575134), (4, 1.074658989906311), (5, 0.9086958765983582), (6, 0.5279150605201721), (7, 0.5488244891166687), (8, 0.3106415867805481), (9, 0.3796195387840271), (10, 0.5845743417739868), (11, 0.40359964966773987), (12, 0.32541602849960327), (13, 0.4143153727054596), (14, 0.7717206478118896), (15, 0.47404247522354126), (16, 0.49962639808654785), (17, 0.709976851940155), (18, 0.5476568937301636), (19, 0.5599817633628845), (0, 0.4134693145751953), (1, 0.4757015109062195), (2, 0.36804071068763733), (3, 0.6318407654762268), (4, 0.7697130441665649), (5, 0.28426894545555115), (6, 0.4741039276123047), (7, 0.6978698372840881), (8, 0.860070526599884), (9, 0.4416915774345398), (10, 0.3700730800628662), (11, 0.7457416653633118), (12, 0.504684329032898), (13, 0.5119718313217163), (14, 0.3427000939846039), (15, 0.6736088395118713), (16, 0.6625176668167114), (17, 0.4537084996700287), (18, 0.5864599943161011), (19, 0.8006476759910583), (0, 0.42928022146224976), (1, 0.7934242486953735), (2, 0.6284348964691162), (3, 0.5560056567192078), (4, 0.34032613039016724), (5, 0.3471478819847107), (6, 0.6754440069198608), (7, 0.4051905572414398), (8, 0.512349009513855), (9, 0.8390442728996277), (10, 0.7570561170578003), (11, 0.628994345664978), (12, 0.31732335686683655), (13, 0.20227274298667908), (14, 0.6069017052650452), (15, 0.9788581728935242), (16, 0.1833236664533615), (17, 0.4924791753292084), (18, 0.5705808997154236), (19, 0.43409037590026855), (0, 0.3058146834373474), (1, 0.7486820220947266), (2, 0.3565821945667267), (3, 0.5160223245620728), (4, 0.4485846161842346), (5, 0.526178777217865), (6, 0.6087273359298706), (7, 0.5500943660736084), (8, 0.6480494737625122), (9, 0.47964897751808167), (10, 0.6248108148574829), (11, 0.7155840396881104), (12, 0.5594332814216614), (13, 0.5140951871871948), (14, 0.2997806966304779), (15, 0.48008790612220764), (16, 0.9201968312263489), (17, 0.4391099512577057), (18, 0.2611326575279236), (19, 0.8551128506660461), (0, 0.35487404465675354), (1, 0.4723411202430725), (2, 0.4370313584804535), (3, 0.8996936678886414), (4, 0.4100809693336487), (5, 0.5579873323440552), (6, 0.3789979815483093), (7, 0.5312327146530151), (8, 0.5388268828392029), (9, 0.5366330146789551), (10, 0.31758591532707214), (11, 0.5710314512252808), (12, 0.5710404515266418), (13, 0.5596350431442261), (14, 0.3260171413421631), (15, 0.3410924971103668), (16, 0.7094773650169373), (17, 0.582992672920227), (18, 0.5309450626373291), (19, 1.2811169624328613), (0, 0.33684486150741577), (1, 0.43114930391311646), (2, 0.4902937412261963), (3, 0.3744785785675049), (4, 0.44665607810020447), (5, 0.554219663143158), (6, 0.300982803106308), (7, 0.553688645362854), (8, 0.4607718586921692), (9, 0.4087120592594147), (10, 0.4910484254360199), (11, 0.5239685773849487), (12, 0.8677557110786438), (13, 0.9059129953384399), (14, 0.7968572378158569), (15, 0.44520729780197144), (16, 0.5456997752189636), (17, 0.8054832220077515), (18, 0.48939961194992065), (19, 0.31432095170021057), (0, 0.23986312747001648), (1, 0.6356043219566345), (2, 0.5304792523384094), (3, 0.45707494020462036), (4, 0.6281272768974304), (5, 0.4698924124240875), (6, 0.6990042924880981), (7, 0.704264760017395), (8, 0.6866133213043213), (9, 0.5538239479064941), (10, 0.5762368440628052), (11, 0.4196171760559082), (12, 1.0962857007980347), (13, 0.25674790143966675), (14, 0.5394201874732971), (15, 0.6618281006813049), (16, 0.3378165066242218), (17, 0.2207353115081787), (18, 0.341098815202713), (19, 0.7548297047615051), (0, 0.6826297044754028), (1, 0.6885724067687988), (2, 0.43600162863731384), (3, 0.5585417151451111), (4, 0.4640878140926361), (5, 0.7029358744621277), (6, 0.36585932970046997), (7, 0.5083639025688171), (8, 0.2915078103542328), (9, 0.7592484354972839), (10, 0.8132990002632141), (11, 0.6577070355415344), (12, 0.1357644647359848), (13, 0.6691198348999023), (14, 0.319459468126297), (15, 0.503078281879425), (16, 0.5164464712142944), (17, 0.44279688596725464), (18, 0.5277557373046875), (19, 0.5634469389915466), (0, 0.5234513878822327), (1, 0.6007198691368103), (2, 0.6331578493118286), (3, 0.7100808024406433), (4, 0.3199501037597656), (5, 0.5577609539031982), (6, 0.5528446435928345), (7, 0.489008367061615), (8, 0.4606868624687195), (9, 0.35920336842536926), (10, 0.7185707092285156), (11, 0.2989218831062317), (12, 0.44942155480384827), (13, 0.4732376039028168), (14, 0.6226319074630737), (15, 0.7274092435836792), (16, 0.5582577586174011), (17, 0.4865989089012146), (18, 0.48026537895202637), (19, 0.6469261050224304), (0, 0.40215396881103516), (1, 0.5633813142776489), (2, 0.6158102750778198), (3, 0.324088990688324), (4, 0.532239556312561), (5, 0.4822307527065277), (6, 0.4651868939399719), (7, 0.5475093722343445), (8, 0.4245525300502777), (9, 0.6461538076400757), (10, 0.40106719732284546), (11, 0.4398706555366516), (12, 0.3626956343650818), (13, 0.08783145248889923), (14, 0.6336202621459961), (15, 0.4969947338104248), (16, 0.591490626335144), (17, 0.97039794921875), (18, 0.7749651670455933), (19, 0.8720061182975769), (0, 0.38036853075027466), (1, 0.5882643461227417), (2, 0.531593918800354), (3, 0.5358470678329468), (4, 0.6824982762336731), (5, 0.4767089784145355), (6, 0.5696719884872437), (7, 0.3043763041496277), (8, 0.579749584197998), (9, 0.47145208716392517), (10, 0.6437056660652161), (11, 0.7709199786186218), (12, 0.6368247270584106), (13, 0.5539771318435669), (14, 0.6047518253326416), (15, 0.33852943778038025), (16, 0.3434177041053772), (17, 0.6187784075737), (18, 0.48698100447654724), (19, 0.6265583038330078), (0, 0.4703097939491272), (1, 0.5586768388748169), (2, 0.32287532091140747), (3, 0.4148034453392029), (4, 0.5359037518501282), (5, 0.48721379041671753), (6, 0.4699752926826477), (7, 0.3926171660423279), (8, 0.8759519457817078), (9, 0.37462806701660156), (10, 0.6188619136810303), (11, 0.673029899597168), (12, 0.7955177426338196), (13, 0.7282646298408508), (14, 0.632695734500885), (15, 0.7861751914024353), (16, 0.7016377449035645), (17, 0.4588662087917328), (18, 0.3076004981994629), (19, 0.30163776874542236), (0, 0.2603793740272522), (1, 0.7022108435630798), (2, 0.2637341320514679), (3, 0.7126821279525757), (4, 0.6882041692733765), (5, 0.5003377795219421), (6, 0.41497039794921875), (7, 0.19473318755626678), (8, 0.6519962549209595), (9, 0.2912963330745697), (10, 0.5004440546035767), (11, 0.7485466003417969), (12, 0.6116005182266235), (13, 0.5376404523849487), (14, 0.6044349074363708), (15, 0.5258867740631104), (16, 0.48733800649642944), (17, 0.7292881011962891), (18, 0.7521489858627319), (19, 0.9856778979301453), (0, 0.33067795634269714), (1, 0.5609811544418335), (2, 1.1015269756317139), (3, 0.578423798084259), (4, 0.4134137034416199), (5, 0.40886783599853516), (6, 0.3953377306461334), (7, 0.7545362114906311), (8, 0.679130494594574), (9, 0.6341913938522339), (10, 0.5069952011108398), (11, 0.5868462324142456), (12, 0.4640902578830719), (13, 0.48281508684158325), (14, 0.5200250744819641), (15, 0.5182676911354065), (16, 0.5692570805549622), (17, 0.6202467679977417), (18, 0.5597904920578003), (19, 0.32811394333839417), (0, 0.6980152130126953), (1, 0.33059412240982056), (2, 0.4372933804988861), (3, 0.5401009321212769), (4, 0.7102733254432678), (5, 0.541959822177887), (6, 0.681471049785614), (7, 0.5111759901046753), (8, 0.4899821877479553), (9, 0.8692882657051086), (10, 0.14895465970039368), (11, 0.577147364616394), (12, 0.3332531452178955), (13, 0.4092409610748291), (14, 0.3659001588821411), (15, 0.941321849822998), (16, 0.5111826062202454), (17, 0.5403210520744324), (18, 0.4447205662727356), (19, 0.1010221466422081)]