Model Setup for Uniformvirtual {PATIENT_GROUPS} Trained Network:

{NETWORK_TYPE} Network Architecture Parameters
Input channels=22
Hidden channels=128
Output channels=1

Training hyperparameters
Optimizer=AdamW (
Parameter Group 0
    amsgrad: False
    betas: (0.9, 0.999)
    capturable: False
    differentiable: False
    eps: 1e-08
    foreach: None
    fused: None
    lr: 0.001
    maximize: False
    weight_decay: 1e-06
)Training Iterations=10
Learning rate=0.001
Weight decay=1e-06
Optimizer reset frequency=None

Dropout probability (after initial linear layer before NCDE): 0
Training Data Selection Parameters
(If not virtual, the only important params are the groups and whether data was normalized/standardized)
Patient groups=['Control', 'MDD']
Augmentation strategy=Uniform
Noise Magnitude=0.05
Normalized/standardized=StandardizeAll
Number of virtual patients per real patient=100
Label smoothing factor=0
Test Patient Combinations:
Control: (25, 44, 40, 41, 43)
MDD: (38, 9, 49, 26, 34)
Training batch size=200
Training Results:
Runtime=0.835468053817749
Loss over time=[(0, 0.6929273009300232), (1, 0.6929696798324585), (2, 0.6726602911949158), (3, 0.6685235500335693), (4, 0.6726471781730652), (5, 0.6742464303970337), (6, 0.6483193039894104), (7, 0.6355661153793335), (8, 0.6259076595306396), (9, 0.6545219421386719), (10, 0.6289855241775513), (11, 0.6416733264923096), (12, 0.6124915480613708), (13, 0.5931233167648315), (14, 0.5744701623916626), (15, 0.5754908919334412), (16, 0.553915798664093), (17, 0.5430582165718079), (18, 0.5337896943092346), (19, 0.5085605382919312), (20, 0.5233960151672363), (21, 0.49314767122268677), (22, 0.4860397279262543), (23, 0.4705730378627777), (24, 0.47210410237312317), (25, 0.494124174118042), (26, 0.46704742312431335), (27, 0.4183257222175598), (28, 0.3759583532810211), (29, 0.3978576958179474), (30, 0.4122115969657898), (31, 0.39230582118034363), (32, 0.3732668161392212), (33, 0.3724641799926758), (34, 0.39021724462509155), (35, 0.38549113273620605), (36, 0.33039405941963196), (37, 0.2914024293422699), (38, 0.3717726469039917), (39, 0.3557421565055847), (40, 0.29283472895622253), (41, 0.27755603194236755), (42, 0.3449888527393341), (43, 0.29141777753829956), (44, 0.2768236994743347), (45, 0.2477423995733261), (46, 0.25593510270118713), (47, 0.20889969170093536), (48, 0.20965999364852905), (0, 0.20764394104480743), (1, 0.2310694307088852), (2, 0.1764601767063141), (3, 0.20145496726036072), (4, 0.18107783794403076), (5, 0.17079822719097137), (6, 0.14155729115009308), (7, 0.1879112422466278), (8, 0.14672397077083588), (9, 0.14778205752372742), (10, 0.13563679158687592), (11, 0.2314579337835312), (12, 0.1027410700917244), (13, 0.29061535000801086), (14, 0.10279104113578796), (15, 0.28406330943107605), (16, 0.18040159344673157), (17, 0.12548306584358215), (18, 0.1779945343732834), (19, 0.08767777681350708), (20, 0.13451042771339417), (21, 0.12955960631370544), (22, 0.21107181906700134), (23, 0.15686024725437164), (24, 0.11021752655506134), (25, 0.1584818959236145), (26, 0.1094525083899498), (27, 0.09864230453968048), (28, 0.1001448929309845), (29, 0.15413179993629456), (30, 0.14271877706050873), (31, 0.1019667461514473), (32, 0.1254609078168869), (33, 0.12813037633895874), (34, 0.12667901813983917), (35, 0.11273884773254395), (36, 0.07041878998279572), (37, 0.12707437574863434), (38, 0.10658995807170868), (39, 0.08764900267124176), (40, 0.10959677398204803), (41, 0.1238190084695816), (42, 0.09699396044015884), (43, 0.1271979808807373), (44, 0.059755440801382065), (45, 0.13576482236385345), (46, 0.07236082851886749), (47, 0.08057446777820587), (48, 0.13130806386470795), (0, 0.05930288881063461), (1, 0.0784727931022644), (2, 0.1221291795372963), (3, 0.061798661947250366), (4, 0.060822054743766785), (5, 0.06868704408407211), (6, 0.1069050207734108), (7, 0.09014051407575607), (8, 0.08709369599819183), (9, 0.13880014419555664), (10, 0.14436818659305573), (11, 0.06565221399068832), (12, 0.11080071330070496), (13, 0.09270399808883667), (14, 0.05480824038386345), (15, 0.08891933411359787), (16, 0.10806627571582794), (17, 0.04159441962838173), (18, 0.04682795703411102), (19, 0.04836250841617584), (20, 0.08242920786142349), (21, 0.06274790316820145), (22, 0.07488122582435608), (23, 0.05567674711346626), (24, 0.09340469539165497), (25, 0.0588030144572258), (26, 0.0624404177069664), (27, 0.08040175586938858), (28, 0.10370873659849167), (29, 0.06836587190628052), (30, 0.08636034280061722), (31, 0.05097159743309021), (32, 0.02959265187382698), (33, 0.047672539949417114), (34, 0.05102091282606125), (35, 0.059200629591941833), (36, 0.061377715319395065), (37, 0.05177391692996025), (38, 0.03387521207332611), (39, 0.051324643194675446), (40, 0.055738188326358795), (41, 0.04846569523215294), (42, 0.024144167080521584), (43, 0.05932822823524475), (44, 0.04176805913448334), (45, 0.054450392723083496), (46, 0.03849213942885399), (47, 0.0180285032838583), (48, 0.048074159771203995), (0, 0.04634404554963112), (1, 0.04736761748790741), (2, 0.0358157642185688), (3, 0.060686755925416946), (4, 0.047765083611011505), (5, 0.06658165156841278), (6, 0.0122282849624753), (7, 0.044696107506752014), (8, 0.0552544891834259), (9, 0.023245058953762054), (10, 0.04380534589290619), (11, 0.026846619322896004), (12, 0.037114743143320084), (13, 0.021459978073835373), (14, 0.03616831451654434), (15, 0.02004506066441536), (16, 0.023191284388303757), (17, 0.03258435055613518), (18, 0.021684665232896805), (19, 0.03602473810315132), (20, 0.027913684025406837), (21, 0.02060685120522976), (22, 0.022330043837428093), (23, 0.02395266853272915), (24, 0.02439992129802704), (25, 0.030619313940405846), (26, 0.02227112464606762), (27, 0.012164118699729443), (28, 0.019212733954191208), (29, 0.01592324674129486), (30, 0.018211860209703445), (31, 0.005117952823638916), (32, 0.02688540890812874), (33, 0.009512648917734623), (34, 0.012880832888185978), (35, 0.024615434929728508), (36, 0.011178649961948395), (37, 0.01510507334023714), (38, 0.03378932550549507), (39, 0.012945327907800674), (40, 0.01912171207368374), (41, 0.019450142979621887), (42, 0.00944465957581997), (43, 0.01014178991317749), (44, 0.0077385143376886845), (45, 0.015733949840068817), (46, 0.00878930650651455), (47, 0.015210380777716637), (48, 0.01149928942322731), (0, 0.011133786290884018), (1, 0.006591495126485825), (2, 0.01042292732745409), (3, 0.009828879497945309), (4, 0.011353416368365288), (5, 0.00830690935254097), (6, 0.009645778685808182), (7, 0.009099755436182022), (8, 0.006884743459522724), (9, 0.007722191046923399), (10, 0.012531157582998276), (11, 0.009362027049064636), (12, 0.007422361522912979), (13, 0.007797825150191784), (14, 0.005673922132700682), (15, 0.004855861887335777), (16, 0.004661823157221079), (17, 0.0033449148759245872), (18, 0.0077699702233076096), (19, 0.0024349854793399572), (20, 0.0045174490660429), (21, 0.003018588526174426), (22, 0.00809220876544714), (23, 0.0036844355054199696), (24, 0.0018925066106021404), (25, 0.008503001183271408), (26, 0.0038170928601175547), (27, 0.0038340925239026546), (28, 0.004116001073271036), (29, 0.011324712075293064), (30, 0.0018449239432811737), (31, 0.0027412434574216604), (32, 0.0028378483839333057), (33, 0.003881543641909957), (34, 0.008253511972725391), (35, 0.0019014215795323253), (36, 0.004463162273168564), (37, 0.005717278923839331), (38, 0.0035123261623084545), (39, 0.002657711273059249), (40, 0.0024097198620438576), (41, 0.0031562589574605227), (42, 0.0033234443981200457), (43, 0.0021727527491748333), (44, 0.0015139891766011715), (45, 0.0014825526159256697), (46, 0.0019880449399352074), (47, 0.002668192610144615), (48, 0.0020254680421203375), (0, 0.0019089445704594254), (1, 0.0019481729250401258), (2, 0.0013719716807827353), (3, 0.0020604466553777456), (4, 0.003438889281824231), (5, 0.0012746303109452128), (6, 0.0011572043877094984), (7, 0.0017510611796751618), (8, 0.0014684960478916764), (9, 0.0012771978508681059), (10, 0.0011565301101654768), (11, 0.001380688278004527), (12, 0.0008567548356950283), (13, 0.0009737778455018997), (14, 0.0017340363701805472), (15, 0.0008106929599307477), (16, 0.0022930013947188854), (17, 0.0011136829853057861), (18, 0.0006009988719597459), (19, 0.0009103891788981855), (20, 0.0017028913134709), (21, 0.0021031396463513374), (22, 0.0016608434962108731), (23, 0.0014035447966307402), (24, 0.0012924564070999622), (25, 0.001996665494516492), (26, 0.0010464483639225364), (27, 0.0009948920924216509), (28, 0.0009812626522034407), (29, 0.0010674756485968828), (30, 0.001308670500293374), (31, 0.0009512879187241197), (32, 0.0013318114215508103), (33, 0.0010079584317281842), (34, 0.0014228889485821128), (35, 0.0006105423090048134), (36, 0.0010838706512004137), (37, 0.0008664635824970901), (38, 0.0013544372050091624), (39, 0.0007286507170647383), (40, 0.001080545480363071), (41, 0.0010123769752681255), (42, 0.0006138762691989541), (43, 0.0006719540688209236), (44, 0.0009183313813991845), (45, 0.0006553696584887803), (46, 0.0008490484324283898), (47, 0.0010959773790091276), (48, 0.0007792551768943667), (0, 0.000660466612316668), (1, 0.0006116938311606646), (2, 0.000560521730221808), (3, 0.0006377114332281053), (4, 0.00040142241050489247), (5, 0.0009739220258779824), (6, 0.0008371759904548526), (7, 0.0006373457727022469), (8, 0.0005064909928478301), (9, 0.0008543192525394261), (10, 0.00032139875111170113), (11, 0.0006393351359292865), (12, 0.0005750770797021687), (13, 0.000607803463935852), (14, 0.0005578395794145763), (15, 0.0005033210618421435), (16, 0.0004066191613674164), (17, 0.0005717113381251693), (18, 0.0005577491829171777), (19, 0.0005530202179215848), (20, 0.0005463512497954071), (21, 0.0006824755691923201), (22, 0.00039803568506613374), (23, 0.0005933069624006748), (24, 0.0004363037005532533), (25, 0.0006013634265400469), (26, 0.0004475219175219536), (27, 0.0003929751692339778), (28, 0.0005419236840680242), (29, 0.0003864568716380745), (30, 0.000523204100318253), (31, 0.0007452788995578885), (32, 0.0003191718424204737), (33, 0.0005917495582252741), (34, 0.0005645902710966766), (35, 0.0003307183797005564), (36, 0.0004923840751871467), (37, 0.0006583211361430585), (38, 0.0005602282471954823), (39, 0.00033364634145982563), (40, 0.000422440905822441), (41, 0.0005151207442395389), (42, 0.0007330351509153843), (43, 0.00017485133139416575), (44, 0.0005597217241302133), (45, 0.0003838289121631533), (46, 0.00041179225081577897), (47, 0.0001946963311638683), (48, 0.0003628957783803344), (0, 0.0003669328289106488), (1, 0.0003201137005817145), (2, 0.000497134227771312), (3, 0.0005835662013851106), (4, 0.00047401015763171017), (5, 0.0004979608347639441), (6, 0.0005385758704505861), (7, 0.0003948774538002908), (8, 0.0005182449240237474), (9, 0.0002989934291690588), (10, 0.00031254382338374853), (11, 0.00022840472229290754), (12, 0.0003657747292891145), (13, 0.00037184447865001857), (14, 0.0005437257350422442), (15, 0.0003442753804847598), (16, 0.00022141335648484528), (17, 0.0003333356580697), (18, 0.0004019380721729249), (19, 0.00031386339105665684), (20, 0.00030539845465682447), (21, 0.0002743785153143108), (22, 0.00042288401164114475), (23, 0.0002654735872056335), (24, 0.0004563167749438435), (25, 0.00011201948655070737), (26, 0.00039559754077345133), (27, 0.00025692739291116595), (28, 0.00027221330674365163), (29, 0.0003109546669293195), (30, 0.0002557306725066155), (31, 0.00025239470414817333), (32, 0.0005031643086113036), (33, 0.00026261669700033963), (34, 0.0003928585792891681), (35, 0.00035609249607659876), (36, 0.00022624478151556104), (37, 0.0002240293542854488), (38, 0.0004257206746842712), (39, 0.0002392338210484013), (40, 0.00028626914718188345), (41, 0.0002938002289738506), (42, 0.00020521743863355368), (43, 0.00042788192513398826), (44, 0.00013426512305159122), (45, 0.00029380887281149626), (46, 0.00037110387347638607), (47, 0.00018789425666909665), (48, 0.00020608272461686283), (0, 0.000298905506497249), (1, 0.00025101134087890387), (2, 0.0002514044172130525), (3, 0.0003218830388505012), (4, 0.0002404596598353237), (5, 0.0003517581499181688), (6, 0.00031363629386760294), (7, 0.0003413177910260856), (8, 0.00020692808902822435), (9, 0.0002737479517236352), (10, 0.00031303722062148154), (11, 0.0003442481392994523), (12, 0.00022330702631734312), (13, 0.0003257534699514508), (14, 0.0002748335537035018), (15, 0.00023109751055017114), (16, 0.0002509422483853996), (17, 0.0002275686274515465), (18, 0.0001909588318085298), (19, 0.00018259823264088482), (20, 0.00020920623501297086), (21, 0.000295654172077775), (22, 0.0002692940179258585), (23, 0.00018481702136341482), (24, 0.0004147762665525079), (25, 0.00018043209274765104), (26, 0.00024622774799354374), (27, 0.00029241881566122174), (28, 0.00014868467405904084), (29, 0.00030073721427470446), (30, 0.00016578751092310995), (31, 0.00017260361346416175), (32, 0.00033391069155186415), (33, 0.00015071417146828026), (34, 0.0001931003062054515), (35, 0.00022724438167642802), (36, 0.0001453493459848687), (37, 0.00018147201626561582), (38, 0.00027824347489513457), (39, 0.0005348940612748265), (40, 0.000248255324549973), (41, 0.0002354482567170635), (42, 0.00020676730491686612), (43, 0.00021694153838325292), (44, 0.00019343424355611205), (45, 0.00036061403807252645), (46, 0.0001667802280280739), (47, 0.00021583877969533205), (48, 0.00011647233623079956), (0, 0.00028345457394607365), (1, 0.00019739473646041006), (2, 0.0002375784097239375), (3, 0.000284664798527956), (4, 0.0001414460566593334), (5, 0.00022602028911933303), (6, 0.00025123421801254153), (7, 0.00017997081158682704), (8, 0.0001982756075449288), (9, 0.00015258725034072995), (10, 0.00012684741523116827), (11, 0.000164546407177113), (12, 0.00025052748969756067), (13, 0.0001469784911023453), (14, 0.00020532749476842582), (15, 0.000138890027301386), (16, 0.00015631718270014971), (17, 0.00016102359222713858), (18, 0.0002028352755587548), (19, 0.00016518736083526164), (20, 0.00012260107905603945), (21, 0.00015115918358787894), (22, 0.00013234819925855845), (23, 0.00011989224731223658), (24, 0.00016389669326599687), (25, 0.00013237763778306544), (26, 0.000207046716241166), (27, 0.00016016047447919846), (28, 0.0001578947703819722), (29, 0.00015914521645754576), (30, 0.00014512438792735338), (31, 0.00019771598454099149), (32, 0.0001470331335440278), (33, 0.0002518769761081785), (34, 0.00012818316463381052), (35, 0.00012288900325074792), (36, 0.0001292890519835055), (37, 9.449502249481156e-05), (38, 0.000198957888642326), (39, 0.00013115676119923592), (40, 0.00018855197413358837), (41, 0.00024519540602341294), (42, 0.00014119004481472075), (43, 0.0001343329786323011), (44, 0.0001462788786739111), (45, 0.000111860063043423), (46, 0.00013388233492150903), (47, 0.00013049731205683202), (48, 0.0001411906850989908)]