Model Setup for {PATIENT_GROUPS} Trained Network:

NCDE Network Architecture Parameters
Input channels=3
Hidden channels=32
Output channels=1

Training hyperparameters
Optimizer=AdamW (
Parameter Group 0
    amsgrad: False
    betas: (0.9, 0.999)
    capturable: False
    differentiable: False
    eps: 1e-08
    foreach: None
    fused: None
    lr: 0.001
    maximize: False
    weight_decay: 1e-06
)Training Iterations=100
Learning rate=0.001
Weight decay=1e-06
Optimizer reset frequency=None

Dropout probability (after initial linear layer before NCDE): 0.0
Training Data Selection Parameters
(If not virtual, the only important params are the groups and whether data was normalized/standardized)
Patient groups=['Control', 'Atypical']
Augmentation strategy=Uniform
Noise Magnitude=0.05
Normalized/standardized=None
Number of virtual patients per real patient=100
Label smoothing factor=0
Test Patient Combinations:
Control: (13, 11, 8, 14, 6)
MDD: (4, 1, 13, 10)
Training batch size=3
Training Results:
Runtime=793.585108757019
Loss over time=[(0, 1.0986398458480835), (1, 0.8098379969596863), (2, 0.7344056963920593), (3, 0.7150192260742188), (4, 0.5008935332298279), (5, 1.238655924797058), (6, 1.4472843408584595), (0, 0.9275898337364197), (1, 0.6519432663917542), (2, 0.6122979521751404), (3, 0.7488887906074524), (4, 0.8462055325508118), (5, 0.4318360388278961), (6, 0.6502000093460083), (0, 0.6348357200622559), (1, 0.6045554280281067), (2, 0.5793755054473877), (3, 0.8256606459617615), (4, 0.550873339176178), (5, 0.7022228240966797), (6, 0.29539090394973755), (0, 0.45952239632606506), (1, 0.7371789813041687), (2, 0.6131418347358704), (3, 0.4367906153202057), (4, 0.5233022570610046), (5, 0.6810068488121033), (6, 0.702957034111023), (0, 0.45804229378700256), (1, 0.5515831112861633), (2, 0.6622269749641418), (3, 0.762847363948822), (4, 0.590092122554779), (5, 0.5303887724876404), (6, 0.5791100263595581), (0, 0.59184330701828), (1, 0.561976969242096), (2, 0.5275461077690125), (3, 0.8215043544769287), (4, 0.35093462467193604), (5, 0.844061553478241), (6, 0.4323701858520508), (0, 0.6060857176780701), (1, 0.6034992337226868), (2, 0.46192464232444763), (3, 0.48340967297554016), (4, 0.46173760294914246), (5, 0.6274897456169128), (6, 0.6120309829711914), (0, 0.31597307324409485), (1, 0.34749868512153625), (2, 0.789003849029541), (3, 0.5948762893676758), (4, 0.8842897415161133), (5, 0.6719791889190674), (6, 0.19098475575447083), (0, 0.4692954123020172), (1, 0.41193923354148865), (2, 0.5238013863563538), (3, 1.0698803663253784), (4, 0.35687264800071716), (5, 0.6866517066955566), (6, 0.14829254150390625), (0, 0.6830909848213196), (1, 0.659605085849762), (2, 0.9176456332206726), (3, 0.32594558596611023), (4, 0.5752025842666626), (5, 0.46949103474617004), (6, 0.49291545152664185), (0, 0.4759620130062103), (1, 0.5002182126045227), (2, 0.5056955218315125), (3, 0.47626543045043945), (4, 0.20594422519207), (5, 1.2179020643234253), (6, 0.7422667741775513), (0, 0.366476446390152), (1, 0.5218263864517212), (2, 0.33780035376548767), (3, 0.3902941942214966), (4, 1.2036370038986206), (5, 0.4233952462673187), (6, 0.5262874364852905), (0, 0.6763785481452942), (1, 0.2908990681171417), (2, 0.32038041949272156), (3, 0.697603702545166), (4, 0.2828691899776459), (5, 1.1975833177566528), (6, 0.8085242509841919), (0, 0.37507495284080505), (1, 0.7060873508453369), (2, 0.6367253065109253), (3, 0.33441439270973206), (4, 0.6581130623817444), (5, 0.590160071849823), (6, 0.3999421000480652), (0, 0.34422072768211365), (1, 0.2550252377986908), (2, 0.30092382431030273), (3, 0.8961763381958008), (4, 0.2483583688735962), (5, 1.291717290878296), (6, 1.2613792419433594), (0, 0.3921161890029907), (1, 0.14206819236278534), (2, 0.9853920340538025), (3, 0.5153992772102356), (4, 0.4162067472934723), (5, 0.9167856574058533), (6, 0.7063217759132385), (0, 0.21575768291950226), (1, 0.6601406931877136), (2, 0.21067528426647186), (3, 1.045615553855896), (4, 0.3965519368648529), (5, 0.6352686882019043), (6, 0.8659918308258057), (0, 0.789560854434967), (1, 0.3664138615131378), (2, 0.34752097725868225), (3, 0.32931774854660034), (4, 0.5400682687759399), (5, 0.7155278325080872), (6, 0.6015937328338623), (0, 0.745472252368927), (1, 0.8592917323112488), (2, 0.5275850296020508), (3, 0.29030489921569824), (4, 0.3077464997768402), (5, 0.7345886826515198), (6, 0.2312861531972885), (0, 0.42476019263267517), (1, 0.6818113327026367), (2, 0.2233571857213974), (3, 0.7560967803001404), (4, 0.6550233364105225), (5, 0.3501565456390381), (6, 0.3998458981513977), (0, 0.6806026101112366), (1, 0.8491148352622986), (2, 0.3991283178329468), (3, 0.4039885997772217), (4, 0.38300442695617676), (5, 0.251641184091568), (6, 0.35316842794418335), (0, 0.6281108856201172), (1, 0.23745207488536835), (2, 0.5571882128715515), (3, 0.21953290700912476), (4, 1.2910085916519165), (5, 0.21850138902664185), (6, 0.5510883331298828), (0, 0.22240465879440308), (1, 0.6584251523017883), (2, 0.24679864943027496), (3, 0.8374583125114441), (4, 0.384176641702652), (5, 0.34017252922058105), (6, 0.7711589336395264), (0, 0.2925412356853485), (1, 0.46092507243156433), (2, 0.25766316056251526), (3, 0.9727470278739929), (4, 0.34339621663093567), (5, 0.853625476360321), (6, 0.2493322789669037), (0, 0.4446951150894165), (1, 0.5846852660179138), (2, 0.2610054314136505), (3, 0.31436511874198914), (4, 0.5504136681556702), (5, 0.29380306601524353), (6, 1.0418308973312378), (0, 0.49105215072631836), (1, 0.9715964198112488), (2, 0.2948472499847412), (3, 0.24592895805835724), (4, 0.3198918104171753), (5, 0.446964830160141), (6, 0.500247597694397), (0, 0.3263494670391083), (1, 0.6041415333747864), (2, 0.21503381431102753), (3, 0.3299921452999115), (4, 0.6444228291511536), (5, 0.6924002766609192), (6, 0.46613192558288574), (0, 0.4579131603240967), (1, 0.7889740467071533), (2, 0.4715174436569214), (3, 0.464426726102829), (4, 0.5072034001350403), (5, 0.14747028052806854), (6, 0.38423681259155273), (0, 0.570473849773407), (1, 0.21896058320999146), (2, 0.4067685306072235), (3, 0.2834123373031616), (4, 0.7887938022613525), (5, 0.5402752757072449), (6, 0.29533854126930237), (0, 0.3609362542629242), (1, 0.6902449727058411), (2, 0.3864966928958893), (3, 0.5185572504997253), (4, 0.3451453447341919), (5, 0.18868964910507202), (6, 0.8458731174468994), (0, 0.09974362701177597), (1, 0.6905776858329773), (2, 0.3661234378814697), (3, 0.6225875020027161), (4, 0.5754937529563904), (5, 0.5140120983123779), (6, 0.6121201515197754), (0, 0.7943944334983826), (1, 0.26566505432128906), (2, 0.7813772559165955), (3, 0.614630401134491), (4, 0.3265610635280609), (5, 0.10280898958444595), (6, 0.39335018396377563), (0, 0.3348967134952545), (1, 0.7944613099098206), (2, 0.09725197404623032), (3, 0.4248831272125244), (4, 0.4537825882434845), (5, 0.8922839164733887), (6, 0.27431777119636536), (0, 0.6751040816307068), (1, 0.43168678879737854), (2, 0.7376269698143005), (3, 0.09487537294626236), (4, 0.5336175560951233), (5, 0.36860284209251404), (6, 0.484971284866333), (0, 1.0358773469924927), (1, 0.32482045888900757), (2, 0.26135167479515076), (3, 0.8017401099205017), (4, 0.27541583776474), (5, 0.2721044421195984), (6, 0.2780075669288635), (0, 0.46426448225975037), (1, 0.2813054025173187), (2, 0.5543193817138672), (3, 0.5169537663459778), (4, 0.7856501936912537), (5, 0.3076040744781494), (6, 0.12958356738090515), (0, 0.1737348586320877), (1, 0.31970492005348206), (2, 0.3269284665584564), (3, 0.9689932465553284), (4, 0.6926531791687012), (5, 0.2982454299926758), (6, 0.24356390535831451), (0, 0.2755485475063324), (1, 0.5072924494743347), (2, 0.35639896988868713), (3, 0.7152101993560791), (4, 0.18382763862609863), (5, 0.5875843167304993), (6, 0.43691515922546387), (0, 0.5370908379554749), (1, 0.46661970019340515), (2, 0.6163215637207031), (3, 0.29896923899650574), (4, 0.18594837188720703), (5, 0.29196521639823914), (6, 0.7685534358024597), (0, 0.4019765853881836), (1, 0.9552248120307922), (2, 0.33127832412719727), (3, 0.32683196663856506), (4, 0.22748221457004547), (5, 0.3341234624385834), (6, 0.49435728788375854), (0, 0.4643307626247406), (1, 0.4343043267726898), (2, 0.6688682436943054), (3, 0.2843748927116394), (4, 0.5943322777748108), (5, 0.253216028213501), (6, 0.27544504404067993), (0, 0.5382023453712463), (1, 0.19902734458446503), (2, 0.28387969732284546), (3, 0.5860643982887268), (4, 0.5054007768630981), (5, 0.5303055644035339), (6, 0.3751368522644043), (0, 0.49139103293418884), (1, 0.5128024220466614), (2, 0.360577255487442), (3, 0.5705028176307678), (4, 0.2971266508102417), (5, 0.20039571821689606), (6, 0.5709875822067261), (0, 0.4160766899585724), (1, 0.1838640719652176), (2, 0.25832948088645935), (3, 0.675547182559967), (4, 0.7501583099365234), (5, 0.27498379349708557), (6, 0.30443546175956726), (0, 0.18882818520069122), (1, 0.6650302410125732), (2, 0.48495402932167053), (3, 0.5643208622932434), (4, 0.17737622559070587), (5, 0.2570755183696747), (6, 0.5382899045944214), (0, 0.3608037531375885), (1, 0.33867740631103516), (2, 0.5379910469055176), (3, 0.2270234078168869), (4, 0.3220027983188629), (5, 0.401945561170578), (6, 0.7555835843086243), (0, 0.15091322362422943), (1, 0.25828003883361816), (2, 0.8079115748405457), (3, 0.48182758688926697), (4, 0.12509772181510925), (5, 0.9491583704948425), (6, 0.2277447134256363), (0, 0.20227378606796265), (1, 0.49757441878318787), (2, 0.594770610332489), (3, 0.4296434223651886), (4, 0.03291623294353485), (5, 0.4270048141479492), (6, 0.829424262046814), (0, 0.24007023870944977), (1, 0.3033728301525116), (2, 0.765936553478241), (3, 0.3844742774963379), (4, 0.3708624541759491), (5, 0.38347163796424866), (6, 0.48396405577659607), (0, 0.5385644435882568), (1, 0.4470626413822174), (2, 0.19366861879825592), (3, 0.1539405733346939), (4, 0.5238445401191711), (5, 0.5273532271385193), (6, 0.435089111328125), (0, 0.14392738044261932), (1, 0.26155486702919006), (2, 0.46906185150146484), (3, 0.4382058084011078), (4, 0.6402666568756104), (5, 0.581295907497406), (6, 0.061598241329193115), (0, 0.4434784948825836), (1, 0.1780722290277481), (2, 0.3747229278087616), (3, 0.2760569155216217), (4, 0.6682372093200684), (5, 0.22568945586681366), (6, 0.6090368628501892), (0, 0.23128066956996918), (1, 0.128803551197052), (2, 0.2412114292383194), (3, 0.6039974689483643), (4, 0.7006315588951111), (5, 0.38512182235717773), (6, 0.4329017102718353), (0, 0.22905142605304718), (1, 0.3611074984073639), (2, 0.3524756133556366), (3, 0.12104669213294983), (4, 0.4732871353626251), (5, 0.9561474919319153), (6, 0.15545926988124847), (0, 0.21373800933361053), (1, 0.20006276667118073), (2, 0.37645038962364197), (3, 0.17212648689746857), (4, 0.4903392791748047), (5, 0.3092471957206726), (6, 1.185420274734497), (0, 0.8591516613960266), (1, 0.26983121037483215), (2, 0.21632222831249237), (3, 0.36084285378456116), (4, 0.17676381766796112), (5, 0.5408554077148438), (6, 0.8693093061447144), (0, 0.24285967648029327), (1, 0.07188300043344498), (2, 0.5141395330429077), (3, 0.6089996099472046), (4, 0.49479684233665466), (5, 0.19600482285022736), (6, 0.18944254517555237), (0, 0.6992973685264587), (1, 0.32054272294044495), (2, 0.519733726978302), (3, 0.2534625232219696), (4, 0.14689113199710846), (5, 0.6164407134056091), (6, 0.17929424345493317), (0, 0.42379915714263916), (1, 0.17444507777690887), (2, 0.6186895966529846), (3, 0.2704983949661255), (4, 0.23244346678256989), (5, 0.2501038610935211), (6, 1.1661338806152344), (0, 0.5499563217163086), (1, 0.4439544379711151), (2, 0.33020520210266113), (3, 0.14243711531162262), (4, 0.4380154609680176), (5, 0.3054012954235077), (6, 0.3122021555900574), (0, 0.6930510997772217), (1, 0.1825210005044937), (2, 0.8040862083435059), (3, 0.29698339104652405), (4, 0.31794273853302), (5, 0.19237589836120605), (6, 0.20019711554050446), (0, 0.35594475269317627), (1, 0.6318642497062683), (2, 0.2491024136543274), (3, 0.49138638377189636), (4, 0.11237487196922302), (5, 0.32686346769332886), (6, 0.4230465888977051), (0, 0.3851455748081207), (1, 0.22618941962718964), (2, 0.34420332312583923), (3, 0.12575602531433105), (4, 0.28446975350379944), (5, 0.5447476506233215), (6, 0.6414656043052673), (0, 0.17617978155612946), (1, 0.09650484472513199), (2, 0.4427982270717621), (3, 0.10902103036642075), (4, 0.7633258700370789), (5, 0.5293145775794983), (6, 0.2983708679676056), (0, 0.11936678737401962), (1, 0.5160567164421082), (2, 0.4319591820240021), (3, 0.3756497800350189), (4, 0.32048535346984863), (5, 0.447265625), (6, 0.15524353086948395), (0, 0.4602321684360504), (1, 0.1722298413515091), (2, 0.1294252723455429), (3, 0.21832625567913055), (4, 0.37537887692451477), (5, 0.8109109401702881), (6, 0.4734076261520386), (0, 0.2961748242378235), (1, 0.44325146079063416), (2, 0.23284275829792023), (3, 0.46453699469566345), (4, 0.17401783168315887), (5, 0.4494289457798004), (6, 1.2282952070236206), (0, 0.6255365610122681), (1, 0.21581126749515533), (2, 0.10572582483291626), (3, 0.531912624835968), (4, 0.3154422342777252), (5, 0.5540083050727844), (6, 0.14181971549987793), (0, 0.16873236000537872), (1, 0.31279170513153076), (2, 0.29382777214050293), (3, 0.1536383479833603), (4, 0.28397336602211), (5, 0.38849887251853943), (6, 1.0260056257247925), (0, 0.28869423270225525), (1, 0.8377159237861633), (2, 0.2715846002101898), (3, 0.23325824737548828), (4, 0.14384187757968903), (5, 0.25305452942848206), (6, 0.8141161799430847), (0, 0.7886044383049011), (1, 0.1794758439064026), (2, 0.36881378293037415), (3, 0.20918069779872894), (4, 0.2399553805589676), (5, 0.4939213991165161), (6, 0.2119266390800476), (0, 0.24123060703277588), (1, 0.6478832960128784), (2, 0.5262298583984375), (3, 0.23928409814834595), (4, 0.2923305332660675), (5, 0.37568044662475586), (6, 0.2740468382835388), (0, 0.46013593673706055), (1, 0.4193636476993561), (2, 0.15698058903217316), (3, 0.5662686228752136), (4, 0.44646692276000977), (5, 0.18232864141464233), (6, 0.025509534403681755), (0, 0.30790504813194275), (1, 0.27393603324890137), (2, 0.3988497257232666), (3, 0.32442039251327515), (4, 0.6336564421653748), (5, 0.02074628509581089), (6, 0.3992267847061157), (0, 0.19222845137119293), (1, 0.23185209929943085), (2, 0.15437091886997223), (3, 0.49441060423851013), (4, 0.33289864659309387), (5, 0.2669186294078827), (6, 0.5892449021339417), (0, 0.08892836421728134), (1, 0.33549559116363525), (2, 0.4215017557144165), (3, 0.6107191443443298), (4, 0.18740583956241608), (5, 0.3369768559932709), (6, 0.2756759524345398), (0, 0.256617933511734), (1, 0.14268100261688232), (2, 0.3666032552719116), (3, 0.4293121099472046), (4, 0.23984295129776), (5, 0.552765429019928), (6, 0.12985648214817047), (0, 0.6686890721321106), (1, 0.15980841219425201), (2, 0.4932551681995392), (3, 0.03469530865550041), (4, 0.2360430359840393), (5, 0.3157676160335541), (6, 0.24710822105407715), (0, 0.3468327820301056), (1, 0.0892154648900032), (2, 0.27620604634284973), (3, 0.5092718005180359), (4, 0.24006111919879913), (5, 0.31594574451446533), (6, 0.4003528952598572), (0, 0.17697842419147491), (1, 0.31035375595092773), (2, 0.2668910026550293), (3, 0.0813916027545929), (4, 0.23021788895130157), (5, 0.7625711560249329), (6, 0.33411741256713867), (0, 0.29430052638053894), (1, 0.5131751298904419), (2, 0.23323863744735718), (3, 0.5902788639068604), (4, 0.30618083477020264), (5, 0.290315717458725), (6, 0.042046964168548584), (0, 0.14081962406635284), (1, 0.4616750478744507), (2, 0.3536766469478607), (3, 0.3258582055568695), (4, 0.3646682798862457), (5, 0.4240100085735321), (6, 0.17914235591888428), (0, 0.15994688868522644), (1, 0.3987793028354645), (2, 0.3437967002391815), (3, 0.12015708535909653), (4, 0.2989826202392578), (5, 0.6658738851547241), (6, 0.03719897195696831), (0, 0.41599133610725403), (1, 0.6185584664344788), (2, 0.33161985874176025), (3, 0.08534294366836548), (4, 0.3550751209259033), (5, 0.025593772530555725), (6, 0.24094969034194946), (0, 0.09696024656295776), (1, 0.4428182542324066), (2, 0.22578774392604828), (3, 0.32164010405540466), (4, 0.28234174847602844), (5, 0.6094768047332764), (6, 0.09824054688215256), (0, 0.27367639541625977), (1, 0.37722358107566833), (2, 0.17144650220870972), (3, 0.3570716083049774), (4, 0.24512378871440887), (5, 0.4817444384098053), (6, 0.07629534602165222), (0, 0.14690586924552917), (1, 0.38177505135536194), (2, 0.3036063015460968), (3, 0.11095689982175827), (4, 0.122732974588871), (5, 0.7440617084503174), (6, 0.3709055781364441), (0, 0.6925797462463379), (1, 0.13193659484386444), (2, 0.20327377319335938), (3, 0.11324641108512878), (4, 0.19604068994522095), (5, 0.45789632201194763), (6, 0.17904643714427948), (0, 0.1297379583120346), (1, 0.16659048199653625), (2, 0.22245480120182037), (3, 0.4728802442550659), (4, 0.2912134528160095), (5, 0.5071184039115906), (6, 0.26827090978622437), (0, 0.5635319352149963), (1, 0.27929505705833435), (2, 0.17958082258701324), (3, 0.03793950378894806), (4, 0.08197280019521713), (5, 0.734730064868927), (6, 0.7447702884674072), (0, 0.2969428598880768), (1, 0.4824947118759155), (2, 0.2795083820819855), (3, 0.24785859882831573), (4, 0.3298451900482178), (5, 0.36935821175575256), (6, 0.0014846764970570803), (0, 0.10588371008634567), (1, 0.2983805239200592), (2, 0.30411091446876526), (3, 0.17674784362316132), (4, 0.5460386872291565), (5, 0.24310101568698883), (6, 0.4604937434196472), (0, 0.16143439710140228), (1, 0.13015799224376678), (2, 0.3846055269241333), (3, 0.8149442076683044), (4, 0.6301278471946716), (5, 0.07268736511468887), (6, 0.09633132070302963), (0, 0.17028771340847015), (1, 0.5212634801864624), (2, 0.19386518001556396), (3, 0.5864855647087097), (4, 0.08616799116134644), (5, 0.5954381823539734), (6, 0.0841621682047844), (0, 0.18003392219543457), (1, 0.33259567618370056), (2, 0.45917773246765137), (3, 0.3679792881011963), (4, 0.1487715095281601), (5, 0.24910412728786469), (6, 0.3299327790737152), (0, 0.07557555288076401), (1, 0.4185612201690674), (2, 0.2599789798259735), (3, 0.6199713349342346), (4, 0.38667532801628113), (5, 0.15988431870937347), (6, 0.030968068167567253), (0, 0.3639959990978241), (1, 0.36118578910827637), (2, 0.20759129524230957), (3, 0.18133457005023956), (4, 0.5828657150268555), (5, 0.1558748334646225), (6, 0.019822821021080017), (0, 0.25159671902656555), (1, 0.12156651169061661), (2, 0.19796697795391083), (3, 0.3853938579559326), (4, 0.5252286791801453), (5, 0.25394168496131897), (6, 0.16305498778820038), (0, 0.3345068395137787), (1, 0.054481178522109985), (2, 0.2812417447566986), (3, 0.34730979800224304), (4, 0.619112491607666), (5, 0.2171238213777542), (6, 0.010102122090756893), (0, 0.3526318073272705), (1, 0.13648198544979095), (2, 0.3837759494781494), (3, 0.14278122782707214), (4, 0.4169386327266693), (5, 0.26528918743133545), (6, 0.1959049105644226)]