Model Setup for {PATIENT_GROUPS} Trained Network:

RNN Network Architecture Parameters
Input channels=1
Hidden channels=128
Output channels=4

Training hyperparameters
Optimizer=AdamW (
Parameter Group 0
    amsgrad: False
    betas: (0.9, 0.999)
    capturable: False
    differentiable: False
    eps: 1e-08
    foreach: None
    fused: None
    lr: 0.001
    maximize: False
    weight_decay: 1e-06
)Training Iterations=1000
Learning rate=0.001
Weight decay=1e-06
Optimizer reset frequency=1000

Dropout probability (after initial linear layer before NCDE): 0.0
Training Data Selection Parameters
(If not virtual, the only important params are the groups and whether data was normalized/standardized)
Patient groups=['Control']
Augmentation strategy=Uniform
Noise Magnitude=0.05
Normalized/standardized=None
Number of virtual patients per real patient=1
Label smoothing factor=0
Test Patient Combinations:
Control: None
MDD: None
Training batch size=1
Training Results:
Runtime=5.060392141342163
Loss over time=[(0, 101.18704831146187), (0, 100.56942372662324), (0, 99.99045621612231), (0, 99.39274997199381), (0, 98.85321919445255), (0, 98.29753396921771), (0, 97.479239912571), (0, 96.33535081481884), (0, 95.00306536048303), (0, 93.55087091841278), (0, 92.03077316013834), (0, 90.48770624799351), (0, 88.95785301383115), (0, 87.46616436549245), (0, 86.02609830856122), (0, 84.64131135454788), (0, 83.30841584613785), (0, 82.01997231345126), (0, 80.76751442557075), (0, 79.54341392679906), (0, 78.34245196588279), (0, 77.16182349504926), (0, 76.00040314409223), (0, 74.85819208375233), (0, 73.73614610405615), (0, 72.6359411417606), (0, 71.559635667376), (0, 70.50941020714811), (0, 69.48718680240816), (0, 68.49435554598162), (0, 67.53211762991762), (0, 66.60196645953326), (0, 65.70530937829236), (0, 64.84232269760406), (0, 64.0111607019638), (0, 63.207658933122566), (0, 62.428536723889884), (0, 61.669002976055644), (0, 60.92562686666984), (0, 60.1958477202096), (0, 59.47767777126298), (0, 58.769551786110824), (0, 58.07027368313648), (0, 57.37851863869138), (0, 56.69379964331955), (0, 56.01581751868987), (0, 55.3440981121741), (0, 54.67844947812352), (0, 54.01892924233744), (0, 53.36573437137948), (0, 52.71911138563857), (0, 52.079298222384956), (0, 51.447154470888194), (0, 50.82150956948462), (0, 50.20313383787584), (0, 49.59210171961985), (0, 48.9884670154944), (0, 48.392273132231544), (0, 47.80355896823329), (0, 47.22236096277804), (0, 46.64871258075302), (0, 46.082642720981376), (0, 45.52417393866146), (0, 44.97332095284676), (0, 44.43008959412977), (0, 43.89447625391094), (0, 43.36646759366024), (0, 42.846040572677815), (0, 42.333162644056344), (0, 41.827792084418945), (0, 41.3298785453587), (0, 40.83936378470617), (0, 40.356182716422914), (0, 39.88026468843943), (0, 39.411534970176014), (0, 38.9499162517746), (0, 38.49532994586754), (0, 38.0476970716204), (0, 37.60693866269426), (0, 37.17297568520521), (0, 36.74572861903413), (0, 36.32511687593187), (0, 35.91105831292566), (0, 35.50346892124149), (0, 35.10226278430189), (0, 34.70735230382728), (0, 34.31864857921965), (0, 33.93606190444755), (0, 33.55950229904944), (0, 33.188880068680604), (0, 32.823456602569294), (0, 32.46444806002412), (0, 32.11111661813371), (0, 31.763381216151206), (0, 31.421166258760884), (0, 31.084404010056115), (0, 30.753037614559485), (0, 30.42702419953139), (0, 30.106335513518474), (0, 29.79094743897963), (0, 29.480799265129182), (0, 29.175726785903056), (0, 28.875488440372237), (0, 28.579911448119063), (0, 28.28893187569561), (0, 28.002535802105868), (0, 27.7207130928795), (0, 27.443437290256917), (0, 27.170659478064294), (0, 26.902239902784178), (0, 26.636741841797974), (0, 26.380076770677615), (0, 26.12579077015605), (0, 25.87396953760733), (0, 25.624569867705276), (0, 25.378646207461244), (0, 25.141703979947295), (0, 24.906165538255337), (0, 24.674359963218393), (0, 24.446230652987072), (0, 24.221723029983576), (0, 24.00078167048908), (0, 23.783347344939884), (0, 23.569355340435273), (0, 23.35873680159099), (0, 23.15142346652962), (0, 22.947353446789215), (0, 22.746474376289356), (0, 22.548742132898198), (0, 22.354116510702603), (0, 22.1625566269059), (0, 21.974018171782966), (0, 21.78845307433449), (0, 21.60581101987017), (0, 21.42604168635478), (0, 21.24909670629255), (0, 21.074930765600282), (0, 20.903501725107258), (0, 20.734769906254172), (0, 20.56869681867704), (0, 20.40524369739238), (0, 20.244370324494216), (0, 20.086034633804), (0, 19.930193376917902), (0, 19.77680359027728), (0, 19.625824079248225), (0, 19.477216066116068), (0, 19.330942731255718), (0, 19.185562016485996), (0, 19.044643131649813), (0, 18.9062494066669), (0, 18.767087332635395), (0, 18.633383739706055), (0, 18.49843080966773), (0, 18.368525215417023), (0, 18.239436020915647), (0, 18.11212859271228), (0, 17.98799147752649), (0, 17.864681920262473), (0, 17.74434834445898), (0, 17.624485868830593), (0, 17.508382920841417), (0, 17.392113242650794), (0, 17.279267611050958), (0, 17.166982955265336), (0, 17.057642424155826), (0, 16.948773070368265), (0, 16.842685574165785), (0, 16.73751869110828), (0, 16.63467197166697), (0, 16.53273099694916), (0, 16.433027018585786), (0, 16.33441340066013), (0, 16.23781459523732), (0, 16.142246903871204), (0, 16.04859684246474), (0, 15.956085991185398), (0, 15.865368149659592), (0, 15.775774200002346), (0, 15.687793521122478), (0, 15.601051565523584), (0, 15.51577223712172), (0, 15.431821139697304), (0, 15.34913535348725), (0, 15.267853415676878), (0, 15.187693871263622), (0, 15.1089512889331), (0, 15.031323735334553), (0, 14.955008541380872), (0, 14.87985511424574), (0, 14.805855966462104), (0, 14.733093802475345), (0, 14.661375810082792), (0, 14.590851241699202), (0, 14.521416584785161), (0, 14.453039236738729), (0, 14.385785226093642), (0, 14.319542213889843), (0, 14.254351124728393), (0, 14.190194055427106), (0, 14.1270074759428), (0, 14.064834499338282), (0, 14.003627712915662), (0, 13.94335320261392), (0, 13.884043605081855), (0, 13.825649929455121), (0, 13.768144241745548), (0, 13.711554191356154), (0, 13.65584021930764), (0, 13.600967919029786), (0, 13.546959787186223), (0, 13.493793474790548), (0, 13.441429299614684), (0, 13.38987342894084), (0, 13.339121878459705), (0, 13.289145956717311), (0, 13.239928312887201), (0, 13.19146470092842), (0, 13.143748078479295), (0, 13.09675911095041), (0, 13.050478598227349), (0, 13.004898891652546), (0, 12.96001247433636), (0, 12.915807757876808), (0, 12.872269838990544), (0, 12.82938422771868), (0, 12.787140607254663), (0, 12.745528738374801), (0, 12.704539042486184), (0, 12.664160974580714), (0, 12.62438353527749), (0, 12.58519574438222), (0, 12.546587097679682), (0, 12.508548108891517), (0, 12.471068484867667), (0, 12.434143501004643), (0, 12.397761217367574), (0, 12.361941647298014), (0, 12.32664721962218), (0, 12.292060066993235), (0, 12.257735105814824), (0, 12.22456168697977), (0, 12.190383963232732), (0, 12.15732630943214), (0, 12.124859158704558), (0, 12.092919034586496), (0, 12.061507049221948), (0, 12.030637960954515), (0, 12.000952690418933), (0, 11.969902513523223), (0, 11.940154203243532), (0, 11.910596117964445), (0, 11.881880386785634), (0, 11.853257365694088), (0, 11.825956806803436), (0, 11.797084553657939), (0, 11.769457159385267), (0, 11.742345706470292), (0, 11.71565442553127), (0, 11.6893811153387), (0, 11.663590345798447), (0, 11.639023950312424), (0, 11.61283241262361), (0, 11.588208663049631), (0, 11.563040054508377), (0, 11.539038410869173), (0, 11.514744008306494), (0, 11.491831955030122), (0, 11.4674159278437), (0, 11.444183367434812), (0, 11.421274378184753), (0, 11.398981849760196), (0, 11.37687024842279), (0, 11.356678759801985), (0, 11.332484680824683), (0, 11.312963244794922), (0, 11.291772412102109), (0, 11.270833041843442), (0, 11.25013835056925), (0, 11.229682277745487), (0, 11.209459474397788), (0, 11.189465243759784), (0, 11.169695469889104), (0, 11.150146509939235), (0, 11.130815092639953), (0, 11.111698183218095), (0, 11.09279285895027), (0, 11.074096179566084), (0, 11.055605118176357), (0, 11.037316484061162), (0, 11.019226943949773), (0, 11.001333025827963), (0, 10.98363118877349), (0, 10.966117855545342), (0, 10.948789462084902), (0, 10.931642482612551), (0, 10.914673434823518), (0, 10.897878898371285), (0, 10.881255540698634), (0, 10.864800109951311), (0, 10.848509460927625), (0, 10.832380557266283), (0, 10.81641045342103), (0, 10.800596291893777), (0, 10.784935278145316), (0, 10.769424674652289), (0, 10.754061803830046), (0, 10.738844021501055), (0, 10.723768700856425), (0, 10.70883320023617), (0, 10.694034773969939), (0, 10.679370342744383), (0, 10.664835924315122), (0, 10.650424563105929), (0, 10.63611647090936), (0, 10.621797558315913), (0, 10.606782195077814), (0, 10.59414587419555), (0, 10.580481980018462), (0, 10.566870060287485), (0, 10.553369413829763), (0, 10.539972753712517), (0, 10.526677386028966), (0, 10.51348383823124), (0, 10.498340511477638), (0, 10.490192700907823), (0, 10.472867157648892), (0, 10.461725795189462), (0, 10.449037918992866), (0, 10.43550853708151), (0, 10.439111303443779), (0, 10.42689468544229), (0, 10.414433189285933), (0, 10.404944708495028), (0, 10.390570541021289), (0, 10.364933166808212), (0, 10.352578051039599), (0, 10.353552258322585), (0, 10.34515252239869), (0, 10.334846696522176), (0, 10.323884337316196), (0, 10.31254330038281), (0, 10.300957930426751), (0, 10.289236946929023), (0, 10.2774774466068), (0, 10.265754539049265), (0, 10.254106741406364), (0, 10.242531576784899), (0, 10.231002287609629), (0, 10.21950240249825), (0, 10.208057348913309), (0, 10.196740886140766), (0, 10.185651140684593), (0, 10.174868786438168), (0, 10.164416281598129), (0, 10.154236916853499), (0, 10.144208540259894), (0, 10.134191874578965), (0, 10.124088558506056), (0, 10.113873311999457), (0, 10.103585004532592), (0, 10.093292391179142), (0, 10.083060682284138), (0, 10.072933574791877), (0, 10.062930253772032), (0, 10.053050408962362), (0, 10.043281147340787), (0, 10.033603009235843), (0, 10.023994650302622), (0, 10.014436549598667), (0, 10.00491391937728), (0, 9.99541869790764), (0, 9.985950241285988), (0, 9.976514499354444), (0, 9.967121839646564), (0, 9.957784002489488), (0, 9.948510875086289), (0, 9.939307934138146), (0, 9.93017494674442), (0, 9.921106379612159), (0, 9.912093357060781), (0, 9.903126543188087), (0, 9.8941989059581), (0, 9.885307321742413), (0, 9.87645264808974), (0, 9.867638476795758), (0, 9.858869316291509), (0, 9.850148943751462), (0, 9.841479392140851), (0, 9.832860691347099), (0, 9.824291220815834), (0, 9.815768390071872), (0, 9.807289366353084), (0, 9.79885170497635), (0, 9.790453751879426), (0, 9.782094760426551), (0, 9.773774821223126), (0, 9.765494572294712), (0, 9.757254859349622), (0, 9.749056368717042), (0, 9.740899393654955), (0, 9.73278369687506), (0, 9.724708554799035), (0, 9.71667292797882), (0, 9.708675697938652), (0, 9.700715905097205), (0, 9.692792884962094), (0, 9.684906337503367), (0, 9.677056239802734), (0, 9.669242733335107), (0, 9.661465976280796), (0, 9.653726012321957), (0, 9.646022711558576), (0, 9.638355789775035), (0, 9.63072482950062), (0, 9.623129369849508), (0, 9.615568945909168), (0, 9.608043121403263), (0, 9.60055150911989), (0, 9.593093719469826), (0, 9.585669347294603), (0, 9.578277919205195), (0, 9.570918884205767), (0, 9.563591652867464), (0, 9.556295626692863), (0, 9.54903026097014), (0, 9.541795145636627), (0, 9.534590035385639), (0, 9.527414922865633), (0, 9.520270069535695), (0, 9.513156097749919), (0, 9.506074032018155), (0, 9.499025276353754), (0, 9.492011376773865), (0, 9.48503332251919), (0, 9.478090481567415), (0, 9.47117967257967), (0, 9.464295728264727), (0, 9.457434065291338), (0, 9.450593540985412), (0, 9.443776795304567), (0, 9.436987822584031), (0, 9.430229351320524), (0, 9.423501850901971), (0, 9.416804021779349), (0, 9.410133794075946), (0, 9.403489098660737), (0, 9.396868268534128), (0, 9.390270241869281), (0, 9.38369464428699), (0, 9.377141823950707), (0, 9.370612759838899), (0, 9.364108674407102), (0, 9.357630194230705), (0, 9.351176390669204), (0, 9.344744585307641), (0, 9.338331774103837), (0, 9.33193684063271), (0, 9.32556109431351), (0, 9.319206485586594), (0, 9.312873436258004), (0, 9.306560387048027), (0, 9.300264982166498), (0, 9.293985648641142), (0, 9.287722503062092), (0, 9.28147688806548), (0, 9.275249720593779), (0, 9.269039942377823), (0, 9.262845223471354), (0, 9.256664620395172), (0, 9.250499526677187), (0, 9.244351506243119), (0, 9.238220287610876), (0, 9.232104556629766), (0, 9.226004036277414), (0, 9.219920027914629), (0, 9.213853815312998), (0, 9.207805185374603), (0, 9.201773353401206), (0, 9.19575882174444), (0, 9.189763098524267), (0, 9.183786954722533), (0, 9.17783020315073), (0, 9.171892976923463), (0, 9.165976231385812), (0, 9.160080839663427), (0, 9.154206907167959), (0, 9.148354383853151), (0, 9.142523828423588), (0, 9.136716079265058), (0, 9.130931584832068), (0, 9.125170453724982), (0, 9.11943295723197), (0, 9.113719624927013), (0, 9.108030902611773), (0, 9.102366974745204), (0, 9.096727989701277), (0, 9.091114244858336), (0, 9.085526089363267), (0, 9.079963771842115), (0, 9.074427428133276), (0, 9.068917189348367), (0, 9.063433227181315), (0, 9.057975687500262), (0, 9.052544638254684), (0, 9.047140086859136), (0, 9.04176202704807), (0, 9.036410442171864), (0, 9.031085312306462), (0, 9.025786565629701), (0, 9.020514081770806), (0, 9.015267733874396), (0, 9.010047361973758), (0, 9.004852798786033), (0, 8.999683854699686), (0, 8.994540315592072), (0, 8.989421947729987), (0, 8.98432850751448), (0, 8.979259746895881), (0, 8.974215413855767), (0, 8.96919524827902), (0, 8.964198972305542), (0, 8.959226319598267), (0, 8.954277005016362), (0, 8.94935076268458), (0, 8.944447311071778), (0, 8.939566386505478), (0, 8.934707707817184), (0, 8.929871004738649), (0, 8.925056011674629), (0, 8.920262468633094), (0, 8.915490121117472), (0, 8.910738719441685), (0, 8.90600801819877), (0, 8.901297776489212), (0, 8.896607758916307), (0, 8.891937735713793), (0, 8.887287474633327), (0, 8.882656765792554), (0, 8.878045395955636), (0, 8.873453149065389), (0, 8.868879830619683), (0, 8.864325234812341), (0, 8.85978917729861), (0, 8.855271462405591), (0, 8.850771915260955), (0, 8.846290349222311), (0, 8.84182658998829), (0, 8.837380475724927), (0, 8.832951831983962), (0, 8.828540496488388), (0, 8.82414631022252), (0, 8.819769117895422), (0, 8.81540876716825), (0, 8.811065116841137), (0, 8.806738012758784), (0, 8.802427311438027), (0, 8.798132871942133), (0, 8.793854555724621), (0, 8.78959222632517), (0, 8.785345749683925), (0, 8.781114985840615), (0, 8.776899811951523), (0, 8.772700099359751), (0, 8.76851572076453), (0, 8.764346550075045), (0, 8.76019246272424), (0, 8.756053327415911), (0, 8.751929029257067), (0, 8.747819446318559), (0, 8.743724457696354), (0, 8.739643935374437), (0, 8.735577767031748), (0, 8.731525825580695), (0, 8.727487999155588), (0, 8.723464168797769), (0, 8.71945420806622), (0, 8.715458005322017), (0, 8.71147543445789), (0, 8.707506383513008), (0, 8.703550726224279), (0, 8.69960834316931), (0, 8.695679122219955), (0, 8.691762936554301), (0, 8.687859666791098), (0, 8.683969200362371), (0, 8.680091411017528), (0, 8.67622617978433), (0, 8.672373395021074), (0, 8.668532932095715), (0, 8.664704674199372), (0, 8.660888505718814), (0, 8.65708431250078), (0, 8.653291982117212), (0, 8.64951141092862), (0, 8.645742483966194), (0, 8.641985095235672), (0, 8.638239141566624), (0, 8.634504522267765), (0, 8.630781139281739), (0, 8.62706889713965), (0, 8.623367702845432), (0, 8.619677465852421), (0, 8.615998097450053), (0, 8.61232951111137), (0, 8.608671621876749), (0, 8.605024346187042), (0, 8.601387602185255), (0, 8.597761309227606), (0, 8.59414538802069), (0, 8.59053976065761), (0, 8.586944350693397), (0, 8.583359083221646), (0, 8.579783878478281), (0, 8.5762186713331), (0, 8.57266339164343), (0, 8.569117971138073), (0, 8.565582342763191), (0, 8.562056440970066), (0, 8.558540201418737), (0, 8.555033560694458), (0, 8.551536456571387), (0, 8.548048827358095), (0, 8.544570612363284), (0, 8.54110175131467), (0, 8.537642184759651), (0, 8.534191853823378), (0, 8.53075070066105), (0, 8.527318667968865), (0, 8.52389569959045), (0, 8.52048173412804), (0, 8.517076723012769), (0, 8.51368061300463), (0, 8.51029335162972), (0, 8.506914887595867), (0, 8.503545170527756), (0, 8.50018415123922), (0, 8.496831781590437), (0, 8.493488014484342), (0, 8.490152803850949), (0, 8.48682609871421), (0, 8.483507860732063), (0, 8.480198047102217), (0, 8.476896615440767), (0, 8.473603524549418), (0, 8.470318733835233), (0, 8.467042198552274), (0, 8.463773885531696), (0, 8.460513756476587), (0, 8.457261774252451), (0, 8.454017896317422), (0, 8.450782091753485), (0, 8.447554324543141), (0, 8.444334553598212), (0, 8.441122748759408), (0, 8.437918874550276), (0, 8.434722890184947), (0, 8.431534765357672), (0, 8.428354458692825), (0, 8.42518193951871), (0, 8.422017171163606), (0, 8.418860111219539), (0, 8.415710726722523), (0, 8.412568974117972), (0, 8.40943481361497), (0, 8.406308210025271), (0, 8.403189116578812), (0, 8.400077490129075), (0, 8.396973291728099), (0, 8.393876470369202), (0, 8.390786979056577), (0, 8.387704773770707), (0, 8.384629798472433), (0, 8.381562000698619), (0, 8.37850132563841), (0, 8.375447716007804), (0, 8.372401117545548), (0, 8.369361463522354), (0, 8.366328689457545), (0, 8.363302728090254), (0, 8.36028350897), (0, 8.357270959093164), (0, 8.354265001955731), (0, 8.35126555766088), (0, 8.34827254276326), (0, 8.345285870119305), (0, 8.342305448736706), (0, 8.3393311790336), (0, 8.336362966818365), (0, 8.333400708491192), (0, 8.330444296381112), (0, 8.327493618411676), (0, 8.324548558049656), (0, 8.321608990078975), (0, 8.318674793313852), (0, 8.315745837943721), (0, 8.312821990179357), (0, 8.309903107242562), (0, 8.306989051893334), (0, 8.304079678674682), (0, 8.301174834379545), (0, 8.298274372324762), (0, 8.295378138967436), (0, 8.292485974823446), (0, 8.289597727672863), (0, 8.28671323710509), (0, 8.283832350691862), (0, 8.280954908745606), (0, 8.278080761674039), (0, 8.275209758292222), (0, 8.272341746120777), (0, 8.269476584552677), (0, 8.266614129763676), (0, 8.263754251395591), (0, 8.260896816318454), (0, 8.258041706422496), (0, 8.25518880299042), (0, 8.252338002961634), (0, 8.249489203601831), (0, 8.246642315004726), (0, 8.24379726057931), (0, 8.240953964900038), (0, 8.238112369597191), (0, 8.235272418398095), (0, 8.232434068296394), (0, 8.22959728877919), (0, 8.2267620507972), (0, 8.22392833810007), (0, 8.221096146089554), (0, 8.218265471111806), (0, 8.215436320777638), (0, 8.212608713750146), (0, 8.209782668113213), (0, 8.206958212224713), (0, 8.20413538052717), (0, 8.201314213107587), (0, 8.198494758920852), (0, 8.195677064668798), (0, 8.192861184625981), (0, 8.19004717730091), (0, 8.187235105019939), (0, 8.184425032769852), (0, 8.181617028520028), (0, 8.178811162558798), (0, 8.176007507086636), (0, 8.173206135829222), (0, 8.170407123661345), (0, 8.167610546264703), (0, 8.164816479799722), (0, 8.162024997202348), (0, 8.159236177905548), (0, 8.156450098021677), (0, 8.153666832806952), (0, 8.150886453104603), (0, 8.148109035661129), (0, 8.145334652617079), (0, 8.14256337166683), (0, 8.139795265065004), (0, 8.137030400052156), (0, 8.134268839289877), (0, 8.13151064976249), (0, 8.128755889948554), (0, 8.126004622397875), (0, 8.123256901294829), (0, 8.120512782011701), (0, 8.117772320269909), (0, 8.115035563368535), (0, 8.112302559397484), (0, 8.109573357137599), (0, 8.10684799676358), (0, 8.104126519169794), (0, 8.1014089658999), (0, 8.098695369781193), (0, 8.095985764840195), (0, 8.093280182549783), (0, 8.090578651866577), (0, 8.08788119997756), (0, 8.085187851405369), (0, 8.08249862875689), (0, 8.079813552775372), (0, 8.077132641688868), (0, 8.074455911968608), (0, 8.071783378384097), (0, 8.06911505335849), (0, 8.06645094773121), (0, 8.063791070580537), (0, 8.06113542928502), (0, 8.0584840298178), (0, 8.055836873332641), (0, 8.053193965275563), (0, 8.050555306827647), (0, 8.04792089777125), (0, 8.04529073406342), (0, 8.04266481537088), (0, 8.040043137621497), (0, 8.037425692899484), (0, 8.03481247776752), (0, 8.032203484561633), (0, 8.029598702206323), (0, 8.026998123940963), (0, 8.02440173706576), (0, 8.02180953276805), (0, 8.01922149667846), (0, 8.016637618344355), (0, 8.014057881668597), (0, 8.01148227266191), (0, 8.008910778724678), (0, 8.006343382038766), (0, 8.003780068989677), (0, 8.001220820185523), (0, 7.9986656186773875), (0, 7.99611444900939), (0, 7.993567290811905), (0, 7.991024125520933), (0, 7.988484934166652), (0, 7.98594969978595), (0, 7.98341840003574), (0, 7.980891015106228), (0, 7.978367524652731), (0, 7.975847908040831), (0, 7.973332144368144), (0, 7.9708202124855685), (0, 7.96831209123314), (0, 7.965807761066842), (0, 7.96330719788829), (0, 7.960810379718154), (0, 7.958317284407136), (0, 7.955827889875232), (0, 7.953342171237927), (0, 7.950860108151629), (0, 7.9483816781369265), (0, 7.945906858156168), (0, 7.943435625514212), (0, 7.940967956978012), (0, 7.9385038296735635), (0, 7.936043220205355), (0, 7.933586103439474), (0, 7.931132458195633), (0, 7.928682260882539), (0, 7.926235488290203), (0, 7.923792114883124), (0, 7.921352119215464), (0, 7.918915477497602), (0, 7.916482164317324), (0, 7.914052158064735), (0, 7.911625435051211), (0, 7.9092019695683415), (0, 7.906781739859729), (0, 7.904364720171484), (0, 7.901950888652007), (0, 7.899540219498369), (0, 7.897132690976109), (0, 7.8947282789237905), (0, 7.892326957455249), (0, 7.889928702575567), (0, 7.887533492113938), (0, 7.885141300292234), (0, 7.8827521045958235), (0, 7.880365878942293), (0, 7.877982599269714), (0, 7.875602242830871), (0, 7.87322478336622), (0, 7.870850198368453), (0, 7.868478461210711), (0, 7.8661095474032185), (0, 7.863743431920845), (0, 7.861380091785319), (0, 7.859019499953346), (0, 7.85666163142554), (0, 7.85430646062475), (0, 7.851953963917385), (0, 7.849604113852983), (0, 7.847256884285247), (0, 7.844912249256802), (0, 7.8425701821413645), (0, 7.840230656453929), (0, 7.837893646822739), (0, 7.835559124043693), (0, 7.833227060598351), (0, 7.830897428329877), (0, 7.8285701983913025), (0, 7.826245341792402), (0, 7.82392282869448), (0, 7.821602628515527), (0, 7.819284709587912), (0, 7.816969039599518), (0, 7.814655584753603), (0, 7.812344309462596), (0, 7.810035176543472), (0, 7.807728146024907), (0, 7.805423174325592), (0, 7.803120213651295), (0, 7.800819209586402), (0, 7.798520098317062), (0, 7.7962228028219265), (0, 7.7939272249951514), (0, 7.791633233162514), (0, 7.789340640186345), (0, 7.787049159951993), (0, 7.784758319672967), (0, 7.782467265482229), (0, 7.780174279304693), (0, 7.777875411252858), (0, 7.775559820822615), (0, 7.773189476915322), (0, 7.770576697488746), (0, 7.766454458959203), (0, 7.755106196041848), (0, 7.7200661036772305), (0, 7.646677254217905), (0, 7.571554083882314), (0, 7.544064397877697), (0, 7.5610317081951255), (0, 7.583550226770506), (0, 7.592608745057306), (0, 7.588341706314806), (0, 7.573882164696516), (0, 7.553032516454844), (0, 7.531325383397202), (0, 7.514818175557338), (0, 7.507287496969015), (0, 7.50808679605486), (0, 7.512196919078145), (0, 7.51364819874265), (0, 7.509434398566534), (0, 7.500353689260217), (0, 7.489307400621108), (0, 7.479221099329295), (0, 7.47178557866103), (0, 7.467150544168085), (0, 7.464371350428727), (0, 7.46215719998534), (0, 7.459430225062713), (0, 7.455586308039293), (0, 7.450529206266786), (0, 7.4445597368587935), (0, 7.438195118134194), (0, 7.4319779777143555), (0, 7.426318978308184), (0, 7.4213988175144205), (0, 7.417140768392596), (0, 7.413262452207179), (0, 7.4093985338634765), (0, 7.405245750943528), (0, 7.400664130704214), (0, 7.395697024910915), (0, 7.390517672279918), (0, 7.385339096193258), (0, 7.3803297976031565), (0, 7.375565574501965), (0, 7.371026269715279), (0, 7.366625965965283), (0, 7.362256051666153), (0, 7.357823454877094), (0, 7.353274370171609), (0, 7.348601072039531), (0, 7.343834349216501), (0, 7.339026812821158), (0, 7.3342332659695755), (0, 7.329493753059085), (0, 7.3248233987420805), (0, 7.320211031126434), (0, 7.315626047035664), (0, 7.311030440566409), (0, 7.30639131009808), (0, 7.30168931250772), (0, 7.296920469489707), (0, 7.292091502280586), (0, 7.287211122714891), (0, 7.282280666019581), (0, 7.277287067005425), (0, 7.2722003667076915), (0, 7.266978016679524), (0, 7.261580101665147), (0, 7.256000271478836), (0, 7.25030510219246), (0, 7.244643678564272), (0, 7.23918514310973), (0, 7.234011205192613), (0, 7.229038708491414), (0, 7.224032211466121), (0, 7.218741562311692), (0, 7.213077611992566), (0, 7.207159268901671), (0, 7.201206003109396), (0, 7.19539237111144), (0, 7.189767762172801), (0, 7.184261439805895), (0, 7.178742565073871), (0, 7.173095097552363), (0, 7.167272724779433), (0, 7.161314406217647), (0, 7.155317090029242), (0, 7.149377599604073), (0, 7.1435347468560195), (0, 7.137748787236898), (0, 7.131933802048325), (0, 7.12601970927334), (0, 7.119996658316871), (0, 7.113912319684077)]