Model Setup for Uniformvirtual {PATIENT_GROUPS} Trained Network:

{NETWORK_TYPE} Network Architecture Parameters
Input channels=22
Hidden channels=128
Output channels=1

Training hyperparameters
Optimizer=AdamW (
Parameter Group 0
    amsgrad: False
    betas: (0.9, 0.999)
    capturable: False
    differentiable: False
    eps: 1e-08
    foreach: None
    fused: None
    lr: 0.001
    maximize: False
    weight_decay: 1e-06
)Training Iterations=40
Learning rate=0.001
Weight decay=1e-06
Optimizer reset frequency=None

Dropout probability (after initial linear layer before NCDE): 0
Training Data Selection Parameters
(If not virtual, the only important params are the groups and whether data was normalized/standardized)
Patient groups=['Control', 'MDD']
Augmentation strategy=Uniform
Noise Magnitude=0.05
Normalized/standardized=StandardizeAll
Number of virtual patients per real patient=100
Label smoothing factor=0
Test Patient Combinations:
Control: (12, 18, 34, 42, 21)
MDD: (42, 52, 20, 51, 40)
Training batch size=200
Training Results:
Runtime=3.3294780254364014
Loss over time=[(0, 0.6939457654953003), (1, 0.685473620891571), (2, 0.675820529460907), (3, 0.6765919327735901), (4, 0.664290189743042), (5, 0.6688297986984253), (6, 0.6498094797134399), (7, 0.6465724110603333), (8, 0.6249911785125732), (9, 0.648414134979248), (10, 0.6193665862083435), (11, 0.6121008992195129), (12, 0.6049998998641968), (13, 0.5839798450469971), (14, 0.5660226345062256), (15, 0.5779228210449219), (16, 0.5229173898696899), (17, 0.5286437273025513), (18, 0.5211377143859863), (19, 0.5484417080879211), (20, 0.5092430114746094), (21, 0.46542859077453613), (22, 0.5024794340133667), (23, 0.5396722555160522), (24, 0.42631199955940247), (25, 0.44252336025238037), (26, 0.47032591700553894), (27, 0.43848878145217896), (28, 0.4353528916835785), (29, 0.4946690499782562), (30, 0.42255088686943054), (31, 0.41137275099754333), (32, 0.4162493050098419), (33, 0.43542221188545227), (34, 0.4562087953090668), (35, 0.3334185481071472), (36, 0.35195592045783997), (37, 0.45032545924186707), (38, 0.3616665303707123), (39, 0.37092670798301697), (40, 0.34792667627334595), (41, 0.3741743862628937), (42, 0.32536399364471436), (43, 0.3106997609138489), (44, 0.27907878160476685), (45, 0.32114261388778687), (46, 0.33449795842170715), (47, 0.25302043557167053), (48, 0.28467297554016113), (0, 0.26042571663856506), (1, 0.22407962381839752), (2, 0.2593447268009186), (3, 0.2232014238834381), (4, 0.22318437695503235), (5, 0.2096824049949646), (6, 0.21772046387195587), (7, 0.23076491057872772), (8, 0.20817680656909943), (9, 0.19536109268665314), (10, 0.17257976531982422), (11, 0.19875752925872803), (12, 0.16502773761749268), (13, 0.16752374172210693), (14, 0.12867774069309235), (15, 0.10464709252119064), (16, 0.14282135665416718), (17, 0.19816169142723083), (18, 0.1509266048669815), (19, 0.09459751844406128), (20, 0.1086936667561531), (21, 0.1213575080037117), (22, 0.09681469947099686), (23, 0.10909277200698853), (24, 0.12966124713420868), (25, 0.10388858616352081), (26, 0.11228704452514648), (27, 0.09006156027317047), (28, 0.12490957230329514), (29, 0.06691613793373108), (30, 0.06159728020429611), (31, 0.1547277569770813), (32, 0.08222434669733047), (33, 0.08423995971679688), (34, 0.17390176653862), (35, 0.09109105169773102), (36, 0.13893499970436096), (37, 0.11125444620847702), (38, 0.146952822804451), (39, 0.11956405639648438), (40, 0.05909091979265213), (41, 0.07305355370044708), (42, 0.057386767119169235), (43, 0.09040336310863495), (44, 0.08056638389825821), (45, 0.0793178528547287), (46, 0.08479289710521698), (47, 0.08269399404525757), (48, 0.1028897762298584), (0, 0.04094403237104416), (1, 0.0558357797563076), (2, 0.08619570732116699), (3, 0.08481012284755707), (4, 0.07007288187742233), (5, 0.12195206433534622), (6, 0.06271833926439285), (7, 0.05066510662436485), (8, 0.11413593590259552), (9, 0.032300762832164764), (10, 0.03530694544315338), (11, 0.07760635018348694), (12, 0.03838652744889259), (13, 0.02761697582900524), (14, 0.03840016946196556), (15, 0.05816967040300369), (16, 0.02257087454199791), (17, 0.019643206149339676), (18, 0.03306068480014801), (19, 0.025490937754511833), (20, 0.027816247195005417), (21, 0.02640119381248951), (22, 0.029867492616176605), (23, 0.03017652966082096), (24, 0.016119547188282013), (25, 0.02557220682501793), (26, 0.026715893298387527), (27, 0.027025900781154633), (28, 0.024748165160417557), (29, 0.01512701716274023), (30, 0.014522979035973549), (31, 0.016919545829296112), (32, 0.02233566716313362), (33, 0.016289614140987396), (34, 0.016041750088334084), (35, 0.014922683127224445), (36, 0.01838407665491104), (37, 0.01407187432050705), (38, 0.009653058834373951), (39, 0.008092071861028671), (40, 0.020820507779717445), (41, 0.01404890138655901), (42, 0.009497460909187794), (43, 0.006443873513489962), (44, 0.019073883071541786), (45, 0.023398689925670624), (46, 0.01003376767039299), (47, 0.016668599098920822), (48, 0.018039248883724213), (0, 0.005304756108671427), (1, 0.010734434239566326), (2, 0.007078192196786404), (3, 0.016845019534230232), (4, 0.01295075099915266), (5, 0.0064628394320607185), (6, 0.012458039447665215), (7, 0.008515327237546444), (8, 0.005795566830784082), (9, 0.004204672761261463), (10, 0.005797738209366798), (11, 0.011561483144760132), (12, 0.00605569314211607), (13, 0.0053047300316393375), (14, 0.0035684285685420036), (15, 0.007739430759102106), (16, 0.005641094874590635), (17, 0.004654775373637676), (18, 0.005495678633451462), (19, 0.0030716643668711185), (20, 0.0031189119908958673), (21, 0.004477191716432571), (22, 0.0027912824880331755), (23, 0.00393230514600873), (24, 0.004288454540073872), (25, 0.0026884227991104126), (26, 0.0015242582885548472), (27, 0.004351499956101179), (28, 0.002466539852321148), (29, 0.0029389732517302036), (30, 0.0025088118854910135), (31, 0.0029534045606851578), (32, 0.004062961786985397), (33, 0.0019019527826458216), (34, 0.0016110895667225122), (35, 0.0017909164307639003), (36, 0.0018595312722027302), (37, 0.0025726454332470894), (38, 0.0011457246728241444), (39, 0.0019424429628998041), (40, 0.0020487154833972454), (41, 0.0016972793964669108), (42, 0.0032421008218079805), (43, 0.0019930684939026833), (44, 0.0018410555785521865), (45, 0.0017862616805359721), (46, 0.0011390701401978731), (47, 0.0021977247670292854), (48, 0.0015237419866025448), (0, 0.0012554583372548223), (1, 0.002305419184267521), (2, 0.0009626445244066417), (3, 0.0016999642830342054), (4, 0.0013448387617245317), (5, 0.0014496814692392945), (6, 0.0018377767410129309), (7, 0.0011813759338110685), (8, 0.001161103369668126), (9, 0.0012855445966124535), (10, 0.0013335171388462186), (11, 0.001598111935891211), (12, 0.0012506443308666348), (13, 0.0010641820263117552), (14, 0.0013876543380320072), (15, 0.0011105594458058476), (16, 0.001714434358291328), (17, 0.0012780955294147134), (18, 0.0009627699037082493), (19, 0.0009400337003171444), (20, 0.00081693782703951), (21, 0.0009123783092945814), (22, 0.0009929032530635595), (23, 0.0016347452765330672), (24, 0.0007120128138922155), (25, 0.0014528913889080286), (26, 0.0010023475624620914), (27, 0.0012611423153430223), (28, 0.001193174161016941), (29, 0.0008784252568148077), (30, 0.0008762525976635516), (31, 0.0006617690669372678), (32, 0.000843976391479373), (33, 0.0014205145416781306), (34, 0.0011922925477847457), (35, 0.0006481190212070942), (36, 0.0005446409923024476), (37, 0.0005159044521860778), (38, 0.0014784500235691667), (39, 0.0008853530744090676), (40, 0.000935180636588484), (41, 0.0005851003807038069), (42, 0.0007684798329137266), (43, 0.0010542302625253797), (44, 0.0008702818886376917), (45, 0.0007264137384481728), (46, 0.0005731816054321826), (47, 0.0004898745100945234), (48, 0.0005499423132278025), (0, 0.000543533475138247), (1, 0.0007155861239880323), (2, 0.0011073047062382102), (3, 0.0010033416328951716), (4, 0.0005368725978769362), (5, 0.0005750137497670949), (6, 0.0007709513884037733), (7, 0.00043126687523908913), (8, 0.0006483017932623625), (9, 0.0004474537563510239), (10, 0.0010038466425612569), (11, 0.00036500568967312574), (12, 0.0005514389486052096), (13, 0.0005400901427492499), (14, 0.0005588424392044544), (15, 0.0005392470047809184), (16, 0.0005248396773822606), (17, 0.0005028360174037516), (18, 0.0004250705533195287), (19, 0.00040675976197235286), (20, 0.0003081804607063532), (21, 0.0003144246293231845), (22, 0.0005135550163686275), (23, 0.00066700967727229), (24, 0.0002962848520837724), (25, 0.0004853028804063797), (26, 0.0004182779521215707), (27, 0.0004281505534891039), (28, 0.0002896905061788857), (29, 0.0005747977993451059), (30, 0.0002835186605807394), (31, 0.0006609259289689362), (32, 0.0003480915038380772), (33, 0.0005219229497015476), (34, 0.00038861032226122916), (35, 0.0002151916705770418), (36, 0.0003096883883699775), (37, 0.00031434744596481323), (38, 0.0003518208977766335), (39, 0.0004308517964091152), (40, 0.000455131201306358), (41, 0.00041299648000858724), (42, 0.00039511703653261065), (43, 0.00029701791936531663), (44, 0.0004420253972057253), (45, 0.0004311612865421921), (46, 0.00038619156111963093), (47, 0.00020116116502322257), (48, 0.00033497766708023846), (0, 0.00043109527905471623), (1, 0.0003089474921580404), (2, 0.000189232116099447), (3, 0.0002708440297283232), (4, 0.0004733192909043282), (5, 0.00022530666319653392), (6, 0.00023691708338446915), (7, 0.00031140921055339277), (8, 0.00018436514073982835), (9, 0.00025486235972493887), (10, 0.0002584445755928755), (11, 0.00026176581741310656), (12, 0.00022823883045930415), (13, 0.00025097321486100554), (14, 0.00032042921520769596), (15, 0.0002077141252811998), (16, 0.0003166578244417906), (17, 0.0001692702790023759), (18, 0.0002027476584771648), (19, 0.0003059294249396771), (20, 0.00026187277399003506), (21, 0.00021913573436904699), (22, 0.00019582406093832105), (23, 0.0003642401716206223), (24, 0.00022441026521846652), (25, 0.0002320527273695916), (26, 0.00020808522822335362), (27, 0.0002279195177834481), (28, 0.000161868185386993), (29, 0.000427720311563462), (30, 0.00038705949555151165), (31, 0.00020254483388271183), (32, 0.0002763955562841147), (33, 0.00018062215531244874), (34, 0.00020257855067029595), (35, 0.00016203949053306133), (36, 0.0002660247264429927), (37, 0.00022936862660571933), (38, 0.0002593915269244462), (39, 0.0001623908174224198), (40, 0.00019499199697747827), (41, 0.00022934276785235852), (42, 0.00015408213948830962), (43, 0.0002137092815246433), (44, 0.0002748947881627828), (45, 0.0001682693255133927), (46, 0.0002035784418694675), (47, 0.00020083649724256247), (48, 0.00021937309065833688), (0, 0.0001111644014599733), (1, 0.0002573449455667287), (2, 0.00014705047942698002), (3, 0.00011914858623640612), (4, 0.00016219355165958405), (5, 0.00018317591457162052), (6, 0.0002269613032694906), (7, 0.00017540290718898177), (8, 0.00017660221783444285), (9, 0.0001384461356792599), (10, 0.00014023574476595968), (11, 0.00015524393529631197), (12, 0.00014957178791519254), (13, 0.0001311201194766909), (14, 0.0002204876800533384), (15, 0.0002187667996622622), (16, 0.00020305025100242347), (17, 0.00015262229135259986), (18, 0.00016069233242888004), (19, 0.00011327962420182303), (20, 0.00016484477964695543), (21, 0.0001254177332157269), (22, 0.00019972259178757668), (23, 0.00018000458658207208), (24, 0.00015431268548127264), (25, 0.00013753812527284026), (26, 0.00013657368253916502), (27, 0.00014028596342541277), (28, 0.00015401486598420888), (29, 0.00010653733625076711), (30, 0.0001630898186704144), (31, 0.00010761762678157538), (32, 0.00011795073078246787), (33, 0.00012728656292892992), (34, 0.00011310163972666487), (35, 0.0001528119173599407), (36, 0.00010992576426360756), (37, 0.0001854586007539183), (38, 0.00012851174687966704), (39, 0.00014417400234378874), (40, 0.00014178818673826754), (41, 0.00011053811613237485), (42, 0.0001667294418439269), (43, 0.00013711447536479682), (44, 9.538778977002949e-05), (45, 0.00016113703895825893), (46, 0.00011972623906331137), (47, 0.00010741412552306429), (48, 0.00016195265925489366), (0, 0.00013086726539768279), (1, 0.00010163766273763031), (2, 0.00011205153714399785), (3, 0.00012142935156589374), (4, 0.000128668179968372), (5, 9.704320109449327e-05), (6, 8.536595851182938e-05), (7, 0.00015286267444025725), (8, 6.419335113605484e-05), (9, 0.00012767977023031563), (10, 6.503910117316991e-05), (11, 0.0001031554420478642), (12, 9.528025111649185e-05), (13, 8.581286238040775e-05), (14, 8.173277456080541e-05), (15, 0.00013344334729481488), (16, 9.30685200728476e-05), (17, 0.00011889076995430514), (18, 0.00010866722004720941), (19, 8.246614743256941e-05), (20, 0.00010231989290332422), (21, 0.0001924211101140827), (22, 8.043484558584169e-05), (23, 0.00010547241254244), (24, 0.00011685989011311904), (25, 0.00011336321767885238), (26, 0.00012628639524336904), (27, 0.00010382661275798455), (28, 8.309498662129045e-05), (29, 9.326487634098157e-05), (30, 9.092584514291957e-05), (31, 0.00015218480257317424), (32, 9.975694410968572e-05), (33, 6.291623139986768e-05), (34, 0.00012927839998155832), (35, 0.0001083037059288472), (36, 9.112452244153246e-05), (37, 7.7070202678442e-05), (38, 7.93270519352518e-05), (39, 0.00011060792166972533), (40, 0.0001124711925513111), (41, 7.10412859916687e-05), (42, 9.474159014644101e-05), (43, 7.721120346104726e-05), (44, 8.204441837733611e-05), (45, 7.173404446803033e-05), (46, 8.361911750398576e-05), (47, 9.183302609017119e-05), (48, 6.814649532316253e-05), (0, 9.749354649102315e-05), (1, 0.000110186796518974), (2, 0.0001068433775799349), (3, 7.790846575517207e-05), (4, 8.828440331853926e-05), (5, 0.00012533465633168817), (6, 7.142769027268514e-05), (7, 0.00011576768156373873), (8, 0.00011488888412714005), (9, 9.766893344931304e-05), (10, 8.06128591648303e-05), (11, 8.745078230276704e-05), (12, 9.816754754865542e-05), (13, 5.5605101806577295e-05), (14, 9.964560740627348e-05), (15, 7.994563929969445e-05), (16, 5.071668783784844e-05), (17, 0.00011080487456638366), (18, 8.566531323594972e-05), (19, 6.983282219152898e-05), (20, 7.63718198868446e-05), (21, 6.835640670033172e-05), (22, 6.196057802299038e-05), (23, 6.963616033317521e-05), (24, 6.78940923535265e-05), (25, 6.370570190483704e-05), (26, 7.695670501561835e-05), (27, 7.233703217934817e-05), (28, 8.839757356327027e-05), (29, 5.0483100494602695e-05), (30, 5.257911834632978e-05), (31, 5.081184644950554e-05), (32, 8.622132008895278e-05), (33, 7.218548853415996e-05), (34, 6.783837307011709e-05), (35, 8.300453191623092e-05), (36, 5.621792661258951e-05), (37, 6.578131433343515e-05), (38, 5.780932406196371e-05), (39, 7.070629362715408e-05), (40, 6.211516301846132e-05), (41, 6.550054240506142e-05), (42, 7.137101783882827e-05), (43, 5.8079469454241917e-05), (44, 4.660454942495562e-05), (45, 5.982680158922449e-05), (46, 4.4478707422968e-05), (47, 7.07431900082156e-05), (48, 6.854298408143222e-05), (0, 6.292799662332982e-05), (1, 7.303330494323745e-05), (2, 5.840415906277485e-05), (3, 4.318748688092455e-05), (4, 6.083420885261148e-05), (5, 6.754890637239441e-05), (6, 7.580867531942204e-05), (7, 5.354292079573497e-05), (8, 6.65745756123215e-05), (9, 6.221434159670025e-05), (10, 7.088847632985562e-05), (11, 6.238667265279219e-05), (12, 5.8044985053129494e-05), (13, 4.707478001364507e-05), (14, 5.174735633772798e-05), (15, 6.624373781960458e-05), (16, 5.728509131586179e-05), (17, 5.0896524044219404e-05), (18, 4.936404002364725e-05), (19, 5.8843321312451735e-05), (20, 4.296976112527773e-05), (21, 5.04782801726833e-05), (22, 6.795246008550748e-05), (23, 3.9137979911174625e-05), (24, 6.219800707185641e-05), (25, 5.37424893991556e-05), (26, 5.957196481176652e-05), (27, 6.211335130501539e-05), (28, 4.203600838081911e-05), (29, 5.755837628385052e-05), (30, 8.48988420329988e-05), (31, 5.3229628974804655e-05), (32, 5.746897295466624e-05), (33, 4.427160456543788e-05), (34, 3.650371581898071e-05), (35, 5.4135933169163764e-05), (36, 2.870920616260264e-05), (37, 3.1615876650903374e-05), (38, 6.14927921560593e-05), (39, 4.8949845222523436e-05), (40, 2.808532190101687e-05), (41, 4.5873970520915464e-05), (42, 3.085381104028784e-05), (43, 5.441410030471161e-05), (44, 3.325850411783904e-05), (45, 4.6968041715445e-05), (46, 4.122513928450644e-05), (47, 3.740165993804112e-05), (48, 4.748119681607932e-05), (0, 2.9127661036909558e-05), (1, 2.8920534532517195e-05), (2, 2.9145166990929283e-05), (3, 3.199178900104016e-05), (4, 4.6154495066730306e-05), (5, 2.7184974896954373e-05), (6, 3.254018520237878e-05), (7, 5.335044625098817e-05), (8, 3.969351382693276e-05), (9, 3.1444815249415115e-05), (10, 2.9672917662537657e-05), (11, 2.4904969905037433e-05), (12, 4.0378086850978434e-05), (13, 4.38412644143682e-05), (14, 2.0363468138384633e-05), (15, 2.245659925392829e-05), (16, 2.6235873519908637e-05), (17, 4.2495135858189315e-05), (18, 2.6799114493769594e-05), (19, 2.2566067855223082e-05), (20, 2.0503413907135837e-05), (21, 2.3028924260870554e-05), (22, 3.39297839673236e-05), (23, 2.3034825062495656e-05), (24, 4.442445424501784e-05), (25, 2.681418482097797e-05), (26, 1.6396512364735827e-05), (27, 2.307715294591617e-05), (28, 2.1658952391589992e-05), (29, 1.8667544281925075e-05), (30, 1.9189097656635568e-05), (31, 2.098340519296471e-05), (32, 3.167657268932089e-05), (33, 1.7458525690017268e-05), (34, 1.5388834071927704e-05), (35, 2.2353995518642478e-05), (36, 2.01763123186538e-05), (37, 1.7977350580622442e-05), (38, 2.85842215816956e-05), (39, 2.2593903850065544e-05), (40, 1.4968824871175457e-05), (41, 2.918012614827603e-05), (42, 2.2472047930932604e-05), (43, 1.3100720025249757e-05), (44, 1.8713359168032184e-05), (45, 1.6476100427098572e-05), (46, 1.0894005754380487e-05), (47, 1.2286314813536592e-05), (48, 1.8849195839720778e-05), (0, 2.1887106413487345e-05), (1, 2.46271683863597e-05), (2, 1.0813914741447661e-05), (3, 1.339564460067777e-05), (4, 1.678455555520486e-05), (5, 1.9284743757452816e-05), (6, 1.9625558707048185e-05), (7, 1.3356275303522125e-05), (8, 1.381624497298617e-05), (9, 1.0841187759069726e-05), (10, 2.3860980945755728e-05), (11, 1.1078327588620596e-05), (12, 1.887791950139217e-05), (13, 7.11877419234952e-06), (14, 1.124322534451494e-05), (15, 1.6563346434850246e-05), (16, 1.22655937957461e-05), (17, 1.1346528481226414e-05), (18, 6.655990091530839e-06), (19, 1.3892601600673515e-05), (20, 7.70161841501249e-06), (21, 9.277595381718129e-06), (22, 1.1681418072839733e-05), (23, 8.423819053859916e-06), (24, 6.836181455582846e-06), (25, 2.1795956854475662e-05), (26, 1.288603561988566e-05), (27, 1.2052050806232728e-05), (28, 1.3253078577690758e-05), (29, 1.7301743355346844e-05), (30, 6.989180292293895e-06), (31, 8.581997462897561e-06), (32, 1.0073331395688001e-05), (33, 1.0790314263431355e-05), (34, 1.3127918464306276e-05), (35, 5.639553819491994e-06), (36, 6.4181404013652354e-06), (37, 1.0290511454513762e-05), (38, 1.1544282642717008e-05), (39, 7.46498108128435e-06), (40, 1.2936786333739292e-05), (41, 8.931873708206695e-06), (42, 1.1103073120466433e-05), (43, 1.2436084034561645e-05), (44, 1.0950182513624895e-05), (45, 7.310924502235139e-06), (46, 7.0226551542873494e-06), (47, 8.871368663676549e-06), (48, 1.8662123693502508e-05), (0, 1.7123078578151762e-05), (1, 1.0083432243845891e-05), (2, 8.79705203260528e-06), (3, 9.895215043798089e-06), (4, 8.897463885659818e-06), (5, 8.225200872402638e-06), (6, 1.0888939868891612e-05), (7, 6.2825483837514184e-06), (8, 4.997348241886357e-06), (9, 9.44580006034812e-06), (10, 8.457811418338679e-06), (11, 1.1069589163525961e-05), (12, 8.44676196720684e-06), (13, 1.108005380956456e-05), (14, 6.974620191613212e-06), (15, 6.967207809793763e-06), (16, 7.804317647241987e-06), (17, 5.3841113185626455e-06), (18, 5.8798536883841734e-06), (19, 8.051162694755476e-06), (20, 9.507260074315127e-06), (21, 9.484206202614587e-06), (22, 5.435256298369495e-06), (23, 4.139217253396055e-06), (24, 5.636598871205933e-06), (25, 5.561496891459683e-06), (26, 9.968181075237226e-06), (27, 7.646342055522837e-06), (28, 8.7725929915905e-06), (29, 7.0531555138586555e-06), (30, 7.229296443256317e-06), (31, 6.816808763687732e-06), (32, 3.6971555346099194e-06), (33, 6.6468837758293375e-06), (34, 4.691232334153028e-06), (35, 2.906382633227622e-06), (36, 1.0065901733469218e-05), (37, 5.58887359147775e-06), (38, 5.98558926867554e-06), (39, 6.586771178263007e-06), (40, 5.1005063141928986e-06), (41, 8.591560799686704e-06), (42, 6.14787904851255e-06), (43, 7.464664577128133e-06), (44, 7.161163921409752e-06), (45, 4.999428711016662e-06), (46, 8.907471965358127e-06), (47, 5.7284323702333495e-06), (48, 8.026180694287177e-06), (0, 7.132995506253792e-06), (1, 6.198671599122463e-06), (2, 5.55957149117603e-06), (3, 5.247815352049656e-06), (4, 7.149817520257784e-06), (5, 4.971208909410052e-06), (6, 7.452395038853865e-06), (7, 8.666685062053148e-06), (8, 4.358858404884813e-06), (9, 7.213666776806349e-06), (10, 4.816744876734447e-06), (11, 3.549738266883651e-06), (12, 9.921961463987827e-06), (13, 7.63152820582036e-06), (14, 4.874424121226184e-06), (15, 5.679009518644307e-06), (16, 4.609713414538419e-06), (17, 3.2701673262636177e-06), (18, 4.862503374170046e-06), (19, 8.213075489038602e-06), (20, 4.8871675062400755e-06), (21, 4.705440460384125e-06), (22, 8.144484127114993e-06), (23, 5.596943537966581e-06), (24, 4.635563982446911e-06), (25, 4.001061824965291e-06), (26, 4.686419742938597e-06), (27, 3.7222469018161064e-06), (28, 6.540589765791083e-06), (29, 5.338723894965369e-06), (30, 5.933070042374311e-06), (31, 3.608645101849106e-06), (32, 6.3588495322619565e-06), (33, 4.684171472035814e-06), (34, 4.775031811732333e-06), (35, 6.051956006558612e-06), (36, 3.1324248084274586e-06), (37, 2.559532049417612e-06), (38, 4.513009116635658e-06), (39, 4.570563760353252e-06), (40, 3.1112335818761494e-06), (41, 4.4556063585332595e-06), (42, 6.276719886955107e-06), (43, 3.4174436223111115e-06), (44, 4.901289230474504e-06), (45, 4.474842171475757e-06), (46, 2.671565425771405e-06), (47, 6.3839147514954675e-06), (48, 6.529766324092634e-06), (0, 3.6510443806037074e-06), (1, 3.9750802898197435e-06), (2, 4.568099029711448e-06), (3, 8.055837497522589e-06), (4, 2.9482837362593273e-06), (5, 5.443579084385419e-06), (6, 3.403302343940595e-06), (7, 5.212643827690044e-06), (8, 3.2042571547208354e-06), (9, 2.6909392545348965e-06), (10, 5.268712811812293e-06), (11, 3.5104642392980168e-06), (12, 4.727949999505654e-06), (13, 5.093755135021638e-06), (14, 4.4889707169204485e-06), (15, 7.33144997866475e-06), (16, 2.5719782570376992e-06), (17, 3.520382051647175e-06), (18, 4.08606410928769e-06), (19, 2.5610895590943983e-06), (20, 3.4386141578579554e-06), (21, 4.283487669454189e-06), (22, 5.266633252176689e-06), (23, 2.634236579979188e-06), (24, 2.745013716776157e-06), (25, 4.309850282879779e-06), (26, 3.5373345781408716e-06), (27, 2.3986206088011386e-06), (28, 1.9209817310184008e-06), (29, 5.923230673943181e-06), (30, 2.6087850528710987e-06), (31, 3.5906691664422397e-06), (32, 5.679862169927219e-06), (33, 2.6574573439575033e-06), (34, 3.4705299185588956e-06), (35, 3.3128976610896643e-06), (36, 5.787497684650589e-06), (37, 3.529234618326882e-06), (38, 4.166632606938947e-06), (39, 3.444633421167964e-06), (40, 3.622363919930649e-06), (41, 3.0853927910357015e-06), (42, 5.2367513490025885e-06), (43, 3.838181328319479e-06), (44, 3.850197572319303e-06), (45, 5.698587756342022e-06), (46, 4.781080860993825e-06), (47, 2.4907103579607792e-06), (48, 2.769579396044719e-06), (0, 1.9906799479940673e-06), (1, 3.5485572880133986e-06), (2, 3.5757298064709175e-06), (3, 2.8747390388161875e-06), (4, 3.0404917197301984e-06), (5, 2.5035249109350843e-06), (6, 2.72669649348245e-06), (7, 5.594532922259532e-06), (8, 3.363270479894709e-06), (9, 3.233388042644947e-06), (10, 2.7902306101168506e-06), (11, 5.241322014626348e-06), (12, 3.0369049000000814e-06), (13, 2.0904417397105135e-06), (14, 3.501616902212845e-06), (15, 1.3052676877123304e-06), (16, 3.0528667593898717e-06), (17, 2.593093313407735e-06), (18, 3.1498520911554806e-06), (19, 1.769448431332421e-06), (20, 2.983167405545828e-06), (21, 3.5917462355428142e-06), (22, 2.9503123641916318e-06), (23, 4.6840214054100215e-06), (24, 4.028374405606883e-06), (25, 1.576978661432804e-06), (26, 2.3127722670324147e-06), (27, 2.2719852950103814e-06), (28, 4.291287496016594e-06), (29, 3.867678060487378e-06), (30, 6.396366643457441e-06), (31, 4.157567673246376e-06), (32, 4.027516752103111e-06), (33, 3.6298888517194428e-06), (34, 1.7801957028495963e-06), (35, 2.8681415642495267e-06), (36, 1.7378093843944953e-06), (37, 2.6638545023160987e-06), (38, 4.757477199746063e-06), (39, 4.483766588236904e-06), (40, 2.5816195829975186e-06), (41, 2.038155571426614e-06), (42, 6.104519343352877e-06), (43, 2.1969349290884566e-06), (44, 3.4340023375989404e-06), (45, 1.896517915156437e-06), (46, 1.5701479014751385e-06), (47, 1.6009743148970301e-06), (48, 4.587391231325455e-06), (0, 1.4504481669064262e-06), (1, 2.683617140064598e-06), (2, 4.438734777068021e-06), (3, 2.5684150841698283e-06), (4, 2.7696587494574487e-06), (5, 2.1373562049120665e-06), (6, 2.3926709218358155e-06), (7, 2.759341214186861e-06), (8, 4.041045940539334e-06), (9, 2.7861676699103555e-06), (10, 2.346448127354961e-06), (11, 1.8930617216028622e-06), (12, 2.667218268470606e-06), (13, 4.6405639295699075e-06), (14, 1.302141640735499e-06), (15, 3.0825819976598723e-06), (16, 2.1889650270168204e-06), (17, 3.9060164453985635e-06), (18, 2.5659842322056647e-06), (19, 1.7877677009892068e-06), (20, 2.4695148113096366e-06), (21, 3.0383496323338477e-06), (22, 2.987374955409905e-06), (23, 3.791867584368447e-06), (24, 3.7715560665674275e-06), (25, 1.3259724482850288e-06), (26, 3.6313649616204202e-06), (27, 2.4659993869136088e-06), (28, 2.491166242180043e-06), (29, 2.374550376771367e-06), (30, 3.0953688110457733e-06), (31, 1.9280757896922296e-06), (32, 4.809094207303133e-06), (33, 2.763265456451336e-06), (34, 2.150015461666044e-06), (35, 3.16428213409381e-06), (36, 3.0247363156377105e-06), (37, 1.8378360664428328e-06), (38, 2.288820496687549e-06), (39, 1.49043125929893e-06), (40, 1.8657173086467083e-06), (41, 2.1135615497769322e-06), (42, 1.7772159708329127e-06), (43, 2.713944468268892e-06), (44, 1.9169604001945117e-06), (45, 1.900370989460498e-06), (46, 2.3449401851394214e-06), (47, 1.7370040268360754e-06), (48, 2.222441025878652e-06), (0, 1.3529074749385472e-06), (1, 1.394978653479484e-06), (2, 3.3440073821111582e-06), (3, 3.2589014153927565e-06), (4, 3.346060793774086e-06), (5, 2.3037280243443092e-06), (6, 2.032038082688814e-06), (7, 1.5251084732881282e-06), (8, 2.0623292584787123e-06), (9, 4.1850989873637445e-06), (10, 2.6193924895778764e-06), (11, 1.3165133623260772e-06), (12, 4.570245437207632e-06), (13, 2.710130047489656e-06), (14, 2.370527909079101e-06), (15, 2.3724073798803147e-06), (16, 1.2809130112145795e-06), (17, 2.195485876654857e-06), (18, 3.3242229164898163e-06), (19, 2.0917677829856984e-06), (20, 1.850840931183484e-06), (21, 2.946262839031988e-06), (22, 1.3652829693455715e-06), (23, 1.8866819573304383e-06), (24, 2.117979875038145e-06), (25, 2.536164856792311e-06), (26, 1.2924750762977055e-06), (27, 2.2223448468139395e-06), (28, 2.6167915621044813e-06), (29, 2.533953875172301e-06), (30, 1.7484488807895104e-06), (31, 1.1324251545374864e-06), (32, 2.284822585352231e-06), (33, 1.6396837736465386e-06), (34, 9.08013589651091e-07), (35, 1.949074658114114e-06), (36, 1.473760676162783e-06), (37, 2.9708476176892873e-06), (38, 2.543490154494066e-06), (39, 1.5734344742668327e-06), (40, 1.8413630868963082e-06), (41, 2.2125004761619493e-06), (42, 2.306056330780848e-06), (43, 3.2716632176743587e-06), (44, 1.450435206606926e-06), (45, 1.4718089005327784e-06), (46, 2.197303047068999e-06), (47, 2.2820302092441125e-06), (48, 1.3839145367455785e-06), (0, 2.7322087134962203e-06), (1, 1.5716972256996087e-06), (2, 1.3487281194102252e-06), (3, 3.696299700095551e-06), (4, 1.8425047301207087e-06), (5, 1.6698479612387018e-06), (6, 3.031288542842958e-06), (7, 1.9325511857459787e-06), (8, 3.90526565752225e-06), (9, 1.908709691633703e-06), (10, 1.986814368137857e-06), (11, 2.020717829509522e-06), (12, 1.3729522834182717e-06), (13, 8.567211011722975e-07), (14, 1.1225948810533737e-06), (15, 1.9160813735652482e-06), (16, 1.0467641686773277e-06), (17, 1.1708765441653668e-06), (18, 2.0287520783313084e-06), (19, 1.926249296957394e-06), (20, 1.617042926227441e-06), (21, 1.3175409776522429e-06), (22, 2.7780854452430503e-06), (23, 1.4371757970366161e-06), (24, 1.618663418412325e-06), (25, 1.7190119478982524e-06), (26, 1.4865107687001e-06), (27, 2.6768914267449873e-06), (28, 1.3935585911895032e-06), (29, 2.8621579986065626e-06), (30, 1.6186520497285528e-06), (31, 1.7420508129362133e-06), (32, 1.10755979676469e-06), (33, 1.7610419718039338e-06), (34, 2.3668444555369206e-06), (35, 2.498643198123318e-06), (36, 1.8563565618023858e-06), (37, 1.5852399428695207e-06), (38, 1.3971713315186207e-06), (39, 1.5251210925271153e-06), (40, 1.493752165515616e-06), (41, 3.495719056445523e-06), (42, 2.210265620306018e-06), (43, 2.263241185573861e-06), (44, 1.5029027053969912e-06), (45, 1.74553485976503e-06), (46, 1.1231278449486126e-06), (47, 1.544059500702133e-06), (48, 1.7915898524734075e-06), (0, 1.2813549119528034e-06), (1, 1.846819941420108e-06), (2, 3.80600454263913e-06), (3, 2.2212341264093993e-06), (4, 1.024975631480629e-06), (5, 1.231519036082318e-06), (6, 1.3663701565747033e-06), (7, 1.0172371958105941e-06), (8, 1.5113224662854918e-06), (9, 1.3992271306051407e-06), (10, 2.0488673726504203e-06), (11, 1.5664834336348576e-06), (12, 1.7514000774099259e-06), (13, 2.694788008739124e-06), (14, 3.1359802505903644e-06), (15, 1.173741225102276e-06), (16, 2.2592560071643675e-06), (17, 1.1077038379880833e-06), (18, 1.9762712781812297e-06), (19, 1.4453963785854285e-06), (20, 2.6892023470281856e-06), (21, 1.9849098862323444e-06), (22, 1.8714509906203602e-06), (23, 2.160975554943434e-06), (24, 1.1799402273027226e-06), (25, 1.476768034081033e-06), (26, 1.513731831437326e-06), (27, 1.376833779431763e-06), (28, 1.1175978897881578e-06), (29, 8.697108455635316e-07), (30, 9.99750795926957e-07), (31, 2.149946340068709e-06), (32, 1.8759626527753426e-06), (33, 2.4191765533032594e-06), (34, 2.0351947114249924e-06), (35, 1.5476496173505438e-06), (36, 1.367514528283209e-06), (37, 1.0002892167904065e-06), (38, 1.0490335853319266e-06), (39, 1.630101337468659e-06), (40, 1.0840444701898377e-06), (41, 1.2235101394253434e-06), (42, 1.595912067386962e-06), (43, 1.2813532066502376e-06), (44, 1.2313294064369984e-06), (45, 1.4589351167160203e-06), (46, 1.8357656017542467e-06), (47, 1.2463272014429094e-06), (48, 1.3824177358401357e-06), (0, 1.4253942026698496e-06), (1, 8.161512141668936e-07), (2, 2.0908494207105832e-06), (3, 7.856775710024522e-07), (4, 1.8067926248477306e-06), (5, 1.0557351970419404e-06), (6, 1.521677745586203e-06), (7, 1.3335732091945829e-06), (8, 9.362440209770284e-07), (9, 1.3988683349452913e-06), (10, 1.0600626865198137e-06), (11, 1.3238258134151693e-06), (12, 2.2047065613151062e-06), (13, 1.2949052461408428e-06), (14, 8.470235570712248e-07), (15, 1.2153690249760984e-06), (16, 1.7371542071487056e-06), (17, 2.1709226984967245e-06), (18, 8.703274829713337e-07), (19, 7.781783892824023e-07), (20, 8.927342491915624e-07), (21, 1.3659623618877959e-06), (22, 2.072313918688451e-06), (23, 1.9007104583579348e-06), (24, 1.8020333527601906e-06), (25, 2.1410178305814043e-06), (26, 1.1358093843227834e-06), (27, 1.044030341290636e-06), (28, 1.787901965144556e-06), (29, 1.593276806488575e-06), (30, 1.5510424873355078e-06), (31, 1.7533806158098741e-06), (32, 2.4394203137489967e-06), (33, 8.097236445792078e-07), (34, 1.005229592010437e-06), (35, 2.1055575416539796e-06), (36, 1.325397761320346e-06), (37, 9.140402994489705e-07), (38, 1.3430885701382067e-06), (39, 1.4616703083447646e-06), (40, 1.5951991372276098e-06), (41, 1.2051884823449655e-06), (42, 1.4859375596643076e-06), (43, 1.273414909519488e-06), (44, 5.756842824666819e-07), (45, 1.6699202660674928e-06), (46, 2.078526676996262e-06), (47, 1.917353984026704e-06), (48, 1.388925625178672e-06), (0, 9.861610124062281e-07), (1, 1.0873694691326818e-06), (2, 2.1430325887195067e-06), (3, 7.150085252760618e-07), (4, 7.497156389035808e-07), (5, 1.5612578181389836e-06), (6, 1.3034008361501037e-06), (7, 8.020085147109057e-07), (8, 7.84250346441695e-07), (9, 7.711167313573242e-07), (10, 1.3699340115636005e-06), (11, 1.5629510699000093e-06), (12, 1.5178100056800758e-06), (13, 7.927787919470575e-07), (14, 9.179329936159775e-07), (15, 2.1673097307939315e-06), (16, 1.3842250154993962e-06), (17, 9.336435482509842e-07), (18, 6.749359613422712e-07), (19, 1.618117380530748e-06), (20, 1.065925744114793e-06), (21, 1.4181209735397715e-06), (22, 6.717851874782355e-07), (23, 1.1311657317492063e-06), (24, 1.0762486226667534e-06), (25, 2.712649802560918e-06), (26, 8.773005788498267e-07), (27, 1.0695723631215515e-06), (28, 1.4558941074938048e-06), (29, 1.388892542308895e-06), (30, 1.7651540247243247e-06), (31, 1.284766653952829e-06), (32, 1.3080816643196158e-06), (33, 1.1650266742435633e-06), (34, 1.5756103266539867e-06), (35, 1.7127784985859762e-06), (36, 1.1490324141050223e-06), (37, 1.738076548463141e-06), (38, 2.5008221200550906e-06), (39, 1.0150305342904176e-06), (40, 1.6073748838607571e-06), (41, 7.019188501544704e-07), (42, 1.3543368595492211e-06), (43, 1.3929970918979961e-06), (44, 1.2953341865795664e-06), (45, 7.850978818169096e-07), (46, 1.3670696716872044e-06), (47, 1.0998448942700634e-06), (48, 6.63912999243621e-07), (0, 6.767297691112617e-07), (1, 1.4778000831938698e-06), (2, 9.480231710767839e-07), (3, 6.446506404245156e-07), (4, 8.572380920668365e-07), (5, 9.617796195016126e-07), (6, 1.1495109220049926e-06), (7, 1.5444269365616492e-06), (8, 1.6235931070696097e-06), (9, 1.3870709381080815e-06), (10, 1.1472110372778843e-06), (11, 7.09835489942634e-07), (12, 9.688765203463845e-07), (13, 1.3522352446670993e-06), (14, 1.2386100252115284e-06), (15, 1.128940994021832e-06), (16, 8.919334391066513e-07), (17, 1.6315759694407461e-06), (18, 9.037565291691863e-07), (19, 8.148584811351611e-07), (20, 9.57574798121641e-07), (21, 8.134310860441474e-07), (22, 2.7121379844174953e-06), (23, 1.0163373644900275e-06), (24, 5.760555836786807e-07), (25, 9.856114502326818e-07), (26, 1.030141675073537e-06), (27, 1.4461015780398156e-06), (28, 1.1203992471564561e-06), (29, 9.338987183582503e-07), (30, 1.2831435469706776e-06), (31, 1.7162594758701744e-06), (32, 1.8101370642398251e-06), (33, 5.233533215687203e-07), (34, 9.109725169764715e-07), (35, 1.137943741014169e-06), (36, 9.074351510207634e-07), (37, 1.5587679627060425e-06), (38, 1.0807976877913461e-06), (39, 1.16125704607839e-06), (40, 1.4185673080646666e-06), (41, 1.2165124871899025e-06), (42, 1.3217875221016584e-06), (43, 1.2824420991819352e-06), (44, 9.294939218307263e-07), (45, 7.853029160287406e-07), (46, 1.015667862702685e-06), (47, 1.0891260444623185e-06), (48, 7.114920776984945e-07), (0, 8.560693913750583e-07), (1, 1.1492139719848637e-06), (2, 1.0607406011331477e-06), (3, 1.6062023178164964e-06), (4, 1.2652649274969008e-06), (5, 9.083648819796508e-07), (6, 9.550952881909325e-07), (7, 1.3899863233746146e-06), (8, 3.942253101740789e-07), (9, 5.568730898630747e-07), (10, 9.170872203867475e-07), (11, 4.161935009960871e-07), (12, 1.0793987712531816e-06), (13, 1.1707440989994211e-06), (14, 7.182581498454965e-07), (15, 7.832651931494183e-07), (16, 7.146614393604978e-07), (17, 1.4828792700427584e-06), (18, 7.474612857549801e-07), (19, 7.819028269295814e-07), (20, 1.4758250017621322e-06), (21, 4.4392180598151754e-07), (22, 8.883144460014591e-07), (23, 1.1534094710441423e-06), (24, 1.0832840189323178e-06), (25, 6.923430646565976e-07), (26, 1.3848155049345223e-06), (27, 7.571459832433902e-07), (28, 1.0794796025948017e-06), (29, 9.952274240276893e-07), (30, 7.905681513875606e-07), (31, 1.0123227411895641e-06), (32, 8.211264344026858e-07), (33, 8.737549705983838e-07), (34, 8.509607027917809e-07), (35, 1.5037996945466148e-06), (36, 1.0657605571395834e-06), (37, 7.649513236174244e-07), (38, 9.48900321873225e-07), (39, 7.712616820754192e-07), (40, 8.772358910391631e-07), (41, 9.090962862501328e-07), (42, 1.1006815157088568e-06), (43, 1.6949238670349587e-06), (44, 6.451300578191876e-07), (45, 2.2056437956052832e-06), (46, 1.3428498277789913e-06), (47, 1.0872139455386787e-06), (48, 1.457866915188788e-06), (0, 1.1457594837338547e-06), (1, 5.258032729216211e-07), (2, 2.2298002022580476e-06), (3, 6.787897746107774e-07), (4, 1.3399383078649407e-06), (5, 1.0660160114639439e-06), (6, 1.1999796925010742e-06), (7, 7.790110316818755e-07), (8, 4.1914006487786537e-07), (9, 6.763342526028282e-07), (10, 1.4112245025899028e-06), (11, 1.0490715567357256e-06), (12, 7.057787456687947e-07), (13, 9.132995160143764e-07), (14, 4.5129283421374566e-07), (15, 6.41855933736224e-07), (16, 9.275569254896254e-07), (17, 1.0165448429688695e-06), (18, 1.1920355973416008e-06), (19, 5.257436441752361e-07), (20, 1.5194640354820876e-06), (21, 8.906087032301002e-07), (22, 5.812763674839516e-07), (23, 7.891164841566933e-07), (24, 6.914314667483268e-07), (25, 1.0603397413433413e-06), (26, 5.75861065499339e-07), (27, 4.921487857245666e-07), (28, 4.718680202131509e-07), (29, 9.9346698334557e-07), (30, 6.181635967550392e-07), (31, 7.337632723647403e-07), (32, 7.001762583058735e-07), (33, 8.505195978614211e-07), (34, 1.1539299293872318e-06), (35, 1.0496493132450269e-06), (36, 8.727607223590894e-07), (37, 6.252300295273017e-07), (38, 6.830510415056779e-07), (39, 9.015158752845309e-07), (40, 7.408530109387357e-07), (41, 1.6338054820153047e-06), (42, 1.7367398186252103e-06), (43, 5.598236612058827e-07), (44, 1.3253375072963536e-06), (45, 1.0258556812914321e-06), (46, 5.925355708313873e-07), (47, 1.961116595339263e-06), (48, 7.240055879265128e-07), (0, 6.198083610797767e-07), (1, 8.319759103869728e-07), (2, 1.4467151459029992e-06), (3, 8.209972293116152e-07), (4, 4.915895033263951e-07), (5, 1.544107249173976e-06), (6, 7.491613587262691e-07), (7, 1.0391205478299526e-06), (8, 8.60441673466994e-07), (9, 5.82242421387491e-07), (10, 9.070855639947695e-07), (11, 6.93377728566702e-07), (12, 1.3221848575994954e-06), (13, 4.80711889849772e-07), (14, 1.6406650047429139e-06), (15, 9.011120596369437e-07), (16, 1.0871550557567389e-06), (17, 1.0256012501486111e-06), (18, 1.0245557859889232e-06), (19, 9.320862091044546e-07), (20, 6.441896971409733e-07), (21, 8.034771781240124e-07), (22, 8.823836310511979e-07), (23, 5.295057690091198e-07), (24, 7.999821036719368e-07), (25, 1.2670569731199066e-06), (26, 5.59138243261259e-07), (27, 8.456463547190651e-07), (28, 8.069707746471977e-07), (29, 6.821982196925092e-07), (30, 4.5678149263039813e-07), (31, 8.611005455350096e-07), (32, 6.18037461208587e-07), (33, 9.769315738594742e-07), (34, 9.439692121304688e-07), (35, 5.610914968201541e-07), (36, 5.115638259667321e-07), (37, 7.427822765748715e-07), (38, 6.97705331731413e-07), (39, 1.7332787365376134e-06), (40, 3.532684900164895e-07), (41, 4.7247664269889356e-07), (42, 7.834694315533852e-07), (43, 5.342649274098221e-07), (44, 7.142465392462327e-07), (45, 3.2024010465647734e-07), (46, 7.393511509690143e-07), (47, 4.3026565776926873e-07), (48, 1.3727076293434948e-06), (0, 7.172321261350589e-07), (1, 8.175473453775339e-07), (2, 8.053488045334234e-07), (3, 7.291448582691373e-07), (4, 9.36838773668569e-07), (5, 6.815225788159296e-07), (6, 9.902490774038597e-07), (7, 8.448070616395853e-07), (8, 7.566858926111308e-07), (9, 9.361564821119828e-07), (10, 5.58204305889376e-07), (11, 7.151463137233804e-07), (12, 2.932554536982934e-07), (13, 8.314862611769058e-07), (14, 6.708705768687651e-07), (15, 7.666141641493596e-07), (16, 3.6186764873491484e-07), (17, 4.5986791974428343e-07), (18, 7.215618893496867e-07), (19, 8.47181922836171e-07), (20, 9.216312264470616e-07), (21, 5.231093496149697e-07), (22, 1.4404940884560347e-06), (23, 6.573766313522356e-07), (24, 5.522562673831999e-07), (25, 9.956520443665795e-07), (26, 5.383965344663011e-07), (27, 1.0376339787399047e-06), (28, 4.296475424325763e-07), (29, 1.2680022791755619e-06), (30, 7.092926352925133e-07), (31, 3.224382396638248e-07), (32, 8.06771367933834e-07), (33, 1.1147147915835376e-06), (34, 6.248400836739165e-07), (35, 9.571343753123074e-07), (36, 9.169736472358636e-07), (37, 5.749276397182257e-07), (38, 8.826841053632961e-07), (39, 8.522558800905244e-07), (40, 6.033993145138083e-07), (41, 5.907766080781585e-07), (42, 6.747188194822229e-07), (43, 1.2547038750199135e-06), (44, 6.781676802347647e-07), (45, 9.119746664509876e-07), (46, 8.963186814980872e-07), (47, 6.135480248303793e-07), (48, 8.186784725694451e-07), (0, 6.865468549221987e-07), (1, 4.0485704744241957e-07), (2, 6.050180445527076e-07), (3, 6.566775141436665e-07), (4, 5.932933504482207e-07), (5, 5.592368097495637e-07), (6, 4.996990696781722e-07), (7, 8.357192768926325e-07), (8, 5.782396783615695e-07), (9, 3.9606223367627535e-07), (10, 6.969102628318069e-07), (11, 4.487202147629432e-07), (12, 7.634914140908222e-07), (13, 6.280282036641438e-07), (14, 7.80068944550294e-07), (15, 8.313439252560784e-07), (16, 8.097405270746094e-07), (17, 6.584285188182548e-07), (18, 6.368412073243235e-07), (19, 8.994891800284677e-07), (20, 7.060380653456377e-07), (21, 4.813581995222194e-07), (22, 8.161997016031819e-07), (23, 5.602649366664991e-07), (24, 1.53591679463716e-06), (25, 1.4089299611441675e-06), (26, 4.1871160760820203e-07), (27, 8.618744118393806e-07), (28, 7.10087476818444e-07), (29, 1.0915348411799641e-06), (30, 1.2443143759810482e-06), (31, 5.601455086434726e-07), (32, 4.177153698492475e-07), (33, 7.650851330254227e-07), (34, 6.852351361885667e-07), (35, 7.156725132517749e-07), (36, 6.161394594528247e-07), (37, 5.589077431977785e-07), (38, 3.963510266657977e-07), (39, 1.0548558293521637e-06), (40, 7.966457360453205e-07), (41, 1.1146663609906682e-06), (42, 5.649858394463081e-07), (43, 2.561186818184069e-07), (44, 7.444742209372635e-07), (45, 5.252375672171183e-07), (46, 7.218379209916748e-07), (47, 6.329675557026349e-07), (48, 5.513567202797276e-07), (0, 5.655464860865322e-07), (1, 5.739034349971917e-07), (2, 1.770662549915869e-07), (3, 4.4737993221133365e-07), (4, 8.073362778304727e-07), (5, 4.626060103873897e-07), (6, 8.063635164035077e-07), (7, 4.291743209705601e-07), (8, 3.4469462661945727e-07), (9, 6.656108553215745e-07), (10, 4.949741310156242e-07), (11, 7.521434781665448e-07), (12, 8.330982836923795e-07), (13, 3.845652543077449e-07), (14, 5.046742899139645e-07), (15, 4.1808445416791074e-07), (16, 5.136706704433891e-07), (17, 5.701659802070935e-07), (18, 5.725354412788874e-07), (19, 3.192519670847105e-07), (20, 4.5323625386117783e-07), (21, 1.7542633941047825e-06), (22, 7.460957363036869e-07), (23, 6.043504754416062e-07), (24, 6.829125709373329e-07), (25, 8.247782261605607e-07), (26, 4.7335095132439164e-07), (27, 9.922391654981766e-07), (28, 5.888143732590834e-07), (29, 9.504181548436463e-07), (30, 9.291155720347888e-07), (31, 4.524803216554574e-07), (32, 3.2686824624761357e-07), (33, 8.167444889295439e-07), (34, 3.861318589315488e-07), (35, 8.280781003122684e-07), (36, 6.08695756909583e-07), (37, 9.212141662828799e-07), (38, 7.148342433538346e-07), (39, 8.864195137903152e-07), (40, 2.957871743092255e-07), (41, 6.502291398646776e-07), (42, 6.307961939455708e-07), (43, 6.034528041709564e-07), (44, 9.795144251256716e-07), (45, 7.651917144357867e-07), (46, 6.654016715401667e-07), (47, 4.090694574188092e-07), (48, 1.0218049055765732e-06), (0, 5.767471975559602e-07), (1, 5.502500926013454e-07), (2, 5.592205525317695e-07), (3, 4.414677334807493e-07), (4, 4.2544451162029873e-07), (5, 7.166324280660774e-07), (6, 3.138434863103612e-07), (7, 6.921423505446e-07), (8, 6.051116088201525e-07), (9, 1.7443144884055073e-07), (10, 7.926176408545871e-07), (11, 2.8441246513466467e-07), (12, 5.722284868170391e-07), (13, 4.779294044965354e-07), (14, 4.891795697403722e-07), (15, 7.44972226129903e-07), (16, 4.36380247492707e-07), (17, 4.727206430743536e-07), (18, 3.63367576028395e-07), (19, 5.289581395118148e-07), (20, 4.5730806164101523e-07), (21, 4.73731006422895e-07), (22, 2.3082384359440766e-07), (23, 1.027427174449258e-06), (24, 1.0018026159741567e-06), (25, 1.1948172868869733e-06), (26, 3.819818061856495e-07), (27, 5.594205845227407e-07), (28, 5.23696087384451e-07), (29, 1.0614830898703076e-06), (30, 5.929254029979347e-07), (31, 3.8370797028619563e-07), (32, 4.1347288970428053e-07), (33, 9.612298299543909e-07), (34, 6.632438385167916e-07), (35, 6.790489806007827e-07), (36, 3.3870438187477703e-07), (37, 5.283784503262723e-07), (38, 4.282485406292835e-07), (39, 6.508366823254619e-07), (40, 7.701299864493194e-07), (41, 8.485953912895638e-07), (42, 6.178236162668327e-07), (43, 4.425401129992679e-07), (44, 3.875797176533524e-07), (45, 5.565624405790004e-07), (46, 4.594822087256034e-07), (47, 9.697889709059382e-07), (48, 5.496851258612878e-07), (0, 3.9182049249575357e-07), (1, 7.331263418564049e-07), (2, 1.8764683318295283e-07), (3, 4.240023656620906e-07), (4, 7.119109568520798e-07), (5, 3.8693914916620997e-07), (6, 4.303273044570233e-07), (7, 1.3217438663559733e-06), (8, 7.439542173415248e-07), (9, 4.5267967152540223e-07), (10, 7.103203074620978e-07), (11, 5.650404091284145e-07), (12, 4.76511473834762e-07), (13, 4.5775072976539377e-07), (14, 1.4269793382482021e-06), (15, 6.832480607954494e-07), (16, 4.50977012178555e-07), (17, 7.904267818048538e-07), (18, 5.778252329946554e-07), (19, 6.562098064932798e-07), (20, 8.882441875357472e-07), (21, 4.998208282813721e-07), (22, 4.5456675934474333e-07), (23, 8.373649507120717e-07), (24, 4.6407222953348537e-07), (25, 4.4420497147257265e-07), (26, 3.517437221489672e-07), (27, 5.051376206210989e-07), (28, 6.148810030026652e-07), (29, 5.35496667453117e-07), (30, 4.113557281471003e-07), (31, 1.4341456733291125e-07), (32, 6.037666366864869e-07), (33, 5.285914994601626e-07), (34, 3.4467441878405225e-07), (35, 3.6659756119661324e-07), (36, 6.330446353786101e-07), (37, 3.955889837925497e-07), (38, 5.460503871290712e-07), (39, 3.92450033359637e-07), (40, 6.100121368035616e-07), (41, 3.588106096685806e-07), (42, 2.637022475937556e-07), (43, 3.267011550178722e-07), (44, 4.350400217845163e-07), (45, 5.728742280552979e-07), (46, 7.962708536979335e-07), (47, 5.339264816939249e-07), (48, 4.760957779126329e-07), (0, 1.0391994464953314e-06), (1, 4.6022393007660867e-07), (2, 4.0491627828487253e-07), (3, 5.237984623818193e-07), (4, 5.215265446167905e-07), (5, 9.150371056421136e-07), (6, 6.73902832204476e-07), (7, 3.927582383767003e-07), (8, 4.181422923466016e-07), (9, 5.020285129830881e-07), (10, 4.62105816723124e-07), (11, 4.293157758183952e-07), (12, 5.317263003234984e-07), (13, 7.608691703353543e-07), (14, 6.186980385791685e-07), (15, 4.1809343542809074e-07), (16, 5.227929023021716e-07), (17, 4.571052727442293e-07), (18, 2.3711410790383525e-07), (19, 4.991110245100572e-07), (20, 5.7222894156439e-07), (21, 4.598663281285553e-07), (22, 4.7422304305655416e-07), (23, 4.6945453391344927e-07), (24, 4.011700411865604e-07), (25, 3.1776298214936105e-07), (26, 3.404624351333041e-07), (27, 3.3626915296736115e-07), (28, 5.213728400121909e-07), (29, 3.929007732494938e-07), (30, 3.11157236865256e-07), (31, 3.7135282582312357e-07), (32, 7.711959142397973e-07), (33, 3.1703973490948556e-07), (34, 3.9471052559747477e-07), (35, 1.1485952882139827e-06), (36, 5.007252639188664e-07), (37, 2.9864636985621473e-07), (38, 5.584277573689178e-07), (39, 5.101902047499607e-07), (40, 4.6764370154050994e-07), (41, 5.257006137071585e-07), (42, 3.416242861931096e-07), (43, 6.442444941967551e-07), (44, 3.148609550862602e-07), (45, 5.32359479166189e-07), (46, 6.939853278709052e-07), (47, 5.148252739672898e-07), (48, 1.6904979815990373e-07), (0, 3.427647641274234e-07), (1, 1.9974778808773408e-07), (2, 3.4338026466684823e-07), (3, 7.647161055501783e-07), (4, 2.8202336466165434e-07), (5, 4.0538259327149717e-07), (6, 4.5960948114043276e-07), (7, 5.931821078775101e-07), (8, 3.4857086461670406e-07), (9, 5.502464546225383e-07), (10, 5.038775725552114e-07), (11, 7.230372034428001e-07), (12, 5.675385068570904e-07), (13, 6.105977945480845e-07), (14, 1.0126731240234221e-06), (15, 5.406752165981743e-07), (16, 5.024805886932882e-07), (17, 4.444889896149107e-07), (18, 5.774621740783914e-07), (19, 2.1242662739950902e-07), (20, 3.912622332791216e-07), (21, 4.2450702153473685e-07), (22, 3.1947413958732795e-07), (23, 4.1887287238751014e-07), (24, 5.241410576672934e-07), (25, 3.4537683291091525e-07), (26, 6.470755806731177e-07), (27, 3.062565383515903e-07), (28, 3.7319128409762925e-07), (29, 3.7152443610466435e-07), (30, 7.542847697550314e-07), (31, 3.218868869225844e-07), (32, 3.160578785355028e-07), (33, 4.1515954762871843e-07), (34, 3.4513183777562517e-07), (35, 4.1032569697563304e-07), (36, 3.641328305548086e-07), (37, 8.341964985447703e-07), (38, 4.797768724529305e-07), (39, 5.176551098884374e-07), (40, 4.559759361200122e-07), (41, 4.233822323840286e-07), (42, 4.85440125430614e-07), (43, 5.084586973680416e-07), (44, 4.2756661855491984e-07), (45, 8.021586381801171e-07), (46, 5.109232574795897e-07), (47, 3.535605230808869e-07), (48, 3.4504628843023966e-07), (0, 2.337767170956795e-07), (1, 5.652112236020912e-07), (2, 5.698614700122562e-07), (3, 2.6637917471816763e-07), (4, 6.744690494997485e-07), (5, 5.730414613935864e-07), (6, 2.2625096107731224e-07), (7, 6.101398639657418e-07), (8, 3.7815499354110216e-07), (9, 2.2914082364877686e-07), (10, 4.785083547176328e-07), (11, 3.366688190453715e-07), (12, 3.0847172638459597e-07), (13, 7.983915111253737e-07), (14, 3.226688818358525e-07), (15, 4.428052591265441e-07), (16, 6.273132271417126e-07), (17, 3.2293783647219243e-07), (18, 9.718214641907252e-07), (19, 5.281552262204059e-07), (20, 4.6139550136103935e-07), (21, 3.028879120847705e-07), (22, 3.2082715506476234e-07), (23, 5.911858238505374e-07), (24, 4.827853103961388e-07), (25, 4.626958514108992e-07), (26, 3.707303903865977e-07), (27, 2.7482082032292965e-07), (28, 2.286015785557538e-07), (29, 3.222895372800849e-07), (30, 4.795477934749215e-07), (31, 3.9223479575412057e-07), (32, 4.640767201635754e-07), (33, 3.981572831435187e-07), (34, 3.428827142215596e-07), (35, 2.753593264515075e-07), (36, 3.4636425993994635e-07), (37, 4.1896740299307567e-07), (38, 3.6515376677925815e-07), (39, 5.719164164474932e-07), (40, 4.4656908926299366e-07), (41, 3.3379387787135784e-07), (42, 3.264779024902964e-07), (43, 8.530934678674384e-07), (44, 3.419970084905799e-07), (45, 3.4656048342185386e-07), (46, 3.683444731450436e-07), (47, 5.030248075854615e-07), (48, 3.2816814155012253e-07), (0, 4.008356313534023e-07), (1, 2.728709773691662e-07), (2, 5.12543181230285e-07), (3, 3.360537164098787e-07), (4, 3.501197625155328e-07), (5, 5.664750233336235e-07), (6, 3.2619180956316995e-07), (7, 3.8008272440492874e-07), (8, 2.3512674829362368e-07), (9, 4.606081631663983e-07), (10, 3.6648100376623916e-07), (11, 3.4655138847483613e-07), (12, 6.397076504072174e-07), (13, 7.686193725930934e-07), (14, 9.91453603660375e-08), (15, 6.560745759998099e-07), (16, 3.628995557392045e-07), (17, 4.46029474687748e-07), (18, 4.320234552324109e-07), (19, 2.2923504161553865e-07), (20, 7.320708164115786e-07), (21, 3.4133117310375383e-07), (22, 2.956060143333161e-07), (23, 7.484714501515555e-07), (24, 4.908463324682089e-07), (25, 7.064331839501392e-07), (26, 3.358114213369845e-07), (27, 1.512888161414594e-07), (28, 5.098647193335637e-07), (29, 3.774626975427964e-07), (30, 8.546493859284965e-07), (31, 3.9598128864781756e-07), (32, 2.78085281024687e-07), (33, 6.395163723027508e-07), (34, 4.889744218417036e-07), (35, 3.4872977039412945e-07), (36, 3.776439996272529e-07), (37, 1.7733087531723868e-07), (38, 2.921200064065488e-07), (39, 1.6152085891008028e-07), (40, 3.6552617643792473e-07), (41, 3.431355821703619e-07), (42, 4.058476861246163e-07), (43, 2.2026125634511118e-07), (44, 3.4039518936879176e-07), (45, 5.214249654272862e-07), (46, 2.7659743295771477e-07), (47, 3.682918361391785e-07), (48, 5.433176397673378e-07), (0, 2.7751536890718853e-07), (1, 5.91434286434378e-07), (2, 1.5190045132840169e-07), (3, 5.203668820286111e-07), (4, 2.4161406031453225e-07), (5, 4.4734588300343603e-07), (6, 3.6511664802674204e-07), (7, 3.888659989570442e-07), (8, 3.46813209262109e-07), (9, 2.3512170344019978e-07), (10, 3.6773417377844453e-07), (11, 3.3351102501910646e-07), (12, 8.76547403549921e-07), (13, 3.227144702577789e-07), (14, 6.178702278702985e-07), (15, 3.579664848984976e-07), (16, 4.7413729475920263e-07), (17, 2.643369896304648e-07), (18, 4.383989562484203e-07), (19, 4.1385422377970826e-07), (20, 5.482453389049624e-07), (21, 2.5628867206251016e-07), (22, 2.282449571566758e-07), (23, 4.1409501250200265e-07), (24, 6.886027676955564e-07), (25, 2.4823879130053683e-07), (26, 5.262900231173262e-07), (27, 2.543692971812561e-07), (28, 1.2547488381642324e-07), (29, 5.273553824736155e-07), (30, 3.351270549956098e-07), (31, 3.4576120810925204e-07), (32, 3.715683476457343e-07), (33, 2.5768929390324047e-07), (34, 2.3983878350009036e-07), (35, 4.312024941555137e-07), (36, 2.0066670458618319e-07), (37, 4.77448111269041e-07), (38, 1.4961182159822783e-07), (39, 3.441152500727185e-07), (40, 5.35189940364944e-07), (41, 4.21496366698193e-07), (42, 2.73709673592748e-07), (43, 3.9486371861130465e-07), (44, 3.134773578494787e-07), (45, 4.3537670535442885e-07), (46, 5.395850735112617e-07), (47, 3.737463032393862e-07), (48, 2.3586113684359589e-07), (0, 2.9354612252063816e-07), (1, 3.9106984672798717e-07), (2, 6.463113209065341e-07), (3, 2.4953865818133636e-07), (4, 2.6160739707847824e-07), (5, 3.284967817762663e-07), (6, 2.535804242143058e-07), (7, 3.455473915892071e-07), (8, 4.712273096174613e-07), (9, 5.973217298560485e-07), (10, 3.2257281645797775e-07), (11, 3.8261049439825e-07), (12, 3.5434717915450165e-07), (13, 3.952101224058424e-07), (14, 3.191109385625168e-07), (15, 4.156903798957501e-07), (16, 4.218895526264532e-07), (17, 4.4709088342642644e-07), (18, 1.9915003690584854e-07), (19, 3.413144042951899e-07), (20, 3.5388154628890334e-07), (21, 3.2111023529068916e-07), (22, 3.58453917215229e-07), (23, 2.847528435268032e-07), (24, 4.3100604329993075e-07), (25, 3.1382197107632237e-07), (26, 3.865218900500622e-07), (27, 3.4778506119437225e-07), (28, 2.9618149710586295e-07), (29, 3.17458756171618e-07), (30, 4.390520302877121e-07), (31, 3.9222092595991853e-07), (32, 2.4036253876147384e-07), (33, 7.644059962785832e-08), (34, 6.127123128862877e-07), (35, 2.8216931013957947e-07), (36, 1.8171407134559558e-07), (37, 1.7705899324482743e-07), (38, 5.297181928654027e-07), (39, 4.674013780459063e-07), (40, 3.2031573482527165e-07), (41, 7.391010399260267e-07), (42, 1.7873790625344554e-07), (43, 4.635110144590726e-07), (44, 3.605022413921688e-07), (45, 3.8662176393700065e-07), (46, 2.781671923912654e-07), (47, 3.8361059750968707e-07), (48, 1.8495219933356566e-07), (0, 3.771486944970093e-07), (1, 2.9007333068875596e-07), (2, 3.5243607499069185e-07), (3, 1.4917634416633518e-07), (4, 1.7767226268006198e-07), (5, 4.830838520319958e-07), (6, 5.201379735808587e-07), (7, 3.45816346225547e-07), (8, 2.971471246837609e-07), (9, 2.3268654558705748e-07), (10, 3.226521130272886e-07), (11, 3.055842512367235e-07), (12, 3.429683488320734e-07), (13, 2.5297359229625727e-07), (14, 3.995056943040254e-07), (15, 3.3300835866612033e-07), (16, 3.1470278827328e-07), (17, 3.804615573699266e-07), (18, 2.008704029776709e-07), (19, 1.741182700243371e-07), (20, 3.312488559004123e-07), (21, 3.1403396860696375e-07), (22, 2.219282038140591e-07), (23, 6.169267976474657e-07), (24, 1.9317366195537033e-07), (25, 5.078896379018261e-07), (26, 3.8196728269213054e-07), (27, 1.8255146017054358e-07), (28, 2.016484472733282e-07), (29, 2.0921284260566608e-07), (30, 2.3096359313967696e-07), (31, 3.5527301633919706e-07), (32, 3.750741370822652e-07), (33, 4.856318582824315e-07), (34, 2.3674994054090348e-07), (35, 4.330692888743215e-07), (36, 3.9468602608394576e-07), (37, 2.5652704493950296e-07), (38, 5.395031621446833e-07), (39, 3.511945010359341e-07), (40, 3.0154416208461043e-07), (41, 5.197123300604289e-07), (42, 7.670772106393997e-07), (43, 2.2835502022644505e-07), (44, 3.1570883152198803e-07), (45, 2.931550397988758e-07), (46, 2.1849436393495125e-07), (47, 3.011834905919386e-07), (48, 3.9216251934703905e-07), (0, 1.9709237619736086e-07), (1, 3.838301267933275e-07), (2, 2.827101184266212e-07), (3, 2.8004478735965677e-07), (4, 4.0882608232095663e-07), (5, 3.163701762787241e-07), (6, 4.052916438013199e-07), (7, 6.458638495132618e-07), (8, 2.572856772076193e-07), (9, 1.2198721321965422e-07), (10, 2.1451893417179235e-07), (11, 2.0111268383971037e-07), (12, 3.1057595606398536e-07), (13, 2.6014441800725763e-07), (14, 5.22063373864512e-07), (15, 3.7141973052712274e-07), (16, 1.314639206384527e-07), (17, 4.697955944266141e-07), (18, 1.1180665637766651e-07), (19, 5.298329597280826e-07), (20, 1.7573245258972747e-07), (21, 3.767226246509381e-07), (22, 2.461864880842768e-07), (23, 3.617118693455268e-07), (24, 2.8133965201959654e-07), (25, 4.6388592522816907e-07), (26, 4.4337738813737815e-07), (27, 3.099940784068167e-07), (28, 3.360060532031639e-07), (29, 4.2092497665180417e-07), (30, 1.9138281004416058e-07), (31, 6.757701385140535e-07), (32, 3.371004311247816e-07), (33, 1.8714516158979677e-07), (34, 2.712042146413296e-07), (35, 3.766438112506876e-07), (36, 3.0529253081112984e-07), (37, 2.165315038382687e-07), (38, 4.961605100106681e-07), (39, 2.7352939468983095e-07), (40, 2.2901548391018878e-07), (41, 1.2411669558787253e-07), (42, 1.4802606074226787e-07), (43, 2.9220259989415354e-07), (44, 3.499063723211293e-07), (45, 2.3231631018916232e-07), (46, 3.256516265537357e-07), (47, 2.4324754122062586e-07), (48, 2.2842550606583245e-07)]