Model Setup for Uniformvirtual {PATIENT_GROUPS} Trained Network:

{NETWORK_TYPE} Network Architecture Parameters
Input channels=22
Hidden channels=128
Output channels=1

Training hyperparameters
Optimizer=AdamW (
Parameter Group 0
    amsgrad: False
    betas: (0.9, 0.999)
    capturable: False
    differentiable: False
    eps: 1e-08
    foreach: None
    fused: None
    lr: 0.001
    maximize: False
    weight_decay: 1e-06
)Training Iterations=20
Learning rate=0.001
Weight decay=1e-06
Optimizer reset frequency=None

Dropout probability (after initial linear layer before NCDE): 0
Training Data Selection Parameters
(If not virtual, the only important params are the groups and whether data was normalized/standardized)
Patient groups=['Control', 'MDD']
Augmentation strategy=Uniform
Noise Magnitude=0.05
Normalized/standardized=StandardizeAll
Number of virtual patients per real patient=100
Label smoothing factor=0
Test Patient Combinations:
Control: (39, 17, 23, 27, 8)
MDD: (27, 47, 13, 25, 5)
Training batch size=200
Training Results:
Runtime=1.6850850582122803
Loss over time=[(0, 0.6906373500823975), (1, 0.6718804240226746), (2, 0.67244553565979), (3, 0.6567138433456421), (4, 0.6466549634933472), (5, 0.6481871008872986), (6, 0.6109128594398499), (7, 0.6156073212623596), (8, 0.5961504578590393), (9, 0.6200308203697205), (10, 0.6072983145713806), (11, 0.5581299066543579), (12, 0.5963246822357178), (13, 0.6006906032562256), (14, 0.5477044582366943), (15, 0.5267950296401978), (16, 0.549130380153656), (17, 0.5374559164047241), (18, 0.5149652361869812), (19, 0.48322227597236633), (20, 0.47784602642059326), (21, 0.5185433030128479), (22, 0.4469107389450073), (23, 0.4990362226963043), (24, 0.5170414447784424), (25, 0.5314510464668274), (26, 0.4529293179512024), (27, 0.4626188576221466), (28, 0.3907545804977417), (29, 0.4210430383682251), (30, 0.4457675516605377), (31, 0.42464858293533325), (32, 0.39596056938171387), (33, 0.43185150623321533), (34, 0.4047105312347412), (35, 0.37262898683547974), (36, 0.35775938630104065), (37, 0.36684826016426086), (38, 0.31242164969444275), (39, 0.2930089831352234), (40, 0.3638792335987091), (41, 0.3136846721172333), (42, 0.2788819968700409), (43, 0.29557156562805176), (44, 0.32245713472366333), (45, 0.2634983956813812), (46, 0.2999807298183441), (47, 0.2902965247631073), (48, 0.28311625123023987), (0, 0.25092917680740356), (1, 0.2515930235385895), (2, 0.21658428013324738), (3, 0.24398617446422577), (4, 0.23728838562965393), (5, 0.18910954892635345), (6, 0.1678353250026703), (7, 0.22364541888237), (8, 0.20667827129364014), (9, 0.15560203790664673), (10, 0.13881991803646088), (11, 0.17178921401500702), (12, 0.11500722169876099), (13, 0.16831141710281372), (14, 0.15299856662750244), (15, 0.12361007928848267), (16, 0.1336364597082138), (17, 0.12623652815818787), (18, 0.11155696958303452), (19, 0.14414192736148834), (20, 0.09952899813652039), (21, 0.11739897727966309), (22, 0.1216859221458435), (23, 0.06378690153360367), (24, 0.09102950245141983), (25, 0.086850605905056), (26, 0.08422420173883438), (27, 0.10455590486526489), (28, 0.06972922384738922), (29, 0.09856734424829483), (30, 0.06369002163410187), (31, 0.09419631212949753), (32, 0.06746871769428253), (33, 0.06830018013715744), (34, 0.06262369453907013), (35, 0.046353813260793686), (36, 0.051511697471141815), (37, 0.05831592530012131), (38, 0.057529401034116745), (39, 0.058989640325307846), (40, 0.06875131279230118), (41, 0.06090322509407997), (42, 0.08575953543186188), (43, 0.08304021507501602), (44, 0.10550813376903534), (45, 0.05193569138646126), (46, 0.07576893270015717), (47, 0.044534940272569656), (48, 0.05157117545604706), (0, 0.03952827304601669), (1, 0.053032636642456055), (2, 0.03910951316356659), (3, 0.05485297366976738), (4, 0.043946389108896255), (5, 0.04644019156694412), (6, 0.03919679671525955), (7, 0.042500320822000504), (8, 0.02989780716598034), (9, 0.013820669613778591), (10, 0.048199910670518875), (11, 0.04886506497859955), (12, 0.037443745881319046), (13, 0.03739173337817192), (14, 0.040108572691679), (15, 0.03835459053516388), (16, 0.018825069069862366), (17, 0.025695545598864555), (18, 0.0242939256131649), (19, 0.014810711145401001), (20, 0.047677792608737946), (21, 0.05153403431177139), (22, 0.017282189801335335), (23, 0.03232032433152199), (24, 0.015682920813560486), (25, 0.03019101917743683), (26, 0.021883493289351463), (27, 0.028155623003840446), (28, 0.029582582414150238), (29, 0.05145866423845291), (30, 0.011154597625136375), (31, 0.027092451229691505), (32, 0.027361080050468445), (33, 0.022084517404437065), (34, 0.027442829683423042), (35, 0.00894949957728386), (36, 0.029432501643896103), (37, 0.014500305987894535), (38, 0.010623429901897907), (39, 0.012519173324108124), (40, 0.019759243354201317), (41, 0.013855666853487492), (42, 0.015065673738718033), (43, 0.008268197067081928), (44, 0.02488212287425995), (45, 0.02360629104077816), (46, 0.010691442526876926), (47, 0.013710052706301212), (48, 0.022738449275493622), (0, 0.009186334908008575), (1, 0.044377170503139496), (2, 0.011202681809663773), (3, 0.02554154396057129), (4, 0.006980057340115309), (5, 0.008180228061974049), (6, 0.0327436588704586), (7, 0.005073580890893936), (8, 0.014929383993148804), (9, 0.013838717713952065), (10, 0.009546929970383644), (11, 0.0141833471134305), (12, 0.0103335902094841), (13, 0.009587377309799194), (14, 0.009558138437569141), (15, 0.005849114153534174), (16, 0.00456564174965024), (17, 0.005902358330786228), (18, 0.00662865350022912), (19, 0.0037230653688311577), (20, 0.007268058601766825), (21, 0.0064948974177241325), (22, 0.00562269426882267), (23, 0.00338382669724524), (24, 0.004407268483191729), (25, 0.004331531934440136), (26, 0.002263038419187069), (27, 0.003393600694835186), (28, 0.0035890550352633), (29, 0.005195781122893095), (30, 0.0032081755343824625), (31, 0.0043159304186701775), (32, 0.003024343866854906), (33, 0.00354073871858418), (34, 0.005694214720278978), (35, 0.002147362567484379), (36, 0.0011532710632309318), (37, 0.003926014062017202), (38, 0.0028869223315268755), (39, 0.0025845032650977373), (40, 0.0013403005432337523), (41, 0.003932328429073095), (42, 0.002342590130865574), (43, 0.002098961267620325), (44, 0.0015302312094718218), (45, 0.0035844496451318264), (46, 0.0018534788396209478), (47, 0.0010357749415561557), (48, 0.0030697882175445557), (0, 0.0017055636271834373), (1, 0.0017756347078830004), (2, 0.002546067815274), (3, 0.0020177739206701517), (4, 0.0013743068557232618), (5, 0.003686724230647087), (6, 0.0018832003697752953), (7, 0.001706135575659573), (8, 0.0011403544340282679), (9, 0.0014249340165406466), (10, 0.001350384671241045), (11, 0.0017814736347645521), (12, 0.0011491816258057952), (13, 0.0022638472728431225), (14, 0.0022810359951108694), (15, 0.0011926229344680905), (16, 0.0015332505572587252), (17, 0.0009370543994009495), (18, 0.0030803210102021694), (19, 0.001674376311711967), (20, 0.0012382861459627748), (21, 0.0008646708447486162), (22, 0.001858841278590262), (23, 0.0004393884155433625), (24, 0.001082549337297678), (25, 0.0010726347099989653), (26, 0.0013971833977848291), (27, 0.0007945257239043713), (28, 0.0018709178548306227), (29, 0.0008409573347307742), (30, 0.000982976984232664), (31, 0.0013553499011322856), (32, 0.000719579285942018), (33, 0.0010039935586974025), (34, 0.0005060752737335861), (35, 0.0011633691610768437), (36, 0.0008519486291334033), (37, 0.0006417495897039771), (38, 0.0009683927637524903), (39, 0.0008760734926909208), (40, 0.0018811371410265565), (41, 0.00042067631147801876), (42, 0.000551236211322248), (43, 0.0006792113417759538), (44, 0.0007277971599251032), (45, 0.0014566819882020354), (46, 0.0015679337084293365), (47, 0.001019970397464931), (48, 0.0012596908491104841), (0, 0.0005451336037367582), (1, 0.0017781124915927649), (2, 0.0008753947331570089), (3, 0.0008586293552070856), (4, 0.00030916393734514713), (5, 0.0005418992950581014), (6, 0.0005996268591843545), (7, 0.002112818416208029), (8, 0.0009044945472851396), (9, 0.0008667676011100411), (10, 0.0005907673621550202), (11, 0.0020078164525330067), (12, 0.0011945214355364442), (13, 0.0007409111130982637), (14, 0.000637735880445689), (15, 0.0008299029432237148), (16, 0.000504578638356179), (17, 0.0014287977246567607), (18, 0.0005147194606252015), (19, 0.00045610801316797733), (20, 0.0005252297851257026), (21, 0.0006740772514604032), (22, 0.0006864254246465862), (23, 0.0005079016555100679), (24, 0.0005577418487519026), (25, 0.0007594656199216843), (26, 0.0004611480107996613), (27, 0.0006414838135242462), (28, 0.0006604388472624123), (29, 0.0007682396681047976), (30, 0.0006132164853625), (31, 0.0005526652676053345), (32, 0.0006474084220826626), (33, 0.0005775275640189648), (34, 0.000573290977627039), (35, 0.0007801135652698576), (36, 0.00044984128908254206), (37, 0.000708678737282753), (38, 0.0004417616582941264), (39, 0.00040002763853408396), (40, 0.0006103777559474111), (41, 0.000528917065821588), (42, 0.0004945046966895461), (43, 0.00027729570865631104), (44, 0.0006153405411168933), (45, 0.0004678118275478482), (46, 0.0008168034255504608), (47, 0.0004920380306430161), (48, 0.0002524927258491516), (0, 0.0009283910621888936), (1, 0.0008946478483267128), (2, 0.0003421662258915603), (3, 0.00037528257234953344), (4, 0.0005220065359026194), (5, 0.0008394867181777954), (6, 0.0004382121260277927), (7, 0.0003832722140941769), (8, 0.0003246159467380494), (9, 0.00045408125151880085), (10, 0.00038942560786381364), (11, 0.0009349672473035753), (12, 0.0003163110523018986), (13, 0.00044498578063212335), (14, 0.0005290255066938698), (15, 0.000820560147985816), (16, 0.00033604222699068487), (17, 0.00026448696735315025), (18, 0.00015250367869157344), (19, 0.0006149111432023346), (20, 0.0003058253205381334), (21, 0.0004988929140381515), (22, 0.0003558775642886758), (23, 0.0004664494772441685), (24, 0.00034700188552960753), (25, 0.00039755451143719256), (26, 0.00029179963166825473), (27, 0.0004915827885270119), (28, 0.00035787015804089606), (29, 0.00032464295509271324), (30, 0.00034592876909300685), (31, 0.00038396776653826237), (32, 0.0002764645032584667), (33, 0.0003877703857142478), (34, 0.00029042467940598726), (35, 0.00021526915952563286), (36, 0.00024263538944069296), (37, 0.00028134588501416147), (38, 0.00033042606082744896), (39, 0.000410573702538386), (40, 0.0002529997727833688), (41, 0.00027252017753198743), (42, 0.00043570034904405475), (43, 0.00025461683981120586), (44, 0.0003016490372829139), (45, 0.000478049652883783), (46, 0.00025108386762440205), (47, 0.0006229784921742976), (48, 0.00028622057288885117), (0, 0.00024313187168445438), (1, 0.0003696123603731394), (2, 0.00023022000095807016), (3, 0.0006954230484552681), (4, 0.00033112752134911716), (5, 0.0003663971147034317), (6, 0.00022157019702717662), (7, 0.00016324078023899347), (8, 0.00024307117564603686), (9, 0.0002825949341058731), (10, 0.0005960804410278797), (11, 0.00021385449508670717), (12, 0.00030776593484915793), (13, 0.00032821347122080624), (14, 0.00032305129570886493), (15, 0.0004857141466345638), (16, 0.00031807724735699594), (17, 0.0003441990993451327), (18, 0.00037679457454942167), (19, 0.00031161998049356043), (20, 0.00019829462689813226), (21, 0.00022162578534334898), (22, 0.00023337194579653442), (23, 0.0002736191963776946), (24, 0.000656397023703903), (25, 0.00041812696144916117), (26, 0.00014448507863562554), (27, 0.00019605881243478507), (28, 0.0003157307510264218), (29, 0.00043251499300822616), (30, 0.00030417018570005894), (31, 0.00028202959219925106), (32, 0.0002016703219851479), (33, 0.00022151833400130272), (34, 0.0002415864000795409), (35, 0.0003198566264472902), (36, 0.00036029412876814604), (37, 0.00013424457574728876), (38, 0.0002115430834237486), (39, 0.0002505130833014846), (40, 0.00026029112632386386), (41, 0.00047662961878813803), (42, 0.0001381914917146787), (43, 0.00020246811618562788), (44, 0.00023825876996852458), (45, 0.0002020441897911951), (46, 0.00023200263967737556), (47, 0.0002914483775384724), (48, 0.0002270819095429033), (0, 0.00022735160018783063), (1, 0.0002334013261133805), (2, 0.00023262909962795675), (3, 0.0002725204103626311), (4, 0.00029933868790976703), (5, 0.00027651802520267665), (6, 0.000205267671844922), (7, 0.0001312021486228332), (8, 0.00019420095486566424), (9, 0.00022780767176300287), (10, 0.00040738616371527314), (11, 0.00017367058899253607), (12, 0.00020592246437445283), (13, 0.0001608736056368798), (14, 0.00016754731768742204), (15, 0.00021374889183789492), (16, 0.00015538187290076166), (17, 0.00015107181388884783), (18, 0.00022305260063149035), (19, 0.00018220160563942045), (20, 0.00020925854914821684), (21, 0.00018535033450461924), (22, 0.00019991306180600077), (23, 0.0003035432891920209), (24, 0.00021806027507409453), (25, 0.000139769705128856), (26, 0.00030446320306509733), (27, 0.00016566320846322924), (28, 0.00020674565166700631), (29, 0.0001724261383060366), (30, 0.00016269714978989214), (31, 0.00016405043425038457), (32, 0.0002264527720399201), (33, 0.00020282473997212946), (34, 0.000168905797181651), (35, 0.00019147514831274748), (36, 0.00030752233578823507), (37, 0.00015444376913364977), (38, 0.00014558248221874237), (39, 0.00021551430108956993), (40, 0.00020418729400262237), (41, 0.00018128052761312574), (42, 0.00010160273814108223), (43, 0.00015536884893663228), (44, 0.00010936021863017231), (45, 0.0002810573496390134), (46, 0.00027905928436666727), (47, 0.0001747480418998748), (48, 0.00013306459004525095), (0, 0.00015234338934533298), (1, 0.0001830316468840465), (2, 0.00021311268210411072), (3, 0.0001644681324250996), (4, 0.0002998674171976745), (5, 0.0001801441248971969), (6, 0.00016127608250826597), (7, 9.743007103679702e-05), (8, 0.00018266105325892568), (9, 0.000128213272546418), (10, 0.00010013992141466588), (11, 0.00014610766083933413), (12, 0.00011625503975665197), (13, 0.00017343326180707663), (14, 7.849998655728996e-05), (15, 8.600331784691662e-05), (16, 0.00010630347969708964), (17, 0.0002452832704875618), (18, 0.00012177986354799941), (19, 0.00016335495456587523), (20, 0.00011766134412027895), (21, 0.00021880766144022346), (22, 0.00012679050269071013), (23, 0.0001311390078626573), (24, 0.00014115894737187773), (25, 0.0002620432060211897), (26, 0.00015348134911619127), (27, 9.570377005729824e-05), (28, 0.00021079805446788669), (29, 0.0002042627747869119), (30, 0.0002466595033183694), (31, 0.00017470965394750237), (32, 0.00020724251226056367), (33, 0.00011123188596684486), (34, 0.0001914060121634975), (35, 0.00010023023060057312), (36, 0.00012443518789950758), (37, 0.0001544348051538691), (38, 0.00010619512613629922), (39, 0.00011036489013349637), (40, 0.00010443980863783509), (41, 0.00012436238466762006), (42, 0.00011231793178012595), (43, 0.00023185873578768224), (44, 0.00018541081226430833), (45, 0.00010055260645458475), (46, 0.00013778655556961894), (47, 0.00015969396918080747), (48, 0.00011863087274832651), (0, 8.809230348560959e-05), (1, 0.00020277845032978803), (2, 0.00011529806943144649), (3, 0.00015083160542417318), (4, 0.00010093502351082861), (5, 0.00016344852338079363), (6, 0.00014794469461776316), (7, 0.00010519901115912944), (8, 0.00012197210162412375), (9, 0.00022679235553368926), (10, 0.00014212459791451693), (11, 0.00014835453475825489), (12, 0.000104146747617051), (13, 0.00013157454668544233), (14, 0.00018667969561647624), (15, 0.00010006658703787252), (16, 0.00011155874381074682), (17, 0.0002101915015373379), (18, 0.00012671475997194648), (19, 0.0001674049417488277), (20, 0.00017012980242725462), (21, 7.840430043870583e-05), (22, 0.00018735404592007399), (23, 0.00012614783190656453), (24, 0.0002044129214482382), (25, 0.000173749664099887), (26, 9.32998227654025e-05), (27, 0.00022765483299735934), (28, 0.00014457968063652515), (29, 6.591950659640133e-05), (30, 0.00019922606588806957), (31, 0.00012338564556557685), (32, 0.00011794258170993999), (33, 0.00014793658920098096), (34, 9.372112981509417e-05), (35, 8.982802683021873e-05), (36, 0.00012609103578142822), (37, 7.96066306065768e-05), (38, 9.63967977440916e-05), (39, 9.14365955395624e-05), (40, 8.266171789728105e-05), (41, 9.865163883659989e-05), (42, 0.00014925867435522377), (43, 9.021718142321333e-05), (44, 0.0001109915756387636), (45, 0.0001413206773577258), (46, 7.095008186297491e-05), (47, 9.048693027580157e-05), (48, 7.624365389347076e-05), (0, 0.00014097052917350084), (1, 0.0001542749669170007), (2, 0.00010837484296644107), (3, 8.897548832464963e-05), (4, 0.0001103463873732835), (5, 9.051943925442174e-05), (6, 8.632362732896581e-05), (7, 0.00011076429655076936), (8, 0.00011302194616291672), (9, 8.880446694092825e-05), (10, 8.656576392240822e-05), (11, 0.00015405454905703664), (12, 6.423576996894553e-05), (13, 7.497241313103586e-05), (14, 7.830282993381843e-05), (15, 0.00011473062477307394), (16, 9.025604231283069e-05), (17, 6.358743121381849e-05), (18, 0.0001586334255989641), (19, 5.06154028698802e-05), (20, 0.0001480036589782685), (21, 8.224841440096498e-05), (22, 0.0001482442457927391), (23, 0.0001452091382816434), (24, 0.00014578847913071513), (25, 9.451167716179043e-05), (26, 0.0001193600328406319), (27, 0.00011898967204615474), (28, 9.814668737817556e-05), (29, 0.00010624458082020283), (30, 8.130423520924523e-05), (31, 6.166828097775578e-05), (32, 6.380549893947318e-05), (33, 0.0002103412407450378), (34, 9.983970085158944e-05), (35, 7.555275078630075e-05), (36, 7.133278268156573e-05), (37, 8.925955626182258e-05), (38, 0.00012638709449674934), (39, 9.931756358128041e-05), (40, 8.1566562585067e-05), (41, 8.718567551113665e-05), (42, 8.183594763977453e-05), (43, 7.047757389955223e-05), (44, 8.252033148892224e-05), (45, 8.29537893878296e-05), (46, 7.847080269129947e-05), (47, 8.338257612194866e-05), (48, 4.7049728891579434e-05), (0, 8.887866715667769e-05), (1, 0.00010348943033022806), (2, 0.00012605806114152074), (3, 7.710897625656798e-05), (4, 8.166451880242676e-05), (5, 5.4166714107850567e-05), (6, 5.8830875786952674e-05), (7, 7.360437302850187e-05), (8, 6.925751222297549e-05), (9, 0.00014526380982715636), (10, 0.000103990183561109), (11, 8.693820564076304e-05), (12, 8.533059735782444e-05), (13, 0.00011323430226184428), (14, 0.00011924785212613642), (15, 8.123624138534069e-05), (16, 8.340190106537193e-05), (17, 6.318309169728309e-05), (18, 6.519295129692182e-05), (19, 4.5382763346424326e-05), (20, 9.620908531360328e-05), (21, 0.00010522731463424861), (22, 4.585537681123242e-05), (23, 4.97376786370296e-05), (24, 6.932319229235873e-05), (25, 0.0001423394278390333), (26, 4.455252201296389e-05), (27, 0.00010657247912604362), (28, 7.008483953541145e-05), (29, 6.961858161957934e-05), (30, 9.509953088127077e-05), (31, 7.178485975600779e-05), (32, 0.00014472779002971947), (33, 7.221636042231694e-05), (34, 5.780737774330191e-05), (35, 6.774828943889588e-05), (36, 0.00023930316092446446), (37, 8.048742893151939e-05), (38, 5.432674151961692e-05), (39, 5.9383120969869196e-05), (40, 9.548224625177681e-05), (41, 5.615192640107125e-05), (42, 8.039583190111443e-05), (43, 8.351036376552656e-05), (44, 5.4537533287657425e-05), (45, 6.768933235434815e-05), (46, 5.662168769049458e-05), (47, 6.811221828684211e-05), (48, 0.00010686311725294217), (0, 6.751089676981792e-05), (1, 5.451893957797438e-05), (2, 6.391797069227323e-05), (3, 9.494808182353154e-05), (4, 5.805688488180749e-05), (5, 7.333975372603163e-05), (6, 3.864644895656966e-05), (7, 3.0071922083152458e-05), (8, 7.441841444233432e-05), (9, 7.982977695064619e-05), (10, 4.772760803462006e-05), (11, 5.1533232181100175e-05), (12, 6.456381379393861e-05), (13, 8.1674697867129e-05), (14, 4.610769610735588e-05), (15, 7.125770935090259e-05), (16, 6.688566645607352e-05), (17, 0.00011071197513956577), (18, 5.961209171800874e-05), (19, 9.688970749266446e-05), (20, 4.749971049022861e-05), (21, 7.056027243379503e-05), (22, 6.373939686454833e-05), (23, 5.8615543821360916e-05), (24, 7.221705163829029e-05), (25, 8.987991168396547e-05), (26, 5.427623545983806e-05), (27, 8.464627899229527e-05), (28, 9.481010056333616e-05), (29, 7.248621841426939e-05), (30, 9.347617742605507e-05), (31, 9.142143971985206e-05), (32, 9.355234215036035e-05), (33, 7.8085511631798e-05), (34, 6.145239603938535e-05), (35, 0.00011426889977883548), (36, 5.665466596838087e-05), (37, 7.095793262124062e-05), (38, 6.6715496359393e-05), (39, 0.00012219052587170154), (40, 5.55641672690399e-05), (41, 0.00010865809599636123), (42, 5.8750607422553e-05), (43, 6.442112498916686e-05), (44, 8.082432032097131e-05), (45, 5.102490831632167e-05), (46, 4.0277875086758286e-05), (47, 5.860428427695297e-05), (48, 7.600706885568798e-05), (0, 7.133843610063195e-05), (1, 4.712957888841629e-05), (2, 0.0001265427126782015), (3, 7.297757838387042e-05), (4, 3.93866648664698e-05), (5, 4.59813054476399e-05), (6, 9.677084017312154e-05), (7, 3.430971992202103e-05), (8, 5.545200838241726e-05), (9, 5.808090281789191e-05), (10, 4.405813888297416e-05), (11, 9.20453094295226e-05), (12, 4.7006698878249153e-05), (13, 4.139730299357325e-05), (14, 9.235619654646143e-05), (15, 6.780510739190504e-05), (16, 6.991683039814234e-05), (17, 5.921976480749436e-05), (18, 5.763052831753157e-05), (19, 8.221916505135596e-05), (20, 4.0700331737753004e-05), (21, 5.519882688531652e-05), (22, 6.241122900974005e-05), (23, 2.9080432796035893e-05), (24, 5.963926378171891e-05), (25, 4.689262277679518e-05), (26, 5.601324301096611e-05), (27, 4.063298911205493e-05), (28, 2.8897768061142415e-05), (29, 7.922350778244436e-05), (30, 6.986228981986642e-05), (31, 4.3574651499511674e-05), (32, 4.3272069888189435e-05), (33, 7.154783088481054e-05), (34, 0.00011413731408538297), (35, 5.877265357412398e-05), (36, 8.448939479421824e-05), (37, 5.2279894589446485e-05), (38, 4.055111276102252e-05), (39, 3.876315531670116e-05), (40, 5.8786332374438643e-05), (41, 6.935383134987205e-05), (42, 5.283267091726884e-05), (43, 0.00010417765588499606), (44, 3.13430828100536e-05), (45, 8.625589543953538e-05), (46, 6.469965592259541e-05), (47, 6.0222875617910177e-05), (48, 5.5807511671446264e-05), (0, 6.186964310472831e-05), (1, 0.00010082060180138797), (2, 8.626815542811528e-05), (3, 4.89530066261068e-05), (4, 9.811707423068583e-05), (5, 7.089160499162972e-05), (6, 3.360592381795868e-05), (7, 5.489191607921384e-05), (8, 6.504679913632572e-05), (9, 4.822734626941383e-05), (10, 5.20822977705393e-05), (11, 7.433599967043847e-05), (12, 3.986617230111733e-05), (13, 5.721253182855435e-05), (14, 3.6918805562891066e-05), (15, 5.434146441984922e-05), (16, 7.233019277919084e-05), (17, 3.349802500451915e-05), (18, 5.3486950491787866e-05), (19, 5.826153210364282e-05), (20, 3.690987796289846e-05), (21, 4.562259346130304e-05), (22, 3.277514042565599e-05), (23, 4.69317747047171e-05), (24, 4.648385220207274e-05), (25, 3.616882167989388e-05), (26, 5.0772108806995675e-05), (27, 5.435831917566247e-05), (28, 3.7391921068774536e-05), (29, 3.445650509092957e-05), (30, 6.287233554758132e-05), (31, 3.9280232158489525e-05), (32, 3.256642594351433e-05), (33, 4.2773885070346296e-05), (34, 7.605706196045503e-05), (35, 4.786266072187573e-05), (36, 4.0581020584795624e-05), (37, 4.6537472371710464e-05), (38, 5.105666787130758e-05), (39, 5.6739394494798034e-05), (40, 4.076980985701084e-05), (41, 7.420379552058876e-05), (42, 7.321408338611946e-05), (43, 4.818018351215869e-05), (44, 4.4193384383106604e-05), (45, 4.5689987018704414e-05), (46, 4.102752427570522e-05), (47, 5.282215715851635e-05), (48, 8.189012442016974e-05), (0, 2.0957542801625095e-05), (1, 2.1241477952571586e-05), (2, 7.734293467365205e-05), (3, 0.00015951406385283917), (4, 8.38421838125214e-05), (5, 4.89859921799507e-05), (6, 4.5868175220675766e-05), (7, 5.574549504672177e-05), (8, 5.068816608400084e-05), (9, 4.5853477786295116e-05), (10, 3.7187761336099356e-05), (11, 2.8381700758473016e-05), (12, 4.14876158174593e-05), (13, 3.293598638265394e-05), (14, 4.6981429477455094e-05), (15, 6.088887676014565e-05), (16, 4.610904579749331e-05), (17, 3.133808058919385e-05), (18, 2.8944859877810813e-05), (19, 3.153761281282641e-05), (20, 4.2464089347049594e-05), (21, 2.6613068257574923e-05), (22, 6.381142884492874e-05), (23, 4.930782233714126e-05), (24, 3.630360515671782e-05), (25, 3.889664003509097e-05), (26, 3.65962041541934e-05), (27, 6.636552279815078e-05), (28, 4.7600362449884415e-05), (29, 5.38983877049759e-05), (30, 2.8246615329408087e-05), (31, 3.247563654440455e-05), (32, 5.108624100103043e-05), (33, 5.374778629629873e-05), (34, 3.199811544618569e-05), (35, 3.328617094666697e-05), (36, 5.3443694923771545e-05), (37, 3.342759737279266e-05), (38, 3.276843926869333e-05), (39, 3.586990715120919e-05), (40, 4.160057142144069e-05), (41, 3.5049124562647194e-05), (42, 5.417994543677196e-05), (43, 3.916020068572834e-05), (44, 5.7428078434895724e-05), (45, 7.29436578694731e-05), (46, 5.798968413728289e-05), (47, 5.915890869800933e-05), (48, 4.5798940845998004e-05), (0, 3.8642385334242135e-05), (1, 4.9609734560362995e-05), (2, 4.4513977627502754e-05), (3, 2.4127108190441504e-05), (4, 4.445637023309246e-05), (5, 4.2952564399456605e-05), (6, 3.52532988472376e-05), (7, 4.146964420215227e-05), (8, 3.708359145093709e-05), (9, 2.602996028144844e-05), (10, 2.9824474040651694e-05), (11, 4.21962613472715e-05), (12, 3.6677360185422e-05), (13, 3.26382796629332e-05), (14, 4.0008155338000506e-05), (15, 3.175534584443085e-05), (16, 3.5848497645929456e-05), (17, 2.4682947696419433e-05), (18, 5.730131670134142e-05), (19, 4.738098141388036e-05), (20, 5.788667476736009e-05), (21, 4.533341052592732e-05), (22, 3.798743637162261e-05), (23, 5.029743988416158e-05), (24, 2.8376616683090106e-05), (25, 4.326680573285557e-05), (26, 4.021438871859573e-05), (27, 3.210259092156775e-05), (28, 4.71055755042471e-05), (29, 3.286280116299167e-05), (30, 3.6089710192754865e-05), (31, 4.0874379919841886e-05), (32, 4.6547080273739994e-05), (33, 4.095791882718913e-05), (34, 4.136610368732363e-05), (35, 3.989861215814017e-05), (36, 4.035039455629885e-05), (37, 3.1433606636710465e-05), (38, 5.744647205574438e-05), (39, 7.957939669722691e-05), (40, 2.6478484869585373e-05), (41, 2.372685594309587e-05), (42, 5.235906792222522e-05), (43, 5.3991916502127424e-05), (44, 3.9735223253956065e-05), (45, 3.3124273613793775e-05), (46, 4.150997847318649e-05), (47, 6.0508144088089466e-05), (48, 4.4121294195065275e-05), (0, 3.790729169850238e-05), (1, 2.976259020215366e-05), (2, 2.295030208188109e-05), (3, 3.153035868308507e-05), (4, 5.175804835744202e-05), (5, 5.3142015531193465e-05), (6, 4.117872231290676e-05), (7, 3.18875681841746e-05), (8, 4.466510290512815e-05), (9, 3.671554441098124e-05), (10, 3.030702646356076e-05), (11, 4.566737334243953e-05), (12, 4.779400478582829e-05), (13, 2.5980967620853335e-05), (14, 4.669267582357861e-05), (15, 3.477085192571394e-05), (16, 2.1757108697784133e-05), (17, 2.588557981653139e-05), (18, 4.045935202157125e-05), (19, 1.6724879969842732e-05), (20, 4.536219057627022e-05), (21, 2.8374364774208516e-05), (22, 4.559313310892321e-05), (23, 3.9602564356755465e-05), (24, 2.9284567062859423e-05), (25, 2.9308148441486992e-05), (26, 2.9686885682167485e-05), (27, 3.172747165081091e-05), (28, 2.8284923246246763e-05), (29, 3.942450348404236e-05), (30, 2.5153232854790986e-05), (31, 2.3959926693351008e-05), (32, 4.385107968118973e-05), (33, 2.598134415165987e-05), (34, 5.162796878721565e-05), (35, 4.205387085676193e-05), (36, 5.3163854317972437e-05), (37, 2.8571954317158088e-05), (38, 3.185130481142551e-05), (39, 2.2009249732946046e-05), (40, 2.2601379896514118e-05), (41, 3.3329135476378724e-05), (42, 3.412925798329525e-05), (43, 3.635534085333347e-05), (44, 2.4225648303399794e-05), (45, 3.828463377431035e-05), (46, 3.3322492527076975e-05), (47, 3.364899384905584e-05), (48, 7.937954796943814e-05), (0, 3.706034112838097e-05), (1, 5.383796451496892e-05), (2, 3.0401824915315956e-05), (3, 3.214659227523953e-05), (4, 3.139127875328995e-05), (5, 3.2852793083293363e-05), (6, 4.062124207848683e-05), (7, 2.88950413960265e-05), (8, 2.5535924578434788e-05), (9, 4.95933199999854e-05), (10, 3.8313624827424064e-05), (11, 3.1581075745634735e-05), (12, 3.566767190932296e-05), (13, 2.515761661925353e-05), (14, 2.871618198696524e-05), (15, 4.116392301511951e-05), (16, 3.0204542781575583e-05), (17, 5.548105400521308e-05), (18, 3.14226454065647e-05), (19, 1.9676617739605717e-05), (20, 2.7367643269826658e-05), (21, 4.201458432362415e-05), (22, 5.147762567503378e-05), (23, 3.6763070966117084e-05), (24, 3.2355907023884356e-05), (25, 3.0019195037311874e-05), (26, 2.8232925615157e-05), (27, 3.3654119761195034e-05), (28, 2.98972699965816e-05), (29, 2.867793955374509e-05), (30, 2.3534646970801987e-05), (31, 3.229235881008208e-05), (32, 3.1969630072126165e-05), (33, 3.236554402974434e-05), (34, 2.1975813069730066e-05), (35, 3.4424359910190105e-05), (36, 3.1823961762711406e-05), (37, 3.189656126778573e-05), (38, 2.3964665160747245e-05), (39, 2.052406307484489e-05), (40, 4.424061989993788e-05), (41, 1.8033313608611934e-05), (42, 3.077208384638652e-05), (43, 2.531671452743467e-05), (44, 3.532052869559266e-05), (45, 2.28088247240521e-05), (46, 2.4254211894003674e-05), (47, 1.6636533473501913e-05), (48, 2.9106615329510532e-05)]