0.000000000000000000e+00 1.610000000000000142e+01 2.000000000000000000e+00
1.500000000000000000e+01 2.069999999999999929e+01 8.300000000000000711e+00
3.000000000000000000e+01 2.369999999999999929e+01 6.599999999999999645e+00
4.000000000000000000e+01 2.619999999999999929e+01 5.900000000000000355e+00
5.000000000000000000e+01 4.579999999999999716e+01 1.519999999999999929e+01
6.500000000000000000e+01 3.160000000000000142e+01 1.680000000000000071e+01
8.000000000000000000e+01 2.527499999999999858e+01 1.167500000000000071e+01
9.500000000000000000e+01 1.873750000000000071e+01 1.028749999999999964e+01
1.100000000000000000e+02 1.411875000000000036e+01 9.543749999999999289e+00
1.250000000000000000e+02 9.859375000000000000e+00 8.771874999999999645e+00
1.400000000000000000e+02 5.599999999999999645e+00 8.000000000000000000e+00
