0.000000000000000000e+00 2.330000000000000071e+01 9.599999999999999645e+00
1.500000000000000000e+01 1.950000000000000000e+01 8.900000000000000355e+00
3.000000000000000000e+01 1.800000000000000000e+01 7.900000000000000355e+00
4.000000000000000000e+01 1.689999999999999858e+01 4.900000000000000355e+00
5.000000000000000000e+01 2.610000000000000142e+01 7.900000000000000355e+00
6.500000000000000000e+01 2.100000000000000000e+01 1.090000000000000036e+01
8.000000000000000000e+01 1.757499999999999929e+01 7.424999999999999822e+00
9.500000000000000000e+01 1.458750000000000036e+01 6.112499999999999822e+00
1.100000000000000000e+02 1.194374999999999964e+01 5.006249999999999645e+00
1.250000000000000000e+02 1.087187499999999929e+01 4.153125000000000178e+00
1.400000000000000000e+02 9.800000000000000711e+00 3.299999999999999822e+00
