Model Setup for Uniformvirtual {PATIENT_GROUPS} Trained Network:

{NETWORK_TYPE} Network Architecture Parameters
Input channels=22
Hidden channels=128
Output channels=1

Training hyperparameters
Optimizer=AdamW (
Parameter Group 0
    amsgrad: False
    betas: (0.9, 0.999)
    capturable: False
    differentiable: False
    eps: 1e-08
    foreach: None
    fused: None
    lr: 0.001
    maximize: False
    weight_decay: 1e-06
)Training Iterations=10
Learning rate=0.001
Weight decay=1e-06
Optimizer reset frequency=None

Dropout probability (after initial linear layer before NCDE): 0
Training Data Selection Parameters
(If not virtual, the only important params are the groups and whether data was normalized/standardized)
Patient groups=['Control', 'MDD']
Augmentation strategy=Uniform
Noise Magnitude=0.05
Normalized/standardized=StandardizeAll
Number of virtual patients per real patient=100
Label smoothing factor=0
Test Patient Combinations:
Control: (37, 4, 45, 48, 20)
MDD: (37, 24, 6, 54, 21)
Training batch size=200
Training Results:
Runtime=0.83207106590271
Loss over time=[(0, 0.6941375732421875), (1, 0.6931976079940796), (2, 0.6782777309417725), (3, 0.6675918102264404), (4, 0.6702807545661926), (5, 0.6569377183914185), (6, 0.6537905335426331), (7, 0.6356462240219116), (8, 0.6286787986755371), (9, 0.6166548728942871), (10, 0.6199898719787598), (11, 0.6185994148254395), (12, 0.5854954719543457), (13, 0.5867389440536499), (14, 0.569851815700531), (15, 0.5309901237487793), (16, 0.5527389049530029), (17, 0.5297895669937134), (18, 0.5388990640640259), (19, 0.5141348838806152), (20, 0.48536452651023865), (21, 0.5183514952659607), (22, 0.517041027545929), (23, 0.4592529237270355), (24, 0.42152008414268494), (25, 0.4618469178676605), (26, 0.4646492004394531), (27, 0.460805743932724), (28, 0.4088507890701294), (29, 0.4058750867843628), (30, 0.42580580711364746), (31, 0.39113354682922363), (32, 0.3595484793186188), (33, 0.3704420328140259), (34, 0.33853650093078613), (35, 0.3306409418582916), (36, 0.3888862729072571), (37, 0.34918075799942017), (38, 0.32186782360076904), (39, 0.29490384459495544), (40, 0.30100488662719727), (41, 0.3384830355644226), (42, 0.271066814661026), (43, 0.2682892382144928), (44, 0.2536841332912445), (45, 0.2547086775302887), (46, 0.2536308169364929), (47, 0.24174869060516357), (48, 0.26993808150291443), (0, 0.19929850101470947), (1, 0.2267136126756668), (2, 0.22358663380146027), (3, 0.19425714015960693), (4, 0.16876716911792755), (5, 0.16606466472148895), (6, 0.15859022736549377), (7, 0.20269235968589783), (8, 0.14381854236125946), (9, 0.15526586771011353), (10, 0.17009161412715912), (11, 0.16917505860328674), (12, 0.13413940370082855), (13, 0.14443783462047577), (14, 0.16495336592197418), (15, 0.11616434156894684), (16, 0.13800418376922607), (17, 0.13688229024410248), (18, 0.08830472081899643), (19, 0.1748596578836441), (20, 0.09315694868564606), (21, 0.09704622626304626), (22, 0.10924200713634491), (23, 0.10111501812934875), (24, 0.07395584881305695), (25, 0.09987976402044296), (26, 0.08091551810503006), (27, 0.13623808324337006), (28, 0.0865904837846756), (29, 0.0930853858590126), (30, 0.10541313141584396), (31, 0.09275445342063904), (32, 0.13123539090156555), (33, 0.12584401667118073), (34, 0.08355764299631119), (35, 0.07813768088817596), (36, 0.07469341158866882), (37, 0.11415471881628036), (38, 0.07888443022966385), (39, 0.15757964551448822), (40, 0.12247954308986664), (41, 0.08862509578466415), (42, 0.11134763062000275), (43, 0.09822285920381546), (44, 0.06541064381599426), (45, 0.059765174984931946), (46, 0.07409486919641495), (47, 0.11394166946411133), (48, 0.07735148817300797), (0, 0.062493324279785156), (1, 0.07661361992359161), (2, 0.1110098659992218), (3, 0.04600611701607704), (4, 0.07311780750751495), (5, 0.034826889634132385), (6, 0.08924064040184021), (7, 0.044750042259693146), (8, 0.048218775540590286), (9, 0.09470157325267792), (10, 0.04303012415766716), (11, 0.03289780765771866), (12, 0.07125486433506012), (13, 0.05975481495261192), (14, 0.032951753586530685), (15, 0.03185824304819107), (16, 0.05283224210143089), (17, 0.03459179028868675), (18, 0.0391114316880703), (19, 0.03189436346292496), (20, 0.03228387609124184), (21, 0.024059191346168518), (22, 0.030839452520012856), (23, 0.02189025469124317), (24, 0.02134423702955246), (25, 0.03292696177959442), (26, 0.026014499366283417), (27, 0.021166641265153885), (28, 0.06291355937719345), (29, 0.01597992144525051), (30, 0.02836415357887745), (31, 0.030254216864705086), (32, 0.037516169250011444), (33, 0.021727049723267555), (34, 0.044615741819143295), (35, 0.02935788221657276), (36, 0.012705836445093155), (37, 0.016786808148026466), (38, 0.03393704816699028), (39, 0.025255152955651283), (40, 0.012064261361956596), (41, 0.024101639166474342), (42, 0.02648325264453888), (43, 0.0078065055422484875), (44, 0.012500179000198841), (45, 0.03771303594112396), (46, 0.009076730348169804), (47, 0.0074127186089754105), (48, 0.01723208837211132), (0, 0.019367216154932976), (1, 0.008750834502279758), (2, 0.008063125424087048), (3, 0.011329579167068005), (4, 0.013185432180762291), (5, 0.007087134290486574), (6, 0.008474193513393402), (7, 0.006465311162173748), (8, 0.009896130301058292), (9, 0.002307281596586108), (10, 0.005822914652526379), (11, 0.004057568497955799), (12, 0.0053647421300411224), (13, 0.008538322523236275), (14, 0.002855212427675724), (15, 0.004392875824123621), (16, 0.0033474741503596306), (17, 0.0054261391051113605), (18, 0.004390988498926163), (19, 0.0031140530481934547), (20, 0.002311363583430648), (21, 0.0030940412543714046), (22, 0.00533665157854557), (23, 0.0035266862250864506), (24, 0.002898096339777112), (25, 0.0030164779163897038), (26, 0.002603088039904833), (27, 0.003150109900161624), (28, 0.002510467544198036), (29, 0.0017440086230635643), (30, 0.0013613573973998427), (31, 0.0018070726655423641), (32, 0.0015648981789126992), (33, 0.0022057383321225643), (34, 0.0020382115617394447), (35, 0.0014735881704837084), (36, 0.0018856897950172424), (37, 0.0017259722808375955), (38, 0.001323993899859488), (39, 0.0015846427995711565), (40, 0.0014119509141892195), (41, 0.0019639364909380674), (42, 0.002072023693472147), (43, 0.001195148448459804), (44, 0.0010994246695190668), (45, 0.0010538646019995213), (46, 0.0008052279008552432), (47, 0.0013524859678000212), (48, 0.0006556549924425781), (0, 0.0010668601607903838), (1, 0.0009258920908905566), (2, 0.0006744448910467327), (3, 0.0011557010002434254), (4, 0.0008209326188080013), (5, 0.0008651159587316215), (6, 0.0009002049919217825), (7, 0.0011361553333699703), (8, 0.0009973867563530803), (9, 0.0008075827499851584), (10, 0.00102543318644166), (11, 0.0007924778619781137), (12, 0.0007566979620605707), (13, 0.0006988224922679365), (14, 0.001084577408619225), (15, 0.0008167141932062805), (16, 0.0008841450326144695), (17, 0.0009357653325423598), (18, 0.0007784743793308735), (19, 0.0008561773574911058), (20, 0.0011017066426575184), (21, 0.0009141851915046573), (22, 0.0008004937553778291), (23, 0.0009238811326213181), (24, 0.0006073917611502111), (25, 0.0008272679406218231), (26, 0.000821867783088237), (27, 0.0008080276311375201), (28, 0.0007310035871341825), (29, 0.0007330322405323386), (30, 0.0008725044317543507), (31, 0.000606520043220371), (32, 0.0005656186840496957), (33, 0.0008043450070545077), (34, 0.000648936431389302), (35, 0.000751892919652164), (36, 0.0008031396428123116), (37, 0.0005272842245176435), (38, 0.0005105340969748795), (39, 0.0008152067894116044), (40, 0.001074653584510088), (41, 0.0006849643541499972), (42, 0.0007841558544896543), (43, 0.0006607802351936698), (44, 0.0006672132294625044), (45, 0.0005884590209461749), (46, 0.0007288959459401667), (47, 0.0006444233004003763), (48, 0.0007029305561445653), (0, 0.0007844154606573284), (1, 0.00033564999466761947), (2, 0.0005727647221647203), (3, 0.0004640665138140321), (4, 0.000450080813607201), (5, 0.0005021356628276408), (6, 0.00047794636338949203), (7, 0.0003628969134297222), (8, 0.0006406276952475309), (9, 0.0005328005645424128), (10, 0.0006745468708686531), (11, 0.0005557935801334679), (12, 0.00042122043669223785), (13, 0.0004831931437365711), (14, 0.0005595835391432047), (15, 0.00043027231004089117), (16, 0.0005288717802613974), (17, 0.00042496726382523775), (18, 0.0003876659902743995), (19, 0.00047637344687245786), (20, 0.00039607961662113667), (21, 0.0005322571378201246), (22, 0.0003592997381929308), (23, 0.0006603830261155963), (24, 0.0004688662593252957), (25, 0.0004632390337064862), (26, 0.0003636785550042987), (27, 0.000415933842305094), (28, 0.00043923078919760883), (29, 0.0004807274672202766), (30, 0.0003349943726789206), (31, 0.0003364580625202507), (32, 0.0004209721810184419), (33, 0.00022947584511712193), (34, 0.0001925044198287651), (35, 0.00045244715875014663), (36, 0.0003732847108040005), (37, 0.00031389642390422523), (38, 0.0003452865348663181), (39, 0.0004505518008954823), (40, 0.0002602801541797817), (41, 0.00023900352243799716), (42, 0.000253820966463536), (43, 0.0002955114468932152), (44, 0.0003703369293361902), (45, 0.00020860310178250074), (46, 0.00033425522269681096), (47, 0.00038914073957130313), (48, 0.00025253280182369053), (0, 0.00027648723335005343), (1, 0.0002746628597378731), (2, 0.0002947996836155653), (3, 0.00033865950535982847), (4, 0.0002803717216011137), (5, 0.0002148375060642138), (6, 0.00033267124672420323), (7, 0.00020599299750756472), (8, 0.0003281488025095314), (9, 0.0002938021789304912), (10, 0.0002113611262757331), (11, 0.00021304009715095162), (12, 0.0003432468220125884), (13, 0.0001766574423527345), (14, 0.0003149114490952343), (15, 0.00017137284157797694), (16, 0.000219504174310714), (17, 0.00017124874284490943), (18, 0.00028207956347614527), (19, 0.00024825616856105626), (20, 0.0002381435187999159), (21, 0.0002866540744435042), (22, 0.00019960649660788476), (23, 0.0001955891930265352), (24, 0.00019473607244435698), (25, 0.00015233033627737314), (26, 0.00023261483875103295), (27, 0.0002492482599336654), (28, 0.0002094316150760278), (29, 0.0001537391945021227), (30, 0.00018676561012398452), (31, 0.00020163707085885108), (32, 0.00023501459509134293), (33, 0.00015364165301434696), (34, 0.0001436556485714391), (35, 0.00022493061260320246), (36, 0.00019081952632404864), (37, 0.00020112584752496332), (38, 0.00023313121346291155), (39, 0.0001510492293164134), (40, 0.00012004474410787225), (41, 0.00016158375365193933), (42, 0.00014214478142093867), (43, 0.0001816650910768658), (44, 9.893115930026397e-05), (45, 0.0001725427428027615), (46, 0.0001561979006510228), (47, 0.0001126771530834958), (48, 0.00015657971380278468), (0, 0.00022404662740882486), (1, 0.00014790853310842067), (2, 0.0002586976333986968), (3, 9.241802035830915e-05), (4, 0.00014845759142190218), (5, 9.700725058792159e-05), (6, 0.0001959709043148905), (7, 0.00017189433856401592), (8, 0.000127981707919389), (9, 0.00010271830251440406), (10, 8.362690277863294e-05), (11, 0.00010571296297712252), (12, 0.00013720491551794112), (13, 0.00014889315934851766), (14, 0.00014327504322864115), (15, 0.0001320730079896748), (16, 0.00015431603242177516), (17, 0.0001215206430060789), (18, 0.00015547127986792475), (19, 0.00014730001566931605), (20, 0.0001034349697874859), (21, 0.0001100981971831061), (22, 0.00011240739695494995), (23, 9.72819107118994e-05), (24, 0.00010240553820040077), (25, 9.10100934561342e-05), (26, 0.00010943757661152631), (27, 8.660827006679028e-05), (28, 0.00010720865975599736), (29, 7.736533007118851e-05), (30, 0.00010948253475362435), (31, 0.0001143801273428835), (32, 8.891746983863413e-05), (33, 0.00011319174518575892), (34, 0.00014887703582644463), (35, 0.00014027295401319861), (36, 7.90724516264163e-05), (37, 0.00012704235268756747), (38, 0.0001248196349479258), (39, 7.308323256438598e-05), (40, 9.286140993935987e-05), (41, 0.00014651358651462942), (42, 9.607625543139875e-05), (43, 9.306825086241588e-05), (44, 7.799240847816691e-05), (45, 7.436003215843812e-05), (46, 0.00011296516458969563), (47, 8.226365025620908e-05), (48, 0.00013548271090257913), (0, 8.157523552654311e-05), (1, 9.654425230110064e-05), (2, 9.10379458218813e-05), (3, 8.779926429269835e-05), (4, 8.040933607844636e-05), (5, 7.202378765214235e-05), (6, 7.93061699368991e-05), (7, 4.705359606305137e-05), (8, 9.185302769765258e-05), (9, 0.00010107587149832398), (10, 0.00011726711090886965), (11, 8.6423140601255e-05), (12, 0.00010859499889193103), (13, 8.10441342764534e-05), (14, 7.681469287490472e-05), (15, 8.253883424913511e-05), (16, 7.12651526555419e-05), (17, 0.00011003110557794571), (18, 7.058327901177108e-05), (19, 5.544320811168291e-05), (20, 7.501373329432681e-05), (21, 8.654594421386719e-05), (22, 9.542643965687603e-05), (23, 5.585297549259849e-05), (24, 9.02310639503412e-05), (25, 6.565156218130141e-05), (26, 6.559921166626737e-05), (27, 6.356729863910004e-05), (28, 5.0615821237443015e-05), (29, 8.816237823339179e-05), (30, 9.265845437766984e-05), (31, 7.591307075927034e-05), (32, 8.144987805280834e-05), (33, 5.455346399685368e-05), (34, 8.532620267942548e-05), (35, 8.015385537873954e-05), (36, 4.9923546612262726e-05), (37, 9.272182069253176e-05), (38, 9.692915045889094e-05), (39, 7.045301026664674e-05), (40, 5.1870625611627474e-05), (41, 7.387737423414364e-05), (42, 6.95449925842695e-05), (43, 9.288536966778338e-05), (44, 8.075379446381703e-05), (45, 8.350483403773978e-05), (46, 4.214582804706879e-05), (47, 5.502507701748982e-05), (48, 3.487525464151986e-05), (0, 5.5144006182672456e-05), (1, 5.5757598602212965e-05), (2, 7.510760042350739e-05), (3, 7.111168815754354e-05), (4, 5.6132619647542015e-05), (5, 6.813708750996739e-05), (6, 5.496964149642736e-05), (7, 5.7912977354135364e-05), (8, 4.581913526635617e-05), (9, 7.012484275037423e-05), (10, 8.279396570287645e-05), (11, 3.509917587507516e-05), (12, 4.101497688679956e-05), (13, 3.753208875423297e-05), (14, 6.690764712402597e-05), (15, 5.671599501511082e-05), (16, 3.214987737010233e-05), (17, 4.9208021664526314e-05), (18, 7.191247277660295e-05), (19, 4.440542761585675e-05), (20, 6.792062049498782e-05), (21, 4.892093056696467e-05), (22, 3.694874976645224e-05), (23, 5.89778101129923e-05), (24, 4.534492109087296e-05), (25, 7.190401811385527e-05), (26, 5.295055962051265e-05), (27, 3.937154178856872e-05), (28, 7.15975183993578e-05), (29, 4.6952281991252676e-05), (30, 5.467118535307236e-05), (31, 5.605061960523017e-05), (32, 5.8167082897853106e-05), (33, 6.370923802023754e-05), (34, 5.5901789892232046e-05), (35, 5.076024172012694e-05), (36, 6.846836913609877e-05), (37, 4.2478161049075425e-05), (38, 3.895559348165989e-05), (39, 4.5774209866067395e-05), (40, 5.186959606362507e-05), (41, 6.987979577388614e-05), (42, 4.366645953268744e-05), (43, 4.083049134351313e-05), (44, 4.1871800931403413e-05), (45, 5.485137444338761e-05), (46, 4.585522401612252e-05), (47, 3.309136809548363e-05), (48, 3.30924303852953e-05)]