Model Setup for {PATIENT_GROUPS} Trained Network:

NODE Network Architecture Parameters
Input channels=2
Hidden channels=11
Output channels=2

Training hyperparameters
Optimizer=AdamW (
Parameter Group 0
    amsgrad: False
    betas: (0.9, 0.999)
    capturable: False
    differentiable: False
    eps: 1e-08
    foreach: None
    fused: None
    lr: 0.001
    maximize: False
    weight_decay: 1e-06
)Training Iterations=100
Learning rate=0.001
Weight decay=1e-06
Optimizer reset frequency=None

Dropout probability (after initial linear layer before NCDE): 0.0
Training Data Selection Parameters
(If not virtual, the only important params are the groups and whether data was normalized/standardized)
Patient groups=['Control', 'MDD']
Augmentation strategy=Uniform
Noise Magnitude=0.05
Normalized/standardized=StandardizeAll
Number of virtual patients per real patient=100
Label smoothing factor=0
Test Patient Combinations:
Control: (30, 11, 3, 38, 29)
MDD: (42, 52, 20, 51, 40)
Training batch size=5
Training Results:
Runtime=28.481242179870605
Loss over time=[(0, 20.811138153076172), (1, 69.24901580810547), (2, 33.72722625732422), (3, 33.07890701293945), (4, 16.266124725341797), (5, 16.000980377197266), (6, 19.034317016601562), (7, 29.771717071533203), (8, 29.576129913330078), (9, 35.605377197265625), (10, 41.44053649902344), (11, 24.667484283447266), (12, 39.502994537353516), (13, 38.40326690673828), (14, 24.770078659057617), (15, 23.617984771728516), (16, 14.384359359741211), (17, 0.0), (18, 26.832286834716797), (19, 33.15272521972656), (0, 6.401856899261475), (1, 12.629220008850098), (2, 12.224076271057129), (3, 11.90337085723877), (4, 17.322917938232422), (5, 16.75290298461914), (6, 16.52004623413086), (7, 16.275299072265625), (8, 15.411259651184082), (9, 25.67630386352539), (10, 15.041662216186523), (11, 4.898540496826172), (12, 20.09259605407715), (13, 6.4064178466796875), (14, 18.742877960205078), (15, 17.391653060913086), (16, 11.60952091217041), (17, 5.490796089172363), (18, 11.964282035827637), (19, 13.208428382873535), (0, 11.604628562927246), (1, 24.67177963256836), (2, 7.322083473205566), (3, 13.64219856262207), (4, 9.06957721710205), (5, 0.0), (6, 12.3870210647583), (7, 8.270068168640137), (8, 8.06904411315918), (9, 10.995341300964355), (10, 5.551356315612793), (11, 6.912371635437012), (12, 9.90459156036377), (13, 9.679817199707031), (14, 4.776528358459473), (15, 6.295729637145996), (16, 7.044764518737793), (17, 9.069704055786133), (18, 3.1089489459991455), (19, 4.0545525550842285), (0, 10.688179016113281), (1, 5.042575359344482), (2, 2.96962833404541), (3, 3.6942105293273926), (4, 10.09437084197998), (5, 1.5936782360076904), (6, 3.897157669067383), (7, 2.077862501144409), (8, 1.9072421789169312), (9, 8.276164054870605), (10, 5.105247974395752), (11, 2.9078049659729004), (12, 4.981112480163574), (13, 3.1624059677124023), (14, 4.86770486831665), (15, 2.948761463165283), (16, 4.7397541999816895), (17, 2.8417389392852783), (18, 2.3815395832061768), (19, 0.015872342512011528), (0, 2.264047145843506), (1, 1.5579551458358765), (2, 3.4165756702423096), (3, 2.319815158843994), (4, 3.4013171195983887), (5, 1.524067997932434), (6, 0.8432227969169617), (7, 1.2435388565063477), (8, 2.4078733921051025), (9, 1.0936506986618042), (10, 0.3506486713886261), (11, 2.0589828491210938), (12, 1.4041744470596313), (13, 1.489949107170105), (14, 0.507780909538269), (15, 1.2988492250442505), (16, 1.2552529573440552), (17, 2.1958067417144775), (18, 1.0872256755828857), (19, 2.0206754207611084), (0, 1.1774553060531616), (1, 1.0285512208938599), (2, 1.1799737215042114), (3, 1.0834846496582031), (4, 1.4256772994995117), (5, 1.0213364362716675), (6, 0.5571483969688416), (7, 0.6652714610099792), (8, 1.4274415969848633), (9, 0.5536710619926453), (10, 0.7176453471183777), (11, 0.6678553223609924), (12, 0.6575806736946106), (13, 0.8518579602241516), (14, 0.770237386226654), (15, 0.9331351518630981), (16, 1.2778398990631104), (17, 0.7388868927955627), (18, 0.7570105791091919), (19, 1.0111347436904907), (0, 0.8436803817749023), (1, 0.6738621592521667), (2, 1.0609710216522217), (3, 0.7589668035507202), (4, 0.7777360081672668), (5, 0.6810253262519836), (6, 0.7288683652877808), (7, 0.9212042689323425), (8, 0.8641891479492188), (9, 0.5825591087341309), (10, 1.036365032196045), (11, 0.821823000907898), (12, 0.9358258247375488), (13, 0.5199989676475525), (14, 0.7072120308876038), (15, 1.0564863681793213), (16, 0.6041095852851868), (17, 1.0493799448013306), (18, 0.7956300973892212), (19, 0.7749292850494385), (0, 0.7046610116958618), (1, 0.6921957731246948), (2, 0.7306685447692871), (3, 1.0234779119491577), (4, 0.8361894488334656), (5, 1.130553126335144), (6, 0.5615471601486206), (7, 0.7871163487434387), (8, 0.7704715132713318), (9, 0.9269965291023254), (10, 0.719822108745575), (11, 0.7523146867752075), (12, 0.8005380630493164), (13, 0.7983246445655823), (14, 0.7418687343597412), (15, 0.7739208936691284), (16, 0.7994216680526733), (17, 0.6785874962806702), (18, 0.9080684781074524), (19, 0.8261449337005615), (0, 0.6803898215293884), (1, 0.7232068777084351), (2, 0.7589818239212036), (3, 0.8388940691947937), (4, 0.8270821571350098), (5, 0.6819950342178345), (6, 0.7392911314964294), (7, 0.8162111043930054), (8, 0.797418475151062), (9, 0.8707259893417358), (10, 0.8531440496444702), (11, 0.7277325391769409), (12, 0.8030546307563782), (13, 0.736937403678894), (14, 0.9033999443054199), (15, 0.8677231073379517), (16, 0.8172785639762878), (17, 0.7426879405975342), (18, 0.5717084407806396), (19, 0.6441163420677185), (0, 1.0369659662246704), (1, 0.7609634399414062), (2, 0.9223707914352417), (3, 0.8885537385940552), (4, 0.67167729139328), (5, 0.6059167385101318), (6, 0.6888937950134277), (7, 0.8449276685714722), (8, 0.8979724049568176), (9, 0.8436740040779114), (10, 0.729917049407959), (11, 0.6268709301948547), (12, 0.6332926154136658), (13, 0.9560597538948059), (14, 0.6549146175384521), (15, 0.7299975156784058), (16, 0.5776593089103699), (17, 0.7059095501899719), (18, 0.9316273927688599), (19, 0.6366507411003113), (0, 0.8155001401901245), (1, 0.9776269793510437), (2, 0.48692575097084045), (3, 0.8460766077041626), (4, 0.6976886987686157), (5, 0.6555908918380737), (6, 0.6486983299255371), (7, 1.0149446725845337), (8, 0.798058032989502), (9, 0.803967297077179), (10, 0.9985710382461548), (11, 0.7362772226333618), (12, 0.7314836382865906), (13, 0.8551918268203735), (14, 0.7321381568908691), (15, 0.9427602887153625), (16, 0.6677665114402771), (17, 0.5621306896209717), (18, 0.577870786190033), (19, 0.9014794826507568), (0, 0.706001877784729), (1, 0.9210546612739563), (2, 0.5525224804878235), (3, 0.7152358889579773), (4, 0.7985211610794067), (5, 0.6042596101760864), (6, 0.7126561999320984), (7, 1.0847702026367188), (8, 0.5766348838806152), (9, 0.560612678527832), (10, 0.7051695585250854), (11, 0.9939346313476562), (12, 0.9167753458023071), (13, 0.9894416928291321), (14, 0.577007532119751), (15, 0.7877891659736633), (16, 0.7581790685653687), (17, 0.8088918924331665), (18, 0.6732022166252136), (19, 1.0791572332382202), (0, 0.8505735397338867), (1, 0.8197120428085327), (2, 0.932360053062439), (3, 0.934716522693634), (4, 0.6029312610626221), (5, 0.5542729496955872), (6, 0.6961585283279419), (7, 0.8556333780288696), (8, 1.0224791765213013), (9, 0.7200698852539062), (10, 0.7105153799057007), (11, 0.7460396885871887), (12, 0.8203460574150085), (13, 0.7134397029876709), (14, 0.7979620099067688), (15, 0.902225136756897), (16, 0.603783905506134), (17, 0.45414480566978455), (18, 0.8016461133956909), (19, 0.9185745716094971), (0, 0.8983112573623657), (1, 0.708855390548706), (2, 0.8958212733268738), (3, 0.9719902873039246), (4, 0.6700292825698853), (5, 0.46801596879959106), (6, 0.6811987161636353), (7, 0.783065676689148), (8, 1.0123484134674072), (9, 0.7265347242355347), (10, 0.8012159466743469), (11, 0.540260910987854), (12, 0.6876214742660522), (13, 0.6996020078659058), (14, 0.9121204614639282), (15, 0.7731927633285522), (16, 0.8280988931655884), (17, 0.742309033870697), (18, 0.7339372038841248), (19, 0.9260430335998535), (0, 0.837020218372345), (1, 0.6143871545791626), (2, 0.8789610862731934), (3, 0.8006658554077148), (4, 0.7828457355499268), (5, 0.9016302824020386), (6, 0.6760333776473999), (7, 0.8281642198562622), (8, 0.8862134218215942), (9, 0.8377816081047058), (10, 0.7014861106872559), (11, 0.5553697347640991), (12, 0.7671666741371155), (13, 0.8077282905578613), (14, 0.7146310806274414), (15, 0.5352525115013123), (16, 0.7754868268966675), (17, 0.7997771501541138), (18, 0.8082040548324585), (19, 0.968916118144989), (0, 0.6812871694564819), (1, 0.6745539903640747), (2, 0.9217058420181274), (3, 0.6035845875740051), (4, 0.5861696600914001), (5, 0.5778635740280151), (6, 0.7174673080444336), (7, 0.8155404925346375), (8, 0.8443962335586548), (9, 0.8396868705749512), (10, 0.6681982278823853), (11, 0.9762832522392273), (12, 0.8414366841316223), (13, 0.9962239265441895), (14, 0.9408580660820007), (15, 0.5706565976142883), (16, 0.948153018951416), (17, 0.6535287499427795), (18, 0.7716598510742188), (19, 0.7681682705879211), (0, 0.6678668260574341), (1, 0.5689581036567688), (2, 0.863420844078064), (3, 0.7214260101318359), (4, 0.7876589894294739), (5, 0.9498822093009949), (6, 0.5713425278663635), (7, 0.5646670460700989), (8, 0.9684690237045288), (9, 0.9176055788993835), (10, 0.7227471470832825), (11, 0.6280752420425415), (12, 0.9667555093765259), (13, 0.7202895879745483), (14, 0.8245218396186829), (15, 0.9326484799385071), (16, 0.8540898561477661), (17, 0.8047055006027222), (18, 0.6568105220794678), (19, 0.6636903882026672), (0, 0.8759369850158691), (1, 0.667260468006134), (2, 0.8231794238090515), (3, 0.7874181866645813), (4, 0.5796077251434326), (5, 0.8631540536880493), (6, 0.9449902772903442), (7, 0.6917673349380493), (8, 0.6958349347114563), (9, 0.7147210240364075), (10, 0.8801498413085938), (11, 0.6973209977149963), (12, 0.6937767267227173), (13, 0.7346704602241516), (14, 0.7484609484672546), (15, 0.9187706112861633), (16, 0.7384452223777771), (17, 0.6497246623039246), (18, 0.8505281209945679), (19, 0.8907284140586853), (0, 0.9090160131454468), (1, 0.8442131876945496), (2, 0.8269745707511902), (3, 0.45858636498451233), (4, 0.5905078649520874), (5, 0.7720068693161011), (6, 0.8163436055183411), (7, 0.7655428647994995), (8, 0.8939437866210938), (9, 0.7447196245193481), (10, 0.8998647928237915), (11, 0.7555376887321472), (12, 0.7340986728668213), (13, 0.8229674100875854), (14, 0.7811477780342102), (15, 0.6665865182876587), (16, 0.8558731079101562), (17, 0.8636220097541809), (18, 0.6726840734481812), (19, 0.6931971907615662), (0, 0.5420850515365601), (1, 0.8428413271903992), (2, 1.0129749774932861), (3, 0.819140613079071), (4, 0.7209480404853821), (5, 0.8817230463027954), (6, 0.7396684288978577), (7, 0.5573748350143433), (8, 0.7955064177513123), (9, 0.5834293365478516), (10, 0.9784830212593079), (11, 0.6175744533538818), (12, 0.7959001660346985), (13, 0.682267963886261), (14, 0.9392814636230469), (15, 0.71605384349823), (16, 0.7062692046165466), (17, 0.7440332770347595), (18, 0.9135286211967468), (19, 0.8351184725761414), (0, 0.5777159929275513), (1, 0.5874365568161011), (2, 0.940606951713562), (3, 0.6792844533920288), (4, 0.7142952680587769), (5, 0.9427545666694641), (6, 0.9480273127555847), (7, 0.8329906463623047), (8, 0.7145480513572693), (9, 0.9035772085189819), (10, 0.9083616137504578), (11, 0.8329610824584961), (12, 0.7058124542236328), (13, 0.7103043794631958), (14, 0.7342910170555115), (15, 0.8228511810302734), (16, 0.8469788432121277), (17, 0.8107732534408569), (18, 0.6054327487945557), (19, 0.4519185721874237), (0, 0.9840100407600403), (1, 0.7970180511474609), (2, 0.7759588360786438), (3, 0.7511376142501831), (4, 0.757604718208313), (5, 0.6807791590690613), (6, 0.7749603986740112), (7, 0.754569411277771), (8, 0.7750304937362671), (9, 0.8312775492668152), (10, 0.9490469098091125), (11, 0.6794502139091492), (12, 0.8683503866195679), (13, 0.6492575407028198), (14, 0.5916115045547485), (15, 0.7270393371582031), (16, 0.8182681202888489), (17, 0.5634387135505676), (18, 0.9735830426216125), (19, 0.6462722420692444), (0, 1.023667335510254), (1, 0.8160654306411743), (2, 0.682902991771698), (3, 0.8269010782241821), (4, 0.9697883725166321), (5, 0.8394393920898438), (6, 0.7131677865982056), (7, 0.9207572937011719), (8, 0.6433874368667603), (9, 0.5802000761032104), (10, 0.7468934059143066), (11, 0.5964675545692444), (12, 0.8370286822319031), (13, 0.6431745886802673), (14, 0.7818998098373413), (15, 0.7177611589431763), (16, 0.9337655901908875), (17, 0.6818472743034363), (18, 0.8464099764823914), (19, 0.4810497760772705), (0, 0.8184162378311157), (1, 0.7302124500274658), (2, 0.5689727663993835), (3, 0.9103959798812866), (4, 0.566303014755249), (5, 0.8216555714607239), (6, 0.822433352470398), (7, 0.8283060789108276), (8, 0.8308987617492676), (9, 0.6875395178794861), (10, 0.7946165800094604), (11, 0.8255184292793274), (12, 0.6382396817207336), (13, 0.7946385145187378), (14, 0.7339550256729126), (15, 0.5638260245323181), (16, 0.7767347693443298), (17, 0.8692705035209656), (18, 0.978608250617981), (19, 0.8826894760131836), (0, 0.6773214340209961), (1, 1.0236341953277588), (2, 0.5421653389930725), (3, 0.6862279772758484), (4, 0.6439777612686157), (5, 0.8154191970825195), (6, 0.6760681867599487), (7, 0.6034563779830933), (8, 0.8318254351615906), (9, 0.8294914364814758), (10, 0.8282923698425293), (11, 0.8110642433166504), (12, 0.6954444646835327), (13, 0.7116633653640747), (14, 0.7917824387550354), (15, 1.0627977848052979), (16, 0.9345650672912598), (17, 0.9125286340713501), (18, 0.750828742980957), (19, 0.4360016882419586), (0, 0.9628113508224487), (1, 0.7540763020515442), (2, 0.7175764441490173), (3, 0.8024466633796692), (4, 0.5536488890647888), (5, 0.5878155827522278), (6, 0.9743550419807434), (7, 0.5881974697113037), (8, 0.8334689140319824), (9, 0.8940343856811523), (10, 0.7299908399581909), (11, 0.8067100644111633), (12, 0.6992470622062683), (13, 1.0816490650177002), (14, 0.9290575981140137), (15, 0.695757269859314), (16, 0.6588431596755981), (17, 0.5792465209960938), (18, 0.8165968060493469), (19, 0.7077093720436096), (0, 0.6765831112861633), (1, 0.6908696293830872), (2, 1.1406152248382568), (3, 0.7163567543029785), (4, 0.7042320966720581), (5, 0.5289179086685181), (6, 0.8593519926071167), (7, 0.7404402494430542), (8, 0.8164991140365601), (9, 0.7374611496925354), (10, 0.5891858339309692), (11, 0.9241045713424683), (12, 0.771703839302063), (13, 0.7223728895187378), (14, 0.6867545247077942), (15, 0.8868816494941711), (16, 0.8603740930557251), (17, 0.8245302438735962), (18, 0.7254518866539001), (19, 0.8124476075172424), (0, 0.5980519652366638), (1, 0.6873900294303894), (2, 1.0643798112869263), (3, 0.5731999278068542), (4, 0.8112732172012329), (5, 0.7587819695472717), (6, 0.6646963357925415), (7, 0.8532007336616516), (8, 0.7004121541976929), (9, 0.6276329755783081), (10, 0.8956607580184937), (11, 1.0398337841033936), (12, 0.8838747143745422), (13, 0.7899174690246582), (14, 0.5001080632209778), (15, 1.0553838014602661), (16, 0.5435253381729126), (17, 0.7562592625617981), (18, 0.815665066242218), (19, 0.7848463654518127), (0, 0.5878206491470337), (1, 0.581400990486145), (2, 0.7525604963302612), (3, 0.7915581464767456), (4, 0.6969107389450073), (5, 0.9486820101737976), (6, 0.6793665289878845), (7, 0.7090539336204529), (8, 0.7790824174880981), (9, 0.5380591154098511), (10, 0.9180824160575867), (11, 0.8335593938827515), (12, 0.6428388357162476), (13, 1.0057967901229858), (14, 0.9366022348403931), (15, 0.907748818397522), (16, 0.7126668095588684), (17, 0.6614807844161987), (18, 1.0134985446929932), (19, 0.6556422710418701), (0, 0.841016411781311), (1, 0.7106881141662598), (2, 0.844017505645752), (3, 0.9193247556686401), (4, 0.9298413395881653), (5, 0.7740451097488403), (6, 0.760182797908783), (7, 0.6035541296005249), (8, 0.7006286382675171), (9, 0.6438192129135132), (10, 0.979971706867218), (11, 0.6814507842063904), (12, 0.958267092704773), (13, 0.6849870681762695), (14, 0.610386312007904), (15, 0.9052122235298157), (16, 0.8180467486381531), (17, 0.5184530019760132), (18, 0.8028461337089539), (19, 0.6723601222038269), (0, 0.7317078113555908), (1, 0.5133289098739624), (2, 0.7877534627914429), (3, 0.8058351278305054), (4, 0.5837149024009705), (5, 0.9346176385879517), (6, 0.7305206060409546), (7, 0.7783288955688477), (8, 0.9351488947868347), (9, 0.6302750706672668), (10, 0.6110618114471436), (11, 0.658988893032074), (12, 0.8300735354423523), (13, 0.8146334886550903), (14, 0.8221825361251831), (15, 0.9950004816055298), (16, 0.45991939306259155), (17, 0.9736277461051941), (18, 0.830954372882843), (19, 1.1041357517242432), (0, 0.722253680229187), (1, 0.6939595937728882), (2, 1.0022437572479248), (3, 0.7592889070510864), (4, 0.8796709775924683), (5, 0.6082934737205505), (6, 0.8680988550186157), (7, 0.6953241229057312), (8, 0.6066320538520813), (9, 0.6607267260551453), (10, 0.8652893900871277), (11, 0.6468631029129028), (12, 0.666908323764801), (13, 0.7439836263656616), (14, 1.040408730506897), (15, 0.6439113616943359), (16, 0.8992565870285034), (17, 0.858365535736084), (18, 0.8518171310424805), (19, 0.6280985474586487), (0, 0.6927529573440552), (1, 0.9050092697143555), (2, 1.0758568048477173), (3, 0.6115292906761169), (4, 0.7557557821273804), (5, 0.6682063341140747), (6, 0.8565794229507446), (7, 0.7475240230560303), (8, 0.7664715647697449), (9, 0.9728851318359375), (10, 0.7236108779907227), (11, 0.8670209050178528), (12, 0.7899880409240723), (13, 0.5712656378746033), (14, 0.762119710445404), (15, 0.9184848666191101), (16, 0.7278715968132019), (17, 0.6224854588508606), (18, 0.6314696669578552), (19, 0.7054462432861328), (0, 0.6029278039932251), (1, 0.8068675994873047), (2, 0.8219609260559082), (3, 0.6868364214897156), (4, 0.7950425744056702), (5, 0.678920567035675), (6, 0.573474109172821), (7, 0.9511263966560364), (8, 0.9345628619194031), (9, 0.9236966371536255), (10, 0.8526216745376587), (11, 0.5836471319198608), (12, 0.7335107922554016), (13, 0.9001778364181519), (14, 0.6667428016662598), (15, 0.9107163548469543), (16, 0.7994283437728882), (17, 0.847613513469696), (18, 0.5993837714195251), (19, 0.7014951705932617), (0, 0.7733439207077026), (1, 0.6072849035263062), (2, 0.7753101587295532), (3, 0.9129853248596191), (4, 0.4931949973106384), (5, 0.5802904963493347), (6, 1.108210802078247), (7, 0.5528551340103149), (8, 0.9284868240356445), (9, 0.5858985185623169), (10, 0.7555291056632996), (11, 0.7135561108589172), (12, 0.9391080141067505), (13, 0.9151153564453125), (14, 1.0144199132919312), (15, 0.9118093252182007), (16, 0.5589000582695007), (17, 0.7495087385177612), (18, 0.7279129028320312), (19, 0.8107242584228516), (0, 0.9449475407600403), (1, 0.9000768661499023), (2, 0.8527847528457642), (3, 0.7755247354507446), (4, 0.7754240036010742), (5, 0.5695797801017761), (6, 0.7116760015487671), (7, 0.46903300285339355), (8, 0.8153030276298523), (9, 0.6598576307296753), (10, 0.9727071523666382), (11, 0.5964735746383667), (12, 0.8049355745315552), (13, 0.6992952227592468), (14, 0.8498495221138), (15, 0.7875202894210815), (16, 0.7478495240211487), (17, 0.8012706637382507), (18, 0.8438750505447388), (19, 0.8536188006401062), (0, 0.9342666864395142), (1, 0.8603445291519165), (2, 0.9411615133285522), (3, 0.8480421900749207), (4, 0.8108909726142883), (5, 0.6825333833694458), (6, 0.8080355525016785), (7, 0.7722051739692688), (8, 0.5917797684669495), (9, 0.5857851505279541), (10, 0.6838006973266602), (11, 0.6778674125671387), (12, 0.832004189491272), (13, 0.7656252384185791), (14, 0.7017256021499634), (15, 0.8709737658500671), (16, 0.8148100972175598), (17, 0.7451382279396057), (18, 0.653820276260376), (19, 0.8489079475402832), (0, 0.8280586004257202), (1, 0.743051290512085), (2, 0.7730327844619751), (3, 0.6026455163955688), (4, 0.725492000579834), (5, 0.9013015031814575), (6, 0.6838847398757935), (7, 0.9219865798950195), (8, 0.6969570517539978), (9, 0.5525316596031189), (10, 0.9406694173812866), (11, 0.7750662565231323), (12, 0.8678387403488159), (13, 0.8271339535713196), (14, 0.924229621887207), (15, 0.9599325060844421), (16, 0.8326410055160522), (17, 0.6460224390029907), (18, 0.5953718423843384), (19, 0.4871790409088135), (0, 0.8236454129219055), (1, 0.8134458661079407), (2, 0.9387145042419434), (3, 0.7812480330467224), (4, 0.8545330762863159), (5, 0.6729729771614075), (6, 0.6970189809799194), (7, 0.7465219497680664), (8, 0.841650128364563), (9, 0.6130267381668091), (10, 0.8625943064689636), (11, 0.7313588857650757), (12, 0.8004973530769348), (13, 0.5794408917427063), (14, 0.7126175165176392), (15, 0.8426722288131714), (16, 0.8095937967300415), (17, 0.8343823552131653), (18, 0.8859480023384094), (19, 0.41378703713417053), (0, 0.7964950799942017), (1, 0.686468243598938), (2, 0.8012727499008179), (3, 0.6264404654502869), (4, 0.9633486866950989), (5, 0.6070907115936279), (6, 0.8255523443222046), (7, 0.6906328797340393), (8, 0.7926920652389526), (9, 0.7450801134109497), (10, 0.9197524785995483), (11, 0.8653422594070435), (12, 0.8917778730392456), (13, 0.6723436713218689), (14, 0.8067962527275085), (15, 0.684670627117157), (16, 0.8482643961906433), (17, 0.8403857946395874), (18, 0.5875407457351685), (19, 0.7303456664085388), (0, 0.8756029009819031), (1, 0.8883554339408875), (2, 1.054579734802246), (3, 0.7343524694442749), (4, 0.788306713104248), (5, 0.6994580626487732), (6, 0.8199477195739746), (7, 0.9376861453056335), (8, 0.7387524843215942), (9, 0.9507206082344055), (10, 0.8105747103691101), (11, 0.5432811379432678), (12, 0.6259676218032837), (13, 0.7051937580108643), (14, 0.846207320690155), (15, 0.6709831953048706), (16, 0.6192178130149841), (17, 0.7693613171577454), (18, 0.5884124040603638), (19, 0.7053226828575134), (0, 0.7439552545547485), (1, 0.7895188331604004), (2, 0.7420099973678589), (3, 0.6947101354598999), (4, 0.7027993202209473), (5, 0.9577193260192871), (6, 0.6607893705368042), (7, 1.0509624481201172), (8, 0.5099645853042603), (9, 0.7305945754051208), (10, 0.7047592401504517), (11, 0.6853662729263306), (12, 0.833540141582489), (13, 0.9839299917221069), (14, 0.7522786855697632), (15, 0.6330827474594116), (16, 0.7998003959655762), (17, 0.9286624193191528), (18, 0.6753947138786316), (19, 0.8505280017852783), (0, 0.9274161458015442), (1, 0.7106208801269531), (2, 0.6162675619125366), (3, 0.8126035928726196), (4, 0.7958987951278687), (5, 0.6714531779289246), (6, 0.8784828186035156), (7, 0.7852665185928345), (8, 0.6819474101066589), (9, 0.6654114127159119), (10, 0.7174044251441956), (11, 0.7668082118034363), (12, 0.7966199517250061), (13, 0.7195403575897217), (14, 1.0386019945144653), (15, 0.6730606555938721), (16, 0.7105801105499268), (17, 0.9570716619491577), (18, 0.7544480562210083), (19, 0.6844188570976257), (0, 0.4338300824165344), (1, 0.9217250943183899), (2, 0.6729217767715454), (3, 0.7559309601783752), (4, 0.7003879547119141), (5, 0.7030154466629028), (6, 0.938273549079895), (7, 0.8033355474472046), (8, 0.6860233545303345), (9, 0.8339284658432007), (10, 0.7396895289421082), (11, 0.9650442004203796), (12, 0.45659011602401733), (13, 0.8334816694259644), (14, 0.9406760334968567), (15, 0.8181526064872742), (16, 0.8710823059082031), (17, 0.715056300163269), (18, 0.7719365358352661), (19, 0.8817898631095886), (0, 0.8367866277694702), (1, 0.7880722284317017), (2, 0.9163297414779663), (3, 0.7131203413009644), (4, 0.988895058631897), (5, 0.7899842858314514), (6, 0.5607694387435913), (7, 0.9482401609420776), (8, 0.7240667939186096), (9, 0.8009730577468872), (10, 0.7549347877502441), (11, 0.5919634103775024), (12, 0.8004558682441711), (13, 0.8759949803352356), (14, 0.917438805103302), (15, 0.6063675880432129), (16, 0.6574129462242126), (17, 0.7187496423721313), (18, 0.5734020471572876), (19, 0.8769955635070801), (0, 0.9484817385673523), (1, 0.7147664427757263), (2, 0.8256062269210815), (3, 0.8217964172363281), (4, 0.5703882575035095), (5, 0.7086057066917419), (6, 0.6614323854446411), (7, 1.0171037912368774), (8, 0.7280747294425964), (9, 0.5684133172035217), (10, 0.9462910890579224), (11, 0.6751612424850464), (12, 0.6850756406784058), (13, 0.7426466345787048), (14, 0.780498743057251), (15, 1.0162951946258545), (16, 0.5843619108200073), (17, 0.9544385671615601), (18, 0.5868247151374817), (19, 0.9231538772583008), (0, 0.7585035562515259), (1, 0.9452118873596191), (2, 0.8794886469841003), (3, 0.8061971664428711), (4, 0.7569411396980286), (5, 0.5958412885665894), (6, 1.0089757442474365), (7, 0.9360542297363281), (8, 0.9408708810806274), (9, 0.7269708514213562), (10, 0.941374659538269), (11, 0.6592189073562622), (12, 0.6730415225028992), (13, 0.572804868221283), (14, 0.8101440668106079), (15, 0.5942723155021667), (16, 0.5586121082305908), (17, 0.809429943561554), (18, 0.8152405023574829), (19, 0.5016012787818909), (0, 0.8404234647750854), (1, 0.7388424873352051), (2, 0.9473255276679993), (3, 0.8042286038398743), (4, 0.9247938990592957), (5, 0.6717116832733154), (6, 0.9000872373580933), (7, 0.8891550302505493), (8, 0.6950995326042175), (9, 0.6590865850448608), (10, 0.8170051574707031), (11, 0.8259283304214478), (12, 0.494941383600235), (13, 0.5532770752906799), (14, 0.8016406893730164), (15, 0.6200189590454102), (16, 0.7075258493423462), (17, 0.6812644004821777), (18, 0.9450375437736511), (19, 0.9546027779579163), (0, 0.8436147570610046), (1, 0.9208625555038452), (2, 0.8520642518997192), (3, 0.5861338376998901), (4, 0.9567631483078003), (5, 0.7636834383010864), (6, 0.8051983118057251), (7, 0.6976974606513977), (8, 0.7212417721748352), (9, 0.8109443783760071), (10, 0.705583393573761), (11, 0.9410869479179382), (12, 0.841770350933075), (13, 0.8574530482292175), (14, 0.6593995094299316), (15, 0.593447208404541), (16, 0.6446818113327026), (17, 0.6490909457206726), (18, 0.9609168171882629), (19, 0.46420177817344666), (0, 0.8953773379325867), (1, 0.582606315612793), (2, 0.8203317523002625), (3, 0.5176882147789001), (4, 0.7891814112663269), (5, 0.7391051650047302), (6, 0.6906487345695496), (7, 0.6132665276527405), (8, 0.6983627080917358), (9, 0.7379924058914185), (10, 0.8790429830551147), (11, 0.6778798699378967), (12, 0.6686784625053406), (13, 0.9783961176872253), (14, 0.7776926755905151), (15, 0.9792014360427856), (16, 0.6694914102554321), (17, 0.8245964050292969), (18, 0.8807550668716431), (19, 1.1164342164993286), (0, 0.669463038444519), (1, 0.9757894277572632), (2, 0.8914161920547485), (3, 0.7177695035934448), (4, 0.648467481136322), (5, 0.6839861869812012), (6, 0.6734806299209595), (7, 0.5993834733963013), (8, 0.8630512356758118), (9, 0.6920220255851746), (10, 0.8524802327156067), (11, 1.010284662246704), (12, 0.8158876299858093), (13, 0.6082949638366699), (14, 0.6426688432693481), (15, 0.8288061022758484), (16, 0.626123309135437), (17, 0.9358376264572144), (18, 0.9220284223556519), (19, 0.7215239405632019), (0, 0.604932427406311), (1, 0.8228622674942017), (2, 0.9615705609321594), (3, 0.7390989065170288), (4, 0.6663732528686523), (5, 0.5481451749801636), (6, 0.7032800912857056), (7, 0.819198489189148), (8, 0.7360928654670715), (9, 0.8059787750244141), (10, 0.6833029985427856), (11, 0.5822972059249878), (12, 0.9239531755447388), (13, 0.9742625951766968), (14, 0.7287775278091431), (15, 0.8147867321968079), (16, 0.831264317035675), (17, 1.034435749053955), (18, 0.5966524481773376), (19, 0.8548161387443542), (0, 0.8038994073867798), (1, 0.806982696056366), (2, 0.5522892475128174), (3, 0.9503062963485718), (4, 0.9264786839485168), (5, 0.800328254699707), (6, 0.849940299987793), (7, 0.8952428102493286), (8, 0.5876173377037048), (9, 0.960553765296936), (10, 0.6278764605522156), (11, 0.6190524697303772), (12, 0.78047114610672), (13, 0.8526333570480347), (14, 0.6327908635139465), (15, 0.6219854950904846), (16, 0.896490216255188), (17, 0.6908344626426697), (18, 0.8481252789497375), (19, 0.6437609791755676), (0, 0.7995709180831909), (1, 0.6831728219985962), (2, 0.6749660968780518), (3, 0.7531163692474365), (4, 0.5646774172782898), (5, 0.8745578527450562), (6, 0.8670536279678345), (7, 0.8148198127746582), (8, 0.785010576248169), (9, 0.7102018594741821), (10, 0.6222112774848938), (11, 0.7300628423690796), (12, 0.6936545372009277), (13, 0.7056471705436707), (14, 0.7563724517822266), (15, 0.9324668049812317), (16, 0.957318902015686), (17, 0.8816701769828796), (18, 0.8377361297607422), (19, 0.7431116700172424), (0, 0.8688945770263672), (1, 0.5767366886138916), (2, 0.8143397569656372), (3, 0.7015858888626099), (4, 0.865788459777832), (5, 0.712699294090271), (6, 1.0102027654647827), (7, 0.625392735004425), (8, 0.7482322454452515), (9, 0.7438327670097351), (10, 0.7925227880477905), (11, 0.7843349575996399), (12, 0.7796980738639832), (13, 0.5802031755447388), (14, 0.6915926933288574), (15, 0.8095966577529907), (16, 0.8815723657608032), (17, 0.8515816926956177), (18, 0.7400799989700317), (19, 0.8521124720573425), (0, 0.6442288160324097), (1, 0.8891499638557434), (2, 0.9678579568862915), (3, 0.8141566514968872), (4, 0.8374160528182983), (5, 0.7934125661849976), (6, 0.7372683882713318), (7, 0.8806885480880737), (8, 0.605510413646698), (9, 0.6234803199768066), (10, 0.9379353523254395), (11, 0.7226584553718567), (12, 0.6541138291358948), (13, 0.834540069103241), (14, 0.8905954360961914), (15, 0.6137346029281616), (16, 0.588236391544342), (17, 0.6931474804878235), (18, 0.8375042676925659), (19, 0.8741992115974426), (0, 0.9328926205635071), (1, 0.6484529972076416), (2, 0.9418668746948242), (3, 0.6896815299987793), (4, 0.8280453681945801), (5, 0.6759945154190063), (6, 0.8492233157157898), (7, 0.9234020113945007), (8, 0.7517075538635254), (9, 0.7339103817939758), (10, 0.7235258221626282), (11, 0.7614703178405762), (12, 0.7624402046203613), (13, 0.8472192883491516), (14, 0.5593241453170776), (15, 0.8080446124076843), (16, 1.0903184413909912), (17, 0.4834962785243988), (18, 0.707639217376709), (19, 0.6191658973693848), (0, 0.5941200256347656), (1, 0.7478048205375671), (2, 0.7064118385314941), (3, 0.7073177099227905), (4, 0.6839511394500732), (5, 0.6075364947319031), (6, 0.9526947140693665), (7, 0.5909436345100403), (8, 0.8338562846183777), (9, 0.8231645822525024), (10, 0.6947113871574402), (11, 0.675324559211731), (12, 0.8215333819389343), (13, 0.7101154327392578), (14, 0.70371413230896), (15, 0.9147357940673828), (16, 0.7738312482833862), (17, 0.8100801706314087), (18, 1.111649751663208), (19, 1.044430136680603), (0, 0.7462974786758423), (1, 0.7168974876403809), (2, 0.8395612835884094), (3, 0.6594868302345276), (4, 0.9378450512886047), (5, 0.8026549220085144), (6, 0.9197750091552734), (7, 0.7801210880279541), (8, 0.9723234176635742), (9, 0.8515745997428894), (10, 0.7968139052391052), (11, 0.577194333076477), (12, 0.6894766092300415), (13, 0.6229658126831055), (14, 0.9736517071723938), (15, 0.7229918241500854), (16, 0.6493903398513794), (17, 0.8092300295829773), (18, 0.6098122596740723), (19, 0.6868179440498352), (0, 0.684695839881897), (1, 0.9755313992500305), (2, 0.7896033525466919), (3, 0.8220005035400391), (4, 0.7766695022583008), (5, 0.7262735366821289), (6, 0.8318712115287781), (7, 0.7444096803665161), (8, 0.7762924432754517), (9, 0.7390435934066772), (10, 0.9094533920288086), (11, 0.8436328172683716), (12, 0.575918972492218), (13, 0.8946882486343384), (14, 0.46206656098365784), (15, 0.7701950073242188), (16, 0.6045181155204773), (17, 0.676873505115509), (18, 0.8317233920097351), (19, 1.0911568403244019), (0, 0.7196000814437866), (1, 0.8855039477348328), (2, 0.9387592077255249), (3, 0.4893791675567627), (4, 0.6500788927078247), (5, 0.6042153239250183), (6, 0.8113683462142944), (7, 0.8248625993728638), (8, 0.7401367425918579), (9, 0.7329965233802795), (10, 0.787426233291626), (11, 0.886201024055481), (12, 0.9330275654792786), (13, 0.6991725564002991), (14, 0.9010255932807922), (15, 0.8066806793212891), (16, 0.9594923853874207), (17, 0.6592548489570618), (18, 0.7278026342391968), (19, 0.5552845597267151), (0, 0.9260624051094055), (1, 0.7249312996864319), (2, 0.9728462100028992), (3, 0.6795178055763245), (4, 0.7277304530143738), (5, 0.7968004941940308), (6, 0.62933349609375), (7, 0.579264760017395), (8, 0.4496491551399231), (9, 0.955902099609375), (10, 0.6042527556419373), (11, 0.7989062070846558), (12, 0.6961429715156555), (13, 1.0885064601898193), (14, 0.8755111694335938), (15, 0.8354207873344421), (16, 0.6700807213783264), (17, 0.8200021982192993), (18, 0.7024441361427307), (19, 0.9280825257301331), (0, 0.9049690961837769), (1, 0.9133306741714478), (2, 1.0973466634750366), (3, 0.7870697379112244), (4, 0.5754287242889404), (5, 0.7131360173225403), (6, 0.6934558153152466), (7, 0.7039567232131958), (8, 0.7721512317657471), (9, 0.8043233752250671), (10, 0.8422002792358398), (11, 0.8458652496337891), (12, 0.5885101556777954), (13, 0.7170199155807495), (14, 0.7166662812232971), (15, 0.8469173312187195), (16, 0.5849307179450989), (17, 0.9347007870674133), (18, 0.49010738730430603), (19, 0.93011474609375), (0, 0.7439271211624146), (1, 0.9611719250679016), (2, 0.6459957957267761), (3, 0.6717661023139954), (4, 0.6605124473571777), (5, 1.0550302267074585), (6, 0.7130159735679626), (7, 0.9822702407836914), (8, 0.8291446566581726), (9, 0.6573623418807983), (10, 0.6533085107803345), (11, 0.44176721572875977), (12, 0.6909934282302856), (13, 0.8526685833930969), (14, 0.9096966981887817), (15, 0.9521881341934204), (16, 0.59856778383255), (17, 0.9622964859008789), (18, 0.7647989988327026), (19, 0.5727875828742981), (0, 0.9407812356948853), (1, 0.8124747276306152), (2, 0.6024929285049438), (3, 0.8161308169364929), (4, 0.599960446357727), (5, 0.692305862903595), (6, 0.695938766002655), (7, 0.6123880743980408), (8, 0.7245845198631287), (9, 0.6988675594329834), (10, 0.761417031288147), (11, 0.7135480642318726), (12, 0.7715644836425781), (13, 0.7291557192802429), (14, 1.0474478006362915), (15, 0.6974480748176575), (16, 0.9453579783439636), (17, 0.9359323382377625), (18, 0.8899534940719604), (19, 0.6706750988960266), (0, 0.7873539328575134), (1, 0.4428972601890564), (2, 0.6522268652915955), (3, 0.8208475112915039), (4, 0.9404022097587585), (5, 0.7068448066711426), (6, 1.0419076681137085), (7, 0.7532336115837097), (8, 0.6944639086723328), (9, 0.7965302467346191), (10, 0.8202642202377319), (11, 0.9755356907844543), (12, 0.6657620668411255), (13, 0.6814428567886353), (14, 0.5891192555427551), (15, 0.7499725222587585), (16, 1.060730218887329), (17, 0.7548098564147949), (18, 0.7670446038246155), (19, 0.647942841053009), (0, 0.6402537226676941), (1, 0.7234495282173157), (2, 0.7844720482826233), (3, 0.7181204557418823), (4, 1.0691401958465576), (5, 0.6892025470733643), (6, 0.7394139766693115), (7, 0.9655613899230957), (8, 0.5117045640945435), (9, 0.7801173329353333), (10, 0.720333456993103), (11, 0.7512484788894653), (12, 0.944393515586853), (13, 0.6658328771591187), (14, 0.8629215359687805), (15, 0.7146639823913574), (16, 0.8969097137451172), (17, 0.8352228999137878), (18, 0.8013884425163269), (19, 0.459674209356308), (0, 0.9290764927864075), (1, 0.8136767148971558), (2, 0.7405258417129517), (3, 0.7097260355949402), (4, 0.8133290410041809), (5, 0.7671428918838501), (6, 0.835726261138916), (7, 0.7233082056045532), (8, 0.7169473767280579), (9, 0.5895372033119202), (10, 0.6847625374794006), (11, 0.7164275646209717), (12, 0.7423747777938843), (13, 0.7405234575271606), (14, 0.9164329767227173), (15, 0.7111274600028992), (16, 0.7344961762428284), (17, 0.8172299265861511), (18, 0.8557039499282837), (19, 0.886800229549408), (0, 0.6371436715126038), (1, 0.6796791553497314), (2, 0.8302072286605835), (3, 0.8359495401382446), (4, 1.0005470514297485), (5, 0.5760059952735901), (6, 0.7366321086883545), (7, 0.939428985118866), (8, 0.6117352843284607), (9, 0.6994384527206421), (10, 0.6766268014907837), (11, 0.6545499563217163), (12, 0.6864643096923828), (13, 0.8638259172439575), (14, 0.8285151720046997), (15, 0.750535786151886), (16, 0.8514455556869507), (17, 0.8623260259628296), (18, 0.7916747331619263), (19, 0.9623720645904541), (0, 0.931418240070343), (1, 0.5584602355957031), (2, 0.5903588533401489), (3, 0.7733772993087769), (4, 0.8108533620834351), (5, 0.8176206350326538), (6, 0.6929352879524231), (7, 0.8182298541069031), (8, 0.8594724535942078), (9, 0.822430431842804), (10, 0.6044281721115112), (11, 0.9758085012435913), (12, 0.6052655577659607), (13, 0.9059299230575562), (14, 0.5896846055984497), (15, 0.6110185384750366), (16, 0.9206582307815552), (17, 0.8288362622261047), (18, 0.8420501947402954), (19, 0.8855311274528503), (0, 0.7022309303283691), (1, 0.9388362765312195), (2, 0.9719651937484741), (3, 0.8172487020492554), (4, 0.7039839029312134), (5, 0.5585758686065674), (6, 0.7746882438659668), (7, 0.8044870495796204), (8, 0.7253271341323853), (9, 0.9071319699287415), (10, 0.8976052403450012), (11, 0.7166447043418884), (12, 1.0797173976898193), (13, 0.6343945860862732), (14, 0.7289290428161621), (15, 0.8626976013183594), (16, 0.5917115211486816), (17, 0.7306666374206543), (18, 0.6884333491325378), (19, 0.42479944229125977), (0, 0.9433742761611938), (1, 0.7085613012313843), (2, 0.9470998644828796), (3, 0.896037757396698), (4, 0.6942960023880005), (5, 0.6711323261260986), (6, 0.8300221562385559), (7, 0.7255093455314636), (8, 0.7502573728561401), (9, 0.4493919312953949), (10, 0.8790467977523804), (11, 0.7819525599479675), (12, 0.7362504601478577), (13, 0.6269204020500183), (14, 0.884015679359436), (15, 0.9355204701423645), (16, 0.5669170022010803), (17, 0.7587624192237854), (18, 0.9203847050666809), (19, 0.64117032289505), (0, 0.5800656080245972), (1, 0.8334705233573914), (2, 0.5398752093315125), (3, 0.7991021275520325), (4, 0.5240588188171387), (5, 0.701299250125885), (6, 0.8235505223274231), (7, 0.7811592817306519), (8, 0.7537106275558472), (9, 0.9623285531997681), (10, 0.7141310572624207), (11, 0.8485602140426636), (12, 0.6876749992370605), (13, 0.7740341424942017), (14, 0.9559115171432495), (15, 0.9356144070625305), (16, 0.983379065990448), (17, 0.7338085174560547), (18, 0.7618741989135742), (19, 0.6609107255935669), (0, 0.683516800403595), (1, 0.8921709060668945), (2, 0.830872654914856), (3, 0.8008072972297668), (4, 0.6157817840576172), (5, 0.5768378376960754), (6, 0.7776282429695129), (7, 0.6003738641738892), (8, 0.7029823064804077), (9, 0.927375316619873), (10, 0.7729790806770325), (11, 0.9070495367050171), (12, 1.1117117404937744), (13, 0.5777506828308105), (14, 0.46395984292030334), (15, 0.7316144704818726), (16, 1.057615876197815), (17, 0.8169568181037903), (18, 0.7099748849868774), (19, 0.8869922161102295), (0, 1.0642238855361938), (1, 0.7146551609039307), (2, 0.6957793831825256), (3, 0.8542203903198242), (4, 0.5552836656570435), (5, 0.8860939145088196), (6, 0.4678523540496826), (7, 0.9666157960891724), (8, 0.8383737802505493), (9, 0.6965512633323669), (10, 0.817987322807312), (11, 0.921845555305481), (12, 0.5622565746307373), (13, 0.7075282335281372), (14, 0.9532232284545898), (15, 0.67440265417099), (16, 0.7100154161453247), (17, 0.7399960160255432), (18, 0.9419463872909546), (19, 0.5355074405670166), (0, 0.9298113584518433), (1, 1.0172417163848877), (2, 0.9029706120491028), (3, 0.662690281867981), (4, 0.7115523815155029), (5, 0.9579232335090637), (6, 0.8773669004440308), (7, 0.7304362058639526), (8, 0.8144210577011108), (9, 0.573026716709137), (10, 0.7037138342857361), (11, 0.7102344632148743), (12, 0.9129900932312012), (13, 0.6586152911186218), (14, 0.7899307608604431), (15, 0.6688365340232849), (16, 0.6902036070823669), (17, 0.745647668838501), (18, 0.6081811189651489), (19, 0.707269012928009), (0, 0.8156959414482117), (1, 0.9162453413009644), (2, 0.7706419229507446), (3, 0.8173660039901733), (4, 0.7898608446121216), (5, 0.703373372554779), (6, 0.6877361536026001), (7, 0.8578556180000305), (8, 0.917840301990509), (9, 0.6717180609703064), (10, 0.5827963948249817), (11, 0.8513807058334351), (12, 0.730535089969635), (13, 0.7237013578414917), (14, 0.7294348478317261), (15, 0.8246275782585144), (16, 0.8287765383720398), (17, 0.8435265421867371), (18, 0.746143102645874), (19, 0.4681656062602997), (0, 0.7888984680175781), (1, 0.5759925842285156), (2, 0.8076288104057312), (3, 0.6967724561691284), (4, 0.7117842435836792), (5, 0.8604947924613953), (6, 0.9115440249443054), (7, 0.6272062063217163), (8, 0.7227238416671753), (9, 0.7687435150146484), (10, 0.6495245695114136), (11, 0.8425005078315735), (12, 0.7990956902503967), (13, 0.756621241569519), (14, 0.8357497453689575), (15, 0.7011083364486694), (16, 0.9227140545845032), (17, 0.8594929575920105), (18, 0.8780661821365356), (19, 0.6224884986877441), (0, 0.6922016739845276), (1, 0.9923921823501587), (2, 0.8680368661880493), (3, 0.7848626375198364), (4, 0.8071044683456421), (5, 0.6133381128311157), (6, 0.7895581126213074), (7, 0.9117152094841003), (8, 0.5596033930778503), (9, 0.6998242139816284), (10, 0.6954057812690735), (11, 0.7935374975204468), (12, 0.8480703234672546), (13, 0.6446608901023865), (14, 0.9029914736747742), (15, 0.5737299919128418), (16, 0.7529121041297913), (17, 0.8536451458930969), (18, 0.6814885139465332), (19, 1.041793942451477), (0, 0.8801057934761047), (1, 0.8784783482551575), (2, 0.9413644671440125), (3, 0.8221790194511414), (4, 0.8030751943588257), (5, 1.0458139181137085), (6, 0.6624656915664673), (7, 0.5992966890335083), (8, 0.6934709548950195), (9, 0.5750146508216858), (10, 0.7221346497535706), (11, 0.6802640557289124), (12, 0.5594762563705444), (13, 0.7363000512123108), (14, 0.8144523501396179), (15, 0.829512894153595), (16, 0.895522952079773), (17, 0.7135696411132812), (18, 0.8422555923461914), (19, 0.6590033769607544), (0, 0.6275230646133423), (1, 0.8288748860359192), (2, 0.8974246978759766), (3, 0.945901095867157), (4, 0.8212014436721802), (5, 0.8535369634628296), (6, 0.7054916024208069), (7, 0.657623827457428), (8, 0.51898193359375), (9, 0.6836684346199036), (10, 0.9334093332290649), (11, 0.9573165774345398), (12, 0.7281345129013062), (13, 0.8914226293563843), (14, 0.8227807879447937), (15, 0.6470469236373901), (16, 0.8101025819778442), (17, 0.9142967462539673), (18, 0.42474794387817383), (19, 0.701115071773529), (0, 0.6824191212654114), (1, 0.9106661081314087), (2, 0.564702570438385), (3, 0.8857763409614563), (4, 0.5952448844909668), (5, 0.7788613438606262), (6, 0.8096621632575989), (7, 0.5860897898674011), (8, 0.8110156059265137), (9, 0.8473711013793945), (10, 0.9718503952026367), (11, 0.8357422947883606), (12, 0.6779755353927612), (13, 0.9962660074234009), (14, 0.6683823466300964), (15, 0.8130866289138794), (16, 0.6149424314498901), (17, 0.6123557686805725), (18, 0.9443706274032593), (19, 0.8056235313415527), (0, 0.9319398999214172), (1, 0.949567437171936), (2, 0.5797203779220581), (3, 0.48145365715026855), (4, 0.9585803747177124), (5, 0.7133663892745972), (6, 0.914110004901886), (7, 0.8050049543380737), (8, 0.9667423367500305), (9, 0.6755996942520142), (10, 0.5678605437278748), (11, 0.4652201235294342), (12, 0.6497856378555298), (13, 0.8021280169487), (14, 0.8414950370788574), (15, 0.9208959341049194), (16, 0.7725518345832825), (17, 0.8179365992546082), (18, 0.7268751263618469), (19, 0.9155351519584656), (0, 0.6835380792617798), (1, 0.9315234422683716), (2, 0.6803267598152161), (3, 0.5461453199386597), (4, 0.7151177525520325), (5, 0.6832343935966492), (6, 0.8503904342651367), (7, 1.0846164226531982), (8, 0.7183378338813782), (9, 1.0941444635391235), (10, 0.8129339218139648), (11, 0.6687586307525635), (12, 0.6967372298240662), (13, 0.7115635871887207), (14, 0.714538037776947), (15, 0.6847715377807617), (16, 0.9404919743537903), (17, 0.690834641456604), (18, 0.6865181922912598), (19, 0.8260540962219238), (0, 0.915313720703125), (1, 0.7194283604621887), (2, 0.5401409268379211), (3, 0.6856295466423035), (4, 0.760796844959259), (5, 1.0035974979400635), (6, 0.9169905781745911), (7, 0.8772603273391724), (8, 0.667772650718689), (9, 0.54451584815979), (10, 0.6580077409744263), (11, 0.7492884993553162), (12, 0.6463895440101624), (13, 0.7060293555259705), (14, 0.707190215587616), (15, 1.0642614364624023), (16, 0.7231715321540833), (17, 0.8490889668464661), (18, 0.7388235926628113), (19, 1.0274300575256348), (0, 0.7200628519058228), (1, 0.5658249855041504), (2, 0.9366934895515442), (3, 0.7176291346549988), (4, 0.819047749042511), (5, 0.5985828638076782), (6, 0.8877952694892883), (7, 0.9580110311508179), (8, 0.8341766595840454), (9, 0.7267934083938599), (10, 0.7477284669876099), (11, 0.7070173025131226), (12, 0.6848464012145996), (13, 0.7313990592956543), (14, 0.6690410375595093), (15, 1.0480353832244873), (16, 0.6403354406356812), (17, 0.7659547924995422), (18, 1.0705175399780273), (19, 0.43443700671195984), (0, 0.8124895095825195), (1, 0.6912714838981628), (2, 0.715942919254303), (3, 0.8538663983345032), (4, 0.7163399457931519), (5, 0.6923791170120239), (6, 0.7712244391441345), (7, 0.8483530879020691), (8, 0.8346050381660461), (9, 0.8149135708808899), (10, 0.6975051760673523), (11, 0.6986349821090698), (12, 0.890021800994873), (13, 0.8198084831237793), (14, 0.7807300686836243), (15, 0.8560004234313965), (16, 0.8181754350662231), (17, 0.6864155530929565), (18, 0.8328536152839661), (19, 0.4310397803783417), (0, 0.7074676752090454), (1, 0.7119124531745911), (2, 0.5420566201210022), (3, 0.9630562663078308), (4, 0.8676589727401733), (5, 0.9225772619247437), (6, 0.8057569265365601), (7, 0.967154860496521), (8, 0.8198076486587524), (9, 0.7839933037757874), (10, 0.8772324323654175), (11, 0.8283714056015015), (12, 0.8811118006706238), (13, 0.7603363990783691), (14, 0.6280781626701355), (15, 0.7036612629890442), (16, 0.599574089050293), (17, 0.8095794916152954), (18, 0.5667484998703003), (19, 0.5733658671379089), (0, 0.8997237086296082), (1, 0.6720667481422424), (2, 0.7826207280158997), (3, 0.8571082949638367), (4, 0.7567671537399292), (5, 0.7741464376449585), (6, 0.7522028088569641), (7, 0.6871441602706909), (8, 0.746881365776062), (9, 0.577332615852356), (10, 0.8032828569412231), (11, 0.782339870929718), (12, 0.9048625826835632), (13, 0.5537901520729065), (14, 0.7845796346664429), (15, 0.73257976770401), (16, 0.9591268301010132), (17, 0.7137260437011719), (18, 0.8460119366645813), (19, 0.8397693037986755), (0, 0.7216202020645142), (1, 0.8254402279853821), (2, 0.7528471946716309), (3, 0.6496855616569519), (4, 0.9542897939682007), (5, 0.8075255155563354), (6, 0.8056386113166809), (7, 0.8348093032836914), (8, 0.6895330548286438), (9, 0.7388812303543091), (10, 0.7156628966331482), (11, 0.7798972129821777), (12, 0.8351750373840332), (13, 0.9060388803482056), (14, 0.9429235458374023), (15, 0.8366915583610535), (16, 0.8131685256958008), (17, 0.5440532565116882), (18, 0.5897920727729797), (19, 0.5774689316749573), (0, 0.8389862179756165), (1, 0.6200459599494934), (2, 0.8919389843940735), (3, 0.9609996676445007), (4, 0.784089207649231), (5, 0.9312204122543335), (6, 0.6596702337265015), (7, 0.7338346242904663), (8, 0.8171032667160034), (9, 0.8695449829101562), (10, 0.671167254447937), (11, 0.8576105833053589), (12, 0.6854363083839417), (13, 0.7935582995414734), (14, 0.6172642111778259), (15, 0.7695869207382202), (16, 0.6863706707954407), (17, 0.7124437093734741), (18, 0.8188314437866211), (19, 0.6174201369285583), (0, 0.585157573223114), (1, 0.6825469732284546), (2, 0.885368824005127), (3, 0.8850221633911133), (4, 0.8031576871871948), (5, 0.5744501948356628), (6, 0.45436233282089233), (7, 0.8004745244979858), (8, 0.8036105036735535), (9, 0.7335616946220398), (10, 0.9876630902290344), (11, 0.6606022119522095), (12, 0.8826740980148315), (13, 0.6122320294380188), (14, 0.8917261958122253), (15, 0.7845550775527954), (16, 0.6880552172660828), (17, 0.8297276496887207), (18, 0.9938660860061646), (19, 0.9189013838768005), (0, 0.8024722337722778), (1, 0.8753331899642944), (2, 1.01155686378479), (3, 0.6082965731620789), (4, 0.9324289560317993), (5, 0.641382098197937), (6, 0.536307692527771), (7, 0.7789055705070496), (8, 0.5661044120788574), (9, 0.8093768954277039), (10, 0.9226312637329102), (11, 0.7841228246688843), (12, 0.9473455548286438), (13, 0.6104174852371216), (14, 0.8474987149238586), (15, 0.5762922763824463), (16, 0.5839288234710693), (17, 1.0139697790145874), (18, 0.5845056772232056), (19, 1.0954633951187134), (0, 0.8141509890556335), (1, 0.8255302309989929), (2, 0.6991809010505676), (3, 0.5893529653549194), (4, 0.4391762614250183), (5, 0.8341986536979675), (6, 0.8393634557723999), (7, 0.8259059190750122), (8, 0.9424389004707336), (9, 0.8380132913589478), (10, 0.6419408917427063), (11, 0.4636797308921814), (12, 0.8302075266838074), (13, 0.832297146320343), (14, 0.7438995838165283), (15, 0.8364089727401733), (16, 0.7217369675636292), (17, 0.920842170715332), (18, 0.7963694334030151), (19, 1.0924350023269653), (0, 0.8290624618530273), (1, 0.8104314804077148), (2, 0.94378262758255), (3, 0.8456966280937195), (4, 0.703524112701416), (5, 0.5307575464248657), (6, 0.7347301244735718), (7, 0.7470418810844421), (8, 0.9033034443855286), (9, 0.7238554954528809), (10, 0.6215972900390625), (11, 0.6938501000404358), (12, 0.7212273478507996), (13, 0.7504301071166992), (14, 0.7463322877883911), (15, 0.8981870412826538), (16, 0.8037792444229126), (17, 0.8164731860160828), (18, 0.7516299486160278), (19, 0.857437789440155), (0, 0.8423047065734863), (1, 0.6942690014839172), (2, 0.5670232772827148), (3, 0.7163627743721008), (4, 0.5376738905906677), (5, 0.8252193331718445), (6, 0.9591318368911743), (7, 0.6496198773384094), (8, 0.579017162322998), (9, 0.819278359413147), (10, 0.8655809164047241), (11, 0.6152118444442749), (12, 0.760729193687439), (13, 0.698731005191803), (14, 0.8711504936218262), (15, 0.9358702898025513), (16, 0.7812843322753906), (17, 0.9406658411026001), (18, 0.9194124341011047), (19, 0.852698028087616), (0, 1.0254102945327759), (1, 1.020582914352417), (2, 0.9753649830818176), (3, 0.7757427096366882), (4, 0.7690685987472534), (5, 0.5638210773468018), (6, 0.5553770065307617), (7, 0.7093778252601624), (8, 0.6942997574806213), (9, 0.8311599493026733), (10, 0.7323002815246582), (11, 0.6814443469047546), (12, 0.7807053923606873), (13, 0.5688521265983582), (14, 0.6085523366928101), (15, 0.4647480845451355), (16, 1.0496689081192017), (17, 0.6774333715438843), (18, 0.9672842025756836), (19, 1.0649347305297852), (0, 0.6882981061935425), (1, 0.8277547955513), (2, 0.68256676197052), (3, 0.8719409108161926), (4, 0.7343531250953674), (5, 0.7613665461540222), (6, 0.8403898477554321), (7, 0.675420343875885), (8, 0.849032998085022), (9, 0.6007713079452515), (10, 0.8125430941581726), (11, 0.5677484273910522), (12, 0.9503568410873413), (13, 0.8253237009048462), (14, 0.5673626661300659), (15, 0.8215969800949097), (16, 0.7088471055030823), (17, 0.9328745603561401), (18, 0.7379755973815918), (19, 1.0560520887374878), (0, 0.6391080617904663), (1, 0.663888156414032), (2, 0.8015881776809692), (3, 1.0021847486495972), (4, 0.8226000666618347), (5, 1.0642120838165283), (6, 0.7052484750747681), (7, 0.6247401237487793), (8, 0.961108386516571), (9, 0.9330624341964722), (10, 0.7899364233016968), (11, 0.5132889747619629), (12, 0.5992899537086487), (13, 0.7504013180732727), (14, 1.0685312747955322), (15, 0.8640378713607788), (16, 0.5708221197128296), (17, 0.5367990732192993), (18, 0.5646554231643677), (19, 1.024420142173767), (0, 0.9751808047294617), (1, 0.7039315104484558), (2, 0.6313232183456421), (3, 0.7186819314956665), (4, 0.7097176909446716), (5, 0.9161514043807983), (6, 0.6287282705307007), (7, 0.9932714700698853), (8, 0.9454997777938843), (9, 0.587364912033081), (10, 0.6583713293075562), (11, 0.780555009841919), (12, 0.7964702844619751), (13, 0.8565877676010132), (14, 0.6892145872116089), (15, 0.9502561688423157), (16, 0.5742467045783997), (17, 0.7270609140396118), (18, 0.7441473603248596), (19, 0.8389899134635925)]