Model Setup for {PATIENT_GROUPS} Trained Network:

NODE Network Architecture Parameters
Input channels=2
Hidden channels=11
Output channels=2

Training hyperparameters
Optimizer=AdamW (
Parameter Group 0
    amsgrad: False
    betas: (0.9, 0.999)
    capturable: False
    differentiable: False
    eps: 1e-08
    foreach: None
    fused: None
    lr: 0.001
    maximize: False
    weight_decay: 1e-06
)Training Iterations=100
Learning rate=0.001
Weight decay=1e-06
Optimizer reset frequency=None

Dropout probability (after initial linear layer before NCDE): 0.0
Training Data Selection Parameters
(If not virtual, the only important params are the groups and whether data was normalized/standardized)
Patient groups=['Control', 'MDD']
Augmentation strategy=Uniform
Noise Magnitude=0.05
Normalized/standardized=StandardizeAll
Number of virtual patients per real patient=100
Label smoothing factor=0
Test Patient Combinations:
Control: (39, 17, 23, 27, 8)
MDD: (4, 32, 48, 44, 31)
Training batch size=5
Training Results:
Runtime=20.245851039886475
Loss over time=[(0, 0.8310458064079285), (1, 0.4559255540370941), (2, 0.48453855514526367), (3, 0.7487795948982239), (4, 0.8675518035888672), (5, 1.0056111812591553), (6, 0.707199215888977), (7, 1.1104857921600342), (8, 0.7853596210479736), (9, 0.8633078336715698), (10, 0.560107409954071), (11, 0.6847513318061829), (12, 0.963275134563446), (13, 0.5303642749786377), (14, 0.9162555932998657), (15, 0.7419819831848145), (16, 1.4956210851669312), (17, 0.8344272375106812), (18, 0.7706402540206909), (19, 1.393715500831604), (0, 0.5475937724113464), (1, 0.8143059015274048), (2, 0.7513099908828735), (3, 0.8577592968940735), (4, 1.0712600946426392), (5, 0.717199444770813), (6, 1.0946017503738403), (7, 0.5299719572067261), (8, 1.068248987197876), (9, 0.6933397054672241), (10, 0.9715706706047058), (11, 0.7003861665725708), (12, 1.0881664752960205), (13, 1.0408788919448853), (14, 0.5098708868026733), (15, 0.5975667238235474), (16, 0.8008638620376587), (17, 0.6831467747688293), (18, 1.236619234085083), (19, 0.6979970932006836), (0, 0.8629668354988098), (1, 0.995191216468811), (2, 0.7074244618415833), (3, 0.5662223100662231), (4, 0.9003394246101379), (5, 1.0898067951202393), (6, 0.7254442572593689), (7, 0.9813846349716187), (8, 0.49139928817749023), (9, 0.9524787068367004), (10, 0.9882432222366333), (11, 0.8203412890434265), (12, 0.825761616230011), (13, 0.5378313064575195), (14, 0.7084929943084717), (15, 1.0486352443695068), (16, 1.138004183769226), (17, 0.8116816282272339), (18, 0.5486091375350952), (19, 0.8219996094703674), (0, 0.9049407839775085), (1, 0.9534156918525696), (2, 1.6889671087265015), (3, 0.6980381608009338), (4, 0.7125856876373291), (5, 0.4653042256832123), (6, 0.528378427028656), (7, 1.2487695217132568), (8, 0.8002214431762695), (9, 0.5641701221466064), (10, 0.9787742495536804), (11, 0.710805356502533), (12, 0.8263829946517944), (13, 0.8011453747749329), (14, 0.4420345723628998), (15, 1.2697442770004272), (16, 0.9957140684127808), (17, 0.5776300430297852), (18, 0.5805474519729614), (19, 0.7431479096412659), (0, 0.8048038482666016), (1, 0.5419255495071411), (2, 0.982495903968811), (3, 0.4574114680290222), (4, 0.9726849794387817), (5, 0.7416430115699768), (6, 1.0736701488494873), (7, 0.8538568615913391), (8, 1.160874605178833), (9, 1.0899059772491455), (10, 1.0674759149551392), (11, 1.068988561630249), (12, 0.5288680791854858), (13, 1.4309555292129517), (14, 0.5812841057777405), (15, 0.5723995566368103), (16, 0.6268923878669739), (17, 0.4354309141635895), (18, 0.8328429460525513), (19, 0.6150801777839661), (0, 0.774556040763855), (1, 0.6367154717445374), (2, 1.1940251588821411), (3, 0.6760636568069458), (4, 0.832441508769989), (5, 0.7981523275375366), (6, 0.8543621301651001), (7, 0.9986119270324707), (8, 0.7866422533988953), (9, 0.6849729418754578), (10, 0.9167107343673706), (11, 0.8731281161308289), (12, 0.7856148481369019), (13, 1.012854814529419), (14, 0.6454874277114868), (15, 0.8080123066902161), (16, 0.5462939739227295), (17, 0.4928557872772217), (18, 1.4312821626663208), (19, 0.7411244511604309), (0, 0.876478374004364), (1, 0.8114752769470215), (2, 0.44190770387649536), (3, 0.7709353566169739), (4, 1.1202272176742554), (5, 0.6816072463989258), (6, 0.6953004002571106), (7, 0.5489829182624817), (8, 0.8747628331184387), (9, 1.2512189149856567), (10, 0.5735737085342407), (11, 0.6575353145599365), (12, 1.2314338684082031), (13, 1.1939842700958252), (14, 0.5190024375915527), (15, 0.8018866777420044), (16, 0.7352155447006226), (17, 1.0489550828933716), (18, 0.8776421546936035), (19, 0.8022220730781555), (0, 0.8045142889022827), (1, 0.7029104232788086), (2, 0.6753095388412476), (3, 0.6942329406738281), (4, 0.9472786784172058), (5, 1.1668139696121216), (6, 0.7578303217887878), (7, 0.9996250867843628), (8, 1.0240428447723389), (9, 1.1167629957199097), (10, 0.6641085147857666), (11, 0.8654708862304688), (12, 1.078784704208374), (13, 1.0536829233169556), (14, 0.6302362680435181), (15, 0.5413443446159363), (16, 0.7852759957313538), (17, 0.42640551924705505), (18, 0.8042131662368774), (19, 0.757692277431488), (0, 1.0321863889694214), (1, 1.1010634899139404), (2, 0.6465080380439758), (3, 0.5971605181694031), (4, 0.8020220994949341), (5, 1.0014129877090454), (6, 0.4948105812072754), (7, 0.9860456585884094), (8, 0.7648786902427673), (9, 0.8120324015617371), (10, 0.8830822110176086), (11, 0.807126522064209), (12, 0.8010554313659668), (13, 0.6691910028457642), (14, 1.4726407527923584), (15, 0.8394162058830261), (16, 0.5760804414749146), (17, 0.9043010473251343), (18, 0.8143606185913086), (19, 0.31347206234931946), (0, 0.8366161584854126), (1, 0.7329643964767456), (2, 0.5513049364089966), (3, 0.37386494874954224), (4, 0.6840215921401978), (5, 0.8614770174026489), (6, 0.767693817615509), (7, 1.5608794689178467), (8, 0.6771018505096436), (9, 1.4905287027359009), (10, 0.6771107316017151), (11, 1.1524124145507812), (12, 0.6740826964378357), (13, 0.6188739538192749), (14, 0.6819041967391968), (15, 0.9401650428771973), (16, 1.0966054201126099), (17, 0.7222565412521362), (18, 0.3761766254901886), (19, 1.1956969499588013), (0, 0.8544028997421265), (1, 1.074758529663086), (2, 1.1303597688674927), (3, 0.7497544288635254), (4, 1.1915982961654663), (5, 0.7273122072219849), (6, 0.7796350717544556), (7, 0.9983919858932495), (8, 1.215419888496399), (9, 0.6933506727218628), (10, 0.9870028495788574), (11, 0.6847344636917114), (12, 0.29900795221328735), (13, 1.0191168785095215), (14, 0.48646798729896545), (15, 0.37446656823158264), (16, 0.8067060708999634), (17, 0.9332351684570312), (18, 0.8822318315505981), (19, 0.509174644947052), (0, 0.805515468120575), (1, 0.5701161026954651), (2, 0.7539259195327759), (3, 0.7007395625114441), (4, 0.661268413066864), (5, 1.2291667461395264), (6, 0.6026054620742798), (7, 0.8012857437133789), (8, 0.683102011680603), (9, 0.700492262840271), (10, 1.1759743690490723), (11, 0.6773272752761841), (12, 1.069270133972168), (13, 1.0165164470672607), (14, 0.5735813975334167), (15, 0.5393638014793396), (16, 1.0578407049179077), (17, 1.0583782196044922), (18, 1.0049591064453125), (19, 0.8533814549446106), (0, 0.5944491028785706), (1, 1.199123501777649), (2, 0.8047230839729309), (3, 1.0158586502075195), (4, 0.5288848876953125), (5, 0.7796863913536072), (6, 1.6847972869873047), (7, 0.8686429858207703), (8, 0.8617383241653442), (9, 0.7535463571548462), (10, 0.6272426843643188), (11, 1.0368273258209229), (12, 0.5347129702568054), (13, 0.5919991731643677), (14, 0.5339546203613281), (15, 0.6670657992362976), (16, 1.269862174987793), (17, 0.3787277340888977), (18, 0.8057168126106262), (19, 1.093164086341858), (0, 0.35201460123062134), (1, 0.7342427968978882), (2, 0.6955830454826355), (3, 0.9702474474906921), (4, 0.7278081178665161), (5, 1.2601858377456665), (6, 0.9729113578796387), (7, 1.223022222518921), (8, 0.48235049843788147), (9, 1.0632885694503784), (10, 0.4967709481716156), (11, 0.8213353157043457), (12, 0.5757623910903931), (13, 0.8368061780929565), (14, 0.5837896466255188), (15, 0.8716828227043152), (16, 1.0736390352249146), (17, 0.8930427432060242), (18, 0.9615731239318848), (19, 0.9956693053245544), (0, 0.8079662322998047), (1, 0.8847259283065796), (2, 0.7803552746772766), (3, 0.6352044343948364), (4, 0.8146058917045593), (5, 0.8241901397705078), (6, 0.8457260131835938), (7, 1.5216282606124878), (8, 0.6465777158737183), (9, 0.35430261492729187), (10, 0.6173717379570007), (11, 0.948776364326477), (12, 1.1915661096572876), (13, 1.2914544343948364), (14, 0.7406097650527954), (15, 0.8029109835624695), (16, 0.47090211510658264), (17, 0.7989057302474976), (18, 0.8767663836479187), (19, 0.5648539662361145), (0, 0.9129639863967896), (1, 0.6596723794937134), (2, 1.4868364334106445), (3, 1.065899133682251), (4, 0.6378788352012634), (5, 0.7906481623649597), (6, 1.1978175640106201), (7, 0.5011290311813354), (8, 1.1267565488815308), (9, 0.8684439659118652), (10, 0.9431366920471191), (11, 0.6731559038162231), (12, 0.5173677206039429), (13, 0.7001765370368958), (14, 0.6485280394554138), (15, 0.920886218547821), (16, 0.6441441774368286), (17, 1.269916296005249), (18, 0.4900608956813812), (19, 0.2300669550895691), (0, 0.5346003770828247), (1, 0.6639054417610168), (2, 0.6150063276290894), (3, 0.880402684211731), (4, 1.037475347518921), (5, 0.6414598226547241), (6, 0.8976686596870422), (7, 0.8511257171630859), (8, 0.8691765666007996), (9, 0.7418488264083862), (10, 0.809592068195343), (11, 1.200200080871582), (12, 0.49706292152404785), (13, 1.0124647617340088), (14, 1.1747922897338867), (15, 0.6388834714889526), (16, 1.5119881629943848), (17, 0.5702632665634155), (18, 0.780624508857727), (19, 0.44152823090553284), (0, 1.2183749675750732), (1, 0.9006623029708862), (2, 0.6569913029670715), (3, 1.052546739578247), (4, 0.5230901837348938), (5, 0.8982542157173157), (6, 0.4399988055229187), (7, 0.6281988024711609), (8, 0.756890594959259), (9, 1.001895546913147), (10, 0.6323845386505127), (11, 0.9370113611221313), (12, 0.8400241732597351), (13, 1.2305084466934204), (14, 0.8164671659469604), (15, 0.9101839065551758), (16, 0.8440470695495605), (17, 0.6828519701957703), (18, 0.7040431499481201), (19, 0.8650553822517395), (0, 0.5640935897827148), (1, 0.7101396918296814), (2, 1.0702900886535645), (3, 0.6605767011642456), (4, 0.6865484714508057), (5, 1.0058993101119995), (6, 1.0574804544448853), (7, 0.8328154683113098), (8, 0.6350531578063965), (9, 0.8283953666687012), (10, 0.6047530770301819), (11, 0.6895961165428162), (12, 0.8474308848381042), (13, 0.6975135803222656), (14, 1.4488670825958252), (15, 0.8071480989456177), (16, 0.9054008722305298), (17, 0.6811935901641846), (18, 1.0902414321899414), (19, 0.6167020797729492), (0, 1.3517528772354126), (1, 0.6078489422798157), (2, 1.1013861894607544), (3, 1.0519039630889893), (4, 1.0510598421096802), (5, 0.44865602254867554), (6, 0.5773471593856812), (7, 0.7490835189819336), (8, 1.102738618850708), (9, 0.8084754943847656), (10, 0.5898740887641907), (11, 1.0052258968353271), (12, 1.1285278797149658), (13, 0.6458433866500854), (14, 0.5826604962348938), (15, 0.4343847334384918), (16, 1.0136420726776123), (17, 0.662718653678894), (18, 0.8870880007743835), (19, 0.6554006934165955), (0, 1.3349440097808838), (1, 0.4950125217437744), (2, 0.6059846878051758), (3, 1.3800846338272095), (4, 0.930446445941925), (5, 0.9422056078910828), (6, 1.267073392868042), (7, 0.7952291369438171), (8, 0.625343918800354), (9, 0.8611267805099487), (10, 0.7395405173301697), (11, 0.8023582696914673), (12, 0.7486092448234558), (13, 0.7292487025260925), (14, 0.9051420092582703), (15, 0.8285242319107056), (16, 0.7855052947998047), (17, 0.697878360748291), (18, 0.5303522944450378), (19, 0.3147474229335785), (0, 0.899073600769043), (1, 0.5133365392684937), (2, 1.2376689910888672), (3, 0.4162525236606598), (4, 0.9241469502449036), (5, 1.020933985710144), (6, 0.859074592590332), (7, 0.8259736895561218), (8, 0.7231577634811401), (9, 0.45771998167037964), (10, 1.5659195184707642), (11, 0.866047203540802), (12, 0.7799324989318848), (13, 0.4649258255958557), (14, 1.2737772464752197), (15, 0.8011509776115417), (16, 0.5916484594345093), (17, 0.7830891609191895), (18, 0.7603338360786438), (19, 0.7154914736747742), (0, 1.1210567951202393), (1, 0.7548879384994507), (2, 0.674120306968689), (3, 0.6421942114830017), (4, 1.1240861415863037), (5, 0.5828334093093872), (6, 0.8581901788711548), (7, 0.9315993189811707), (8, 0.46409130096435547), (9, 0.6725685596466064), (10, 1.1749368906021118), (11, 0.8225099444389343), (12, 0.7819563150405884), (13, 0.6794136166572571), (14, 0.5318320989608765), (15, 0.8413270115852356), (16, 0.8832869529724121), (17, 0.539320170879364), (18, 1.5353782176971436), (19, 0.963115394115448), (0, 0.8045613169670105), (1, 0.5491210222244263), (2, 1.1464413404464722), (3, 0.7368831634521484), (4, 0.725196897983551), (5, 0.9660598039627075), (6, 1.0367664098739624), (7, 0.5514683127403259), (8, 0.6356091499328613), (9, 0.7116267681121826), (10, 0.9995886087417603), (11, 0.6478459239006042), (12, 0.8386527299880981), (13, 0.34713006019592285), (14, 0.5604298710823059), (15, 1.0401781797409058), (16, 0.965293288230896), (17, 1.045819878578186), (18, 1.206692099571228), (19, 1.1301556825637817), (0, 1.439227819442749), (1, 0.904280960559845), (2, 1.634547233581543), (3, 0.9529181718826294), (4, 1.1445204019546509), (5, 0.5036340951919556), (6, 0.6738048791885376), (7, 0.9296802282333374), (8, 1.3617041110992432), (9, 0.36120152473449707), (10, 0.38277363777160645), (11, 0.40548866987228394), (12, 0.5673638582229614), (13, 0.8364790081977844), (14, 0.5090371370315552), (15, 1.0387212038040161), (16, 0.7492935061454773), (17, 0.8649913668632507), (18, 0.622931957244873), (19, 0.5180981755256653), (0, 0.9407626986503601), (1, 0.5482562184333801), (2, 0.736646294593811), (3, 0.8589259386062622), (4, 1.091488242149353), (5, 0.556597113609314), (6, 0.7071161270141602), (7, 1.111257791519165), (8, 0.7274810075759888), (9, 0.7190860509872437), (10, 1.2746374607086182), (11, 0.7078983187675476), (12, 1.0708494186401367), (13, 0.7044490575790405), (14, 0.7562974095344543), (15, 0.554915726184845), (16, 1.0205285549163818), (17, 0.5488505959510803), (18, 1.0800268650054932), (19, 0.7956457734107971), (0, 0.5079541206359863), (1, 1.2611300945281982), (2, 0.36174291372299194), (3, 0.3967966139316559), (4, 1.320656180381775), (5, 0.7384288907051086), (6, 0.8391116261482239), (7, 0.7307534217834473), (8, 0.7328261137008667), (9, 0.7846879959106445), (10, 1.6039867401123047), (11, 0.9239648580551147), (12, 0.6986468434333801), (13, 0.9090755581855774), (14, 0.6922856569290161), (15, 1.0653760433197021), (16, 0.41083425283432007), (17, 0.748665452003479), (18, 0.79439777135849), (19, 1.1202290058135986), (0, 0.8970630764961243), (1, 1.040176510810852), (2, 0.9210128784179688), (3, 0.6635023355484009), (4, 0.7858631610870361), (5, 0.6998780369758606), (6, 0.865900993347168), (7, 0.5368641018867493), (8, 0.9156001806259155), (9, 0.8820385932922363), (10, 0.8818116188049316), (11, 0.7106311917304993), (12, 0.9609154462814331), (13, 0.5295095443725586), (14, 1.3851697444915771), (15, 0.6558188199996948), (16, 0.7113410234451294), (17, 0.401773065328598), (18, 1.2892121076583862), (19, 0.7656262516975403), (0, 1.105143427848816), (1, 0.7872102856636047), (2, 0.6213222742080688), (3, 0.7250281572341919), (4, 0.9053927659988403), (5, 1.8240448236465454), (6, 0.5534704923629761), (7, 0.5891189575195312), (8, 0.878414511680603), (9, 0.7670685052871704), (10, 0.5652197003364563), (11, 1.0031781196594238), (12, 0.3986964523792267), (13, 0.8515612483024597), (14, 0.48435527086257935), (15, 0.7475454211235046), (16, 1.4642728567123413), (17, 0.5469029545783997), (18, 0.6744416952133179), (19, 1.1684510707855225), (0, 0.8887020945549011), (1, 1.1655933856964111), (2, 0.9218764305114746), (3, 1.046208381652832), (4, 0.6188903450965881), (5, 0.7347051501274109), (6, 1.0958902835845947), (7, 1.2026594877243042), (8, 1.1147668361663818), (9, 0.6440349817276001), (10, 1.0249305963516235), (11, 0.6483511924743652), (12, 0.9496111869812012), (13, 0.6165961027145386), (14, 0.4481534957885742), (15, 0.9634855389595032), (16, 0.6080942749977112), (17, 0.6743727922439575), (18, 0.5657619833946228), (19, 0.43462279438972473), (0, 0.5505496859550476), (1, 0.8123288154602051), (2, 0.858019232749939), (3, 0.5266897678375244), (4, 1.4301625490188599), (5, 0.803658127784729), (6, 0.9455918073654175), (7, 1.0004870891571045), (8, 0.8811885714530945), (9, 0.6709820628166199), (10, 0.6530312299728394), (11, 0.597378134727478), (12, 1.1410547494888306), (13, 0.6630910038948059), (14, 0.7059651017189026), (15, 1.192845106124878), (16, 1.0377975702285767), (17, 0.7442911267280579), (18, 0.5625866651535034), (19, 0.6929330229759216), (0, 1.286960482597351), (1, 0.9469833374023438), (2, 0.9732189178466797), (3, 0.5872705578804016), (4, 0.6982241868972778), (5, 0.5010792016983032), (6, 1.1358540058135986), (7, 0.7441002726554871), (8, 0.9112036824226379), (9, 0.57142573595047), (10, 0.6649083495140076), (11, 0.6736598610877991), (12, 0.8641805648803711), (13, 1.2021856307983398), (14, 0.38453513383865356), (15, 0.6078817248344421), (16, 0.9010734558105469), (17, 1.3311631679534912), (18, 0.7922024726867676), (19, 0.6922460198402405), (0, 0.4891049265861511), (1, 1.1011003255844116), (2, 1.1218931674957275), (3, 1.1748828887939453), (4, 1.1618930101394653), (5, 0.8625169992446899), (6, 0.4446501135826111), (7, 0.8060633540153503), (8, 0.793330192565918), (9, 0.4046427607536316), (10, 0.5979611277580261), (11, 0.45573893189430237), (12, 1.3311302661895752), (13, 1.0518993139266968), (14, 1.0006086826324463), (15, 0.4212331771850586), (16, 0.9157459139823914), (17, 0.8178216814994812), (18, 0.9933223724365234), (19, 0.4131985902786255), (0, 0.9392694234848022), (1, 0.3248886466026306), (2, 0.4251611828804016), (3, 0.8417927026748657), (4, 0.6977828741073608), (5, 1.2580772638320923), (6, 0.8016372919082642), (7, 0.8370811343193054), (8, 0.8570808172225952), (9, 0.9161708950996399), (10, 0.7376409769058228), (11, 0.812914252281189), (12, 0.6980829238891602), (13, 0.9430802464485168), (14, 0.6873380541801453), (15, 0.8400317430496216), (16, 0.7370968461036682), (17, 0.9587631225585938), (18, 1.1918613910675049), (19, 1.146178126335144), (0, 0.8366174697875977), (1, 0.7484413385391235), (2, 1.15920889377594), (3, 1.116396188735962), (4, 0.5268685221672058), (5, 0.46609658002853394), (6, 0.7907742857933044), (7, 1.129349708557129), (8, 1.190608263015747), (9, 0.6575352549552917), (10, 0.8895596265792847), (11, 0.9211878776550293), (12, 1.0024912357330322), (13, 0.7537726163864136), (14, 0.7253230810165405), (15, 0.48204103112220764), (16, 1.0845940113067627), (17, 0.5318399667739868), (18, 0.592348575592041), (19, 0.9806731343269348), (0, 0.900887131690979), (1, 0.8269115686416626), (2, 0.9065979719161987), (3, 1.184628963470459), (4, 0.6375840306282043), (5, 0.5090513825416565), (6, 0.8280021548271179), (7, 0.9341714978218079), (8, 0.7611657977104187), (9, 0.8557024002075195), (10, 0.7339099645614624), (11, 0.9546834230422974), (12, 0.5077000856399536), (13, 0.7549270391464233), (14, 0.7888346910476685), (15, 0.990437388420105), (16, 0.8586405515670776), (17, 0.6086015701293945), (18, 1.0181418657302856), (19, 1.0547984838485718), (0, 0.9616909027099609), (1, 0.8147577047348022), (2, 0.5081576704978943), (3, 0.8493976593017578), (4, 0.7782812714576721), (5, 1.0388177633285522), (6, 0.5898392200469971), (7, 0.7795803546905518), (8, 0.8998585939407349), (9, 0.3337859511375427), (10, 1.3289644718170166), (11, 0.9324455261230469), (12, 0.5318572521209717), (13, 0.43741661310195923), (14, 0.5179173350334167), (15, 0.8628963232040405), (16, 0.9956268072128296), (17, 1.3195459842681885), (18, 0.8674801588058472), (19, 1.408568024635315), (0, 0.8691946864128113), (1, 0.5980485081672668), (2, 1.2170801162719727), (3, 0.522089958190918), (4, 0.8132182955741882), (5, 1.0707441568374634), (6, 0.9806481599807739), (7, 0.4551420211791992), (8, 0.817736029624939), (9, 0.7925216555595398), (10, 0.5783413648605347), (11, 0.6894780397415161), (12, 0.670195460319519), (13, 0.8217946290969849), (14, 0.721969723701477), (15, 1.1217013597488403), (16, 1.1198527812957764), (17, 0.9831025004386902), (18, 0.7707239985466003), (19, 0.9664586186408997), (0, 0.526296854019165), (1, 1.3247829675674438), (2, 0.7186026573181152), (3, 0.8460985422134399), (4, 0.7372716665267944), (5, 0.9738003015518188), (6, 0.8055311441421509), (7, 0.6421089768409729), (8, 0.8285840153694153), (9, 0.7277910113334656), (10, 0.847944438457489), (11, 0.687640368938446), (12, 0.40876150131225586), (13, 0.7399501800537109), (14, 1.0764442682266235), (15, 1.1575285196304321), (16, 0.9549967646598816), (17, 0.45289450883865356), (18, 1.2049458026885986), (19, 0.8858070373535156), (0, 0.708407998085022), (1, 0.6747788190841675), (2, 0.6869246363639832), (3, 0.812383770942688), (4, 0.970514178276062), (5, 0.9476243853569031), (6, 1.2830584049224854), (7, 0.6274939179420471), (8, 0.9565825462341309), (9, 1.0739845037460327), (10, 0.6559686660766602), (11, 0.6292542815208435), (12, 0.7155792713165283), (13, 0.9237090945243835), (14, 0.36970943212509155), (15, 0.6979528665542603), (16, 0.6604499816894531), (17, 1.180408239364624), (18, 0.6059044003486633), (19, 1.6879481077194214), (0, 0.7696561813354492), (1, 1.0959104299545288), (2, 0.5763950347900391), (3, 0.745532214641571), (4, 0.6461120247840881), (5, 0.5027424693107605), (6, 0.9941577911376953), (7, 0.7400047779083252), (8, 0.8760190010070801), (9, 1.645043969154358), (10, 0.721147358417511), (11, 1.2124104499816895), (12, 0.7558680772781372), (13, 1.4156394004821777), (14, 0.715758204460144), (15, 0.5000883340835571), (16, 0.46570053696632385), (17, 0.6225294470787048), (18, 0.7583805322647095), (19, 0.7239367961883545), (0, 0.6337877511978149), (1, 0.9370363354682922), (2, 0.9611073732376099), (3, 1.0499012470245361), (4, 0.43329834938049316), (5, 0.7072916030883789), (6, 0.49018627405166626), (7, 0.33622199296951294), (8, 1.1078327894210815), (9, 1.0939688682556152), (10, 0.809616208076477), (11, 1.1126829385757446), (12, 0.574396014213562), (13, 0.6899802684783936), (14, 0.9909268617630005), (15, 1.2233593463897705), (16, 0.7846894264221191), (17, 0.7954384684562683), (18, 1.0315831899642944), (19, 0.7169222831726074), (0, 0.5817798376083374), (1, 1.1457263231277466), (2, 0.7028813362121582), (3, 0.8097214698791504), (4, 1.0521132946014404), (5, 0.7565506100654602), (6, 1.1525986194610596), (7, 1.0265495777130127), (8, 0.7412754893302917), (9, 0.5897023677825928), (10, 0.9929210543632507), (11, 0.9459055066108704), (12, 0.8344225883483887), (13, 0.9938691258430481), (14, 0.7425692677497864), (15, 0.8356064558029175), (16, 0.6843931078910828), (17, 0.5213955640792847), (18, 0.7866533994674683), (19, 0.4947054386138916), (0, 0.5651389360427856), (1, 0.6842433214187622), (2, 1.024224042892456), (3, 0.8338750600814819), (4, 0.5800948739051819), (5, 0.9051212072372437), (6, 1.6548579931259155), (7, 1.237120270729065), (8, 0.5002549886703491), (9, 0.9700176119804382), (10, 0.633058488368988), (11, 0.5474754571914673), (12, 1.2547197341918945), (13, 0.5066971778869629), (14, 0.43873101472854614), (15, 0.8491266965866089), (16, 0.7488805651664734), (17, 0.9730445146560669), (18, 0.7523645162582397), (19, 0.8906865119934082), (0, 0.9765270948410034), (1, 0.5377426743507385), (2, 0.612392246723175), (3, 0.565975546836853), (4, 0.675247073173523), (5, 1.0268800258636475), (6, 0.9228063821792603), (7, 0.5755974054336548), (8, 0.6051784157752991), (9, 1.1231772899627686), (10, 0.7790567278862), (11, 1.1834795475006104), (12, 0.6050398945808411), (13, 0.7705047130584717), (14, 0.6373597979545593), (15, 1.1940745115280151), (16, 0.7749354243278503), (17, 1.1130940914154053), (18, 1.0716191530227661), (19, 0.7379505038261414), (0, 0.879808783531189), (1, 1.2948907613754272), (2, 0.8120260238647461), (3, 0.8974065780639648), (4, 0.7742294073104858), (5, 0.7419947385787964), (6, 0.9319781064987183), (7, 1.12823486328125), (8, 0.410287469625473), (9, 0.7636955380439758), (10, 0.8117635846138), (11, 0.6706818342208862), (12, 0.517057478427887), (13, 0.6746678352355957), (14, 1.1430590152740479), (15, 0.9006129503250122), (16, 0.7751215100288391), (17, 1.1213442087173462), (18, 0.7298696041107178), (19, 0.35788026452064514), (0, 1.040209412574768), (1, 0.571581244468689), (2, 1.0826961994171143), (3, 0.5138658285140991), (4, 0.7444072961807251), (5, 1.0893886089324951), (6, 0.6157736778259277), (7, 0.823615550994873), (8, 0.5328249931335449), (9, 0.5313295125961304), (10, 1.114380121231079), (11, 1.1133227348327637), (12, 0.880721926689148), (13, 0.8530300259590149), (14, 0.5310062170028687), (15, 0.47117701172828674), (16, 1.1975599527359009), (17, 1.070703387260437), (18, 1.0463733673095703), (19, 0.6158189177513123), (0, 0.5449529886245728), (1, 0.7809845805168152), (2, 0.841914176940918), (3, 0.969471275806427), (4, 1.005578875541687), (5, 0.7633618116378784), (6, 1.1774132251739502), (7, 0.8501603007316589), (8, 0.591232180595398), (9, 0.8631490468978882), (10, 0.8808601498603821), (11, 0.9454631805419922), (12, 0.9359161257743835), (13, 0.9054073095321655), (14, 0.6782482862472534), (15, 1.2416605949401855), (16, 0.7986783385276794), (17, 0.45980262756347656), (18, 0.712771475315094), (19, 0.41071924567222595), (0, 1.2741010189056396), (1, 0.3577313721179962), (2, 0.6275637149810791), (3, 0.6623378992080688), (4, 0.8607476949691772), (5, 0.5246597528457642), (6, 1.0663061141967773), (7, 1.0807894468307495), (8, 1.3912999629974365), (9, 0.449360191822052), (10, 1.2952615022659302), (11, 0.9410136342048645), (12, 0.5837043523788452), (13, 0.5302349925041199), (14, 1.1584765911102295), (15, 0.737584114074707), (16, 0.623012900352478), (17, 1.1033722162246704), (18, 0.39655056595802307), (19, 0.8822507858276367), (0, 0.8617350459098816), (1, 1.0286532640457153), (2, 1.0167115926742554), (3, 0.7797583341598511), (4, 0.5869513750076294), (5, 0.6716583967208862), (6, 0.8162549138069153), (7, 0.4260779321193695), (8, 0.6229530572891235), (9, 1.0874402523040771), (10, 0.4102257788181305), (11, 0.9621793627738953), (12, 0.513236403465271), (13, 0.88545161485672), (14, 1.2765390872955322), (15, 0.6566482186317444), (16, 1.4518928527832031), (17, 0.8032784461975098), (18, 0.9689096212387085), (19, 0.6115052700042725), (0, 1.4764454364776611), (1, 0.6637011766433716), (2, 0.84400475025177), (3, 0.6194239854812622), (4, 1.4413353204727173), (5, 0.5788282155990601), (6, 0.9406681060791016), (7, 1.0388834476470947), (8, 0.7374719977378845), (9, 1.0642629861831665), (10, 0.8661344647407532), (11, 0.6073700785636902), (12, 0.4275309443473816), (13, 0.49071136116981506), (14, 0.9330646395683289), (15, 0.9321637153625488), (16, 0.6674991846084595), (17, 0.8168187141418457), (18, 0.49482518434524536), (19, 0.9205247759819031), (0, 0.6360392570495605), (1, 0.658044159412384), (2, 0.5286659598350525), (3, 1.088442087173462), (4, 0.7821062207221985), (5, 1.2179871797561646), (6, 0.6730819344520569), (7, 1.0209743976593018), (8, 0.8444762229919434), (9, 1.036313772201538), (10, 0.7363091707229614), (11, 0.5521230697631836), (12, 0.7745410203933716), (13, 0.9315174221992493), (14, 1.170313835144043), (15, 0.6991449594497681), (16, 0.47464752197265625), (17, 0.545721173286438), (18, 1.475292682647705), (19, 0.5795279145240784), (0, 1.1602966785430908), (1, 0.5619680285453796), (2, 0.47951778769493103), (3, 0.7003037333488464), (4, 0.7174707651138306), (5, 0.9941900968551636), (6, 0.9298513531684875), (7, 0.7818052768707275), (8, 1.1548213958740234), (9, 0.6762687563896179), (10, 0.6779662370681763), (11, 0.8058298230171204), (12, 1.0513110160827637), (13, 0.5194153785705566), (14, 0.9744963645935059), (15, 0.6691613793373108), (16, 0.8352108001708984), (17, 0.7748430967330933), (18, 0.7511240839958191), (19, 1.629343867301941), (0, 0.6320945024490356), (1, 0.670325517654419), (2, 0.4097645878791809), (3, 0.9443632364273071), (4, 1.244286060333252), (5, 0.7048829793930054), (6, 0.6201164126396179), (7, 0.5718358755111694), (8, 1.6710026264190674), (9, 0.5163289308547974), (10, 1.0594688653945923), (11, 0.7604687809944153), (12, 0.8157442808151245), (13, 0.6973727941513062), (14, 0.9716049432754517), (15, 0.5004968047142029), (16, 0.6666916608810425), (17, 1.3801888227462769), (18, 0.747218906879425), (19, 1.0153363943099976), (0, 0.6938421130180359), (1, 1.0970083475112915), (2, 1.0121345520019531), (3, 0.8729206323623657), (4, 1.1126408576965332), (5, 0.8605316281318665), (6, 0.5806017518043518), (7, 0.9632766842842102), (8, 0.7868719696998596), (9, 0.8131343722343445), (10, 1.0391337871551514), (11, 0.3763960599899292), (12, 0.7398825883865356), (13, 0.6003394722938538), (14, 0.8393095135688782), (15, 0.6655298471450806), (16, 0.993458092212677), (17, 0.6778464317321777), (18, 0.7419190406799316), (19, 1.2111347913742065), (0, 0.7069432735443115), (1, 0.7451627850532532), (2, 1.0013682842254639), (3, 1.1604169607162476), (4, 1.3295261859893799), (5, 0.7094423174858093), (6, 1.325039029121399), (7, 0.894007682800293), (8, 0.5581125020980835), (9, 0.8939606547355652), (10, 0.38803306221961975), (11, 0.4953886866569519), (12, 0.7954513430595398), (13, 0.6640254855155945), (14, 0.6420830488204956), (15, 0.8541213870048523), (16, 1.0034399032592773), (17, 0.9817957878112793), (18, 0.8513021469116211), (19, 0.3230632245540619), (0, 1.1662847995758057), (1, 1.1565974950790405), (2, 1.208561897277832), (3, 0.7871366143226624), (4, 0.7800028324127197), (5, 0.656338095664978), (6, 0.8491976857185364), (7, 0.7775832414627075), (8, 0.6931699514389038), (9, 0.8967581987380981), (10, 0.7198742628097534), (11, 0.5625914335250854), (12, 1.0057756900787354), (13, 1.0305979251861572), (14, 0.7807995676994324), (15, 0.6212536096572876), (16, 0.4590590000152588), (17, 0.5726831555366516), (18, 0.9049588441848755), (19, 0.9403901696205139), (0, 0.7737998962402344), (1, 0.8285009264945984), (2, 1.153665542602539), (3, 0.7106983065605164), (4, 0.531135082244873), (5, 0.9147739410400391), (6, 0.9405487179756165), (7, 0.5596014261245728), (8, 0.901782214641571), (9, 1.0624330043792725), (10, 0.8857177495956421), (11, 0.7660292387008667), (12, 0.7301707863807678), (13, 0.9344199895858765), (14, 0.6395163536071777), (15, 0.6801801919937134), (16, 0.9768199920654297), (17, 0.6018194556236267), (18, 1.3037161827087402), (19, 0.49688148498535156), (0, 0.9315787553787231), (1, 0.6480535864830017), (2, 1.7209974527359009), (3, 1.1173880100250244), (4, 1.0114552974700928), (5, 1.044975757598877), (6, 0.699202835559845), (7, 0.7014080286026001), (8, 0.7604533433914185), (9, 0.6104155778884888), (10, 0.8929917216300964), (11, 0.40771323442459106), (12, 0.3846370279788971), (13, 0.7055352330207825), (14, 0.629267692565918), (15, 1.0492643117904663), (16, 1.1758625507354736), (17, 0.37928858399391174), (18, 0.856664776802063), (19, 0.7771747708320618), (0, 0.6228597164154053), (1, 0.5977367162704468), (2, 0.8000016212463379), (3, 0.7032567858695984), (4, 0.6833844780921936), (5, 0.9842089414596558), (6, 1.3068572282791138), (7, 0.4869462549686432), (8, 0.906812310218811), (9, 1.5687477588653564), (10, 0.8491243124008179), (11, 0.5121036171913147), (12, 0.4872964024543762), (13, 0.7960808277130127), (14, 0.7854717373847961), (15, 0.729211688041687), (16, 0.6058226823806763), (17, 1.47073233127594), (18, 1.0046066045761108), (19, 0.4869934320449829), (0, 0.6107415556907654), (1, 1.255738615989685), (2, 0.7748501896858215), (3, 1.1301488876342773), (4, 0.7328459024429321), (5, 0.5272413492202759), (6, 0.8251399993896484), (7, 0.7613275647163391), (8, 1.2920057773590088), (9, 0.6435846090316772), (10, 1.1906921863555908), (11, 0.7497018575668335), (12, 0.6828627586364746), (13, 0.5464007258415222), (14, 0.6500557065010071), (15, 0.7837637066841125), (16, 0.8923584818840027), (17, 1.0019716024398804), (18, 0.7188382148742676), (19, 0.7053148746490479), (0, 0.837804913520813), (1, 0.7171527147293091), (2, 1.254557728767395), (3, 1.0923292636871338), (4, 0.9309328198432922), (5, 0.5469106435775757), (6, 1.6843223571777344), (7, 0.7073719501495361), (8, 0.7294710278511047), (9, 0.6123687624931335), (10, 0.8886474370956421), (11, 0.740441620349884), (12, 0.3612608313560486), (13, 0.5498502254486084), (14, 0.7756168246269226), (15, 0.8217622637748718), (16, 0.98994380235672), (17, 0.9375370740890503), (18, 0.6182988286018372), (19, 0.6614618301391602), (0, 0.791898250579834), (1, 1.0400141477584839), (2, 0.7273741364479065), (3, 1.0559344291687012), (4, 0.7756472229957581), (5, 0.7707451581954956), (6, 0.7099950909614563), (7, 1.1573317050933838), (8, 1.0077321529388428), (9, 0.5529245734214783), (10, 1.0364395380020142), (11, 0.7303459048271179), (12, 0.37627968192100525), (13, 0.9437781572341919), (14, 0.41217607259750366), (15, 0.6402541399002075), (16, 1.3625761270523071), (17, 0.8445067405700684), (18, 0.7480296492576599), (19, 0.8491260409355164), (0, 0.7889865636825562), (1, 0.831982433795929), (2, 0.6836878657341003), (3, 0.9169265031814575), (4, 0.46475791931152344), (5, 1.0277302265167236), (6, 0.6236282587051392), (7, 0.6797109842300415), (8, 1.4039064645767212), (9, 1.2581737041473389), (10, 1.0407512187957764), (11, 0.8030663728713989), (12, 0.7093569040298462), (13, 0.4407506585121155), (14, 1.1624468564987183), (15, 0.41386595368385315), (16, 0.6342253684997559), (17, 0.7379328012466431), (18, 1.0030966997146606), (19, 0.9474579691886902), (0, 0.9976028203964233), (1, 0.8221409916877747), (2, 0.8555919528007507), (3, 0.925062358379364), (4, 1.0207899808883667), (5, 1.1967679262161255), (6, 0.5487953424453735), (7, 0.8961129188537598), (8, 0.7025378942489624), (9, 0.8339381217956543), (10, 0.94279545545578), (11, 0.7513327598571777), (12, 0.4017609655857086), (13, 1.19991934299469), (14, 0.7679036855697632), (15, 0.841863751411438), (16, 1.0681898593902588), (17, 0.7166167497634888), (18, 0.4304976463317871), (19, 0.45539626479148865), (0, 0.6721684336662292), (1, 0.6538994908332825), (2, 0.8066051602363586), (3, 0.844526469707489), (4, 1.029088020324707), (5, 0.8837461471557617), (6, 0.8466473817825317), (7, 0.7579195499420166), (8, 0.5557783246040344), (9, 1.4014689922332764), (10, 0.7849889993667603), (11, 0.6903080940246582), (12, 1.000361442565918), (13, 1.0038509368896484), (14, 0.6807852387428284), (15, 0.5178866982460022), (16, 0.8997284173965454), (17, 0.6690880060195923), (18, 1.1367900371551514), (19, 0.5963707566261292), (0, 0.4546962380409241), (1, 0.7881004214286804), (2, 0.558977484703064), (3, 0.5255090594291687), (4, 0.8928998708724976), (5, 1.2593438625335693), (6, 0.8523236513137817), (7, 0.7415476441383362), (8, 0.923413097858429), (9, 0.6889086365699768), (10, 0.5913634300231934), (11, 1.2088056802749634), (12, 1.108207106590271), (13, 0.6683632135391235), (14, 0.7905691862106323), (15, 1.0142662525177002), (16, 1.022269606590271), (17, 0.5601662397384644), (18, 0.7608465552330017), (19, 1.3048015832901), (0, 0.7157309651374817), (1, 0.6208173036575317), (2, 0.8625872731208801), (3, 1.2832297086715698), (4, 0.9919888377189636), (5, 0.6826014518737793), (6, 1.0367192029953003), (7, 0.7594677209854126), (8, 0.9882051348686218), (9, 0.43952593207359314), (10, 0.3847167491912842), (11, 0.6045326590538025), (12, 0.8858242034912109), (13, 0.6919531226158142), (14, 0.8448655009269714), (15, 0.7785667777061462), (16, 0.7874409556388855), (17, 1.092050313949585), (18, 0.7310093641281128), (19, 1.6860418319702148), (0, 0.7038801908493042), (1, 0.89625483751297), (2, 1.133630394935608), (3, 0.9560930132865906), (4, 0.8655845522880554), (5, 0.6879361867904663), (6, 0.6665943264961243), (7, 0.5845427513122559), (8, 0.6454191207885742), (9, 0.6122780442237854), (10, 0.803729236125946), (11, 0.6938818693161011), (12, 0.6790603995323181), (13, 1.2792562246322632), (14, 0.9654642343521118), (15, 1.0854766368865967), (16, 0.5297133326530457), (17, 1.4101336002349854), (18, 0.7130826711654663), (19, 0.4690781831741333), (0, 0.8383941650390625), (1, 0.730259120464325), (2, 0.39985391497612), (3, 0.8189319372177124), (4, 1.121696949005127), (5, 0.4324861168861389), (6, 1.0701991319656372), (7, 1.3453402519226074), (8, 0.8455833196640015), (9, 0.7044131755828857), (10, 0.7084099054336548), (11, 0.7266667485237122), (12, 0.9138637781143188), (13, 0.627034068107605), (14, 0.5490522980690002), (15, 1.0176304578781128), (16, 0.8247262835502625), (17, 0.9593620300292969), (18, 0.7902272343635559), (19, 1.2822123765945435), (0, 0.7557557225227356), (1, 0.4246949553489685), (2, 0.42757001519203186), (3, 0.97511225938797), (4, 0.8417292833328247), (5, 1.2176685333251953), (6, 0.8900696635246277), (7, 0.7774968147277832), (8, 0.9176772832870483), (9, 1.4528464078903198), (10, 1.521172046661377), (11, 0.6626651287078857), (12, 0.44373488426208496), (13, 0.8920742273330688), (14, 0.5403909683227539), (15, 1.0888562202453613), (16, 0.33078598976135254), (17, 1.0482304096221924), (18, 0.3312758803367615), (19, 1.0894194841384888), (0, 1.0668281316757202), (1, 0.4127158224582672), (2, 0.9233015775680542), (3, 1.1538680791854858), (4, 0.8704740405082703), (5, 1.0991467237472534), (6, 0.49288734793663025), (7, 1.2839689254760742), (8, 0.7657220363616943), (9, 0.5930780172348022), (10, 0.8090589642524719), (11, 0.4834739565849304), (12, 1.0367157459259033), (13, 0.9360547065734863), (14, 0.6342309713363647), (15, 0.49410977959632874), (16, 1.0556868314743042), (17, 0.7858441472053528), (18, 0.8095105886459351), (19, 0.8113024830818176), (0, 0.7441012263298035), (1, 0.8348174095153809), (2, 0.7810276746749878), (3, 0.7222324013710022), (4, 0.5142468810081482), (5, 0.7175267934799194), (6, 1.3429107666015625), (7, 1.3999407291412354), (8, 0.8718522787094116), (9, 0.898577868938446), (10, 1.1273720264434814), (11, 0.7504423260688782), (12, 0.8166689872741699), (13, 0.7064822912216187), (14, 1.2021249532699585), (15, 0.6791874766349792), (16, 0.8147537112236023), (17, 0.43644651770591736), (18, 0.5874407291412354), (19, 0.40884217619895935), (0, 0.5653949975967407), (1, 0.5949549674987793), (2, 0.6276063919067383), (3, 0.5489646792411804), (4, 0.8864294290542603), (5, 0.5965163111686707), (6, 1.2341392040252686), (7, 1.0573666095733643), (8, 0.9842842221260071), (9, 0.7833110094070435), (10, 0.8846877217292786), (11, 1.505859136581421), (12, 0.2832257151603699), (13, 0.88841712474823), (14, 1.20135498046875), (15, 0.6853160858154297), (16, 0.6395541429519653), (17, 0.8330889940261841), (18, 0.6997829079627991), (19, 1.1553398370742798), (0, 0.8929937481880188), (1, 0.5038824677467346), (2, 0.7170785665512085), (3, 0.8766463398933411), (4, 1.5164579153060913), (5, 0.6353808641433716), (6, 0.3568264842033386), (7, 0.7573715448379517), (8, 0.8170244097709656), (9, 0.8302119374275208), (10, 0.6529455184936523), (11, 0.952501654624939), (12, 0.898553192615509), (13, 0.9758137464523315), (14, 1.4375712871551514), (15, 0.9808618426322937), (16, 0.47100338339805603), (17, 0.8268950581550598), (18, 0.6578810811042786), (19, 0.7259287238121033), (0, 0.8240262866020203), (1, 1.1028804779052734), (2, 0.569754421710968), (3, 0.7260307669639587), (4, 0.5224568247795105), (5, 0.6359902620315552), (6, 0.5270172357559204), (7, 1.3922183513641357), (8, 0.7839441895484924), (9, 0.9756328463554382), (10, 0.7852700352668762), (11, 0.884739875793457), (12, 0.976601243019104), (13, 0.4724958539009094), (14, 1.0079962015151978), (15, 1.088364839553833), (16, 0.6709855794906616), (17, 0.5191187262535095), (18, 0.708450436592102), (19, 1.699140191078186), (0, 0.934925377368927), (1, 0.4806212782859802), (2, 1.2666432857513428), (3, 1.0431503057479858), (4, 0.836125373840332), (5, 0.6247104406356812), (6, 0.273925244808197), (7, 0.5483218431472778), (8, 1.0114692449569702), (9, 0.6401787996292114), (10, 0.6961368918418884), (11, 0.9838306307792664), (12, 0.9602273106575012), (13, 0.9821492433547974), (14, 0.70698082447052), (15, 1.0101981163024902), (16, 1.2313928604125977), (17, 0.9693785905838013), (18, 0.7516219019889832), (19, 0.40245091915130615), (0, 0.6537099480628967), (1, 0.7201417684555054), (2, 0.9355437159538269), (3, 1.0334057807922363), (4, 0.45634597539901733), (5, 0.616335391998291), (6, 0.5824027061462402), (7, 1.0998073816299438), (8, 0.7455607652664185), (9, 0.7831405401229858), (10, 0.6417255401611328), (11, 0.9530171155929565), (12, 0.8537811040878296), (13, 0.808957576751709), (14, 1.3486734628677368), (15, 1.2090190649032593), (16, 0.5913013219833374), (17, 0.7032562494277954), (18, 0.8531330227851868), (19, 1.0069994926452637), (0, 0.35432273149490356), (1, 0.8598200082778931), (2, 0.5942085981369019), (3, 1.0462162494659424), (4, 0.7794633507728577), (5, 0.723755955696106), (6, 0.8385002017021179), (7, 1.027540922164917), (8, 1.0567728281021118), (9, 0.8054548501968384), (10, 1.1441237926483154), (11, 0.5559744238853455), (12, 0.622403621673584), (13, 0.93670654296875), (14, 1.0348314046859741), (15, 0.9505900144577026), (16, 0.8351628184318542), (17, 1.2151094675064087), (18, 0.5437085032463074), (19, 0.4479867219924927), (0, 0.7654140591621399), (1, 1.1750739812850952), (2, 0.9243068695068359), (3, 0.89750736951828), (4, 1.2704567909240723), (5, 0.6593950390815735), (6, 1.084469199180603), (7, 0.6473089456558228), (8, 0.5810885429382324), (9, 1.1357662677764893), (10, 1.276616096496582), (11, 0.6699856519699097), (12, 0.7197586894035339), (13, 0.39457398653030396), (14, 0.8253371119499207), (15, 0.6203030943870544), (16, 0.9474056363105774), (17, 0.705903172492981), (18, 0.6612952351570129), (19, 0.38582098484039307), (0, 0.7093726992607117), (1, 0.7799890041351318), (2, 0.6692174673080444), (3, 0.5390723943710327), (4, 0.9522334933280945), (5, 0.8449045419692993), (6, 1.1230509281158447), (7, 0.9802190065383911), (8, 0.6676238179206848), (9, 1.0343406200408936), (10, 0.6017372012138367), (11, 1.0089985132217407), (12, 0.9244146347045898), (13, 0.7651313543319702), (14, 0.8261193037033081), (15, 0.6876752376556396), (16, 1.1496421098709106), (17, 0.8762642741203308), (18, 0.3345767557621002), (19, 1.1981253623962402), (0, 0.3326059877872467), (1, 1.1438542604446411), (2, 0.8292216062545776), (3, 0.719112753868103), (4, 1.0769374370574951), (5, 0.5608737468719482), (6, 0.8322299718856812), (7, 1.2804787158966064), (8, 0.9711030721664429), (9, 0.8825565576553345), (10, 0.9802404642105103), (11, 0.8048086166381836), (12, 0.4057590961456299), (13, 0.7486704587936401), (14, 1.1062637567520142), (15, 1.1559371948242188), (16, 0.7409998178482056), (17, 0.7407395839691162), (18, 0.46376752853393555), (19, 0.695496141910553), (0, 1.4249827861785889), (1, 0.757698118686676), (2, 0.8085211515426636), (3, 0.8298894762992859), (4, 0.8144187927246094), (5, 0.5907760858535767), (6, 0.9743492007255554), (7, 0.8256760835647583), (8, 0.6086186170578003), (9, 0.5696218609809875), (10, 0.4326764643192291), (11, 0.7259817719459534), (12, 0.6635038256645203), (13, 0.6567679643630981), (14, 0.9984658360481262), (15, 1.1168034076690674), (16, 0.8477388620376587), (17, 0.7811950445175171), (18, 0.9471806287765503), (19, 1.3643202781677246), (0, 0.9439346194267273), (1, 1.007635474205017), (2, 1.13226318359375), (3, 0.41261497139930725), (4, 1.0134155750274658), (5, 0.49297723174095154), (6, 0.682923436164856), (7, 0.7077039480209351), (8, 0.7502580881118774), (9, 1.1771295070648193), (10, 0.9384080171585083), (11, 0.9123325347900391), (12, 0.4419052004814148), (13, 0.777107834815979), (14, 0.8173112869262695), (15, 0.6925703287124634), (16, 1.1491061449050903), (17, 0.8218048214912415), (18, 0.947994589805603), (19, 0.6234360933303833), (0, 0.501571774482727), (1, 0.9471080899238586), (2, 0.29447898268699646), (3, 1.3763539791107178), (4, 0.8409347534179688), (5, 1.0570220947265625), (6, 0.6659448146820068), (7, 0.7517420053482056), (8, 0.8816879391670227), (9, 0.7686052918434143), (10, 1.2158058881759644), (11, 0.6665632724761963), (12, 0.5949078798294067), (13, 0.5557204484939575), (14, 0.7283177971839905), (15, 0.909609317779541), (16, 1.0680698156356812), (17, 1.0256798267364502), (18, 0.6907987594604492), (19, 1.0875589847564697), (0, 0.8669151067733765), (1, 0.7906750440597534), (2, 0.7977240085601807), (3, 1.4281644821166992), (4, 1.092491865158081), (5, 0.48457974195480347), (6, 0.5904015302658081), (7, 0.8802944421768188), (8, 0.5272730588912964), (9, 0.7843383550643921), (10, 0.6907873749732971), (11, 1.4331865310668945), (12, 0.8043212890625), (13, 0.6408475041389465), (14, 0.7573493719100952), (15, 0.685695469379425), (16, 0.6188690066337585), (17, 0.9339476823806763), (18, 0.865601658821106), (19, 0.8666579723358154), (0, 0.9096322059631348), (1, 1.0855076313018799), (2, 1.0463812351226807), (3, 0.6336718797683716), (4, 1.3760886192321777), (5, 0.6110231280326843), (6, 0.7505472302436829), (7, 0.6457737684249878), (8, 1.017047643661499), (9, 0.6108338236808777), (10, 0.7089059948921204), (11, 0.8202759027481079), (12, 0.6799666881561279), (13, 0.8940261602401733), (14, 0.5973007678985596), (15, 0.9362499117851257), (16, 0.9491020441055298), (17, 0.8228853344917297), (18, 0.8470138311386108), (19, 0.4187072515487671), (0, 0.928889274597168), (1, 0.8830263018608093), (2, 0.6713157892227173), (3, 1.1906440258026123), (4, 0.8945533633232117), (5, 0.9735492467880249), (6, 1.038578987121582), (7, 1.3522754907608032), (8, 0.6515710353851318), (9, 0.6936765313148499), (10, 0.7697690725326538), (11, 0.8391421437263489), (12, 0.5964449644088745), (13, 0.7606542706489563), (14, 0.6852925419807434), (15, 0.5402227640151978), (16, 0.9370570182800293), (17, 0.3675357699394226), (18, 1.095788598060608), (19, 0.5391187071800232), (0, 0.7532721757888794), (1, 0.7982908487319946), (2, 1.0804795026779175), (3, 0.4718361794948578), (4, 0.8353964686393738), (5, 0.8275078535079956), (6, 0.58870929479599), (7, 0.8603625297546387), (8, 1.0015738010406494), (9, 0.6833575367927551), (10, 0.988753616809845), (11, 1.6391618251800537), (12, 0.9393621683120728), (13, 0.6873297095298767), (14, 0.599673330783844), (15, 0.656607985496521), (16, 0.5268653631210327), (17, 0.6861885190010071), (18, 1.3537814617156982), (19, 0.35824668407440186), (0, 0.5538752675056458), (1, 1.057354211807251), (2, 0.9784495234489441), (3, 0.7697451710700989), (4, 1.2273744344711304), (5, 0.8327977061271667), (6, 1.019583821296692), (7, 0.4584599435329437), (8, 0.5995849967002869), (9, 0.45903533697128296), (10, 0.8350793123245239), (11, 0.7094597816467285), (12, 0.6089527010917664), (13, 0.3931684195995331), (14, 1.0324952602386475), (15, 0.752414345741272), (16, 0.7729532122612), (17, 0.8934571146965027), (18, 1.3655486106872559), (19, 1.4561151266098022), (0, 0.9177424311637878), (1, 0.5573074221611023), (2, 1.131611704826355), (3, 0.6800265312194824), (4, 0.5592582821846008), (5, 1.189221739768982), (6, 0.8448126912117004), (7, 1.0381627082824707), (8, 0.49690788984298706), (9, 1.3366432189941406), (10, 0.46826881170272827), (11, 0.5511578321456909), (12, 0.5855229496955872), (13, 0.7672733068466187), (14, 0.7729137539863586), (15, 1.3629636764526367), (16, 0.7544166445732117), (17, 0.849094569683075), (18, 1.1266124248504639), (19, 0.3392327129840851), (0, 0.3243499994277954), (1, 0.8561003804206848), (2, 0.8638118505477905), (3, 0.7334243059158325), (4, 1.0639532804489136), (5, 1.0029020309448242), (6, 0.8096094131469727), (7, 0.5797475576400757), (8, 0.6937538981437683), (9, 1.1415728330612183), (10, 1.335279107093811), (11, 0.47319427132606506), (12, 0.7108076214790344), (13, 0.7699524760246277), (14, 1.0907011032104492), (15, 0.881485641002655), (16, 0.5315683484077454), (17, 1.0365413427352905), (18, 0.8158010244369507), (19, 0.7981694340705872), (0, 0.8057119250297546), (1, 0.5949111580848694), (2, 1.3053574562072754), (3, 0.6360036730766296), (4, 0.8047609329223633), (5, 1.2155975103378296), (6, 0.9227086305618286), (7, 0.8351801037788391), (8, 0.592126190662384), (9, 0.5904944539070129), (10, 0.5815800428390503), (11, 0.7263219356536865), (12, 0.8241841197013855), (13, 0.926688015460968), (14, 0.768144965171814), (15, 0.8416504859924316), (16, 0.69874507188797), (17, 0.9230154752731323), (18, 1.0311064720153809), (19, 0.9486163258552551), (0, 0.650774359703064), (1, 0.9471036195755005), (2, 0.8980908393859863), (3, 0.46817246079444885), (4, 0.682192862033844), (5, 0.6233612298965454), (6, 0.6028784513473511), (7, 0.8848041296005249), (8, 1.0905539989471436), (9, 0.8643558621406555), (10, 0.806979775428772), (11, 0.8192279934883118), (12, 1.3970959186553955), (13, 0.7583947777748108), (14, 1.081056833267212), (15, 0.6038986444473267), (16, 0.6966125965118408), (17, 1.1256746053695679), (18, 0.7263011932373047), (19, 0.7765471935272217), (0, 0.5039182901382446), (1, 1.0640226602554321), (2, 0.7976649403572083), (3, 0.5081800222396851), (4, 0.7314125895500183), (5, 0.8282245397567749), (6, 0.7588072419166565), (7, 0.8010624647140503), (8, 0.8985894918441772), (9, 1.1811869144439697), (10, 0.5309072732925415), (11, 1.0288130044937134), (12, 0.6376303434371948), (13, 0.8849682807922363), (14, 0.8726797103881836), (15, 0.7496212124824524), (16, 0.8195526003837585), (17, 0.7376823425292969), (18, 1.2337276935577393), (19, 1.0413445234298706), (0, 0.6983042359352112), (1, 0.6741658449172974), (2, 0.9211596250534058), (3, 0.9583622217178345), (4, 0.9023656845092773), (5, 1.0498957633972168), (6, 0.5149154663085938), (7, 0.4810849130153656), (8, 1.4436767101287842), (9, 1.0883172750473022), (10, 0.5054683685302734), (11, 0.7934420704841614), (12, 0.9332329034805298), (13, 0.9602209329605103), (14, 0.6067971587181091), (15, 0.6457740068435669), (16, 0.6983346343040466), (17, 0.8934961557388306), (18, 1.1027451753616333), (19, 0.5361648201942444), (0, 0.806951642036438), (1, 0.8956931829452515), (2, 0.5292592644691467), (3, 0.29292458295822144), (4, 1.123375654220581), (5, 1.0120680332183838), (6, 0.9725213050842285), (7, 1.1891285181045532), (8, 0.6500891447067261), (9, 0.529532253742218), (10, 0.9139577746391296), (11, 0.7497958540916443), (12, 0.9807296991348267), (13, 0.6223899722099304), (14, 0.7210341691970825), (15, 0.9350334405899048), (16, 0.6515698432922363), (17, 1.2619214057922363), (18, 0.5453747510910034), (19, 1.3501800298690796), (0, 1.4753565788269043), (1, 0.49000388383865356), (2, 0.688747227191925), (3, 0.3181115686893463), (4, 0.5554813146591187), (5, 0.6272212862968445), (6, 0.48289185762405396), (7, 0.8342717289924622), (8, 0.6944792866706848), (9, 1.0217949151992798), (10, 0.676047146320343), (11, 1.4400858879089355), (12, 0.8121989965438843), (13, 1.3642122745513916), (14, 0.9893860816955566), (15, 0.5422250032424927), (16, 0.6440261602401733), (17, 0.8630768060684204), (18, 0.5945606827735901), (19, 1.7987998723983765), (0, 1.1482105255126953), (1, 0.7621855735778809), (2, 0.9666603803634644), (3, 0.7226384878158569), (4, 0.7288762331008911), (5, 0.7234950065612793), (6, 1.0471235513687134), (7, 0.7186516523361206), (8, 0.8662388920783997), (9, 0.4428311884403229), (10, 0.861713707447052), (11, 0.8253059387207031), (12, 0.6541668772697449), (13, 0.6762822866439819), (14, 1.0071916580200195), (15, 0.8055979013442993), (16, 1.4540379047393799), (17, 0.5720918774604797), (18, 0.7815585136413574), (19, 0.7143331170082092), (0, 0.7581663727760315), (1, 1.4392153024673462), (2, 0.6179645657539368), (3, 0.4558071196079254), (4, 0.728723406791687), (5, 1.034373164176941), (6, 0.7774141430854797), (7, 0.7681823968887329), (8, 0.8513628244400024), (9, 0.3528692424297333), (10, 0.6538689136505127), (11, 0.8366184234619141), (12, 1.0626627206802368), (13, 0.9641457796096802), (14, 0.9890792965888977), (15, 0.9103862047195435), (16, 0.9038885235786438), (17, 0.9166728258132935), (18, 0.6795253753662109), (19, 0.8208869099617004)]