Model Setup for Uniformvirtual {PATIENT_GROUPS} Trained Network:

ANN Network Architecture Parameters
Input channels=22
Hidden channels=32
Output channels=1

Training hyperparameters
Optimizer=AdamW (
Parameter Group 0
    amsgrad: False
    betas: (0.9, 0.999)
    capturable: False
    differentiable: False
    eps: 1e-08
    foreach: None
    fused: None
    lr: 0.001
    maximize: False
    weight_decay: 1e-06
)Training Iterations=100
Learning rate=0.001
Weight decay=1e-06
Optimizer reset frequency=None

Dropout probability (after initial linear layer before NCDE): 0.0
Training Data Selection Parameters
(If not virtual, the only important params are the groups and whether data was normalized/standardized)
Patient groups=['Control', 'Atypical']
Augmentation strategy=Uniform
Noise Magnitude=0.05
Normalized/standardized=None
Number of virtual patients per real patient=100
Label smoothing factor=0
Test Patient Combinations:
Control: (2, 12, 10, 5, 1)
MDD: (4, 1, 13, 10)
Training batch size=200
Training Results:
Runtime=0.689263105392456
Loss over time=[(0, 0.7027992010116577), (1, 0.6772251725196838), (2, 0.6684785485267639), (3, 0.6661136746406555), (4, 0.6424502730369568), (5, 0.6282112002372742), (6, 0.6483238935470581), (7, 0.6410468816757202), (8, 0.6265885233879089), (9, 0.6206664443016052), (0, 0.624732494354248), (1, 0.5920770764350891), (2, 0.5906664729118347), (3, 0.5824657678604126), (4, 0.5832259058952332), (5, 0.5585859417915344), (6, 0.5497870445251465), (7, 0.5623853802680969), (8, 0.548683762550354), (9, 0.5209532380104065), (0, 0.5166261792182922), (1, 0.5108692646026611), (2, 0.526827871799469), (3, 0.4820496439933777), (4, 0.477172315120697), (5, 0.49028271436691284), (6, 0.46866363286972046), (7, 0.493287056684494), (8, 0.4665914475917816), (9, 0.4415597915649414), (0, 0.4639238119125366), (1, 0.4883327782154083), (2, 0.47692641615867615), (3, 0.42364802956581116), (4, 0.39233359694480896), (5, 0.4225890636444092), (6, 0.4070190489292145), (7, 0.4319305121898651), (8, 0.3981049656867981), (9, 0.41114911437034607), (0, 0.4159131944179535), (1, 0.38849377632141113), (2, 0.4053002893924713), (3, 0.39671218395233154), (4, 0.37852564454078674), (5, 0.37735313177108765), (6, 0.3856643736362457), (7, 0.3899648189544678), (8, 0.32924309372901917), (9, 0.3544914126396179), (0, 0.3473501205444336), (1, 0.3581235408782959), (2, 0.35818687081336975), (3, 0.30664461851119995), (4, 0.32468563318252563), (5, 0.3724406361579895), (6, 0.274296373128891), (7, 0.3592463731765747), (8, 0.3304586708545685), (9, 0.33817940950393677), (0, 0.2930923402309418), (1, 0.2857894003391266), (2, 0.3189310133457184), (3, 0.33543410897254944), (4, 0.28764674067497253), (5, 0.331922709941864), (6, 0.30018529295921326), (7, 0.2673933506011963), (8, 0.28884512186050415), (9, 0.24941562116146088), (0, 0.245101198554039), (1, 0.2596342861652374), (2, 0.2800855338573456), (3, 0.25104668736457825), (4, 0.31903529167175293), (5, 0.258288711309433), (6, 0.2746170163154602), (7, 0.23863865435123444), (8, 0.24417351186275482), (9, 0.2548552453517914), (0, 0.24757911264896393), (1, 0.26255548000335693), (2, 0.23225681483745575), (3, 0.24662792682647705), (4, 0.23410409688949585), (5, 0.2243109941482544), (6, 0.25497305393218994), (7, 0.22389130294322968), (8, 0.21067026257514954), (9, 0.21290256083011627), (0, 0.21597693860530853), (1, 0.2502475082874298), (2, 0.22948488593101501), (3, 0.19818878173828125), (4, 0.21818649768829346), (5, 0.19490699470043182), (6, 0.19187402725219727), (7, 0.20826049149036407), (8, 0.2046138048171997), (9, 0.21507060527801514), (0, 0.1937144249677658), (1, 0.1991286426782608), (2, 0.18346427381038666), (3, 0.20984601974487305), (4, 0.17906557023525238), (5, 0.18447214365005493), (6, 0.24677592515945435), (7, 0.1970445215702057), (8, 0.15631601214408875), (9, 0.19002443552017212), (0, 0.216600239276886), (1, 0.16644397377967834), (2, 0.17523697018623352), (3, 0.17404207587242126), (4, 0.20981080830097198), (5, 0.16612502932548523), (6, 0.17083896696567535), (7, 0.14878787100315094), (8, 0.1890224665403366), (9, 0.14991383254528046), (0, 0.18329063057899475), (1, 0.16124676167964935), (2, 0.18133389949798584), (3, 0.18549272418022156), (4, 0.1372464895248413), (5, 0.1689712554216385), (6, 0.1456114500761032), (7, 0.1480233520269394), (8, 0.14850516617298126), (9, 0.1503269523382187), (0, 0.15113960206508636), (1, 0.15179309248924255), (2, 0.16350704431533813), (3, 0.13568317890167236), (4, 0.1568872332572937), (5, 0.1048111841082573), (6, 0.15246443450450897), (7, 0.12407296150922775), (8, 0.14080680906772614), (9, 0.1465880423784256), (0, 0.14747700095176697), (1, 0.1166825070977211), (2, 0.12602673470973969), (3, 0.13850197196006775), (4, 0.11182042211294174), (5, 0.125714972615242), (6, 0.1104256734251976), (7, 0.11134466528892517), (8, 0.116726815700531), (9, 0.12222526222467422), (0, 0.0989983081817627), (1, 0.10517164319753647), (2, 0.12241831421852112), (3, 0.09664764255285263), (4, 0.10253385454416275), (5, 0.1377699226140976), (6, 0.09030038863420486), (7, 0.09377996623516083), (8, 0.09213507920503616), (9, 0.10935230553150177), (0, 0.08675301820039749), (1, 0.09851185977458954), (2, 0.09139496088027954), (3, 0.08361466228961945), (4, 0.08319370448589325), (5, 0.10703433305025101), (6, 0.08370053023099899), (7, 0.09455901384353638), (8, 0.08282481133937836), (9, 0.09057091921567917), (0, 0.0778026208281517), (1, 0.07807202637195587), (2, 0.08427992463111877), (3, 0.08295884728431702), (4, 0.07333448529243469), (5, 0.08881030976772308), (6, 0.07270839065313339), (7, 0.0706849917769432), (8, 0.07857029139995575), (9, 0.07072624564170837), (0, 0.05491196736693382), (1, 0.06744423508644104), (2, 0.07317354530096054), (3, 0.07639391720294952), (4, 0.06300055235624313), (5, 0.07170604914426804), (6, 0.0778769999742508), (7, 0.06082884967327118), (8, 0.05374755337834358), (9, 0.06878890097141266), (0, 0.06472350656986237), (1, 0.06295274943113327), (2, 0.05908644571900368), (3, 0.05445505306124687), (4, 0.0581725612282753), (5, 0.0586542934179306), (6, 0.05015179514884949), (7, 0.05694832280278206), (8, 0.06844788789749146), (9, 0.043503034859895706), (0, 0.06443694978952408), (1, 0.05302263796329498), (2, 0.043063756078481674), (3, 0.04848106950521469), (4, 0.04222844913601875), (5, 0.06422343105077744), (6, 0.04860670492053032), (7, 0.04775445535778999), (8, 0.0443296805024147), (9, 0.04441066086292267), (0, 0.046616192907094955), (1, 0.040023840963840485), (2, 0.04666559770703316), (3, 0.041008807718753815), (4, 0.04830176383256912), (5, 0.039773743599653244), (6, 0.050989776849746704), (7, 0.03968772292137146), (8, 0.0438530296087265), (9, 0.041060734540224075), (0, 0.04095711186528206), (1, 0.04257000982761383), (2, 0.031980663537979126), (3, 0.043528858572244644), (4, 0.046802815049886703), (5, 0.041537318378686905), (6, 0.03617614880204201), (7, 0.04437229782342911), (8, 0.028920233249664307), (9, 0.03224019706249237), (0, 0.03149864077568054), (1, 0.034570369869470596), (2, 0.03632034361362457), (3, 0.03597257286310196), (4, 0.03368141129612923), (5, 0.028139958158135414), (6, 0.03370438516139984), (7, 0.030542945489287376), (8, 0.03625958785414696), (9, 0.043357547372579575), (0, 0.030324384570121765), (1, 0.030027754604816437), (2, 0.032938942313194275), (3, 0.03261929377913475), (4, 0.034022193402051926), (5, 0.03691845387220383), (6, 0.031638987362384796), (7, 0.03125131130218506), (8, 0.027785444632172585), (9, 0.02221103198826313), (0, 0.030169330537319183), (1, 0.031746577471494675), (2, 0.03101765550673008), (3, 0.025971807539463043), (4, 0.02338312193751335), (5, 0.02775631472468376), (6, 0.028971994295716286), (7, 0.027005938813090324), (8, 0.022636057808995247), (9, 0.02937256172299385), (0, 0.029045987874269485), (1, 0.02138986811041832), (2, 0.020402932539582253), (3, 0.025439662858843803), (4, 0.0254050325602293), (5, 0.021887628361582756), (6, 0.03543368726968765), (7, 0.02309098094701767), (8, 0.02555166184902191), (9, 0.024921732023358345), (0, 0.028654905036091805), (1, 0.026537522673606873), (2, 0.024594252929091454), (3, 0.019821908324956894), (4, 0.01984715461730957), (5, 0.021562816575169563), (6, 0.0238596573472023), (7, 0.024456562474370003), (8, 0.02057085931301117), (9, 0.020366540178656578), (0, 0.028355149552226067), (1, 0.020308678969740868), (2, 0.026651499792933464), (3, 0.017221104353666306), (4, 0.018610261380672455), (5, 0.02305632084608078), (6, 0.019109927117824554), (7, 0.017851360142230988), (8, 0.01943046785891056), (9, 0.019709644839167595), (0, 0.020652147009968758), (1, 0.020785478875041008), (2, 0.020529501140117645), (3, 0.01811266504228115), (4, 0.01884453371167183), (5, 0.018158288672566414), (6, 0.01815134659409523), (7, 0.01934058964252472), (8, 0.015429376624524593), (9, 0.024086318910121918), (0, 0.02205878309905529), (1, 0.019772648811340332), (2, 0.01669871062040329), (3, 0.016302842646837234), (4, 0.019573237746953964), (5, 0.01594604179263115), (6, 0.019719431176781654), (7, 0.01787516660988331), (8, 0.01589289680123329), (9, 0.015219851396977901), (0, 0.01817239448428154), (1, 0.013622934930026531), (2, 0.016110965982079506), (3, 0.017463237047195435), (4, 0.01684764213860035), (5, 0.014755711890757084), (6, 0.018258610740303993), (7, 0.017334267497062683), (8, 0.014638092368841171), (9, 0.017436785623431206), (0, 0.014183702878654003), (1, 0.019258461892604828), (2, 0.016771968454122543), (3, 0.015791907906532288), (4, 0.012590191327035427), (5, 0.01319228857755661), (6, 0.014203195460140705), (7, 0.01227197889238596), (8, 0.017048217356204987), (9, 0.01766306906938553), (0, 0.014123410917818546), (1, 0.015362593345344067), (2, 0.014379221946001053), (3, 0.014443602412939072), (4, 0.01533854566514492), (5, 0.01171224843710661), (6, 0.012815697118639946), (7, 0.013645339757204056), (8, 0.017314858734607697), (9, 0.013069825246930122), (0, 0.013726959004998207), (1, 0.014100701548159122), (2, 0.013129639439284801), (3, 0.01186918094754219), (4, 0.015248280018568039), (5, 0.011404587887227535), (6, 0.014105396345257759), (7, 0.014677545987069607), (8, 0.0126205924898386), (9, 0.01205701194703579), (0, 0.009646671824157238), (1, 0.011276382021605968), (2, 0.009537436999380589), (3, 0.014977994374930859), (4, 0.014313370920717716), (5, 0.014458766207098961), (6, 0.01342801470309496), (7, 0.009550350718200207), (8, 0.014166179113090038), (9, 0.012369981035590172), (0, 0.009730803780257702), (1, 0.01289496198296547), (2, 0.009069778025150299), (3, 0.011651051230728626), (4, 0.01167716458439827), (5, 0.015440873801708221), (6, 0.011838113889098167), (7, 0.0106658348813653), (8, 0.012909263372421265), (9, 0.010090798139572144), (0, 0.010079830884933472), (1, 0.012192392721772194), (2, 0.008997434750199318), (3, 0.01115210447460413), (4, 0.012855813838541508), (5, 0.012223844416439533), (6, 0.010906478390097618), (7, 0.011798599734902382), (8, 0.009908986277878284), (9, 0.008905494585633278), (0, 0.010188108310103416), (1, 0.012450150214135647), (2, 0.007147112861275673), (3, 0.009150276891887188), (4, 0.010601675137877464), (5, 0.009271614253520966), (6, 0.01052679494023323), (7, 0.011231981217861176), (8, 0.011618219316005707), (9, 0.010254252701997757), (0, 0.011720767244696617), (1, 0.011045094579458237), (2, 0.009013567119836807), (3, 0.008925428614020348), (4, 0.009162318892776966), (5, 0.011116820387542248), (6, 0.006395360454916954), (7, 0.010964424349367619), (8, 0.011443854309618473), (9, 0.006902467459440231), (0, 0.009939730167388916), (1, 0.009797600097954273), (2, 0.009362556971609592), (3, 0.008769781328737736), (4, 0.010534163564443588), (5, 0.00783053319901228), (6, 0.007035206537693739), (7, 0.009333803318440914), (8, 0.009309488348662853), (9, 0.009451193735003471), (0, 0.008318492211401463), (1, 0.008502380922436714), (2, 0.00896910484880209), (3, 0.010020030662417412), (4, 0.008600544184446335), (5, 0.009465220384299755), (6, 0.007921230047941208), (7, 0.00878277700394392), (8, 0.007664065808057785), (9, 0.008185841143131256), (0, 0.008557942695915699), (1, 0.009355220943689346), (2, 0.007497088517993689), (3, 0.007709531579166651), (4, 0.010163750499486923), (5, 0.007447808515280485), (6, 0.007852597162127495), (7, 0.007070103194564581), (8, 0.008678062818944454), (9, 0.007461982779204845), (0, 0.009604686871170998), (1, 0.008311428129673004), (2, 0.007908462546765804), (3, 0.006980786100029945), (4, 0.008941298350691795), (5, 0.007212697062641382), (6, 0.006730449385941029), (7, 0.00699342368170619), (8, 0.007833492942154408), (9, 0.007140354719012976), (0, 0.007417180575430393), (1, 0.00734025938436389), (2, 0.007129649631679058), (3, 0.009344632737338543), (4, 0.007115531712770462), (5, 0.008259120397269726), (6, 0.007478281855583191), (7, 0.007589585613459349), (8, 0.005414560902863741), (9, 0.006510740611702204), (0, 0.007331560831516981), (1, 0.007625273894518614), (2, 0.007826651446521282), (3, 0.006459302734583616), (4, 0.006123158149421215), (5, 0.007492027711123228), (6, 0.005142791196703911), (7, 0.005595969036221504), (8, 0.007900982163846493), (9, 0.008485163561999798), (0, 0.007551188580691814), (1, 0.006509376689791679), (2, 0.008102590218186378), (3, 0.006016452331095934), (4, 0.005725668277591467), (5, 0.006659154314547777), (6, 0.0075428057461977005), (7, 0.006879743188619614), (8, 0.005147716961801052), (9, 0.006545537617057562), (0, 0.004736536648124456), (1, 0.006892773322761059), (2, 0.0061188661493361), (3, 0.00557661009952426), (4, 0.0072311339899897575), (5, 0.006634283810853958), (6, 0.00783838052302599), (7, 0.005351989064365625), (8, 0.006631472613662481), (9, 0.006437808275222778), (0, 0.0058470857329666615), (1, 0.0061576273292303085), (2, 0.005617333576083183), (3, 0.005020271521061659), (4, 0.006212810054421425), (5, 0.005312502849847078), (6, 0.006011964287608862), (7, 0.006823473609983921), (8, 0.0071157896891236305), (9, 0.00641615130007267), (0, 0.003974114544689655), (1, 0.0059214807115495205), (2, 0.00608646497130394), (3, 0.0055779097601771355), (4, 0.0063119190745055676), (5, 0.006014764308929443), (6, 0.005730703938752413), (7, 0.006232457235455513), (8, 0.006545988377183676), (9, 0.0053572459146380424), (0, 0.007609776221215725), (1, 0.004383760504424572), (2, 0.006214120890945196), (3, 0.005180116277188063), (4, 0.005078628193587065), (5, 0.005499728489667177), (6, 0.004796719644218683), (7, 0.005024576094001532), (8, 0.005257126875221729), (9, 0.006234750617295504), (0, 0.005559919867664576), (1, 0.005166026763617992), (2, 0.005627070087939501), (3, 0.0050344341434538364), (4, 0.004772364627569914), (5, 0.005586649291217327), (6, 0.005030708387494087), (7, 0.006054171361029148), (8, 0.004875649232417345), (9, 0.005046859383583069), (0, 0.005198357161134481), (1, 0.0039376262575387955), (2, 0.004277031868696213), (3, 0.0047270492650568485), (4, 0.004480438772588968), (5, 0.005048772320151329), (6, 0.004933996591717005), (7, 0.005361002869904041), (8, 0.005760014522820711), (9, 0.006696835160255432), (0, 0.005075876135379076), (1, 0.005718817003071308), (2, 0.0032656737603247166), (3, 0.005040092393755913), (4, 0.005515964236110449), (5, 0.005310943815857172), (6, 0.0038939930964261293), (7, 0.004486932419240475), (8, 0.0038214302621781826), (9, 0.006093297619372606), (0, 0.004344338085502386), (1, 0.004182745236903429), (2, 0.0045849927701056), (3, 0.004724336788058281), (4, 0.005898830480873585), (5, 0.004658790770918131), (6, 0.004535660147666931), (7, 0.005234183743596077), (8, 0.004149308893829584), (9, 0.0037715001963078976), (0, 0.003945065196603537), (1, 0.0062444377690553665), (2, 0.005278721451759338), (3, 0.0047743977047502995), (4, 0.004024296998977661), (5, 0.004296503495424986), (6, 0.003263628575950861), (7, 0.004112442024052143), (8, 0.0037844248581677675), (9, 0.004328264854848385), (0, 0.005338078830391169), (1, 0.004642054904252291), (2, 0.004211025312542915), (3, 0.003805007552728057), (4, 0.004199694842100143), (5, 0.004419912118464708), (6, 0.0039433445781469345), (7, 0.0033530876971781254), (8, 0.003674853127449751), (9, 0.004543683957308531), (0, 0.0036572336684912443), (1, 0.004157036077231169), (2, 0.004149278160184622), (3, 0.0037011150270700455), (4, 0.004266563802957535), (5, 0.004173524212092161), (6, 0.004292700439691544), (7, 0.004444063175469637), (8, 0.00373544218018651), (9, 0.0036986619234085083), (0, 0.0038593763019889593), (1, 0.003139939857646823), (2, 0.003825329476967454), (3, 0.004215325228869915), (4, 0.003991603851318359), (5, 0.003981746267527342), (6, 0.004245745483785868), (7, 0.0027675179298967123), (8, 0.004555650521069765), (9, 0.003974779974669218), (0, 0.0044498443603515625), (1, 0.003578760428354144), (2, 0.003960415255278349), (3, 0.003950802143663168), (4, 0.0038668217603117228), (5, 0.0037143670488148928), (6, 0.002744726836681366), (7, 0.0033941734582185745), (8, 0.003413795493543148), (9, 0.0038840153720229864), (0, 0.003589773550629616), (1, 0.0028959563933312893), (2, 0.0035845038946717978), (3, 0.004040990490466356), (4, 0.003326483303681016), (5, 0.0042068324983119965), (6, 0.0041432250291109085), (7, 0.0028442025650292635), (8, 0.0029708677902817726), (9, 0.0037508211098611355), (0, 0.0042317770421504974), (1, 0.003353256033733487), (2, 0.003587310900911689), (3, 0.002574800280854106), (4, 0.0028640180826187134), (5, 0.0033249123953282833), (6, 0.0034199003130197525), (7, 0.0035371058620512486), (8, 0.0037153703160583973), (9, 0.0032526098657399416), (0, 0.003240705467760563), (1, 0.002859877422451973), (2, 0.003197304904460907), (3, 0.003159880405291915), (4, 0.003155309474095702), (5, 0.002935216762125492), (6, 0.003463642206043005), (7, 0.003110988764092326), (8, 0.0033532637171447277), (9, 0.0039408328011631966), (0, 0.002261832356452942), (1, 0.0036611377727240324), (2, 0.0032294937409460545), (3, 0.0043337177485227585), (4, 0.003440992208197713), (5, 0.0029569179750978947), (6, 0.002986030885949731), (7, 0.002903764834627509), (8, 0.0028436670545488596), (9, 0.0025105983950197697), (0, 0.003389616496860981), (1, 0.0024302599485963583), (2, 0.002599707804620266), (3, 0.003634233493357897), (4, 0.0030618051532655954), (5, 0.00318133900873363), (6, 0.003115156665444374), (7, 0.003017406677827239), (8, 0.0027124756015837193), (9, 0.0026655024848878384), (0, 0.0027272505685687065), (1, 0.0023200800642371178), (2, 0.003479674458503723), (3, 0.0027401703409850597), (4, 0.0034368077758699656), (5, 0.0022268062457442284), (6, 0.003120201639831066), (7, 0.00314119691029191), (8, 0.0028480570763349533), (9, 0.002563632093369961), (0, 0.0037600984796881676), (1, 0.002598017221316695), (2, 0.0024960776790976524), (3, 0.0026565203443169594), (4, 0.0025033887941390276), (5, 0.0028972511645406485), (6, 0.0027017714455723763), (7, 0.003089509904384613), (8, 0.002556072548031807), (9, 0.0022285727318376303), (0, 0.0026033050380647182), (1, 0.00304947467520833), (2, 0.0028968313708901405), (3, 0.002819780493155122), (4, 0.0023526400327682495), (5, 0.0027438271790742874), (6, 0.0025094381999224424), (7, 0.002735452726483345), (8, 0.0022642631083726883), (9, 0.0024052420631051064), (0, 0.0020300536416471004), (1, 0.00260568386875093), (2, 0.002808928256854415), (3, 0.00257041840814054), (4, 0.00232067983597517), (5, 0.002696852432563901), (6, 0.0023554274812340736), (7, 0.0022443763446062803), (8, 0.002619563601911068), (9, 0.003107846947386861), (0, 0.0028695506043732166), (1, 0.0028256336227059364), (2, 0.003262735204771161), (3, 0.002398931421339512), (4, 0.0019470822298899293), (5, 0.0022474213037639856), (6, 0.0022926530800759792), (7, 0.0017419398063793778), (8, 0.002576154423877597), (9, 0.0022670745383948088), (0, 0.0028187825810164213), (1, 0.0022652444895356894), (2, 0.0018581142649054527), (3, 0.0023021141532808542), (4, 0.002052628668025136), (5, 0.0024192912969738245), (6, 0.0023691130336374044), (7, 0.0025188722647726536), (8, 0.002632709452882409), (9, 0.002231370657682419), (0, 0.002003522589802742), (1, 0.002021036809310317), (2, 0.002042988082394004), (3, 0.002662456128746271), (4, 0.0021135269198566675), (5, 0.0024821751285344362), (6, 0.002040203893557191), (7, 0.0023278058506548405), (8, 0.0019473794382065535), (9, 0.0029743886552751064), (0, 0.0021132496185600758), (1, 0.002174806548282504), (2, 0.0022963371593505144), (3, 0.0019362568855285645), (4, 0.0020461592357605696), (5, 0.0021616138983517885), (6, 0.002132468856871128), (7, 0.0017858734354376793), (8, 0.0027378511149436235), (9, 0.002396943513303995), (0, 0.0019556989427655935), (1, 0.0019029868999496102), (2, 0.0022182592656463385), (3, 0.0020688807126134634), (4, 0.0017429786967113614), (5, 0.002358874538913369), (6, 0.0020684676710516214), (7, 0.002551373327150941), (8, 0.001724212197586894), (9, 0.002402373356744647), (0, 0.0020442421082407236), (1, 0.0026407642289996147), (2, 0.0023329986725002527), (3, 0.0019118451746180654), (4, 0.0019964147359132767), (5, 0.0020339330658316612), (6, 0.0017925394931808114), (7, 0.0019487071549519897), (8, 0.001949893543496728), (9, 0.0015940560260787606), (0, 0.0021795732900500298), (1, 0.0020251416135579348), (2, 0.0019967714324593544), (3, 0.0020921709947288036), (4, 0.001989514334127307), (5, 0.0018259099451825023), (6, 0.0021731413435190916), (7, 0.0015756539069116116), (8, 0.0016819575102999806), (9, 0.0019590435549616814), (0, 0.001925947261042893), (1, 0.0017332322895526886), (2, 0.001978511456400156), (3, 0.0019220784306526184), (4, 0.0019740313291549683), (5, 0.0017055480275303125), (6, 0.0023928829468786716), (7, 0.0017558244289830327), (8, 0.0015546013601124287), (9, 0.0018321392126381397), (0, 0.0018471624935045838), (1, 0.0018853157525882125), (2, 0.0013391636312007904), (3, 0.002220412250608206), (4, 0.002008848125115037), (5, 0.0016460047336295247), (6, 0.0017202435992658138), (7, 0.0016658874228596687), (8, 0.002037809230387211), (9, 0.0017049096059054136), (0, 0.0018298885552212596), (1, 0.001238312222994864), (2, 0.0018233112059533596), (3, 0.001252683694474399), (4, 0.001771346665918827), (5, 0.001890305895358324), (6, 0.0023473387118428946), (7, 0.0020788859110325575), (8, 0.0013572436291724443), (9, 0.0017975381342694163), (0, 0.0018950840458273888), (1, 0.0017747795209288597), (2, 0.0017816745676100254), (3, 0.0016410775715485215), (4, 0.0015579269966110587), (5, 0.0019095673924311996), (6, 0.001448287395760417), (7, 0.0018721751403063536), (8, 0.0013092441949993372), (9, 0.0015689667779952288), (0, 0.001379547524265945), (1, 0.0017569713527336717), (2, 0.0018383808201178908), (3, 0.0017371001886203885), (4, 0.001433456433005631), (5, 0.0019546744879335165), (6, 0.001454443670809269), (7, 0.0013579342048615217), (8, 0.001319953240454197), (9, 0.001881811418570578), (0, 0.001336185378022492), (1, 0.0018408213509246707), (2, 0.0013514566235244274), (3, 0.0016889504622668028), (4, 0.0014119602274149656), (5, 0.0014021608512848616), (6, 0.0016986689297482371), (7, 0.0016080214409157634), (8, 0.001876048743724823), (9, 0.0013149282895028591), (0, 0.0012703633401542902), (1, 0.001407136907801032), (2, 0.0012076073326170444), (3, 0.0018565270584076643), (4, 0.0015151671832427382), (5, 0.0015430294442921877), (6, 0.0016396401915699244), (7, 0.0014395618345588446), (8, 0.0015400360571220517), (9, 0.0015875038225203753), (0, 0.00160522002261132), (1, 0.0014284391654655337), (2, 0.001365664997138083), (3, 0.0011422387324273586), (4, 0.0015398769173771143), (5, 0.0016211947659030557), (6, 0.0013267130125313997), (7, 0.0016855705762282014), (8, 0.001325452933087945), (9, 0.0014745715307071805), (0, 0.0014123040018603206), (1, 0.0013978291535750031), (2, 0.0018835626542568207), (3, 0.0011049009626731277), (4, 0.001430470496416092), (5, 0.0014685791684314609), (6, 0.0012607219396159053), (7, 0.0017451955936849117), (8, 0.0009688909631222486), (9, 0.0013762773014605045), (0, 0.0014873081818223), (1, 0.0015588487731292844), (2, 0.0014757465105503798), (3, 0.001204990316182375), (4, 0.001597387483343482), (5, 0.0015510815428569913), (6, 0.001467837137170136), (7, 0.0012548345839604735), (8, 0.0008492755005136132), (9, 0.0011690222891047597), (0, 0.0015538649167865515), (1, 0.001193270436488092), (2, 0.0013657989911735058), (3, 0.0013941653305664659), (4, 0.0012558186426758766), (5, 0.0012301515089347959), (6, 0.0012166007654741406), (7, 0.0013612242182716727), (8, 0.0013245673617348075), (9, 0.0012992738047614694), (0, 0.001078275265172124), (1, 0.001384190283715725), (2, 0.0015766546130180359), (3, 0.001126918476074934), (4, 0.001331224339082837), (5, 0.0013740254798904061), (6, 0.0011293713469058275), (7, 0.0015415247762575746), (8, 0.001083007431589067), (9, 0.001186445471830666), (0, 0.001202179817482829), (1, 0.0013173621846362948), (2, 0.0009350337204523385), (3, 0.00124102842528373), (4, 0.0013808353105559945), (5, 0.0009597133612260222), (6, 0.0012900930596515536), (7, 0.0015981773613020778), (8, 0.0010410796385258436), (9, 0.0014910686295479536), (0, 0.0012869873316958547), (1, 0.0014052267652004957), (2, 0.0009727095020934939), (3, 0.0013007894158363342), (4, 0.0012032636441290379), (5, 0.001325848395936191), (6, 0.001027285703457892), (7, 0.001036635017953813), (8, 0.0013977146008983254), (9, 0.001154444646090269), (0, 0.0010759358992800117), (1, 0.001133463578298688), (2, 0.0011621867306530476), (3, 0.0008221295429393649), (4, 0.001207616995088756), (5, 0.0014475423377007246), (6, 0.0014841142110526562), (7, 0.001252969610504806), (8, 0.0011281343176960945), (9, 0.0010628445306792855), (0, 0.0011702488409355283), (1, 0.0014228367945179343), (2, 0.0009726305142976344), (3, 0.0012386493617668748), (4, 0.0010322043672204018), (5, 0.0010522307129576802), (6, 0.0011101202107965946), (7, 0.0012798910029232502), (8, 0.001085867639631033), (9, 0.0011036029318347573), (0, 0.0011279522441327572), (1, 0.0010332493111491203), (2, 0.0009959943126887083), (3, 0.0009566658991388977), (4, 0.0010244514560326934), (5, 0.0011569204507395625), (6, 0.0014052805490791798), (7, 0.0011257384903728962), (8, 0.0011862738756462932), (9, 0.0011536098318174481), (0, 0.0012328012380748987), (1, 0.0012372104683890939), (2, 0.0011527687311172485), (3, 0.001006570179015398), (4, 0.0010453121503815055), (5, 0.0010646340670064092), (6, 0.0008857607608661056), (7, 0.001122990739531815), (8, 0.0012181102065369487), (9, 0.0009219449711963534), (0, 0.0009849652415141463), (1, 0.0012983516789972782), (2, 0.0009693399770185351), (3, 0.000979329808615148), (4, 0.0010671187192201614), (5, 0.0009825144661590457), (6, 0.0011973936343565583), (7, 0.0009682500385679305), (8, 0.0010654277866706252), (9, 0.0010931056458503008), (0, 0.0009130544494837523), (1, 0.0012250368017703295), (2, 0.0011156165273860097), (3, 0.001058644033037126), (4, 0.0008532337960787117), (5, 0.0009985036449506879), (6, 0.0009701611706987023), (7, 0.001061352901160717), (8, 0.0010537123307585716), (9, 0.001096735941246152), (0, 0.0008568681660108268), (1, 0.0009916506242007017), (2, 0.0008903517737053335), (3, 0.0012651931028813124), (4, 0.0010199842508882284), (5, 0.001020434545353055), (6, 0.0010100421495735645), (7, 0.0009795752121135592), (8, 0.0009797274833545089), (9, 0.0010837280424311757), (0, 0.0009703848045319319), (1, 0.0009440862340852618), (2, 0.0010568923316895962), (3, 0.001022926764562726), (4, 0.0009343895362690091), (5, 0.0010662347776815295), (6, 0.0007217350648716092), (7, 0.000940596975851804), (8, 0.0011566267348825932), (9, 0.0010428826790302992), (0, 0.0011717421002686024), (1, 0.0007582409889437258), (2, 0.0009397376561537385), (3, 0.0008801958174444735), (4, 0.0012287481222301722), (5, 0.001002797274850309), (6, 0.0010033026337623596), (7, 0.0009530462557449937), (8, 0.000980827840976417), (9, 0.0007104410324245691), (0, 0.000923863728530705), (1, 0.0007314409594982862), (2, 0.001227030297741294), (3, 0.0009463141323067248), (4, 0.000869391777087003), (5, 0.0007605392602272332), (6, 0.0009629321866668761), (7, 0.0009889138163998723), (8, 0.0009025287581607699), (9, 0.0010882308706641197)]