Model Setup for {PATIENT_GROUPS} Trained Network:

NCDE Network Architecture Parameters
Input channels=3
Hidden channels=11
Output channels=1

Training hyperparameters
Optimizer=AdamW (
Parameter Group 0
    amsgrad: False
    betas: (0.9, 0.999)
    capturable: False
    differentiable: False
    eps: 1e-08
    foreach: None
    fused: None
    lr: 0.001
    maximize: False
    weight_decay: 1e-06
)Training Iterations=100
Learning rate=0.001
Weight decay=1e-06
Optimizer reset frequency=None

Dropout probability (after initial linear layer before NCDE): 0.0
Training Data Selection Parameters
(If not virtual, the only important params are the groups and whether data was normalized/standardized)
Patient groups=['Control', 'MDD']
Augmentation strategy=Uniform
Noise Magnitude=0.05
Normalized/standardized=StandardizeAll
Number of virtual patients per real patient=100
Label smoothing factor=0
Test Patient Combinations:
Control: (0, 6, 9, 24, 32)
MDD: (42, 52, 20, 51, 40)
Training batch size=5
Training Results:
Runtime=166.46878480911255
Loss over time=[(0, 0.8388559222221375), (1, 0.6714907288551331), (2, 0.7602366805076599), (3, 0.6926752328872681), (4, 0.6263865232467651), (5, 0.7026074528694153), (6, 0.6772087216377258), (7, 0.7025182247161865), (8, 0.6540443301200867), (9, 0.6980546116828918), (10, 0.690881609916687), (11, 0.7058936953544617), (12, 0.7025551795959473), (13, 0.6467893719673157), (14, 0.7418261170387268), (15, 0.7397603988647461), (16, 0.7813279032707214), (17, 0.799476146697998), (18, 0.6112148761749268), (19, 0.6358386874198914), (0, 0.6233783960342407), (1, 0.7399386763572693), (2, 0.5561003684997559), (3, 0.7065978646278381), (4, 0.6260648965835571), (5, 0.7173744440078735), (6, 0.6425483822822571), (7, 0.6942237019538879), (8, 0.6575838923454285), (9, 0.6722334027290344), (10, 0.5810418128967285), (11, 0.6766829490661621), (12, 0.8789758682250977), (13, 0.5784629583358765), (14, 0.7276150584220886), (15, 0.7270513772964478), (16, 0.821546733379364), (17, 0.7681607604026794), (18, 0.6534400582313538), (19, 0.808703601360321), (0, 0.6831499338150024), (1, 0.6690472364425659), (2, 0.6378582715988159), (3, 0.6614693403244019), (4, 0.7040688991546631), (5, 0.6306697130203247), (6, 0.6895284056663513), (7, 0.6300952434539795), (8, 0.666697084903717), (9, 0.6816710233688354), (10, 0.599229633808136), (11, 0.7070447206497192), (12, 0.6703397631645203), (13, 0.7302907705307007), (14, 0.6462382078170776), (15, 0.6567562818527222), (16, 0.6774337887763977), (17, 0.7192508578300476), (18, 0.6752021908760071), (19, 0.7506952881813049), (0, 0.6071003079414368), (1, 0.6320723295211792), (2, 0.7251957654953003), (3, 0.6854034066200256), (4, 0.6681138873100281), (5, 0.5993641018867493), (6, 0.6454595327377319), (7, 0.732990562915802), (8, 0.6767078042030334), (9, 0.6909360289573669), (10, 0.6574048399925232), (11, 0.6907464861869812), (12, 0.6149484515190125), (13, 0.6087934374809265), (14, 0.668268084526062), (15, 0.7057393789291382), (16, 0.702798068523407), (17, 0.6917921304702759), (18, 0.7283598780632019), (19, 0.8316614627838135), (0, 0.5837778449058533), (1, 0.6607396602630615), (2, 0.7510955333709717), (3, 0.5898236036300659), (4, 0.6747763752937317), (5, 0.6487244367599487), (6, 0.6935375332832336), (7, 0.6531506776809692), (8, 0.718713104724884), (9, 0.6049832105636597), (10, 0.6469193696975708), (11, 0.6556829214096069), (12, 0.6965789198875427), (13, 0.6973472833633423), (14, 0.5838649868965149), (15, 0.6652054786682129), (16, 0.5651324391365051), (17, 0.7083620429039001), (18, 0.5795811414718628), (19, 0.7390234470367432), (0, 0.5066909790039062), (1, 0.6434804201126099), (2, 0.8526673316955566), (3, 0.6347454786300659), (4, 0.5529798269271851), (5, 0.6207736134529114), (6, 0.5400930643081665), (7, 0.7490022778511047), (8, 0.7041699886322021), (9, 0.7206763029098511), (10, 0.6563951969146729), (11, 0.7067440748214722), (12, 0.7310045957565308), (13, 0.7429264187812805), (14, 0.5039150714874268), (15, 0.8276147842407227), (16, 0.7734768986701965), (17, 0.5075467824935913), (18, 0.643993079662323), (19, 0.7542244791984558), (0, 0.524086594581604), (1, 0.5713615417480469), (2, 0.642366886138916), (3, 0.6969972252845764), (4, 0.7059491872787476), (5, 0.5273976922035217), (6, 0.8988256454467773), (7, 0.6635619401931763), (8, 0.7565786838531494), (9, 0.672357439994812), (10, 0.7219899296760559), (11, 0.6907700300216675), (12, 0.9039517641067505), (13, 0.5375269651412964), (14, 0.6175721287727356), (15, 0.6642544865608215), (16, 0.5528175234794617), (17, 0.5106095671653748), (18, 0.6731675267219543), (19, 0.6368091106414795), (0, 0.6036132574081421), (1, 0.5387644171714783), (2, 0.7358521819114685), (3, 0.7197772264480591), (4, 0.7766338586807251), (5, 0.5643419027328491), (6, 0.6270283460617065), (7, 0.4783255457878113), (8, 0.6119541525840759), (9, 0.8336019515991211), (10, 0.6182470321655273), (11, 0.6400381326675415), (12, 0.5523089170455933), (13, 0.8143010139465332), (14, 0.6697012186050415), (15, 0.7154968976974487), (16, 0.6930515170097351), (17, 0.6842161417007446), (18, 0.5398842096328735), (19, 0.5695515275001526), (0, 0.7870555520057678), (1, 0.5996910333633423), (2, 0.7262592911720276), (3, 0.6781633496284485), (4, 0.6289330720901489), (5, 0.6898874044418335), (6, 0.635083794593811), (7, 0.49520063400268555), (8, 0.6860905289649963), (9, 0.7950677275657654), (10, 0.5533173680305481), (11, 0.672672688961029), (12, 0.6465116143226624), (13, 0.5489499568939209), (14, 0.5404496788978577), (15, 0.7192434668540955), (16, 0.6288953423500061), (17, 0.5693653225898743), (18, 0.5269092917442322), (19, 0.7217732071876526), (0, 0.6790108680725098), (1, 0.5886894464492798), (2, 0.6563254594802856), (3, 0.6243454813957214), (4, 0.559205174446106), (5, 0.48847103118896484), (6, 0.7556298971176147), (7, 0.5359614491462708), (8, 0.6018359661102295), (9, 0.5742987990379333), (10, 0.6214685440063477), (11, 0.702271580696106), (12, 0.7696312069892883), (13, 0.6672196388244629), (14, 0.6726534962654114), (15, 0.6996930837631226), (16, 0.8215526342391968), (17, 0.6036880612373352), (18, 0.640559196472168), (19, 0.46772968769073486), (0, 0.6845904588699341), (1, 0.8538764715194702), (2, 0.6736587882041931), (3, 0.641054630279541), (4, 0.4593123495578766), (5, 0.5865709781646729), (6, 0.6426984071731567), (7, 0.5313128232955933), (8, 0.7821067571640015), (9, 0.6325225234031677), (10, 0.8263967633247375), (11, 0.7144238352775574), (12, 0.5277244448661804), (13, 0.49844151735305786), (14, 0.6961981058120728), (15, 0.6229292154312134), (16, 0.60810387134552), (17, 0.607150673866272), (18, 0.532076358795166), (19, 0.6568704843521118), (0, 0.6487806439399719), (1, 0.517968475818634), (2, 0.6404741406440735), (3, 0.49045228958129883), (4, 0.7336698770523071), (5, 0.6896544694900513), (6, 0.7462636232376099), (7, 0.7901355028152466), (8, 0.8508634567260742), (9, 0.6245512366294861), (10, 0.6395009756088257), (11, 0.706194281578064), (12, 0.4816926121711731), (13, 0.5807937383651733), (14, 0.6092760562896729), (15, 0.7623740434646606), (16, 0.7446710467338562), (17, 0.7876037955284119), (18, 0.44549307227134705), (19, 0.41147276759147644), (0, 0.7174686193466187), (1, 0.5595980286598206), (2, 0.8754479289054871), (3, 0.8550211191177368), (4, 0.5848190784454346), (5, 0.4730679392814636), (6, 0.46934184432029724), (7, 0.7179381251335144), (8, 0.4917898178100586), (9, 0.7376514673233032), (10, 1.0515334606170654), (11, 0.6502277851104736), (12, 0.7767374515533447), (13, 0.5901079177856445), (14, 0.4099574685096741), (15, 0.5001630783081055), (16, 0.6486085057258606), (17, 0.6113488674163818), (18, 0.7034090757369995), (19, 0.3954966068267822), (0, 0.8497549295425415), (1, 0.644239068031311), (2, 0.4805886149406433), (3, 0.6123641729354858), (4, 0.8074917793273926), (5, 0.4574926793575287), (6, 0.5565985441207886), (7, 0.5436843037605286), (8, 0.7249568700790405), (9, 0.6171625256538391), (10, 0.49681687355041504), (11, 0.5907378792762756), (12, 0.6246291399002075), (13, 0.765224277973175), (14, 0.425670325756073), (15, 0.7198578119277954), (16, 0.4858143925666809), (17, 0.49205368757247925), (18, 0.8853233456611633), (19, 0.9973846077919006), (0, 0.5521550178527832), (1, 0.4668065905570984), (2, 0.5162706971168518), (3, 0.7313650250434875), (4, 0.8428166508674622), (5, 0.6847552061080933), (6, 0.5613589882850647), (7, 0.5480152368545532), (8, 0.5835749506950378), (9, 0.5693050622940063), (10, 0.5195233225822449), (11, 0.5197852253913879), (12, 0.6161055564880371), (13, 0.8025263547897339), (14, 0.7634221911430359), (15, 0.4494199752807617), (16, 0.5764949917793274), (17, 0.6798044443130493), (18, 0.756538987159729), (19, 0.8541619777679443), (0, 0.6403800249099731), (1, 0.5338302850723267), (2, 0.6853289008140564), (3, 0.7017320394515991), (4, 0.6362432241439819), (5, 0.5276866555213928), (6, 0.5535419583320618), (7, 0.7867155075073242), (8, 0.6226545572280884), (9, 0.5237852334976196), (10, 0.8999613523483276), (11, 0.6989566087722778), (12, 0.39850762486457825), (13, 0.48394957184791565), (14, 0.49762335419654846), (15, 0.7354658246040344), (16, 0.6714139580726624), (17, 0.7286537885665894), (18, 0.4785745143890381), (19, 0.6153578758239746), (0, 0.5827593803405762), (1, 0.5067567825317383), (2, 0.7337015867233276), (3, 0.6594592928886414), (4, 0.8325377702713013), (5, 0.5790281295776367), (6, 0.6669146418571472), (7, 0.3402089476585388), (8, 0.6129487752914429), (9, 0.41847237944602966), (10, 0.667402446269989), (11, 0.6121576428413391), (12, 0.7249680161476135), (13, 0.41136065125465393), (14, 0.7900559902191162), (15, 0.7719680666923523), (16, 0.7213515639305115), (17, 0.5876697301864624), (18, 0.5698371529579163), (19, 0.5248550772666931), (0, 0.7121127843856812), (1, 0.5832958221435547), (2, 0.5456154942512512), (3, 0.6225376129150391), (4, 0.39561864733695984), (5, 0.6430347561836243), (6, 0.7518452405929565), (7, 0.5820557475090027), (8, 0.6390758752822876), (9, 0.901883602142334), (10, 0.422639936208725), (11, 0.7461706399917603), (12, 0.5902777910232544), (13, 0.8029873967170715), (14, 0.816236674785614), (15, 0.5779742002487183), (16, 0.516280472278595), (17, 0.5782372951507568), (18, 0.681587278842926), (19, 0.6939437389373779), (0, 0.6406615376472473), (1, 0.6619224548339844), (2, 0.42775145173072815), (3, 0.5122541785240173), (4, 0.46005696058273315), (5, 0.9356525540351868), (6, 0.7807265520095825), (7, 0.5773236751556396), (8, 0.7965586185455322), (9, 0.698418378829956), (10, 0.5239511728286743), (11, 0.7639058232307434), (12, 0.5931421518325806), (13, 0.8600252270698547), (14, 0.8146359324455261), (15, 0.5296686887741089), (16, 0.656954824924469), (17, 0.5783293843269348), (18, 0.519894003868103), (19, 0.668635368347168), (0, 0.5363717675209045), (1, 0.5769553184509277), (2, 0.5622426271438599), (3, 0.36323630809783936), (4, 0.3398498594760895), (5, 0.6388333439826965), (6, 0.5849303603172302), (7, 0.5046368837356567), (8, 0.5782963633537292), (9, 0.6347126960754395), (10, 0.9086278676986694), (11, 0.7252458930015564), (12, 0.5409485101699829), (13, 0.8136369585990906), (14, 0.8024896383285522), (15, 0.6810527443885803), (16, 0.7718226313591003), (17, 0.6729698181152344), (18, 0.5426457524299622), (19, 0.6565171480178833), (0, 0.6043757200241089), (1, 0.482338011264801), (2, 0.6246815919876099), (3, 0.8536627888679504), (4, 0.42056599259376526), (5, 0.6635404229164124), (6, 0.7254171371459961), (7, 0.6038195490837097), (8, 0.6416723728179932), (9, 0.7352864742279053), (10, 0.7629348039627075), (11, 0.6401647329330444), (12, 0.5793353319168091), (13, 0.5711146593093872), (14, 0.7552667856216431), (15, 0.4244720935821533), (16, 0.638365626335144), (17, 0.7435328960418701), (18, 0.4803716242313385), (19, 0.5857358574867249), (0, 0.5770066976547241), (1, 0.6947118043899536), (2, 0.503764808177948), (3, 0.47155076265335083), (4, 0.4505941867828369), (5, 0.464716374874115), (6, 0.5417445302009583), (7, 0.5422106981277466), (8, 0.5949622988700867), (9, 0.6887516379356384), (10, 0.6206710338592529), (11, 0.6683770418167114), (12, 0.7358338236808777), (13, 0.7210534811019897), (14, 0.6245284080505371), (15, 0.6037042140960693), (16, 0.6088148951530457), (17, 0.7875123620033264), (18, 0.7825690507888794), (19, 0.6246617436408997), (0, 0.752602219581604), (1, 0.617918848991394), (2, 0.4592381417751312), (3, 0.673579216003418), (4, 0.6762213110923767), (5, 0.6110758185386658), (6, 0.5634195804595947), (7, 0.5269837379455566), (8, 0.603513240814209), (9, 0.45329156517982483), (10, 0.5349816679954529), (11, 0.8305714726448059), (12, 0.5049455165863037), (13, 0.8339091539382935), (14, 0.8378399014472961), (15, 0.5871320366859436), (16, 0.4856788218021393), (17, 0.8742794990539551), (18, 0.267014741897583), (19, 0.603531539440155), (0, 0.31587880849838257), (1, 0.6390779614448547), (2, 0.8505643010139465), (3, 0.8340619802474976), (4, 0.5873321294784546), (5, 0.4830642640590668), (6, 0.4981934428215027), (7, 0.6577538251876831), (8, 0.8704687356948853), (9, 0.5705400109291077), (10, 0.6263760328292847), (11, 0.6568360328674316), (12, 0.37908801436424255), (13, 0.5958805084228516), (14, 0.5125331878662109), (15, 0.8957635760307312), (16, 0.3847963213920593), (17, 0.7236658930778503), (18, 0.6826122403144836), (19, 0.6381987929344177), (0, 0.6442795395851135), (1, 0.6151097416877747), (2, 0.7171885371208191), (3, 0.5728928446769714), (4, 0.7405973672866821), (5, 0.7880650162696838), (6, 0.5325454473495483), (7, 0.7279455661773682), (8, 0.7329586744308472), (9, 0.5319047570228577), (10, 0.5720946192741394), (11, 0.6174367666244507), (12, 0.4866688847541809), (13, 0.5278776288032532), (14, 0.6259621381759644), (15, 0.7120488882064819), (16, 0.4295285642147064), (17, 0.46038302779197693), (18, 0.5698271989822388), (19, 0.6405258178710938), (0, 0.45904508233070374), (1, 0.5936540961265564), (2, 0.5342701077461243), (3, 0.5827844738960266), (4, 0.7048455476760864), (5, 0.540672779083252), (6, 0.7931406497955322), (7, 0.4826217293739319), (8, 0.5693066716194153), (9, 0.7266691327095032), (10, 0.5169752836227417), (11, 0.3739984929561615), (12, 0.5962966084480286), (13, 0.89039546251297), (14, 0.5471106171607971), (15, 0.8007100224494934), (16, 0.6022437214851379), (17, 0.9284502267837524), (18, 0.5944764614105225), (19, 0.4596827030181885), (0, 0.5368725061416626), (1, 0.6270515322685242), (2, 0.4388349950313568), (3, 0.6924532055854797), (4, 0.5216257572174072), (5, 0.6618255376815796), (6, 0.8051494359970093), (7, 0.6958921551704407), (8, 0.7778639793395996), (9, 0.5072375535964966), (10, 0.5580228567123413), (11, 0.6961332559585571), (12, 0.4562811255455017), (13, 0.8339155316352844), (14, 0.4197545051574707), (15, 0.7404906749725342), (16, 0.7963417768478394), (17, 0.6281217336654663), (18, 0.5849248766899109), (19, 0.7303515076637268), (0, 0.6836611032485962), (1, 0.6127930283546448), (2, 0.6820199489593506), (3, 0.6550098657608032), (4, 0.4399093985557556), (5, 0.5165455937385559), (6, 0.8028114438056946), (7, 0.6659384369850159), (8, 0.6229981184005737), (9, 0.5642858743667603), (10, 0.7156075239181519), (11, 0.43170061707496643), (12, 0.652880072593689), (13, 0.6116380095481873), (14, 0.666680634021759), (15, 0.5529810190200806), (16, 0.69935142993927), (17, 0.4230234622955322), (18, 0.4485529959201813), (19, 0.5835007429122925), (0, 0.6867927312850952), (1, 0.7625722885131836), (2, 0.48836904764175415), (3, 0.5539051294326782), (4, 0.5601281523704529), (5, 0.6045676469802856), (6, 0.3997131586074829), (7, 0.5308818817138672), (8, 0.7954613566398621), (9, 0.7794562578201294), (10, 0.43383246660232544), (11, 0.47537001967430115), (12, 0.5593881607055664), (13, 0.7020004391670227), (14, 0.7467602491378784), (15, 0.5664486885070801), (16, 0.7221380472183228), (17, 0.7414634227752686), (18, 0.8091464042663574), (19, 0.43120548129081726), (0, 0.7471739649772644), (1, 0.6343103051185608), (2, 0.4915480613708496), (3, 0.44661492109298706), (4, 0.4911971688270569), (5, 0.6862555742263794), (6, 0.8247922658920288), (7, 0.8312508463859558), (8, 0.3892402648925781), (9, 0.7553702592849731), (10, 0.5704176425933838), (11, 0.5125505328178406), (12, 0.6241284608840942), (13, 0.5576902627944946), (14, 0.5592026114463806), (15, 0.6739896535873413), (16, 0.3189656138420105), (17, 0.7400246858596802), (18, 0.7586046457290649), (19, 0.47459331154823303), (0, 0.7106149196624756), (1, 0.7104479670524597), (2, 0.4373916983604431), (3, 0.7098415493965149), (4, 0.7240713834762573), (5, 0.6701942682266235), (6, 0.4616495966911316), (7, 0.7455426454544067), (8, 0.7265660762786865), (9, 0.72708660364151), (10, 0.35204702615737915), (11, 0.6794291734695435), (12, 0.6070557832717896), (13, 0.5172443985939026), (14, 0.47527724504470825), (15, 0.5891579389572144), (16, 0.6612172722816467), (17, 0.6515811681747437), (18, 0.41005435585975647), (19, 0.9228417277336121), (0, 0.4635441303253174), (1, 0.39468100666999817), (2, 0.630723774433136), (3, 0.5415831804275513), (4, 0.8628314137458801), (5, 0.6570440530776978), (6, 0.6260881423950195), (7, 0.7850872278213501), (8, 0.636205792427063), (9, 0.6203573942184448), (10, 0.6363340616226196), (11, 0.5006794929504395), (12, 0.48978009819984436), (13, 0.5623742341995239), (14, 0.43151798844337463), (15, 0.5547255277633667), (16, 0.5916261076927185), (17, 0.7282078862190247), (18, 0.6757936477661133), (19, 0.5850475430488586), (0, 0.49683666229248047), (1, 0.5986916422843933), (2, 0.45147642493247986), (3, 0.5295968651771545), (4, 0.6440846920013428), (5, 0.5945507287979126), (6, 0.5760518312454224), (7, 0.40090838074684143), (8, 0.7419012784957886), (9, 0.7697296142578125), (10, 0.5221372842788696), (11, 0.5916032791137695), (12, 0.6873197555541992), (13, 0.4692780375480652), (14, 0.8055216073989868), (15, 0.35624298453330994), (16, 0.6343358755111694), (17, 0.5847440361976624), (18, 0.9500528573989868), (19, 0.550456702709198), (0, 0.6646327972412109), (1, 0.5244715809822083), (2, 0.5569507479667664), (3, 0.41403013467788696), (4, 0.7714449167251587), (5, 0.4403335154056549), (6, 0.6777087450027466), (7, 0.42890921235084534), (8, 0.711404025554657), (9, 0.601683497428894), (10, 0.8157423734664917), (11, 0.4191713333129883), (12, 0.6315160393714905), (13, 0.6327086091041565), (14, 0.6485592126846313), (15, 0.8488070368766785), (16, 0.6056410074234009), (17, 0.6163634657859802), (18, 0.6467183828353882), (19, 0.7350870966911316), (0, 0.5014451742172241), (1, 0.4408782422542572), (2, 0.5071223378181458), (3, 0.6029959917068481), (4, 0.8819589614868164), (5, 0.49090439081192017), (6, 0.6410640478134155), (7, 0.6172946691513062), (8, 0.41483253240585327), (9, 0.7494066953659058), (10, 0.5839489102363586), (11, 0.5744237303733826), (12, 0.6410149335861206), (13, 0.6147553324699402), (14, 0.7656537890434265), (15, 0.6128081679344177), (16, 0.5422699451446533), (17, 0.5681097507476807), (18, 0.6137043833732605), (19, 0.4683469533920288), (0, 0.7821732759475708), (1, 0.5701688528060913), (2, 0.5103274583816528), (3, 0.5198202133178711), (4, 0.3380623459815979), (5, 0.7541792392730713), (6, 0.6136258840560913), (7, 0.7317215800285339), (8, 0.48339399695396423), (9, 0.4212074875831604), (10, 0.67299485206604), (11, 0.5594104528427124), (12, 0.6833246946334839), (13, 0.731598973274231), (14, 0.5274569988250732), (15, 0.5839998126029968), (16, 0.4737508296966553), (17, 0.7485306859016418), (18, 0.6211792826652527), (19, 0.8193597793579102), (0, 0.6281747817993164), (1, 0.630074143409729), (2, 0.48177656531333923), (3, 0.3649507164955139), (4, 0.5089282989501953), (5, 0.4865241050720215), (6, 0.867233157157898), (7, 0.7208238840103149), (8, 0.639672040939331), (9, 0.9050545692443848), (10, 0.511123776435852), (11, 0.4878806471824646), (12, 0.5801106691360474), (13, 0.7683830261230469), (14, 0.38093847036361694), (15, 0.6911536455154419), (16, 0.5796427726745605), (17, 0.7204842567443848), (18, 0.5505703687667847), (19, 0.4308704435825348), (0, 0.4239691197872162), (1, 0.6541678309440613), (2, 0.46195587515830994), (3, 0.7075082063674927), (4, 0.6291705965995789), (5, 0.7807901501655579), (6, 0.4752780795097351), (7, 0.7147043943405151), (8, 0.5944738984107971), (9, 0.7846599817276001), (10, 0.49981552362442017), (11, 0.5657171607017517), (12, 0.7103119492530823), (13, 0.5078936815261841), (14, 0.6973008513450623), (15, 0.4957088530063629), (16, 0.4769347608089447), (17, 0.5798380970954895), (18, 0.539381742477417), (19, 0.7023057341575623), (0, 0.38997945189476013), (1, 0.6290411949157715), (2, 0.6387535333633423), (3, 0.5427185297012329), (4, 0.5741163492202759), (5, 0.4267028272151947), (6, 0.4776744246482849), (7, 0.4463796615600586), (8, 0.5120428800582886), (9, 0.6889196634292603), (10, 1.0143582820892334), (11, 0.6577200889587402), (12, 0.7229730486869812), (13, 0.5498467087745667), (14, 0.5156866312026978), (15, 0.5643705129623413), (16, 0.4289897382259369), (17, 1.0288454294204712), (18, 0.5060399770736694), (19, 0.7954416275024414), (0, 0.845138430595398), (1, 0.4479404091835022), (2, 0.690168559551239), (3, 0.5713648200035095), (4, 0.5390956401824951), (5, 0.5046336054801941), (6, 0.6856275200843811), (7, 0.7253059148788452), (8, 0.7367902994155884), (9, 0.5345574617385864), (10, 0.3152760863304138), (11, 0.36818772554397583), (12, 0.6077680587768555), (13, 0.7582550048828125), (14, 0.57917320728302), (15, 0.7034808397293091), (16, 0.741730272769928), (17, 0.3974139094352722), (18, 0.6051785945892334), (19, 0.6638326048851013), (0, 0.6376709342002869), (1, 0.4996279776096344), (2, 0.4447548985481262), (3, 0.6099721789360046), (4, 0.5312096476554871), (5, 0.5356997847557068), (6, 0.9031537175178528), (7, 0.537514328956604), (8, 0.6735013723373413), (9, 1.042684555053711), (10, 0.501513659954071), (11, 0.6201001405715942), (12, 0.7837045788764954), (13, 0.5470024943351746), (14, 0.5996105670928955), (15, 0.6245630979537964), (16, 0.28760573267936707), (17, 0.572966992855072), (18, 0.5565813183784485), (19, 0.5700579285621643), (0, 0.6426793336868286), (1, 0.3341260850429535), (2, 0.5940676331520081), (3, 0.712928056716919), (4, 0.4541040360927582), (5, 0.7319042682647705), (6, 0.6656572222709656), (7, 0.6753937005996704), (8, 0.4139527678489685), (9, 0.7298815250396729), (10, 0.7659254670143127), (11, 0.3959842324256897), (12, 0.42718619108200073), (13, 0.4354531168937683), (14, 0.6572788953781128), (15, 0.6052989363670349), (16, 0.6060662865638733), (17, 0.7611629962921143), (18, 0.5976890325546265), (19, 0.6769022345542908), (0, 0.6192262172698975), (1, 0.5583789944648743), (2, 0.7506124377250671), (3, 0.5875993967056274), (4, 0.6616554856300354), (5, 0.5662837028503418), (6, 0.6146355867385864), (7, 0.45371341705322266), (8, 0.6184937953948975), (9, 1.0619099140167236), (10, 0.6618133783340454), (11, 0.6225844025611877), (12, 0.45249509811401367), (13, 0.895646870136261), (14, 0.4457540512084961), (15, 0.44418254494667053), (16, 0.7340530157089233), (17, 0.4723833203315735), (18, 0.39557498693466187), (19, 0.6108749508857727), (0, 0.7994729280471802), (1, 0.47366729378700256), (2, 0.628545880317688), (3, 0.6261405944824219), (4, 0.5035532712936401), (5, 0.5917373895645142), (6, 0.8365224599838257), (7, 0.6782251596450806), (8, 0.7425139546394348), (9, 0.7376317381858826), (10, 0.5747151374816895), (11, 0.537427544593811), (12, 0.6017537117004395), (13, 0.4754215180873871), (14, 0.6291812658309937), (15, 0.4611569344997406), (16, 0.5485857725143433), (17, 0.4712820053100586), (18, 0.7446790933609009), (19, 0.5133572816848755), (0, 0.5177245736122131), (1, 0.35467830300331116), (2, 0.8108484148979187), (3, 0.3883044719696045), (4, 0.8262680768966675), (5, 0.8908429145812988), (6, 0.6216512322425842), (7, 0.6779273152351379), (8, 0.6469134092330933), (9, 0.6021941900253296), (10, 0.5161464810371399), (11, 0.4457273483276367), (12, 0.5778677463531494), (13, 0.6303796768188477), (14, 0.5858461856842041), (15, 0.4959653913974762), (16, 0.6482952833175659), (17, 0.4650903642177582), (18, 0.386942982673645), (19, 0.965329110622406), (0, 0.7406297326087952), (1, 0.6158267259597778), (2, 0.5726568102836609), (3, 0.9135082960128784), (4, 0.32438671588897705), (5, 0.6929172277450562), (6, 0.27970877289772034), (7, 0.43795910477638245), (8, 0.7032510638237), (9, 1.1991631984710693), (10, 0.8823161125183105), (11, 0.49060526490211487), (12, 0.6684373021125793), (13, 0.4855598509311676), (14, 0.5532423853874207), (15, 0.5466082096099854), (16, 0.6868035197257996), (17, 0.8408316373825073), (18, 0.6863831877708435), (19, 0.39108550548553467), (0, 0.6443255543708801), (1, 0.42448824644088745), (2, 0.6545513868331909), (3, 0.824878990650177), (4, 0.6589549779891968), (5, 0.6037324070930481), (6, 0.5171956419944763), (7, 0.47825950384140015), (8, 0.5496093034744263), (9, 0.5906533002853394), (10, 0.8412460088729858), (11, 0.9187766313552856), (12, 0.43846002221107483), (13, 0.8119916915893555), (14, 0.29681605100631714), (15, 0.36577898263931274), (16, 0.6688206791877747), (17, 0.5443061590194702), (18, 0.6682075262069702), (19, 0.49142464995384216), (0, 0.4877801537513733), (1, 0.5212801694869995), (2, 0.3947869539260864), (3, 0.6284996271133423), (4, 0.608763575553894), (5, 0.3718770146369934), (6, 0.8771413564682007), (7, 0.7358293533325195), (8, 0.387455016374588), (9, 0.5939556360244751), (10, 0.4864042401313782), (11, 0.778659462928772), (12, 0.5362015962600708), (13, 0.5580830574035645), (14, 0.41851672530174255), (15, 0.7276046276092529), (16, 0.6349471211433411), (17, 0.7970336079597473), (18, 0.36783158779144287), (19, 1.0504299402236938), (0, 0.7743808627128601), (1, 0.6364250183105469), (2, 0.37577322125434875), (3, 0.5136170387268066), (4, 0.5964597463607788), (5, 0.5404423475265503), (6, 0.790824294090271), (7, 0.41736119985580444), (8, 0.7523530125617981), (9, 0.6853426098823547), (10, 0.5343450307846069), (11, 0.9612497091293335), (12, 0.43425050377845764), (13, 0.5596921443939209), (14, 0.5608118772506714), (15, 0.8608468770980835), (16, 0.7885321378707886), (17, 0.4744064211845398), (18, 0.5138636231422424), (19, 1.099923014640808), (0, 0.48150506615638733), (1, 0.6244090795516968), (2, 0.5540862083435059), (3, 0.43369466066360474), (4, 0.338745653629303), (5, 0.828808605670929), (6, 0.6504957675933838), (7, 0.7343279123306274), (8, 0.32957836985588074), (9, 0.5278778076171875), (10, 0.5471763610839844), (11, 0.5653379559516907), (12, 0.6097897887229919), (13, 0.47269105911254883), (14, 0.7433797121047974), (15, 0.8042392730712891), (16, 0.846037745475769), (17, 0.6427703499794006), (18, 0.7514654397964478), (19, 0.22023934125900269), (0, 0.46282607316970825), (1, 0.4341255724430084), (2, 0.5810685157775879), (3, 0.7941712141036987), (4, 0.40231889486312866), (5, 0.6369546055793762), (6, 0.6043208837509155), (7, 0.6104350090026855), (8, 0.641980767250061), (9, 0.6466840505599976), (10, 0.7153189778327942), (11, 0.4638044238090515), (12, 0.648288905620575), (13, 0.8034560084342957), (14, 0.548590362071991), (15, 0.6320055723190308), (16, 0.7024308443069458), (17, 0.6016711592674255), (18, 0.527035653591156), (19, 0.5153759121894836), (0, 0.5038639903068542), (1, 0.6654057502746582), (2, 0.6257467865943909), (3, 0.5976721048355103), (4, 0.5603184700012207), (5, 0.7331303358078003), (6, 0.4792373776435852), (7, 0.5281704068183899), (8, 0.7852185368537903), (9, 0.6246974468231201), (10, 0.6982520818710327), (11, 0.35315483808517456), (12, 0.41705232858657837), (13, 0.6447817087173462), (14, 0.5903576016426086), (15, 0.8599032163619995), (16, 0.3651127219200134), (17, 0.6049414277076721), (18, 0.5087190866470337), (19, 0.571317195892334), (0, 0.6625612378120422), (1, 0.5198106169700623), (2, 0.46035104990005493), (3, 0.3864625096321106), (4, 0.4348795413970947), (5, 0.3958112597465515), (6, 0.9406881332397461), (7, 0.5122257471084595), (8, 1.012650489807129), (9, 0.38313648104667664), (10, 0.6281757354736328), (11, 0.6879450678825378), (12, 0.5509814023971558), (13, 0.6857093572616577), (14, 0.5931325554847717), (15, 0.648185133934021), (16, 0.3462607264518738), (17, 0.4380623698234558), (18, 0.8148970603942871), (19, 0.5639939308166504), (0, 0.41996294260025024), (1, 0.41086244583129883), (2, 0.7137535214424133), (3, 0.48682230710983276), (4, 0.7781080007553101), (5, 0.7817469835281372), (6, 0.5243648290634155), (7, 0.7494531869888306), (8, 0.5727882385253906), (9, 0.7777808904647827), (10, 0.6834903359413147), (11, 0.4918328821659088), (12, 0.5176719427108765), (13, 0.43161115050315857), (14, 0.6984957456588745), (15, 0.6323345303535461), (16, 0.6895285844802856), (17, 0.6428824067115784), (18, 0.5625881552696228), (19, 0.8581525683403015), (0, 0.648962140083313), (1, 0.4424774646759033), (2, 0.5015221238136292), (3, 0.564624547958374), (4, 0.39563411474227905), (5, 0.6475973129272461), (6, 0.732915997505188), (7, 0.7287986278533936), (8, 0.6466434597969055), (9, 0.4862331449985504), (10, 0.9043787121772766), (11, 0.6269232630729675), (12, 0.5208343267440796), (13, 0.5974897146224976), (14, 0.6037243604660034), (15, 0.29239392280578613), (16, 0.7005459070205688), (17, 0.4883551597595215), (18, 0.5400971174240112), (19, 0.8879759907722473), (0, 0.39517661929130554), (1, 0.21927347779273987), (2, 0.518342912197113), (3, 0.40345802903175354), (4, 0.6979871988296509), (5, 0.6188031435012817), (6, 0.5976694822311401), (7, 0.5536593198776245), (8, 0.7480548620223999), (9, 0.7338853478431702), (10, 0.5104449391365051), (11, 0.4420299530029297), (12, 0.6599413752555847), (13, 0.8681051135063171), (14, 0.45717015862464905), (15, 0.7786678671836853), (16, 0.5894869565963745), (17, 0.4633939266204834), (18, 0.5047488808631897), (19, 0.9669073224067688), (0, 0.4889790117740631), (1, 0.5611537098884583), (2, 0.3176220953464508), (3, 0.8378475904464722), (4, 0.5851617455482483), (5, 0.8675689697265625), (6, 0.6160069108009338), (7, 0.4357109069824219), (8, 0.6376102566719055), (9, 0.6723538041114807), (10, 0.6418377757072449), (11, 0.7983136177062988), (12, 0.6183769702911377), (13, 0.528590738773346), (14, 0.2034440040588379), (15, 0.45529788732528687), (16, 0.6955646276473999), (17, 0.46463289856910706), (18, 0.45918044447898865), (19, 0.7248852849006653), (0, 0.6216812133789062), (1, 0.7604855298995972), (2, 0.6896635890007019), (3, 0.8163664937019348), (4, 0.591133177280426), (5, 0.4160589575767517), (6, 0.5153270959854126), (7, 0.6445954442024231), (8, 0.6943486928939819), (9, 0.46851491928100586), (10, 0.4574526250362396), (11, 0.7239170074462891), (12, 0.6195600032806396), (13, 0.5095794796943665), (14, 0.4708665907382965), (15, 0.5081661939620972), (16, 0.4260672628879547), (17, 0.7335551381111145), (18, 0.40346255898475647), (19, 0.7879980206489563), (0, 0.7489989995956421), (1, 0.5262852311134338), (2, 0.3516555726528168), (3, 0.7504749298095703), (4, 0.5096925497055054), (5, 0.5107390284538269), (6, 0.4035911560058594), (7, 0.6142019033432007), (8, 0.4830135703086853), (9, 0.8734070062637329), (10, 0.5040059089660645), (11, 0.6405025720596313), (12, 0.45097413659095764), (13, 0.38403230905532837), (14, 0.9566763043403625), (15, 0.5825105309486389), (16, 0.5443850755691528), (17, 0.5006729364395142), (18, 0.6401982307434082), (19, 0.6833855509757996), (0, 0.6006619930267334), (1, 0.6079511046409607), (2, 0.5700280666351318), (3, 0.751774251461029), (4, 0.571368396282196), (5, 0.41833657026290894), (6, 0.4534609913825989), (7, 0.4086816906929016), (8, 0.42071929574012756), (9, 0.7187194228172302), (10, 0.682482123374939), (11, 0.7054426074028015), (12, 0.8096915483474731), (13, 0.43994802236557007), (14, 0.5766284465789795), (15, 0.761963963508606), (16, 0.3403383493423462), (17, 0.7079108953475952), (18, 0.5734114050865173), (19, 0.7534186840057373), (0, 0.44840526580810547), (1, 0.6195222735404968), (2, 0.9629920721054077), (3, 0.6984797716140747), (4, 0.5107342004776001), (5, 0.2540835440158844), (6, 0.5109220743179321), (7, 0.4550692141056061), (8, 0.8614228963851929), (9, 0.40506434440612793), (10, 0.8135195970535278), (11, 0.4446801543235779), (12, 0.4689555764198303), (13, 0.39819973707199097), (14, 0.5144226551055908), (15, 0.6999770998954773), (16, 0.5005925893783569), (17, 0.5259445905685425), (18, 0.5467978119850159), (19, 1.0342808961868286), (0, 0.5268375277519226), (1, 0.2910689115524292), (2, 0.6693381667137146), (3, 0.5700541138648987), (4, 0.597074031829834), (5, 0.618542492389679), (6, 0.5108180642127991), (7, 0.4967324137687683), (8, 0.626989483833313), (9, 0.4859220087528229), (10, 0.6187575459480286), (11, 0.5883830785751343), (12, 0.6385573744773865), (13, 0.8987574577331543), (14, 0.43680936098098755), (15, 0.5016807317733765), (16, 0.41384926438331604), (17, 0.5412002205848694), (18, 1.2040038108825684), (19, 0.42393049597740173), (0, 0.5277101397514343), (1, 0.5603333711624146), (2, 0.3876323997974396), (3, 0.5505915880203247), (4, 0.5677801966667175), (5, 0.5352752804756165), (6, 0.6890347599983215), (7, 0.6792804002761841), (8, 0.4134538769721985), (9, 0.8364101648330688), (10, 0.3866376280784607), (11, 0.7758277654647827), (12, 0.731147825717926), (13, 0.5360122323036194), (14, 0.544094443321228), (15, 0.4695810377597809), (16, 0.5145524144172668), (17, 0.5558900833129883), (18, 0.3037659227848053), (19, 0.9939149022102356), (0, 0.6317970752716064), (1, 0.5567041635513306), (2, 0.6589975357055664), (3, 0.46404170989990234), (4, 0.4280543327331543), (5, 0.3396119475364685), (6, 0.6481689214706421), (7, 0.4090349078178406), (8, 0.824705958366394), (9, 0.45673713088035583), (10, 0.5793820023536682), (11, 0.5086342096328735), (12, 0.4838865399360657), (13, 0.4845687747001648), (14, 0.7810668349266052), (15, 0.883588969707489), (16, 0.5499978065490723), (17, 0.9626560211181641), (18, 0.5150589942932129), (19, 0.7828777432441711), (0, 0.5740347504615784), (1, 0.5661211609840393), (2, 0.854836642742157), (3, 0.47420167922973633), (4, 0.49457263946533203), (5, 0.5371912717819214), (6, 0.4890464246273041), (7, 0.4706433415412903), (8, 0.8171672821044922), (9, 0.5365151166915894), (10, 0.4572703242301941), (11, 0.7383445501327515), (12, 0.6732392907142639), (13, 0.6445915699005127), (14, 0.6179823279380798), (15, 0.23689773678779602), (16, 0.6975789070129395), (17, 0.7486165761947632), (18, 0.655185878276825), (19, 0.7559385299682617), (0, 0.6713701486587524), (1, 0.7698931694030762), (2, 0.6542037725448608), (3, 0.44053635001182556), (4, 0.5045583248138428), (5, 0.4527086317539215), (6, 0.44620171189308167), (7, 0.44978612661361694), (8, 0.6935665607452393), (9, 0.45777058601379395), (10, 0.44279566407203674), (11, 0.6520153284072876), (12, 0.770179271697998), (13, 0.7182508111000061), (14, 0.5093363523483276), (15, 0.4583861231803894), (16, 0.549788773059845), (17, 0.46042600274086), (18, 0.8926205635070801), (19, 0.8914608955383301), (0, 0.4031549394130707), (1, 0.38683733344078064), (2, 0.6241852045059204), (3, 0.4629240036010742), (4, 0.3767614960670471), (5, 0.5163534283638), (6, 0.8246828317642212), (7, 0.3867921233177185), (8, 1.1213515996932983), (9, 0.4721146523952484), (10, 0.6910134553909302), (11, 0.4555301070213318), (12, 0.6698382496833801), (13, 0.6340113878250122), (14, 0.4318504333496094), (15, 0.5171740651130676), (16, 0.6853731870651245), (17, 0.7324751019477844), (18, 0.5294533967971802), (19, 0.8959274291992188), (0, 0.702926516532898), (1, 0.5210335850715637), (2, 0.623059093952179), (3, 0.6772916316986084), (4, 0.4365759491920471), (5, 0.39037296175956726), (6, 0.5423513650894165), (7, 0.6348292231559753), (8, 0.6210728287696838), (9, 0.6444700360298157), (10, 0.495328426361084), (11, 0.6600752472877502), (12, 0.8336578607559204), (13, 0.39975935220718384), (14, 0.6667822599411011), (15, 0.5841423273086548), (16, 0.45817962288856506), (17, 0.667894184589386), (18, 0.47617846727371216), (19, 0.6237629652023315), (0, 0.5245937705039978), (1, 0.5156856775283813), (2, 0.49957966804504395), (3, 0.4342196583747864), (4, 0.5492069125175476), (5, 0.6001226305961609), (6, 0.3117908239364624), (7, 0.5032532811164856), (8, 0.5757874250411987), (9, 0.41238051652908325), (10, 0.7238280177116394), (11, 0.7759847640991211), (12, 0.8148010969161987), (13, 0.49285322427749634), (14, 0.6983935236930847), (15, 0.8689149618148804), (16, 0.7845441102981567), (17, 0.6263633966445923), (18, 0.44197168946266174), (19, 0.6985366940498352), (0, 0.7513289451599121), (1, 0.5755048990249634), (2, 0.5614045262336731), (3, 0.5740958452224731), (4, 0.44025248289108276), (5, 0.5293534398078918), (6, 0.6130158305168152), (7, 0.6790444850921631), (8, 0.5193684697151184), (9, 0.654762864112854), (10, 0.4881114065647125), (11, 0.5409623384475708), (12, 0.6610432863235474), (13, 0.5768576860427856), (14, 0.4341871738433838), (15, 0.8767703175544739), (16, 0.6048233509063721), (17, 0.5385368466377258), (18, 0.6397445201873779), (19, 0.39220866560935974), (0, 0.7476494312286377), (1, 0.5010794401168823), (2, 0.3883519768714905), (3, 0.5266847014427185), (4, 0.5406047105789185), (5, 0.6256245374679565), (6, 0.5370128154754639), (7, 0.7934498190879822), (8, 0.7395721077919006), (9, 0.663931667804718), (10, 0.4513193964958191), (11, 0.4961751401424408), (12, 0.4330255389213562), (13, 0.6327257752418518), (14, 0.3840079605579376), (15, 0.4343792796134949), (16, 0.7073516249656677), (17, 0.580536961555481), (18, 0.8514890670776367), (19, 0.7831480503082275), (0, 0.42507657408714294), (1, 0.4635189175605774), (2, 0.830776572227478), (3, 0.548204779624939), (4, 0.6185873746871948), (5, 0.5569385290145874), (6, 0.534316897392273), (7, 0.605158269405365), (8, 0.7059024572372437), (9, 0.6350881457328796), (10, 0.39639657735824585), (11, 0.6873275637626648), (12, 0.5221393704414368), (13, 0.4319876730442047), (14, 0.5486117005348206), (15, 0.701238214969635), (16, 0.6524621248245239), (17, 0.6214773654937744), (18, 0.732401967048645), (19, 0.6187393665313721), (0, 0.6960188746452332), (1, 0.5345664620399475), (2, 0.6408581137657166), (3, 0.5561500191688538), (4, 0.5041205286979675), (5, 0.6890149712562561), (6, 0.6052502393722534), (7, 0.6828362345695496), (8, 0.5001260042190552), (9, 0.5876631736755371), (10, 0.5492087006568909), (11, 0.5718491673469543), (12, 0.600934624671936), (13, 0.46062955260276794), (14, 0.4355952739715576), (15, 0.7988799214363098), (16, 0.6766058206558228), (17, 0.4477347731590271), (18, 0.5190439224243164), (19, 0.6533073782920837), (0, 0.665352463722229), (1, 0.7048339247703552), (2, 0.36588770151138306), (3, 0.6692043542861938), (4, 0.645005464553833), (5, 0.6312841176986694), (6, 0.4750725328922272), (7, 0.7285246253013611), (8, 0.4022649824619293), (9, 0.3837813138961792), (10, 0.6408728361129761), (11, 0.4107632040977478), (12, 0.5668287873268127), (13, 0.7255743145942688), (14, 0.8183228373527527), (15, 0.5780370235443115), (16, 0.6862891912460327), (17, 0.6617314219474792), (18, 0.6260026097297668), (19, 0.5077693462371826), (0, 0.575645923614502), (1, 0.3209715783596039), (2, 0.7067063450813293), (3, 0.6465995907783508), (4, 0.6397994756698608), (5, 0.4550703167915344), (6, 0.7386829853057861), (7, 0.9145193099975586), (8, 0.5636271834373474), (9, 0.4067414700984955), (10, 0.5964715480804443), (11, 0.43489378690719604), (12, 0.6174997091293335), (13, 0.8915264010429382), (14, 0.4812648296356201), (15, 0.27380111813545227), (16, 0.4566494822502136), (17, 0.6323570609092712), (18, 0.5666154623031616), (19, 0.7312138676643372), (0, 0.45496177673339844), (1, 0.7101553082466125), (2, 0.4567409157752991), (3, 0.6140149235725403), (4, 0.5390118956565857), (5, 0.8762423396110535), (6, 0.3587433397769928), (7, 0.40897950530052185), (8, 0.4130110740661621), (9, 0.5767875909805298), (10, 0.5073336362838745), (11, 0.41010338068008423), (12, 0.4820195734500885), (13, 0.5808355212211609), (14, 0.4279465079307556), (15, 1.020783543586731), (16, 0.6850247383117676), (17, 0.7519099712371826), (18, 0.7530184984207153), (19, 0.695401668548584), (0, 0.6789077520370483), (1, 0.5191105604171753), (2, 0.5757940411567688), (3, 0.3698868751525879), (4, 0.5564219355583191), (5, 0.3123553991317749), (6, 0.626074492931366), (7, 0.5070728659629822), (8, 0.5883191227912903), (9, 0.882427990436554), (10, 0.5166643857955933), (11, 0.7930383682250977), (12, 0.588315486907959), (13, 0.5568878054618835), (14, 0.41024869680404663), (15, 0.35285598039627075), (16, 0.7343119382858276), (17, 0.721759557723999), (18, 0.6934962868690491), (19, 0.5894247889518738), (0, 0.5294709205627441), (1, 0.5074077844619751), (2, 0.6413959264755249), (3, 0.5402032732963562), (4, 0.48129111528396606), (5, 0.6198964715003967), (6, 0.6578562259674072), (7, 0.7912942171096802), (8, 0.5202263593673706), (9, 0.5374456644058228), (10, 0.47926846146583557), (11, 0.6288626790046692), (12, 0.5379258394241333), (13, 0.5526264309883118), (14, 0.614118754863739), (15, 0.512083888053894), (16, 0.44807371497154236), (17, 0.6210539937019348), (18, 0.5883787274360657), (19, 1.228054165840149), (0, 0.757461428642273), (1, 0.45726269483566284), (2, 0.6438838243484497), (3, 0.3389485478401184), (4, 0.6040319204330444), (5, 0.6933616399765015), (6, 0.5455553531646729), (7, 0.7424203753471375), (8, 0.37034842371940613), (9, 0.5265603065490723), (10, 0.2801511883735657), (11, 0.6016328930854797), (12, 0.9355157613754272), (13, 0.7574913501739502), (14, 0.7392470240592957), (15, 0.7414917945861816), (16, 0.6166765093803406), (17, 0.36228904128074646), (18, 0.4639946520328522), (19, 0.2554612457752228), (0, 0.7139788866043091), (1, 0.5867359638214111), (2, 0.38207149505615234), (3, 0.3875666558742523), (4, 0.7228460907936096), (5, 0.4154873788356781), (6, 0.73605877161026), (7, 0.4880770742893219), (8, 0.628594696521759), (9, 0.7054344415664673), (10, 0.39038416743278503), (11, 0.47647470235824585), (12, 0.6074622869491577), (13, 0.6390175819396973), (14, 0.5612089037895203), (15, 0.7887819409370422), (16, 0.559755265712738), (17, 0.6880172491073608), (18, 0.5489014387130737), (19, 0.5636886358261108), (0, 0.6107202768325806), (1, 0.5638526082038879), (2, 0.944206714630127), (3, 0.9561702013015747), (4, 0.505151629447937), (5, 0.8350993990898132), (6, 0.707489550113678), (7, 0.5586165189743042), (8, 0.6094991564750671), (9, 0.46264591813087463), (10, 0.5494202375411987), (11, 0.36357831954956055), (12, 0.46901828050613403), (13, 0.5014603137969971), (14, 0.5256156921386719), (15, 0.5629096031188965), (16, 0.5861085653305054), (17, 0.5911752581596375), (18, 0.25700077414512634), (19, 0.8195508122444153), (0, 0.5592740774154663), (1, 0.6108337640762329), (2, 0.43285274505615234), (3, 0.6768108606338501), (4, 0.31531548500061035), (5, 0.8237272500991821), (6, 0.4852091372013092), (7, 0.5412147641181946), (8, 0.36080116033554077), (9, 0.5193096399307251), (10, 0.7708273530006409), (11, 0.407796710729599), (12, 0.8348924517631531), (13, 0.692840576171875), (14, 0.5126265287399292), (15, 0.5052808523178101), (16, 0.42727985978126526), (17, 0.7438792586326599), (18, 0.6653314828872681), (19, 0.7962525486946106), (0, 0.45722341537475586), (1, 0.42038899660110474), (2, 0.5668996572494507), (3, 0.4388332962989807), (4, 0.49067917466163635), (5, 0.7504493594169617), (6, 0.6388854384422302), (7, 0.5996416211128235), (8, 0.6120117902755737), (9, 0.63475501537323), (10, 0.5646134614944458), (11, 0.6182913184165955), (12, 0.40350478887557983), (13, 0.6479061841964722), (14, 0.7595773935317993), (15, 0.6103688478469849), (16, 0.7199496626853943), (17, 0.38996773958206177), (18, 0.5647737383842468), (19, 0.30598339438438416), (0, 0.47702258825302124), (1, 0.520270049571991), (2, 0.5399907231330872), (3, 0.4321252703666687), (4, 0.5497816205024719), (5, 0.3624427914619446), (6, 0.5905904769897461), (7, 0.44427457451820374), (8, 0.4534383714199066), (9, 1.0708388090133667), (10, 0.3497087359428406), (11, 0.5352345108985901), (12, 0.6510447263717651), (13, 0.7344079613685608), (14, 0.521743893623352), (15, 0.6272599697113037), (16, 0.5674248933792114), (17, 0.7323094606399536), (18, 0.6513310074806213), (19, 0.7948858737945557), (0, 0.6620229482650757), (1, 0.6205278635025024), (2, 0.5640146732330322), (3, 0.5991325378417969), (4, 0.6334728598594666), (5, 0.5581049919128418), (6, 0.8627912402153015), (7, 0.7301804423332214), (8, 0.39365872740745544), (9, 0.41030454635620117), (10, 0.450070321559906), (11, 0.4014202058315277), (12, 0.8249577283859253), (13, 0.8642077445983887), (14, 0.8493306040763855), (15, 0.6766898036003113), (16, 0.825187087059021), (17, 0.413461297750473), (18, 0.4617230296134949), (19, 0.45447608828544617), (0, 0.5751392245292664), (1, 0.43163079023361206), (2, 0.528756320476532), (3, 0.5393703579902649), (4, 0.33780497312545776), (5, 0.6044328212738037), (6, 0.5729722380638123), (7, 0.5780965089797974), (8, 0.5257031321525574), (9, 0.5784182548522949), (10, 0.6544538736343384), (11, 0.6805719137191772), (12, 0.5630362629890442), (13, 0.6358264684677124), (14, 0.5829591751098633), (15, 0.4397704005241394), (16, 0.45339125394821167), (17, 0.9235601425170898), (18, 0.6428269147872925), (19, 0.7489171624183655), (0, 0.6630530953407288), (1, 0.4559582769870758), (2, 0.6670990586280823), (3, 0.5738933682441711), (4, 0.6110969185829163), (5, 0.5833880305290222), (6, 0.412951797246933), (7, 0.7153857946395874), (8, 0.49598655104637146), (9, 0.6763832569122314), (10, 0.40531378984451294), (11, 0.7323195934295654), (12, 0.3317776322364807), (13, 0.5383318662643433), (14, 0.9058716893196106), (15, 0.47573962807655334), (16, 0.6457760334014893), (17, 0.7384475469589233), (18, 0.42782196402549744), (19, 0.4888535439968109), (0, 0.40590405464172363), (1, 0.4730897843837738), (2, 0.7797431945800781), (3, 0.5478386878967285), (4, 0.770092785358429), (5, 0.27067357301712036), (6, 0.72213214635849), (7, 0.530604898929596), (8, 0.6081985235214233), (9, 0.4387993812561035), (10, 0.5267468690872192), (11, 0.5695998668670654), (12, 0.6149078011512756), (13, 0.7207902073860168), (14, 0.643309473991394), (15, 0.4568224549293518), (16, 0.5505287051200867), (17, 0.46680527925491333), (18, 0.6593414545059204), (19, 0.5411611199378967), (0, 0.5206695795059204), (1, 0.5654334425926208), (2, 0.6855136752128601), (3, 0.5846530199050903), (4, 0.6450680494308472), (5, 0.4096958637237549), (6, 0.6628807783126831), (7, 0.6277502179145813), (8, 0.49525418877601624), (9, 0.440703809261322), (10, 0.9405754804611206), (11, 0.7246619462966919), (12, 0.5354540944099426), (13, 0.5656573176383972), (14, 0.7918514609336853), (15, 0.6895668506622314), (16, 0.5573234558105469), (17, 0.44976288080215454), (18, 0.25134986639022827), (19, 0.5739550590515137), (0, 0.435962051153183), (1, 0.5258704423904419), (2, 0.544043242931366), (3, 0.3894551694393158), (4, 0.5698711276054382), (5, 0.711811900138855), (6, 0.29144012928009033), (7, 0.5627789497375488), (8, 0.6345454454421997), (9, 0.7765299081802368), (10, 0.4566304683685303), (11, 0.8082283139228821), (12, 0.5228837728500366), (13, 0.48612552881240845), (14, 0.5491864085197449), (15, 0.8114076852798462), (16, 0.48367977142333984), (17, 0.6071054935455322), (18, 0.45193424820899963), (19, 0.5929279923439026), (0, 0.5599962472915649), (1, 0.5350626111030579), (2, 0.7151528596878052), (3, 0.45080193877220154), (4, 0.5699363350868225), (5, 0.6009393930435181), (6, 0.8040076494216919), (7, 0.3742886185646057), (8, 0.5563279390335083), (9, 0.557396650314331), (10, 0.7034539580345154), (11, 0.5431391000747681), (12, 0.3973099887371063), (13, 0.3435906767845154), (14, 0.7346073985099792), (15, 0.442965030670166), (16, 0.5702172517776489), (17, 0.6072949767112732), (18, 0.5238050818443298), (19, 0.591892421245575), (0, 0.7127898931503296), (1, 0.6459857225418091), (2, 0.24375128746032715), (3, 0.9501602053642273), (4, 0.5556639432907104), (5, 0.39372557401657104), (6, 0.6731640696525574), (7, 0.41250935196876526), (8, 0.4155949652194977), (9, 0.6915879845619202), (10, 0.5918503999710083), (11, 0.50152987241745), (12, 0.42870932817459106), (13, 0.6302179098129272), (14, 0.7657387256622314), (15, 0.5048166513442993), (16, 0.5339264869689941), (17, 0.7361555099487305), (18, 0.5752334594726562), (19, 0.3088788092136383), (0, 0.3850318491458893), (1, 0.44470834732055664), (2, 0.6775546669960022), (3, 0.7591329216957092), (4, 0.6357400417327881), (5, 0.4793604016304016), (6, 0.426147997379303), (7, 0.4191338121891022), (8, 0.3859340250492096), (9, 0.6220160722732544), (10, 0.6232984662055969), (11, 0.30764633417129517), (12, 0.43272265791893005), (13, 1.2401702404022217), (14, 0.5522605180740356), (15, 0.7595757246017456), (16, 0.5255855917930603), (17, 0.8973585963249207), (18, 0.5693935751914978), (19, 0.33520016074180603), (0, 0.6514868140220642), (1, 0.47860851883888245), (2, 0.40590858459472656), (3, 0.5957615375518799), (4, 0.6636168360710144), (5, 0.40572410821914673), (6, 0.7603212594985962), (7, 0.4814511239528656), (8, 0.5446522831916809), (9, 0.5306276082992554), (10, 0.6846188306808472), (11, 0.3330639898777008), (12, 0.42017340660095215), (13, 0.6818228960037231), (14, 0.6150735020637512), (15, 0.7754529714584351), (16, 0.7885094881057739), (17, 0.846000075340271), (18, 0.3554012179374695), (19, 0.4850882291793823), (0, 0.6540995836257935), (1, 0.5952792167663574), (2, 0.5419893860816956), (3, 1.0076379776000977), (4, 0.5817683339118958), (5, 0.5532458424568176), (6, 0.7204641103744507), (7, 0.6770568490028381), (8, 0.6239103078842163), (9, 0.4040749669075012), (10, 0.5194755792617798), (11, 0.20677685737609863), (12, 0.39639168977737427), (13, 0.430316299200058), (14, 0.7933658361434937), (15, 0.7507726550102234), (16, 0.41548413038253784), (17, 0.2970075011253357), (18, 0.4927247166633606), (19, 0.26191943883895874), (0, 0.7588514089584351), (1, 0.4707275927066803), (2, 0.3393855392932892), (3, 0.3824700713157654), (4, 0.5281528234481812), (5, 0.6139916181564331), (6, 0.5363553166389465), (7, 0.5079237222671509), (8, 0.6693980693817139), (9, 0.3096431791782379), (10, 0.8036400079727173), (11, 0.4843543469905853), (12, 0.3843945860862732), (13, 0.6442796587944031), (14, 0.5515931248664856), (15, 0.43278974294662476), (16, 1.0500495433807373), (17, 0.9568566083908081), (18, 0.20859363675117493), (19, 0.7231754660606384), (0, 0.9662558436393738), (1, 0.6032003164291382), (2, 0.6096137166023254), (3, 0.724694550037384), (4, 0.49162817001342773), (5, 0.5164293646812439), (6, 0.657638669013977), (7, 0.3427012264728546), (8, 0.3191870450973511), (9, 0.5081914663314819), (10, 0.7507930994033813), (11, 0.5956420302391052), (12, 0.5831040143966675), (13, 0.30542558431625366), (14, 0.5574713945388794), (15, 0.667454183101654), (16, 0.6182337999343872), (17, 0.40138745307922363), (18, 0.5674954652786255), (19, 0.6450288891792297), (0, 0.6024886965751648), (1, 0.8971360921859741), (2, 0.48791438341140747), (3, 0.49155575037002563), (4, 0.42291373014450073), (5, 0.3598521649837494), (6, 0.6556118130683899), (7, 0.8124221563339233), (8, 0.4260912835597992), (9, 0.5624109506607056), (10, 0.4951590597629547), (11, 0.43537408113479614), (12, 0.7025659680366516), (13, 0.6370956897735596), (14, 0.6857461333274841), (15, 0.4947451651096344), (16, 0.5450617074966431), (17, 0.3553403913974762), (18, 0.5501362681388855), (19, 0.5261226296424866), (0, 1.0845221281051636), (1, 0.5208319425582886), (2, 0.395914226770401), (3, 0.37789222598075867), (4, 0.4505653381347656), (5, 0.48433923721313477), (6, 0.5708813071250916), (7, 0.589264452457428), (8, 0.5772629380226135), (9, 0.7317841649055481), (10, 0.6019927859306335), (11, 0.43838149309158325), (12, 0.3869043290615082), (13, 0.6018964648246765), (14, 0.6088367700576782), (15, 0.6369521617889404), (16, 0.8600989580154419), (17, 0.4344770312309265), (18, 0.4428299069404602), (19, 0.3210489749908447), (0, 0.6446905136108398), (1, 0.16399921476840973), (2, 0.42849069833755493), (3, 0.6913013458251953), (4, 0.5230947136878967), (5, 0.5193693041801453), (6, 0.34902524948120117), (7, 0.8286078572273254), (8, 0.8295226097106934), (9, 0.4796050488948822), (10, 0.4978213310241699), (11, 0.5972986221313477), (12, 0.6318343877792358), (13, 0.5853490233421326), (14, 0.5510485768318176), (15, 0.7226706147193909), (16, 0.7161060571670532), (17, 0.6388829946517944), (18, 0.2996712923049927), (19, 0.5733551979064941)]