Model Setup for Uniformvirtual {PATIENT_GROUPS} Trained Network:

Network Architecture Parameters
Input channels=2
Hidden channels=32
Output channels=1

Training hyperparameters
Optimizer=AdamW (
Parameter Group 0
    amsgrad: False
    betas: (0.9, 0.999)
    capturable: False
    differentiable: False
    eps: 1e-08
    foreach: None
    fused: None
    lr: 0.001
    maximize: False
    weight_decay: 1e-06
)Training Iterations=100
Learning rate=0.001
Weight decay=1e-06
Optimizer reset frequency=None

Dropout probability (after initial linear layer before NCDE): 0
Training Data Selection Parameters
(If not virtual, the only important params are the groups and whether data was normalized/standardized)
Patient groups=['Control', 'Atypical']
Augmentation strategy=Uniform
Noise Magnitude=0.05
Normalized/standardized=Standardize
Number of virtual patients per real patient=100
Label smoothing factor=0
Test Patient Combinations:
Control: (13, 11, 8, 14, 6)
MDD: (4, 1, 13, 10)
Training batch size=200
Training Results:
Runtime=154.658686876297
Loss over time=[(0, 0.7237726449966431), (1, 0.7141546607017517), (2, 0.7226158976554871), (3, 0.713026762008667), (4, 0.6978239417076111), (5, 0.7003846764564514), (6, 0.7062776684761047), (7, 0.6736101508140564), (8, 0.6824626326560974), (9, 0.7000245451927185), (0, 0.6769520044326782), (1, 0.6896716952323914), (2, 0.6753997206687927), (3, 0.6677500009536743), (4, 0.6905170679092407), (5, 0.676822304725647), (6, 0.6463862061500549), (7, 0.678464949131012), (8, 0.6353787779808044), (9, 0.6653994917869568), (0, 0.6691694855690002), (1, 0.6373763680458069), (2, 0.6510787010192871), (3, 0.6431952714920044), (4, 0.6501365900039673), (5, 0.6526255011558533), (6, 0.6601241230964661), (7, 0.6437026262283325), (8, 0.6403795480728149), (9, 0.6389872431755066), (0, 0.6054232716560364), (1, 0.647270143032074), (2, 0.6334713101387024), (3, 0.6327425241470337), (4, 0.6387467384338379), (5, 0.6219013333320618), (6, 0.653130292892456), (7, 0.6561721563339233), (8, 0.6322669982910156), (9, 0.6581549048423767), (0, 0.6002137660980225), (1, 0.6492266058921814), (2, 0.6172236800193787), (3, 0.6351744532585144), (4, 0.6167771220207214), (5, 0.6196815371513367), (6, 0.6221774220466614), (7, 0.6207665801048279), (8, 0.6536350846290588), (9, 0.6385878324508667), (0, 0.6494982838630676), (1, 0.6452888250350952), (2, 0.6121296286582947), (3, 0.6209391951560974), (4, 0.6020056009292603), (5, 0.6191107034683228), (6, 0.5864867568016052), (7, 0.5878560543060303), (8, 0.6146556735038757), (9, 0.619107186794281), (0, 0.6037949323654175), (1, 0.6102136373519897), (2, 0.6116629242897034), (3, 0.6017625331878662), (4, 0.6037271022796631), (5, 0.617080807685852), (6, 0.6001657247543335), (7, 0.6068826913833618), (8, 0.5821173787117004), (9, 0.5875967741012573), (0, 0.6126198768615723), (1, 0.5853503942489624), (2, 0.6051201224327087), (3, 0.5780262351036072), (4, 0.5641177296638489), (5, 0.5999027490615845), (6, 0.6154401898384094), (7, 0.5712539553642273), (8, 0.5789581537246704), (9, 0.5710670351982117), (0, 0.6142211556434631), (1, 0.569927990436554), (2, 0.5839378833770752), (3, 0.5706399083137512), (4, 0.5890981554985046), (5, 0.5814412832260132), (6, 0.5565324425697327), (7, 0.5582376718521118), (8, 0.5357544422149658), (9, 0.5773586630821228), (0, 0.5735994577407837), (1, 0.5473089814186096), (2, 0.5540004968643188), (3, 0.5661360025405884), (4, 0.5493186712265015), (5, 0.5544231534004211), (6, 0.5733891725540161), (7, 0.5714933276176453), (8, 0.548281192779541), (9, 0.5548120141029358), (0, 0.5410431623458862), (1, 0.5351952910423279), (2, 0.5381559133529663), (3, 0.5483229160308838), (4, 0.549266517162323), (5, 0.5434472560882568), (6, 0.5560093522071838), (7, 0.5505084991455078), (8, 0.5170964598655701), (9, 0.5618961453437805), (0, 0.5278007388114929), (1, 0.5540382266044617), (2, 0.5306374430656433), (3, 0.5174862742424011), (4, 0.5354074835777283), (5, 0.5590752363204956), (6, 0.5074238777160645), (7, 0.4990825653076172), (8, 0.544660747051239), (9, 0.5106212496757507), (0, 0.5261695981025696), (1, 0.5363606214523315), (2, 0.5283256769180298), (3, 0.5167950391769409), (4, 0.519573986530304), (5, 0.5241038203239441), (6, 0.5513482093811035), (7, 0.4514128565788269), (8, 0.4900542199611664), (9, 0.5001223683357239), (0, 0.5047853589057922), (1, 0.5146434307098389), (2, 0.5006946325302124), (3, 0.4666823148727417), (4, 0.5233860015869141), (5, 0.49613532423973083), (6, 0.45398032665252686), (7, 0.5110629200935364), (8, 0.5520949363708496), (9, 0.49094313383102417), (0, 0.49568215012550354), (1, 0.4875931143760681), (2, 0.4650319814682007), (3, 0.48449134826660156), (4, 0.46783819794654846), (5, 0.4523223638534546), (6, 0.5040583610534668), (7, 0.49775221943855286), (8, 0.5098730325698853), (9, 0.5387330055236816), (0, 0.4605250060558319), (1, 0.4840729832649231), (2, 0.463314414024353), (3, 0.44720977544784546), (4, 0.5244722366333008), (5, 0.4959394037723541), (6, 0.46549275517463684), (7, 0.4824877977371216), (8, 0.5112673044204712), (9, 0.45492228865623474), (0, 0.44298622012138367), (1, 0.49512314796447754), (2, 0.4969860017299652), (3, 0.4729088544845581), (4, 0.45360592007637024), (5, 0.4794337749481201), (6, 0.449830561876297), (7, 0.47930413484573364), (8, 0.43464890122413635), (9, 0.48686152696609497), (0, 0.46594786643981934), (1, 0.4495687186717987), (2, 0.4494287073612213), (3, 0.47704508900642395), (4, 0.4762551784515381), (5, 0.5171424746513367), (6, 0.45177510380744934), (7, 0.47790202498435974), (8, 0.4300788938999176), (9, 0.40873974561691284), (0, 0.4741104245185852), (1, 0.47443023324012756), (2, 0.4345040023326874), (3, 0.42839816212654114), (4, 0.4016021490097046), (5, 0.4426043629646301), (6, 0.47053301334381104), (7, 0.4449400007724762), (8, 0.4921412765979767), (9, 0.46188804507255554), (0, 0.4921681582927704), (1, 0.4471362829208374), (2, 0.46906283497810364), (3, 0.4578820765018463), (4, 0.4384891390800476), (5, 0.431907057762146), (6, 0.4041091501712799), (7, 0.46679362654685974), (8, 0.4139482378959656), (9, 0.43999144434928894), (0, 0.4552830755710602), (1, 0.4488973319530487), (2, 0.4486331045627594), (3, 0.4209621846675873), (4, 0.49084171652793884), (5, 0.43279483914375305), (6, 0.41313713788986206), (7, 0.4360286593437195), (8, 0.41545799374580383), (9, 0.43824446201324463), (0, 0.4435771107673645), (1, 0.4125739336013794), (2, 0.3949739336967468), (3, 0.45200738310813904), (4, 0.45472294092178345), (5, 0.4357418119907379), (6, 0.41071727871894836), (7, 0.4474312663078308), (8, 0.4158322513103485), (9, 0.4875510334968567), (0, 0.4499908685684204), (1, 0.4256784915924072), (2, 0.42068615555763245), (3, 0.46239131689071655), (4, 0.4159300923347473), (5, 0.437499076128006), (6, 0.3972983658313751), (7, 0.4189056158065796), (8, 0.4579119384288788), (9, 0.4214945137500763), (0, 0.4374578893184662), (1, 0.4449983239173889), (2, 0.4069456458091736), (3, 0.4009435772895813), (4, 0.4712536334991455), (5, 0.4292241930961609), (6, 0.41838204860687256), (7, 0.41561371088027954), (8, 0.4277850091457367), (9, 0.42059871554374695), (0, 0.40181922912597656), (1, 0.4398542046546936), (2, 0.40333205461502075), (3, 0.3962682783603668), (4, 0.4194439649581909), (5, 0.36028480529785156), (6, 0.4313447177410126), (7, 0.4890955090522766), (8, 0.4491243064403534), (9, 0.44908276200294495), (0, 0.3956967294216156), (1, 0.4108820855617523), (2, 0.44905760884284973), (3, 0.4301108419895172), (4, 0.4219953119754791), (5, 0.4199756681919098), (6, 0.4639923572540283), (7, 0.40510836243629456), (8, 0.3834865987300873), (9, 0.4232539236545563), (0, 0.432176411151886), (1, 0.38584235310554504), (2, 0.43487799167633057), (3, 0.4439287483692169), (4, 0.40636593103408813), (5, 0.44925814867019653), (6, 0.41527000069618225), (7, 0.4300178289413452), (8, 0.3974996507167816), (9, 0.382376492023468), (0, 0.42504963278770447), (1, 0.43290260434150696), (2, 0.3832383453845978), (3, 0.44542938470840454), (4, 0.40986689925193787), (5, 0.422515332698822), (6, 0.40531399846076965), (7, 0.386071115732193), (8, 0.43794116377830505), (9, 0.4027969241142273), (0, 0.4348975718021393), (1, 0.4088914096355438), (2, 0.39431434869766235), (3, 0.4192426800727844), (4, 0.40952178835868835), (5, 0.39139968156814575), (6, 0.42874422669410706), (7, 0.40939316153526306), (8, 0.4299817681312561), (9, 0.39615103602409363), (0, 0.466398149728775), (1, 0.44444942474365234), (2, 0.39938950538635254), (3, 0.4370972514152527), (4, 0.4075809121131897), (5, 0.40316063165664673), (6, 0.38301506638526917), (7, 0.38577499985694885), (8, 0.3696039319038391), (9, 0.39768922328948975), (0, 0.4136478304862976), (1, 0.39920684695243835), (2, 0.4175585210323334), (3, 0.37449395656585693), (4, 0.44202864170074463), (5, 0.40987205505371094), (6, 0.40505629777908325), (7, 0.38721489906311035), (8, 0.4257415533065796), (9, 0.4006110429763794), (0, 0.41873013973236084), (1, 0.4138604700565338), (2, 0.39779359102249146), (3, 0.41985833644866943), (4, 0.38828712701797485), (5, 0.40400025248527527), (6, 0.38284170627593994), (7, 0.42989078164100647), (8, 0.4103049337863922), (9, 0.38283538818359375), (0, 0.398786723613739), (1, 0.38865524530410767), (2, 0.39842087030410767), (3, 0.4138697683811188), (4, 0.42066192626953125), (5, 0.39253953099250793), (6, 0.42907124757766724), (7, 0.3983442187309265), (8, 0.4181719124317169), (9, 0.3714717924594879), (0, 0.42228493094444275), (1, 0.39415615797042847), (2, 0.40227803587913513), (3, 0.3729110062122345), (4, 0.42014139890670776), (5, 0.4450761377811432), (6, 0.38200369477272034), (7, 0.3854385018348694), (8, 0.38876014947891235), (9, 0.39639273285865784), (0, 0.4107118844985962), (1, 0.355594277381897), (2, 0.39463019371032715), (3, 0.4128425717353821), (4, 0.42679035663604736), (5, 0.3949788212776184), (6, 0.410022497177124), (7, 0.3530140817165375), (8, 0.43217387795448303), (9, 0.4027654528617859), (0, 0.407781183719635), (1, 0.4288737177848816), (2, 0.37147390842437744), (3, 0.36419156193733215), (4, 0.38644999265670776), (5, 0.396605908870697), (6, 0.4139106273651123), (7, 0.4346277117729187), (8, 0.3776313066482544), (9, 0.39582616090774536), (0, 0.3781130909919739), (1, 0.39859896898269653), (2, 0.4153946340084076), (3, 0.35743677616119385), (4, 0.3931314945220947), (5, 0.43379536271095276), (6, 0.3990401029586792), (7, 0.37594306468963623), (8, 0.3860664367675781), (9, 0.427610844373703), (0, 0.4127766489982605), (1, 0.37357422709465027), (2, 0.4034264385700226), (3, 0.34869280457496643), (4, 0.3746761381626129), (5, 0.45993340015411377), (6, 0.37688782811164856), (7, 0.4067073464393616), (8, 0.40906965732574463), (9, 0.38894787430763245), (0, 0.4221310317516327), (1, 0.38937246799468994), (2, 0.3713955581188202), (3, 0.36781471967697144), (4, 0.39470499753952026), (5, 0.40643322467803955), (6, 0.44360724091529846), (7, 0.35644295811653137), (8, 0.38215598464012146), (9, 0.40644875168800354), (0, 0.37059661746025085), (1, 0.4064139425754547), (2, 0.4491022527217865), (3, 0.3752189874649048), (4, 0.3586196005344391), (5, 0.4275709092617035), (6, 0.3699219822883606), (7, 0.3618786633014679), (8, 0.41955816745758057), (9, 0.38823649287223816), (0, 0.3841472566127777), (1, 0.39216911792755127), (2, 0.3378297686576843), (3, 0.3506815433502197), (4, 0.3799554407596588), (5, 0.38614073395729065), (6, 0.3874567449092865), (7, 0.42301177978515625), (8, 0.43312132358551025), (9, 0.4434242248535156), (0, 0.3840073347091675), (1, 0.4322126805782318), (2, 0.41352859139442444), (3, 0.42372748255729675), (4, 0.4091359078884125), (5, 0.36823785305023193), (6, 0.3938736021518707), (7, 0.36818698048591614), (8, 0.32961446046829224), (9, 0.38532504439353943), (0, 0.4284169375896454), (1, 0.4020688533782959), (2, 0.3890041410923004), (3, 0.3702598214149475), (4, 0.3854976296424866), (5, 0.3676536977291107), (6, 0.3988185524940491), (7, 0.37802618741989136), (8, 0.401260644197464), (9, 0.36972010135650635), (0, 0.37748295068740845), (1, 0.39305487275123596), (2, 0.4118174612522125), (3, 0.39773738384246826), (4, 0.39159107208251953), (5, 0.3655535876750946), (6, 0.37981316447257996), (7, 0.4199082553386688), (8, 0.3666529357433319), (9, 0.375751256942749), (0, 0.36102375388145447), (1, 0.4080524146556854), (2, 0.4031140208244324), (3, 0.4088844954967499), (4, 0.3507234454154968), (5, 0.40959545969963074), (6, 0.3975624144077301), (7, 0.3382207155227661), (8, 0.4031168818473816), (9, 0.3788965344429016), (0, 0.3735467493534088), (1, 0.43621787428855896), (2, 0.3502958416938782), (3, 0.41813209652900696), (4, 0.3904699981212616), (5, 0.3214542865753174), (6, 0.3976399898529053), (7, 0.40181437134742737), (8, 0.3683858811855316), (9, 0.3727959394454956), (0, 0.37845784425735474), (1, 0.3971552550792694), (2, 0.41301989555358887), (3, 0.360594779253006), (4, 0.3823809027671814), (5, 0.3991774022579193), (6, 0.3595312833786011), (7, 0.32875049114227295), (8, 0.3830084502696991), (9, 0.38230812549591064), (0, 0.3660770356655121), (1, 0.385265588760376), (2, 0.3876509368419647), (3, 0.3526638448238373), (4, 0.3533286154270172), (5, 0.38016563653945923), (6, 0.37364909052848816), (7, 0.3481658101081848), (8, 0.4170892834663391), (9, 0.39948806166648865), (0, 0.29757633805274963), (1, 0.33285921812057495), (2, 0.38864433765411377), (3, 0.3801662027835846), (4, 0.3940541744232178), (5, 0.39064016938209534), (6, 0.37704184651374817), (7, 0.3965086340904236), (8, 0.3919086456298828), (9, 0.3893022835254669), (0, 0.39008376002311707), (1, 0.3264058828353882), (2, 0.35261690616607666), (3, 0.3992530107498169), (4, 0.37630996108055115), (5, 0.39458250999450684), (6, 0.36546802520751953), (7, 0.370545357465744), (8, 0.3722820281982422), (9, 0.381021648645401), (0, 0.4356297552585602), (1, 0.3553142845630646), (2, 0.32163187861442566), (3, 0.3128107488155365), (4, 0.3944195806980133), (5, 0.38411617279052734), (6, 0.3799532949924469), (7, 0.38409411907196045), (8, 0.3810358941555023), (9, 0.3602854609489441), (0, 0.3217993974685669), (1, 0.3282982110977173), (2, 0.4079366624355316), (3, 0.37145259976387024), (4, 0.3581349551677704), (5, 0.3350319266319275), (6, 0.3981563150882721), (7, 0.4062964916229248), (8, 0.35880881547927856), (9, 0.4100523293018341), (0, 0.36307036876678467), (1, 0.37252143025398254), (2, 0.4168780446052551), (3, 0.32806527614593506), (4, 0.3426937162876129), (5, 0.35382840037345886), (6, 0.37225446105003357), (7, 0.3413500189781189), (8, 0.4066212773323059), (9, 0.3712350130081177), (0, 0.33999180793762207), (1, 0.3224618434906006), (2, 0.32249823212623596), (3, 0.4136502146720886), (4, 0.44264480471611023), (5, 0.34864142537117004), (6, 0.36496207118034363), (7, 0.3638308644294739), (8, 0.3740766942501068), (9, 0.3571344017982483), (0, 0.359627902507782), (1, 0.3825618624687195), (2, 0.362481951713562), (3, 0.3732283115386963), (4, 0.33787137269973755), (5, 0.3537288010120392), (6, 0.35332992672920227), (7, 0.41013893485069275), (8, 0.34518471360206604), (9, 0.3327879011631012), (0, 0.3455783426761627), (1, 0.3504585921764374), (2, 0.4146203100681305), (3, 0.343870609998703), (4, 0.3461720645427704), (5, 0.4211648106575012), (6, 0.38830605149269104), (7, 0.3493679463863373), (8, 0.3642773926258087), (9, 0.33613234758377075), (0, 0.38571101427078247), (1, 0.36108070611953735), (2, 0.3841460049152374), (3, 0.3553723096847534), (4, 0.3321691155433655), (5, 0.3747614324092865), (6, 0.31158915162086487), (7, 0.2879049777984619), (8, 0.39066120982170105), (9, 0.3941180109977722), (0, 0.39897263050079346), (1, 0.3214443624019623), (2, 0.38206273317337036), (3, 0.3214403986930847), (4, 0.43408408761024475), (5, 0.3815312683582306), (6, 0.33519962430000305), (7, 0.3075504004955292), (8, 0.33988597989082336), (9, 0.33153048157691956), (0, 0.3584362268447876), (1, 0.4216409921646118), (2, 0.31014078855514526), (3, 0.3956291675567627), (4, 0.33583614230155945), (5, 0.3524320125579834), (6, 0.33515533804893494), (7, 0.31217873096466064), (8, 0.355802446603775), (9, 0.3500029742717743), (0, 0.31109362840652466), (1, 0.3663254976272583), (2, 0.3864149749279022), (3, 0.32886627316474915), (4, 0.3322511613368988), (5, 0.3469185531139374), (6, 0.3955816626548767), (7, 0.2886260151863098), (8, 0.3873666524887085), (9, 0.34476807713508606), (0, 0.35556545853614807), (1, 0.33393245935440063), (2, 0.33384937047958374), (3, 0.3471890389919281), (4, 0.3318052291870117), (5, 0.38416314125061035), (6, 0.3882879912853241), (7, 0.32540762424468994), (8, 0.3659866452217102), (9, 0.3601621389389038), (0, 0.30945801734924316), (1, 0.3438847064971924), (2, 0.3595808446407318), (3, 0.3407505750656128), (4, 0.31774723529815674), (5, 0.38942116498947144), (6, 0.38647884130477905), (7, 0.3744298219680786), (8, 0.3459356725215912), (9, 0.335092157125473), (0, 0.32286208868026733), (1, 0.3311721086502075), (2, 0.3607376515865326), (3, 0.3496371805667877), (4, 0.3708098232746124), (5, 0.38298770785331726), (6, 0.29708999395370483), (7, 0.34342965483665466), (8, 0.3365265727043152), (9, 0.3535187542438507), (0, 0.32150375843048096), (1, 0.3385820686817169), (2, 0.2919018268585205), (3, 0.31881147623062134), (4, 0.32863926887512207), (5, 0.3889576196670532), (6, 0.30929452180862427), (7, 0.3523765504360199), (8, 0.3487216532230377), (9, 0.3983546793460846), (0, 0.35507047176361084), (1, 0.3018910586833954), (2, 0.31075239181518555), (3, 0.3302663564682007), (4, 0.3333304226398468), (5, 0.40091055631637573), (6, 0.29069870710372925), (7, 0.3602660000324249), (8, 0.37151122093200684), (9, 0.3745514750480652), (0, 0.3718388080596924), (1, 0.29197198152542114), (2, 0.3102274537086487), (3, 0.3352734446525574), (4, 0.33403220772743225), (5, 0.30447983741760254), (6, 0.34790152311325073), (7, 0.3696557581424713), (8, 0.3911503255367279), (9, 0.327582448720932), (0, 0.3064502775669098), (1, 0.41346725821495056), (2, 0.39870280027389526), (3, 0.3241770267486572), (4, 0.30990779399871826), (5, 0.34197884798049927), (6, 0.31496661901474), (7, 0.3093346357345581), (8, 0.3041335940361023), (9, 0.30893146991729736), (0, 0.34569960832595825), (1, 0.32226917147636414), (2, 0.3433977961540222), (3, 0.341513067483902), (4, 0.2866068184375763), (5, 0.352500319480896), (6, 0.3297150731086731), (7, 0.33405905961990356), (8, 0.3328041434288025), (9, 0.29356586933135986), (0, 0.359432190656662), (1, 0.3700832426548004), (2, 0.27679815888404846), (3, 0.2889399230480194), (4, 0.36117857694625854), (5, 0.28099459409713745), (6, 0.31519806385040283), (7, 0.3221454918384552), (8, 0.3541930019855499), (9, 0.3729749917984009), (0, 0.28336861729621887), (1, 0.2630215585231781), (2, 0.3727438747882843), (3, 0.36942511796951294), (4, 0.27194860577583313), (5, 0.3737283945083618), (6, 0.33899712562561035), (7, 0.37912121415138245), (8, 0.30775129795074463), (9, 0.3331229090690613), (0, 0.3134782314300537), (1, 0.35494378209114075), (2, 0.3312785029411316), (3, 0.30936920642852783), (4, 0.32070115208625793), (5, 0.33716925978660583), (6, 0.29931148886680603), (7, 0.3213462829589844), (8, 0.4009096920490265), (9, 0.28134986758232117), (0, 0.33050698041915894), (1, 0.3452397286891937), (2, 0.331175833940506), (3, 0.31845784187316895), (4, 0.26605460047721863), (5, 0.3428901731967926), (6, 0.27705612778663635), (7, 0.3072349429130554), (8, 0.33581626415252686), (9, 0.3774772584438324), (0, 0.3490971028804779), (1, 0.3090755343437195), (2, 0.3588094413280487), (3, 0.27419087290763855), (4, 0.3182837963104248), (5, 0.33239495754241943), (6, 0.3301266133785248), (7, 0.3177075684070587), (8, 0.3273085057735443), (9, 0.2917523682117462), (0, 0.28874287009239197), (1, 0.3347228169441223), (2, 0.29725778102874756), (3, 0.3780110478401184), (4, 0.3357343375682831), (5, 0.32859334349632263), (6, 0.3060254752635956), (7, 0.33470427989959717), (8, 0.3286311626434326), (9, 0.2708430588245392), (0, 0.3556867837905884), (1, 0.30897256731987), (2, 0.3172021508216858), (3, 0.3229770362377167), (4, 0.36885693669319153), (5, 0.3308992087841034), (6, 0.34386780858039856), (7, 0.2726229131221771), (8, 0.2862432301044464), (9, 0.27964064478874207), (0, 0.3146163821220398), (1, 0.32088130712509155), (2, 0.3285307288169861), (3, 0.3019714057445526), (4, 0.3340398669242859), (5, 0.29842665791511536), (6, 0.3339156210422516), (7, 0.29000815749168396), (8, 0.35522934794425964), (9, 0.297410786151886), (0, 0.2800614833831787), (1, 0.3272706866264343), (2, 0.34993550181388855), (3, 0.32957977056503296), (4, 0.361012727022171), (5, 0.31627222895622253), (6, 0.2906542718410492), (7, 0.27490097284317017), (8, 0.30990201234817505), (9, 0.35102662444114685), (0, 0.3267006576061249), (1, 0.3348998725414276), (2, 0.30279436707496643), (3, 0.3312875032424927), (4, 0.3122355341911316), (5, 0.32131263613700867), (6, 0.30151084065437317), (7, 0.2934645116329193), (8, 0.31895336508750916), (9, 0.3226521611213684), (0, 0.36960914731025696), (1, 0.30620911717414856), (2, 0.26456135511398315), (3, 0.3294064402580261), (4, 0.3444697856903076), (5, 0.30519580841064453), (6, 0.3174375295639038), (7, 0.3122630715370178), (8, 0.33163031935691833), (9, 0.27637937664985657), (0, 0.234267458319664), (1, 0.3155933916568756), (2, 0.3119572699069977), (3, 0.3383798897266388), (4, 0.2722764015197754), (5, 0.3299766480922699), (6, 0.3601277470588684), (7, 0.30469390749931335), (8, 0.31059885025024414), (9, 0.4028517007827759), (0, 0.29313042759895325), (1, 0.3091585636138916), (2, 0.27679523825645447), (3, 0.29076218605041504), (4, 0.28618812561035156), (5, 0.3868367671966553), (6, 0.32148364186286926), (7, 0.35063406825065613), (8, 0.32634827494621277), (9, 0.3367771804332733), (0, 0.32199957966804504), (1, 0.3119666278362274), (2, 0.2594161331653595), (3, 0.3754686415195465), (4, 0.29262658953666687), (5, 0.2876720130443573), (6, 0.36470726132392883), (7, 0.2933287024497986), (8, 0.3515641391277313), (9, 0.27801549434661865), (0, 0.32251280546188354), (1, 0.28277385234832764), (2, 0.4043469727039337), (3, 0.3171730935573578), (4, 0.3706832230091095), (5, 0.3269225060939789), (6, 0.2940019369125366), (7, 0.26444974541664124), (8, 0.31046023964881897), (9, 0.27429142594337463), (0, 0.2900691628456116), (1, 0.27129074931144714), (2, 0.28169286251068115), (3, 0.3185786008834839), (4, 0.3095136880874634), (5, 0.40342971682548523), (6, 0.3094246983528137), (7, 0.32142001390457153), (8, 0.29656317830085754), (9, 0.3186238408088684), (0, 0.2845814526081085), (1, 0.3446250259876251), (2, 0.29687419533729553), (3, 0.2919866144657135), (4, 0.3166649639606476), (5, 0.3479013442993164), (6, 0.27361321449279785), (7, 0.2730706036090851), (8, 0.3736979365348816), (9, 0.30082955956459045), (0, 0.35323676466941833), (1, 0.3109484612941742), (2, 0.2786445915699005), (3, 0.3271053731441498), (4, 0.3362448811531067), (5, 0.3146642744541168), (6, 0.309617817401886), (7, 0.2778249680995941), (8, 0.3699007034301758), (9, 0.28145071864128113), (0, 0.36341392993927), (1, 0.30787762999534607), (2, 0.33827632665634155), (3, 0.32171860337257385), (4, 0.2711586058139801), (5, 0.37292709946632385), (6, 0.28285717964172363), (7, 0.2832821309566498), (8, 0.2986133098602295), (9, 0.2651202082633972), (0, 0.3094559907913208), (1, 0.2492736428976059), (2, 0.3389665484428406), (3, 0.333711713552475), (4, 0.31532856822013855), (5, 0.3561582565307617), (6, 0.29365652799606323), (7, 0.31875771284103394), (8, 0.2909545302391052), (9, 0.3045847713947296), (0, 0.3637157082557678), (1, 0.3306523561477661), (2, 0.2592381536960602), (3, 0.27010977268218994), (4, 0.3423639237880707), (5, 0.2938670814037323), (6, 0.3495178520679474), (7, 0.26915159821510315), (8, 0.308206707239151), (9, 0.3616294860839844), (0, 0.25077709555625916), (1, 0.3367077708244324), (2, 0.2940658628940582), (3, 0.33377841114997864), (4, 0.3734407424926758), (5, 0.24724692106246948), (6, 0.29787060618400574), (7, 0.2926824688911438), (8, 0.3124734163284302), (9, 0.3566560745239258), (0, 0.2803131639957428), (1, 0.30994492769241333), (2, 0.2535676062107086), (3, 0.3504847288131714), (4, 0.2837914824485779), (5, 0.3132449984550476), (6, 0.32368385791778564), (7, 0.31730595231056213), (8, 0.32759299874305725), (9, 0.33801278471946716), (0, 0.29322880506515503), (1, 0.3080301284790039), (2, 0.2976108491420746), (3, 0.3345004916191101), (4, 0.31685853004455566), (5, 0.30879372358322144), (6, 0.2611631155014038), (7, 0.2804100513458252), (8, 0.30280745029449463), (9, 0.3681011497974396), (0, 0.30420905351638794), (1, 0.2612408697605133), (2, 0.34160315990448), (3, 0.36925625801086426), (4, 0.3454892337322235), (5, 0.32132574915885925), (6, 0.2703900635242462), (7, 0.3010282814502716), (8, 0.26372042298316956), (9, 0.28071966767311096), (0, 0.33226341009140015), (1, 0.35178616642951965), (2, 0.3293817639350891), (3, 0.321875661611557), (4, 0.31100359559059143), (5, 0.2796556353569031), (6, 0.2605445981025696), (7, 0.30979540944099426), (8, 0.28707826137542725), (9, 0.30205005407333374), (0, 0.30199551582336426), (1, 0.33252307772636414), (2, 0.337209016084671), (3, 0.32754501700401306), (4, 0.3371083438396454), (5, 0.3021658658981323), (6, 0.3001023530960083), (7, 0.33217155933380127), (8, 0.2924191355705261), (9, 0.2775188982486725), (0, 0.32003697752952576), (1, 0.3371223211288452), (2, 0.28940001130104065), (3, 0.31199586391448975), (4, 0.3327377438545227), (5, 0.31159254908561707), (6, 0.3770829141139984), (7, 0.297947496175766), (8, 0.27469298243522644), (9, 0.317699670791626), (0, 0.36482909321784973), (1, 0.2787091135978699), (2, 0.3285146951675415), (3, 0.26793959736824036), (4, 0.31691238284111023), (5, 0.35006582736968994), (6, 0.2692767083644867), (7, 0.3365534245967865), (8, 0.3881606161594391), (9, 0.2889609634876251), (0, 0.37459519505500793), (1, 0.2851124703884125), (2, 0.28133371472358704), (3, 0.2713381052017212), (4, 0.3396802842617035), (5, 0.3727593719959259), (6, 0.2677808105945587), (7, 0.381364643573761), (8, 0.27324944734573364), (9, 0.3011747896671295), (0, 0.32110491394996643), (1, 0.2892467677593231), (2, 0.331116259098053), (3, 0.39100924134254456), (4, 0.3407343626022339), (5, 0.3531879484653473), (6, 0.32431766390800476), (7, 0.30460095405578613), (8, 0.3100689947605133), (9, 0.3490469753742218), (0, 0.3577374517917633), (1, 0.2713053226470947), (2, 0.3527705669403076), (3, 0.3321171998977661), (4, 0.3126477599143982), (5, 0.37251919507980347), (6, 0.3574693202972412), (7, 0.335796058177948), (8, 0.3411354720592499), (9, 0.2396193891763687)]