Model Setup for {PATIENT_GROUPS} Trained Network:

NODE Network Architecture Parameters
Input channels=2
Hidden channels=11
Output channels=2

Training hyperparameters
Optimizer=AdamW (
Parameter Group 0
    amsgrad: False
    betas: (0.9, 0.999)
    capturable: False
    differentiable: False
    eps: 1e-08
    foreach: None
    fused: None
    lr: 0.001
    maximize: False
    weight_decay: 1e-06
)Training Iterations=100
Learning rate=0.001
Weight decay=1e-06
Optimizer reset frequency=None

Dropout probability (after initial linear layer before NCDE): 0.0
Training Data Selection Parameters
(If not virtual, the only important params are the groups and whether data was normalized/standardized)
Patient groups=['Control', 'MDD']
Augmentation strategy=Uniform
Noise Magnitude=0.05
Normalized/standardized=StandardizeAll
Number of virtual patients per real patient=100
Label smoothing factor=0
Test Patient Combinations:
Control: (35, 1, 31, 14, 19)
MDD: (38, 9, 49, 26, 34)
Training batch size=5
Training Results:
Runtime=20.180619955062866
Loss over time=[(0, 0.6583734154701233), (1, 0.7319718599319458), (2, 0.8337022662162781), (3, 0.8708798289299011), (4, 0.5562332272529602), (5, 0.6812230944633484), (6, 0.6497859954833984), (7, 0.7807803153991699), (8, 0.7169286608695984), (9, 0.5671432614326477), (10, 0.642891526222229), (11, 0.729503333568573), (12, 0.6713142395019531), (13, 0.7997543215751648), (14, 0.667624831199646), (15, 0.7032526731491089), (16, 0.8172565698623657), (17, 0.8008090853691101), (18, 0.7621287107467651), (19, 0.9029200673103333), (0, 0.6227207183837891), (1, 0.7672191858291626), (2, 0.6335896253585815), (3, 0.8486586809158325), (4, 0.7552942037582397), (5, 0.6961789727210999), (6, 0.6264690160751343), (7, 0.5982093214988708), (8, 0.7335397005081177), (9, 0.6930017471313477), (10, 0.5638850331306458), (11, 0.759581446647644), (12, 0.948366641998291), (13, 0.784122109413147), (14, 0.7290769815444946), (15, 0.6960376501083374), (16, 0.68699711561203), (17, 0.7987484931945801), (18, 0.8979255557060242), (19, 0.5728117823600769), (0, 0.8542234301567078), (1, 0.6956421136856079), (2, 0.6292704939842224), (3, 0.586622416973114), (4, 0.846599280834198), (5, 0.6390880942344666), (6, 0.7111271023750305), (7, 0.7541316151618958), (8, 0.7000845670700073), (9, 0.8710333108901978), (10, 0.6647548675537109), (11, 0.5436060428619385), (12, 0.849853515625), (13, 0.7880287766456604), (14, 0.7824366688728333), (15, 0.7981884479522705), (16, 0.6993549466133118), (17, 0.7834051847457886), (18, 0.6370903253555298), (19, 0.5812800526618958), (0, 0.6078800559043884), (1, 0.7193994522094727), (2, 0.7269057035446167), (3, 0.9293858408927917), (4, 0.8070542216300964), (5, 0.7063049674034119), (6, 0.7575953006744385), (7, 0.7020169496536255), (8, 0.756399393081665), (9, 0.8181976079940796), (10, 0.4652460515499115), (11, 0.6720454096794128), (12, 0.7253588438034058), (13, 0.8232209086418152), (14, 0.8990840911865234), (15, 0.6583819389343262), (16, 0.6547620892524719), (17, 0.6085355281829834), (18, 0.6934459805488586), (19, 0.7534811496734619), (0, 0.6039954423904419), (1, 0.710760235786438), (2, 0.6045287847518921), (3, 0.6339566707611084), (4, 0.6860868334770203), (5, 0.5873458981513977), (6, 0.7006807327270508), (7, 0.8434227705001831), (8, 0.6939733028411865), (9, 0.7444383502006531), (10, 0.650693953037262), (11, 0.8896986842155457), (12, 0.8354181051254272), (13, 0.8905000686645508), (14, 0.7957198619842529), (15, 0.6876419186592102), (16, 0.7768136858940125), (17, 0.6676217317581177), (18, 0.8521782159805298), (19, 0.546390175819397), (0, 0.5939213037490845), (1, 0.9326761364936829), (2, 0.9432727694511414), (3, 0.6006336808204651), (4, 0.5105931758880615), (5, 0.706549882888794), (6, 0.6216377019882202), (7, 0.8122272491455078), (8, 0.5887807607650757), (9, 0.5524905323982239), (10, 0.8425270915031433), (11, 0.7149683833122253), (12, 0.8227260708808899), (13, 0.7290499806404114), (14, 0.9054226875305176), (15, 0.6980353593826294), (16, 0.6319420337677002), (17, 0.6511154174804688), (18, 0.7530544996261597), (19, 0.9528074860572815), (0, 0.6090105772018433), (1, 0.7340900897979736), (2, 0.7718425989151001), (3, 0.7228803634643555), (4, 0.9040240049362183), (5, 0.8016413450241089), (6, 0.7493388056755066), (7, 0.542446494102478), (8, 0.7454935908317566), (9, 0.9861510396003723), (10, 0.8261588215827942), (11, 0.5708907842636108), (12, 0.6398348212242126), (13, 0.7826530337333679), (14, 0.4982891082763672), (15, 0.687861979007721), (16, 0.6516321301460266), (17, 0.7988405227661133), (18, 0.7417791485786438), (19, 0.6974165439605713), (0, 0.7502956390380859), (1, 0.7260355949401855), (2, 0.9376481771469116), (3, 0.766621470451355), (4, 0.6544926166534424), (5, 0.6381889581680298), (6, 0.7677547931671143), (7, 0.842126727104187), (8, 0.6262097954750061), (9, 0.46125873923301697), (10, 0.7012568712234497), (11, 0.6028538942337036), (12, 0.8504667282104492), (13, 0.7791637778282166), (14, 0.8633820414543152), (15, 0.6250513195991516), (16, 0.7198785543441772), (17, 0.7075866460800171), (18, 0.7850990891456604), (19, 0.6298965811729431), (0, 0.8813143968582153), (1, 0.7239131927490234), (2, 0.6715965270996094), (3, 0.7897666692733765), (4, 0.7251275777816772), (5, 0.6766541004180908), (6, 0.768586277961731), (7, 0.6941978335380554), (8, 0.7423177361488342), (9, 0.6344578266143799), (10, 0.8798214793205261), (11, 0.4642229676246643), (12, 0.7238237261772156), (13, 0.8225599527359009), (14, 0.6579357981681824), (15, 0.778427004814148), (16, 0.894831657409668), (17, 0.5776156783103943), (18, 0.4834187924861908), (19, 0.9878668785095215), (0, 0.6220045685768127), (1, 0.738634467124939), (2, 0.8354308009147644), (3, 0.8532400131225586), (4, 0.6597725749015808), (5, 0.8380014300346375), (6, 0.6041673421859741), (7, 0.5540023446083069), (8, 0.5765875577926636), (9, 0.9065162539482117), (10, 0.5254744291305542), (11, 0.7486538887023926), (12, 0.7728692889213562), (13, 0.6463329195976257), (14, 0.7847253084182739), (15, 0.7004392147064209), (16, 0.5283911824226379), (17, 0.8955110311508179), (18, 0.8836362957954407), (19, 0.8481972217559814), (0, 0.6818376183509827), (1, 0.6182806491851807), (2, 0.6296455264091492), (3, 0.6972805261611938), (4, 0.8143137097358704), (5, 0.6962376236915588), (6, 0.7308031320571899), (7, 0.6563881635665894), (8, 0.633743166923523), (9, 0.7486934065818787), (10, 0.7910288572311401), (11, 0.8637553453445435), (12, 0.7523261308670044), (13, 0.7480904459953308), (14, 0.8429235219955444), (15, 0.7956655621528625), (16, 0.8171707391738892), (17, 0.6775916814804077), (18, 0.5536903142929077), (19, 0.7230721116065979), (0, 0.8013490438461304), (1, 0.6698857545852661), (2, 0.67449551820755), (3, 0.6733962893486023), (4, 0.9537765383720398), (5, 0.8679869771003723), (6, 0.6688395738601685), (7, 0.5523273944854736), (8, 0.6743685007095337), (9, 0.8659200668334961), (10, 0.6397229433059692), (11, 0.6501186490058899), (12, 0.6488709449768066), (13, 0.657211184501648), (14, 0.5889729261398315), (15, 0.586291491985321), (16, 0.9913375973701477), (17, 0.7894780039787292), (18, 0.8221632838249207), (19, 0.6779940724372864), (0, 0.8284481763839722), (1, 0.7281451225280762), (2, 0.8548671007156372), (3, 0.6681085824966431), (4, 0.639898419380188), (5, 0.7234987020492554), (6, 0.6055370569229126), (7, 0.8004330396652222), (8, 0.8320513963699341), (9, 0.7007534503936768), (10, 0.697903037071228), (11, 0.6157933473587036), (12, 0.8985568881034851), (13, 0.6853563785552979), (14, 0.6340765953063965), (15, 0.7563843131065369), (16, 0.606593668460846), (17, 0.7235513925552368), (18, 0.7956827878952026), (19, 0.6461160182952881), (0, 0.899492084980011), (1, 0.6161371469497681), (2, 0.6795608401298523), (3, 0.8174405097961426), (4, 0.8306325674057007), (5, 0.7592924237251282), (6, 0.7148178219795227), (7, 0.6445999145507812), (8, 0.8195540308952332), (9, 0.8237628936767578), (10, 0.664405345916748), (11, 0.7794521450996399), (12, 0.49893730878829956), (13, 0.8733428716659546), (14, 0.5785589218139648), (15, 0.5904043316841125), (16, 0.7613243460655212), (17, 0.6384574770927429), (18, 0.7139784693717957), (19, 0.7985964417457581), (0, 0.8402854800224304), (1, 0.6700326204299927), (2, 0.6336272954940796), (3, 0.7962315082550049), (4, 0.6042013168334961), (5, 0.6107189059257507), (6, 0.8770188093185425), (7, 0.7529355883598328), (8, 0.8689619302749634), (9, 0.9746288061141968), (10, 0.6991638541221619), (11, 0.7882956266403198), (12, 0.5303766131401062), (13, 0.7007158994674683), (14, 0.6893941164016724), (15, 0.9478740692138672), (16, 0.6993987560272217), (17, 0.6203316450119019), (18, 0.5157700777053833), (19, 0.6055766344070435), (0, 0.7703201174736023), (1, 0.7813578248023987), (2, 0.8736715316772461), (3, 0.6838771104812622), (4, 0.6850662231445312), (5, 0.5574830174446106), (6, 0.7793111205101013), (7, 0.8185123205184937), (8, 0.7228250503540039), (9, 0.5080541372299194), (10, 0.6971568465232849), (11, 0.7137612104415894), (12, 0.7624817490577698), (13, 0.6345565319061279), (14, 0.7108185291290283), (15, 0.518561065196991), (16, 0.9561497569084167), (17, 0.9176570773124695), (18, 0.6754614114761353), (19, 0.69371098279953), (0, 0.8428351283073425), (1, 0.8907135725021362), (2, 0.8822086453437805), (3, 0.6407749652862549), (4, 0.6249817609786987), (5, 0.7406635284423828), (6, 0.8130911588668823), (7, 0.6295676231384277), (8, 0.7041810750961304), (9, 0.7376676797866821), (10, 0.5866409540176392), (11, 0.465705931186676), (12, 0.7052618265151978), (13, 0.643084704875946), (14, 0.7823090553283691), (15, 0.7273622751235962), (16, 0.8832971453666687), (17, 0.6984559297561646), (18, 0.6266703605651855), (19, 0.9297261834144592), (0, 0.8115938901901245), (1, 0.7625664472579956), (2, 0.827177882194519), (3, 0.789938747882843), (4, 0.6244475245475769), (5, 0.6355637311935425), (6, 0.7849419713020325), (7, 0.8039751052856445), (8, 0.7912828326225281), (9, 0.8575819730758667), (10, 0.6946452856063843), (11, 0.8555005192756653), (12, 0.582223653793335), (13, 0.6536048650741577), (14, 0.5189694166183472), (15, 0.7756842970848083), (16, 0.5541025996208191), (17, 0.6578332781791687), (18, 0.7229220867156982), (19, 0.7979216575622559), (0, 0.7382742166519165), (1, 0.9126132726669312), (2, 0.6692619323730469), (3, 0.5743633508682251), (4, 0.6708314418792725), (5, 0.6868203282356262), (6, 0.8151907920837402), (7, 0.7394627332687378), (8, 0.9834370613098145), (9, 0.6144062280654907), (10, 0.7201852798461914), (11, 0.9907452464103699), (12, 0.6615168452262878), (13, 0.5490840673446655), (14, 0.6246030330657959), (15, 0.5876850485801697), (16, 0.7083529233932495), (17, 0.8386747241020203), (18, 0.6067073941230774), (19, 0.8184888958930969), (0, 0.7679385542869568), (1, 0.9447577595710754), (2, 0.6586605310440063), (3, 0.8045493960380554), (4, 0.6643831133842468), (5, 0.8259380459785461), (6, 0.6743559837341309), (7, 0.7143527269363403), (8, 0.6715786457061768), (9, 0.6036595702171326), (10, 0.6606054306030273), (11, 0.8658832311630249), (12, 0.5808321237564087), (13, 0.658838152885437), (14, 0.5955876111984253), (15, 0.8613423109054565), (16, 0.7698261141777039), (17, 0.7453678250312805), (18, 0.7783499956130981), (19, 0.5608369708061218), (0, 0.749708354473114), (1, 0.7370524406433105), (2, 0.714236319065094), (3, 0.7495781779289246), (4, 0.8586239814758301), (5, 0.6283663511276245), (6, 0.7723665237426758), (7, 0.7748438715934753), (8, 0.6599512696266174), (9, 0.7164899706840515), (10, 0.5334086418151855), (11, 0.6873412132263184), (12, 0.7781485915184021), (13, 0.9528893232345581), (14, 0.9727104306221008), (15, 0.6545052528381348), (16, 0.5733235478401184), (17, 0.5731591582298279), (18, 0.7128928899765015), (19, 0.6395214200019836), (0, 0.7537006139755249), (1, 0.7476619482040405), (2, 0.8526953458786011), (3, 0.8452991247177124), (4, 0.7926647067070007), (5, 0.849589467048645), (6, 0.4995885491371155), (7, 0.5507853627204895), (8, 0.6784796714782715), (9, 0.5713052153587341), (10, 0.5392721891403198), (11, 0.8094409108161926), (12, 0.8383861780166626), (13, 0.7261961102485657), (14, 0.4916287064552307), (15, 0.8041635751724243), (16, 0.8532794117927551), (17, 0.8334495425224304), (18, 0.8407928347587585), (19, 0.5082166790962219), (0, 0.7617560029029846), (1, 0.6066783666610718), (2, 1.0142462253570557), (3, 0.7107405066490173), (4, 0.6236488819122314), (5, 0.694894552230835), (6, 0.7306993007659912), (7, 0.7932337522506714), (8, 0.8428705334663391), (9, 0.8073229789733887), (10, 0.8519974946975708), (11, 0.6300283670425415), (12, 0.630149245262146), (13, 0.7366963624954224), (14, 0.7170036435127258), (15, 0.5840542316436768), (16, 0.8146262168884277), (17, 0.693980872631073), (18, 0.5988337993621826), (19, 0.5664132237434387), (0, 0.7221113443374634), (1, 0.7147776484489441), (2, 0.684447169303894), (3, 0.7541019320487976), (4, 0.7986418008804321), (5, 0.6953192949295044), (6, 0.6470470428466797), (7, 0.9928749203681946), (8, 0.4912097454071045), (9, 0.7337027192115784), (10, 0.6463289856910706), (11, 0.9136374592781067), (12, 0.7182582020759583), (13, 0.8308303952217102), (14, 0.7828418612480164), (15, 0.7339798212051392), (16, 0.6581524610519409), (17, 0.6465888023376465), (18, 0.7088754177093506), (19, 0.5159702897071838), (0, 0.5789209604263306), (1, 0.7605499029159546), (2, 0.7551717162132263), (3, 0.9513019323348999), (4, 0.8290724754333496), (5, 0.7807444930076599), (6, 0.6548051834106445), (7, 0.7724335193634033), (8, 0.7804720401763916), (9, 0.7309027910232544), (10, 0.6883296370506287), (11, 0.643781304359436), (12, 0.5861591100692749), (13, 0.8091866374015808), (14, 0.8223352432250977), (15, 0.6575256586074829), (16, 0.712879478931427), (17, 0.721900224685669), (18, 0.5342750549316406), (19, 0.6876029372215271), (0, 0.8253710865974426), (1, 0.7419534921646118), (2, 0.6767617464065552), (3, 0.5637887716293335), (4, 0.6084242463111877), (5, 0.750239372253418), (6, 0.6686328649520874), (7, 0.7967590689659119), (8, 0.7650608420372009), (9, 0.8367100954055786), (10, 0.5623055696487427), (11, 0.8656705617904663), (12, 0.6064752340316772), (13, 0.45592179894447327), (14, 0.802665114402771), (15, 0.7881267070770264), (16, 0.6981195211410522), (17, 0.932755172252655), (18, 0.8543298840522766), (19, 0.6387301087379456), (0, 0.7334628105163574), (1, 0.8019064664840698), (2, 0.6953798532485962), (3, 0.8088811635971069), (4, 0.694311261177063), (5, 0.5604296326637268), (6, 0.7941099405288696), (7, 0.7973155975341797), (8, 0.7265662550926208), (9, 0.7550307512283325), (10, 0.64661705493927), (11, 0.6459715366363525), (12, 0.5843014717102051), (13, 0.9077690839767456), (14, 0.48989301919937134), (15, 0.819538414478302), (16, 0.7446514368057251), (17, 0.8939889669418335), (18, 0.6869310140609741), (19, 0.6604222059249878), (0, 0.6851885318756104), (1, 0.8729366064071655), (2, 0.6521739959716797), (3, 0.526930034160614), (4, 0.7018395662307739), (5, 0.6145609021186829), (6, 0.8814646005630493), (7, 0.6367558240890503), (8, 0.6560202240943909), (9, 0.8862261772155762), (10, 0.6362258195877075), (11, 0.7170372009277344), (12, 0.608536422252655), (13, 0.7166801691055298), (14, 0.841321587562561), (15, 0.8498700857162476), (16, 0.8461858630180359), (17, 0.6032362580299377), (18, 0.8929181098937988), (19, 0.5953357815742493), (0, 0.8116869926452637), (1, 0.701064944267273), (2, 0.6030356287956238), (3, 0.7383232116699219), (4, 0.7090263962745667), (5, 0.3990093171596527), (6, 0.7339269518852234), (7, 0.8253058195114136), (8, 0.6881492733955383), (9, 0.8433143496513367), (10, 0.8324181437492371), (11, 0.6916893720626831), (12, 0.8920677304267883), (13, 0.5783033967018127), (14, 0.674994707107544), (15, 0.8794728517532349), (16, 0.5735166668891907), (17, 0.7476727366447449), (18, 0.7490720152854919), (19, 0.8520978093147278), (0, 0.7027562856674194), (1, 0.873434841632843), (2, 0.6929910778999329), (3, 0.6765222549438477), (4, 0.6280204057693481), (5, 0.6461184024810791), (6, 0.6892816424369812), (7, 0.7250415086746216), (8, 0.7641255259513855), (9, 0.5601244568824768), (10, 0.8588674664497375), (11, 0.7644537687301636), (12, 0.6071478128433228), (13, 0.6961021423339844), (14, 0.7071477770805359), (15, 0.9579305648803711), (16, 0.5224773287773132), (17, 0.7659244537353516), (18, 0.9219325184822083), (19, 0.7048481106758118), (0, 0.7195273637771606), (1, 0.6208764910697937), (2, 0.7880294919013977), (3, 0.7168234586715698), (4, 0.7642291188240051), (5, 0.6900640726089478), (6, 0.8952196836471558), (7, 0.6044480204582214), (8, 0.6959550976753235), (9, 0.9080982208251953), (10, 0.697334885597229), (11, 0.5996502637863159), (12, 0.7973387241363525), (13, 0.652243435382843), (14, 0.5595571398735046), (15, 1.0004918575286865), (16, 0.8263477087020874), (17, 0.6190784573554993), (18, 0.6392784714698792), (19, 0.6478621363639832), (0, 0.6255728006362915), (1, 0.6681939959526062), (2, 0.7725183367729187), (3, 0.7352848052978516), (4, 0.6557908058166504), (5, 0.763053834438324), (6, 0.6295714974403381), (7, 0.637790322303772), (8, 0.7690309286117554), (9, 0.7090535163879395), (10, 0.7733162045478821), (11, 0.9430330395698547), (12, 0.71739661693573), (13, 0.6223932504653931), (14, 0.7629877328872681), (15, 0.6113947629928589), (16, 0.7548943758010864), (17, 0.7727872133255005), (18, 0.7765246629714966), (19, 0.8045341968536377), (0, 0.524689257144928), (1, 0.5876642465591431), (2, 0.861409068107605), (3, 0.716206431388855), (4, 0.8774406313896179), (5, 0.7245626449584961), (6, 0.7350406646728516), (7, 0.5781452059745789), (8, 0.7333697080612183), (9, 0.8233610391616821), (10, 0.7734472751617432), (11, 0.8792498707771301), (12, 0.6255151033401489), (13, 0.6555911302566528), (14, 0.7055676579475403), (15, 0.7835967540740967), (16, 0.8352924585342407), (17, 0.7172885537147522), (18, 0.6434323787689209), (19, 0.6707322001457214), (0, 0.8193254470825195), (1, 0.882610023021698), (2, 0.6909993886947632), (3, 0.6660422086715698), (4, 0.7194298505783081), (5, 0.6470106244087219), (6, 0.859745979309082), (7, 0.9536075592041016), (8, 0.9239910840988159), (9, 0.46444711089134216), (10, 0.6895540356636047), (11, 0.6981877088546753), (12, 0.5849465131759644), (13, 0.6919472813606262), (14, 0.6040799021720886), (15, 0.46319565176963806), (16, 0.7582550048828125), (17, 0.6933592557907104), (18, 0.8615912199020386), (19, 0.8516390919685364), (0, 0.8736106753349304), (1, 0.6050490140914917), (2, 0.7003427147865295), (3, 0.5233460068702698), (4, 0.5872308015823364), (5, 0.7485456466674805), (6, 0.7214632034301758), (7, 0.6778293251991272), (8, 0.7331393361091614), (9, 0.7512539029121399), (10, 0.855926513671875), (11, 0.6646010279655457), (12, 0.611621081829071), (13, 1.026676893234253), (14, 0.5112274885177612), (15, 0.7120418548583984), (16, 0.6847442388534546), (17, 0.8372114896774292), (18, 0.8484689593315125), (19, 0.8482978940010071), (0, 0.7112849950790405), (1, 0.6264908313751221), (2, 0.810525119304657), (3, 0.6039885878562927), (4, 0.7276981472969055), (5, 0.7377351522445679), (6, 0.5884170532226562), (7, 0.6405656933784485), (8, 0.6891822814941406), (9, 0.8259116411209106), (10, 0.5428525805473328), (11, 0.9289399981498718), (12, 0.7454096674919128), (13, 0.7094626426696777), (14, 0.8618279695510864), (15, 0.7344631552696228), (16, 0.6649674773216248), (17, 0.8320782780647278), (18, 0.8490744829177856), (19, 0.5873892903327942), (0, 0.7498259544372559), (1, 0.5063971281051636), (2, 0.7036156058311462), (3, 0.9297582507133484), (4, 1.0717309713363647), (5, 0.7460207939147949), (6, 0.8076297044754028), (7, 0.8493606448173523), (8, 0.6717008352279663), (9, 0.6163642406463623), (10, 0.5450667142868042), (11, 0.6646687388420105), (12, 0.7004988789558411), (13, 0.5649794340133667), (14, 0.6928495168685913), (15, 0.6164191365242004), (16, 0.7701660394668579), (17, 0.8044277429580688), (18, 0.6858311295509338), (19, 0.8099960684776306), (0, 0.7945306897163391), (1, 0.5893694162368774), (2, 0.7459126710891724), (3, 0.7083927392959595), (4, 0.6443721055984497), (5, 0.675715446472168), (6, 0.6994181871414185), (7, 0.8464202880859375), (8, 0.788166344165802), (9, 0.7207037210464478), (10, 0.7563477754592896), (11, 0.5561822056770325), (12, 0.7817707657814026), (13, 0.8317645192146301), (14, 0.6643842458724976), (15, 0.7557013630867004), (16, 0.5628396272659302), (17, 0.7929564118385315), (18, 0.7917609214782715), (19, 0.7943331599235535), (0, 0.75469571352005), (1, 0.44988101720809937), (2, 0.6794732213020325), (3, 0.7491533160209656), (4, 0.7419593930244446), (5, 0.7261883020401001), (6, 0.8207300305366516), (7, 0.8041653633117676), (8, 0.6435703039169312), (9, 0.6946448087692261), (10, 0.8582166433334351), (11, 0.9843215942382812), (12, 0.7524721026420593), (13, 0.7701374292373657), (14, 0.5935167074203491), (15, 0.7194773554801941), (16, 0.7030270099639893), (17, 0.6875313520431519), (18, 0.5421410202980042), (19, 0.8466777801513672), (0, 0.8417707681655884), (1, 0.9030693769454956), (2, 0.6481145620346069), (3, 0.6228406429290771), (4, 0.9429850578308105), (5, 0.6577667593955994), (6, 0.7640186548233032), (7, 0.5064620971679688), (8, 0.580375075340271), (9, 0.6071955561637878), (10, 0.8032578229904175), (11, 0.7536793947219849), (12, 0.7910336256027222), (13, 0.4964274764060974), (14, 0.7984089851379395), (15, 0.7987290024757385), (16, 0.6907305121421814), (17, 0.8340950012207031), (18, 0.6342839002609253), (19, 0.8467748165130615), (0, 0.7524026036262512), (1, 0.7490941286087036), (2, 0.7379048466682434), (3, 0.6976828575134277), (4, 0.7885656356811523), (5, 0.6481766700744629), (6, 0.6805280447006226), (7, 0.6645706295967102), (8, 0.821038544178009), (9, 0.7094131708145142), (10, 0.8120731115341187), (11, 0.6374207139015198), (12, 0.7986596822738647), (13, 1.0269672870635986), (14, 0.5580100417137146), (15, 0.5631148219108582), (16, 0.5017837882041931), (17, 0.8024932742118835), (18, 0.8656613230705261), (19, 0.6129136085510254), (0, 0.5888710021972656), (1, 0.9895641207695007), (2, 0.6260720491409302), (3, 0.6609066724777222), (4, 0.5859506130218506), (5, 0.7896806597709656), (6, 0.9795107841491699), (7, 0.5884115099906921), (8, 0.8097753524780273), (9, 0.7494677305221558), (10, 0.7320340871810913), (11, 0.5156623125076294), (12, 0.794622004032135), (13, 0.606110692024231), (14, 0.57401442527771), (15, 0.9655492901802063), (16, 0.9199761152267456), (17, 0.6022180318832397), (18, 0.6708337664604187), (19, 0.7234633564949036), (0, 0.6728566884994507), (1, 0.7279255390167236), (2, 0.638388454914093), (3, 0.6354178190231323), (4, 0.4892936646938324), (5, 0.6888468861579895), (6, 0.7513567209243774), (7, 0.8384175300598145), (8, 0.7001327276229858), (9, 0.9091055989265442), (10, 0.5271803140640259), (11, 0.7328106164932251), (12, 0.9210732579231262), (13, 0.839661717414856), (14, 0.8209865689277649), (15, 0.7001569867134094), (16, 0.7412735223770142), (17, 0.8253138661384583), (18, 0.5975091457366943), (19, 0.7093362212181091), (0, 0.6030191779136658), (1, 0.6547216176986694), (2, 0.8529201745986938), (3, 0.7811114192008972), (4, 0.5129460096359253), (5, 0.5452685356140137), (6, 0.657243549823761), (7, 0.7571245431900024), (8, 0.6989834904670715), (9, 0.7179828882217407), (10, 0.9133763313293457), (11, 0.8471061587333679), (12, 0.917218029499054), (13, 0.6576340794563293), (14, 0.7385116815567017), (15, 0.629499614238739), (16, 0.6302779316902161), (17, 0.8872047662734985), (18, 0.7128391265869141), (19, 0.7805336117744446), (0, 0.5761913061141968), (1, 0.7365251779556274), (2, 0.7807171940803528), (3, 0.8124995231628418), (4, 0.7318360209465027), (5, 0.6694722175598145), (6, 0.6519327163696289), (7, 0.7017055749893188), (8, 0.8360999226570129), (9, 0.7220321893692017), (10, 0.5919273495674133), (11, 0.7773934006690979), (12, 0.8235490918159485), (13, 0.7368667721748352), (14, 0.572227418422699), (15, 0.7701206207275391), (16, 0.6886539459228516), (17, 0.5948690176010132), (18, 0.938978374004364), (19, 0.7828521728515625), (0, 0.7396594285964966), (1, 0.8898990750312805), (2, 0.6519017815589905), (3, 1.0278702974319458), (4, 0.8111311793327332), (5, 0.578457236289978), (6, 0.6587613224983215), (7, 0.7073909044265747), (8, 0.7124072909355164), (9, 0.7250059843063354), (10, 0.8574455976486206), (11, 0.802206814289093), (12, 0.6777459383010864), (13, 0.5727959871292114), (14, 0.814583957195282), (15, 0.6559979319572449), (16, 0.6833888292312622), (17, 0.6710182428359985), (18, 0.5903283357620239), (19, 0.5921884179115295), (0, 0.8104035258293152), (1, 0.9773098230361938), (2, 0.7959819436073303), (3, 0.9042360186576843), (4, 0.8336480855941772), (5, 0.7093040347099304), (6, 0.6518677473068237), (7, 0.7099101543426514), (8, 0.6507866978645325), (9, 0.4293327331542969), (10, 0.5743982791900635), (11, 0.6179068684577942), (12, 0.8083940744400024), (13, 0.650728702545166), (14, 0.7800770401954651), (15, 0.6911373138427734), (16, 0.5701665878295898), (17, 0.7252665758132935), (18, 0.8021100163459778), (19, 0.8172388076782227), (0, 0.5987342000007629), (1, 0.7158387899398804), (2, 0.7690882086753845), (3, 0.8693495988845825), (4, 0.8559891581535339), (5, 0.7349425554275513), (6, 0.5460996627807617), (7, 0.8076215982437134), (8, 0.74764484167099), (9, 0.5645999908447266), (10, 0.8309380412101746), (11, 0.7893385291099548), (12, 0.727180004119873), (13, 0.9173115491867065), (14, 0.5016632676124573), (15, 0.7402504682540894), (16, 0.712502121925354), (17, 0.7688398361206055), (18, 0.7043942809104919), (19, 0.4683043658733368), (0, 0.7073767781257629), (1, 0.853829562664032), (2, 0.8432824015617371), (3, 0.8971624374389648), (4, 0.5822781324386597), (5, 0.6513912081718445), (6, 0.7617448568344116), (7, 1.0895798206329346), (8, 0.7561680674552917), (9, 0.5723136067390442), (10, 0.7084287405014038), (11, 0.825505256652832), (12, 0.6132795810699463), (13, 0.811125636100769), (14, 0.6367439031600952), (15, 0.5581607222557068), (16, 0.4339998662471771), (17, 0.7578404545783997), (18, 0.7953996658325195), (19, 0.5461642146110535), (0, 0.7840445637702942), (1, 0.7189638614654541), (2, 0.5403351187705994), (3, 0.9041936993598938), (4, 0.7002758979797363), (5, 0.8576706647872925), (6, 0.9225845336914062), (7, 0.6994534730911255), (8, 0.5665935277938843), (9, 0.5822869539260864), (10, 0.4525250792503357), (11, 0.7532513737678528), (12, 0.7520245313644409), (13, 0.670168399810791), (14, 0.6293638944625854), (15, 0.7369067072868347), (16, 0.9430588483810425), (17, 0.8914932012557983), (18, 0.6219070553779602), (19, 0.7603461146354675), (0, 0.9734973907470703), (1, 0.6031851768493652), (2, 0.9508031606674194), (3, 0.6037036776542664), (4, 0.5798641443252563), (5, 0.649020254611969), (6, 0.9201776385307312), (7, 0.712407112121582), (8, 0.8281497955322266), (9, 0.5639395713806152), (10, 0.7280095815658569), (11, 0.7890755534172058), (12, 0.8093920946121216), (13, 0.6168093681335449), (14, 0.6468842625617981), (15, 0.6093043684959412), (16, 0.686146080493927), (17, 0.7529391050338745), (18, 0.7430298328399658), (19, 0.6949517130851746), (0, 0.568091094493866), (1, 0.7206670045852661), (2, 1.0229476690292358), (3, 0.7873548865318298), (4, 0.7354832291603088), (5, 0.7772024273872375), (6, 0.6931331157684326), (7, 0.5731552243232727), (8, 0.7535209655761719), (9, 0.8651080131530762), (10, 0.5558040738105774), (11, 0.8148841857910156), (12, 0.5018491744995117), (13, 0.8376721143722534), (14, 0.7777350544929504), (15, 0.7143536806106567), (16, 0.9500029683113098), (17, 0.5773188471794128), (18, 0.6268675327301025), (19, 0.5502629280090332), (0, 0.8439451456069946), (1, 0.6731295585632324), (2, 0.7314563989639282), (3, 0.6724449396133423), (4, 0.8084325790405273), (5, 0.8800519704818726), (6, 0.8234752416610718), (7, 0.7026256322860718), (8, 0.61111980676651), (9, 0.6813912987709045), (10, 0.6432864665985107), (11, 0.6129152178764343), (12, 0.7152631282806396), (13, 0.7804115414619446), (14, 0.521912693977356), (15, 0.6502822041511536), (16, 0.7806622385978699), (17, 0.9223347902297974), (18, 0.7878472208976746), (19, 0.5672022700309753), (0, 0.6165601015090942), (1, 0.594338059425354), (2, 0.6192680597305298), (3, 0.6460791826248169), (4, 0.4277288317680359), (5, 0.7682532072067261), (6, 0.8299772143363953), (7, 0.8985706567764282), (8, 0.8299511671066284), (9, 0.8629447817802429), (10, 0.9956122636795044), (11, 0.4907844662666321), (12, 0.7009289860725403), (13, 0.8715728521347046), (14, 0.7921953201293945), (15, 0.7006639242172241), (16, 0.5833736062049866), (17, 0.7461876273155212), (18, 0.7764042019844055), (19, 0.7198579907417297), (0, 0.9307502508163452), (1, 0.7063596844673157), (2, 0.6045937538146973), (3, 0.7044585943222046), (4, 0.7360542416572571), (5, 0.7978087663650513), (6, 0.7434519529342651), (7, 0.6861039400100708), (8, 0.5954245924949646), (9, 0.7833614349365234), (10, 0.6759639978408813), (11, 0.8176601529121399), (12, 0.7155510187149048), (13, 0.8320192098617554), (14, 0.7489429712295532), (15, 0.7203086018562317), (16, 0.5976935625076294), (17, 0.5752561092376709), (18, 0.7397496700286865), (19, 0.7863276600837708), (0, 0.49343910813331604), (1, 0.6850085854530334), (2, 0.7423406839370728), (3, 0.6921722292900085), (4, 0.8652768135070801), (5, 0.694229245185852), (6, 0.7983642816543579), (7, 0.852981448173523), (8, 0.47655901312828064), (9, 0.7858756184577942), (10, 0.6019262075424194), (11, 0.6776180267333984), (12, 0.8220755457878113), (13, 0.664486289024353), (14, 0.7237273454666138), (15, 0.8792734146118164), (16, 0.8346558809280396), (17, 0.7222245931625366), (18, 0.8174387812614441), (19, 0.5893932580947876), (0, 0.7990483045578003), (1, 0.6657736897468567), (2, 0.9125628471374512), (3, 0.8434455990791321), (4, 0.3635292947292328), (5, 0.6910451054573059), (6, 0.8162366151809692), (7, 0.8526083827018738), (8, 0.8317774534225464), (9, 0.6019390821456909), (10, 0.5894383788108826), (11, 0.8185392618179321), (12, 0.6349109411239624), (13, 0.7238095998764038), (14, 0.692586362361908), (15, 0.6682463884353638), (16, 0.9289220571517944), (17, 0.6469200849533081), (18, 0.6076200008392334), (19, 0.8239162564277649), (0, 0.9088379144668579), (1, 0.5829356908798218), (2, 0.5872879028320312), (3, 1.01228928565979), (4, 0.8855019807815552), (5, 0.7120926976203918), (6, 0.7219653129577637), (7, 0.6530545353889465), (8, 0.6841188669204712), (9, 0.6047881841659546), (10, 0.6994612812995911), (11, 0.5495280027389526), (12, 0.650235652923584), (13, 0.840851902961731), (14, 0.682491660118103), (15, 0.7545267343521118), (16, 0.7112177610397339), (17, 0.7202120423316956), (18, 0.7302030324935913), (19, 0.819514811038971), (0, 0.7042335271835327), (1, 0.5503517389297485), (2, 0.6311794519424438), (3, 0.7263167500495911), (4, 0.5621131658554077), (5, 0.7852269411087036), (6, 0.634818434715271), (7, 0.7303099632263184), (8, 0.912108302116394), (9, 0.8271692395210266), (10, 0.6943241357803345), (11, 0.8079324960708618), (12, 0.775689423084259), (13, 0.8465474843978882), (14, 0.5244576334953308), (15, 0.6914361715316772), (16, 0.7464770674705505), (17, 0.7246890068054199), (18, 0.7641889452934265), (19, 0.9062326550483704), (0, 0.6990551352500916), (1, 0.5740053057670593), (2, 0.6750034093856812), (3, 0.543222963809967), (4, 0.7310390472412109), (5, 0.7339304089546204), (6, 0.680489718914032), (7, 0.7311683893203735), (8, 0.8158343434333801), (9, 0.6251990795135498), (10, 0.8523620367050171), (11, 0.7810226678848267), (12, 0.7577594518661499), (13, 0.7929741144180298), (14, 0.8251329660415649), (15, 0.7383551597595215), (16, 0.8483034372329712), (17, 0.8960800170898438), (18, 0.5821276903152466), (19, 0.500406801700592), (0, 0.8032068014144897), (1, 0.5660408139228821), (2, 0.6851812601089478), (3, 0.7002543807029724), (4, 0.9621957540512085), (5, 0.6599308252334595), (6, 0.6565607786178589), (7, 0.4933968484401703), (8, 0.6102560758590698), (9, 0.7953817248344421), (10, 0.8282569646835327), (11, 0.6993135809898376), (12, 0.8170620203018188), (13, 0.8307453393936157), (14, 0.6976208686828613), (15, 0.7182986736297607), (16, 0.5963029265403748), (17, 0.930164635181427), (18, 0.6574380993843079), (19, 0.792834460735321), (0, 0.6631997227668762), (1, 0.7577324509620667), (2, 0.8284257054328918), (3, 0.8805438280105591), (4, 0.7461903691291809), (5, 0.7489781975746155), (6, 0.7876255512237549), (7, 0.7878966331481934), (8, 0.5768731236457825), (9, 0.6991273760795593), (10, 0.7023912668228149), (11, 0.6236491799354553), (12, 0.8713845014572144), (13, 0.65386962890625), (14, 0.818210780620575), (15, 0.6417768001556396), (16, 0.788741946220398), (17, 0.6350007653236389), (18, 0.6228126883506775), (19, 0.5814647078514099), (0, 0.596480131149292), (1, 0.8190188407897949), (2, 0.7522984743118286), (3, 0.6532267928123474), (4, 0.7716199159622192), (5, 0.6877056360244751), (6, 0.6801308393478394), (7, 0.6145761013031006), (8, 0.8187910318374634), (9, 0.7089016437530518), (10, 0.8503007888793945), (11, 0.6770987510681152), (12, 0.8291478157043457), (13, 0.8354249000549316), (14, 0.6473852396011353), (15, 0.670103907585144), (16, 0.779349684715271), (17, 0.6707761883735657), (18, 0.8570871353149414), (19, 0.4398091733455658), (0, 0.6596701741218567), (1, 0.9281291961669922), (2, 0.8231046795845032), (3, 0.6165741682052612), (4, 0.7211270332336426), (5, 0.8793870210647583), (6, 0.7840124368667603), (7, 0.5723965167999268), (8, 0.5794658660888672), (9, 0.6740623712539673), (10, 0.7950658798217773), (11, 0.9419118762016296), (12, 0.6025662422180176), (13, 0.6010743379592896), (14, 0.5709006190299988), (15, 0.643206000328064), (16, 1.001744031906128), (17, 0.5230423212051392), (18, 0.7293828725814819), (19, 0.8941424489021301), (0, 0.6968573331832886), (1, 0.5928247570991516), (2, 0.7087296843528748), (3, 0.7988811731338501), (4, 0.8775562047958374), (5, 0.8910965919494629), (6, 0.8128906488418579), (7, 0.5893923044204712), (8, 0.8021356463432312), (9, 0.6170616149902344), (10, 0.4123758375644684), (11, 0.761015772819519), (12, 0.8486380577087402), (13, 0.6881158351898193), (14, 0.7734627723693848), (15, 0.596636176109314), (16, 0.7084445953369141), (17, 0.9548085331916809), (18, 0.7209758162498474), (19, 0.5523501038551331), (0, 0.8412472009658813), (1, 0.8076857328414917), (2, 0.7997094988822937), (3, 0.7391506433486938), (4, 0.8294510841369629), (5, 0.5901990532875061), (6, 0.6341299414634705), (7, 0.6280761957168579), (8, 0.6801314353942871), (9, 0.8953501582145691), (10, 0.545599102973938), (11, 0.9849615097045898), (12, 0.7482393980026245), (13, 0.7641701698303223), (14, 0.7781592607498169), (15, 0.7457618713378906), (16, 0.706482470035553), (17, 0.5203067660331726), (18, 0.6524022221565247), (19, 0.48682618141174316), (0, 1.0158402919769287), (1, 0.8964040875434875), (2, 0.7002897262573242), (3, 0.5249252319335938), (4, 0.6558091044425964), (5, 0.7846368551254272), (6, 0.8109670877456665), (7, 0.5981054306030273), (8, 0.6313655376434326), (9, 0.7245875597000122), (10, 0.6295872926712036), (11, 0.6024333834648132), (12, 0.8517622947692871), (13, 0.7597389221191406), (14, 0.8320795893669128), (15, 0.6696931719779968), (16, 0.6290977597236633), (17, 0.7811959385871887), (18, 0.7846680879592896), (19, 0.5002026557922363), (0, 0.7593132257461548), (1, 0.9158890843391418), (2, 0.6176179051399231), (3, 0.7742347717285156), (4, 0.6346100568771362), (5, 0.7330644130706787), (6, 0.7473691701889038), (7, 0.6874986886978149), (8, 0.6032823324203491), (9, 0.817522406578064), (10, 0.576396644115448), (11, 0.6424795389175415), (12, 0.8429873585700989), (13, 0.7670479416847229), (14, 0.760471522808075), (15, 0.6847954392433167), (16, 0.6162936687469482), (17, 0.674304723739624), (18, 0.9150762557983398), (19, 0.6884234547615051), (0, 0.6685072779655457), (1, 0.6238744854927063), (2, 0.6879898905754089), (3, 0.7401255965232849), (4, 0.706910252571106), (5, 0.9279290437698364), (6, 0.7241243124008179), (7, 0.8005690574645996), (8, 0.6780964732170105), (9, 0.7733924984931946), (10, 0.7234542965888977), (11, 0.830328106880188), (12, 0.5746141672134399), (13, 0.6942588090896606), (14, 0.8405517339706421), (15, 0.6349958181381226), (16, 0.7697241902351379), (17, 0.6739854216575623), (18, 0.7694565653800964), (19, 0.567368745803833), (0, 0.6429238319396973), (1, 0.7219659090042114), (2, 0.694502592086792), (3, 0.7501227259635925), (4, 0.6182966232299805), (5, 0.6703494787216187), (6, 0.7876228094100952), (7, 0.6585111618041992), (8, 0.7112720608711243), (9, 0.9413919448852539), (10, 0.6016323566436768), (11, 0.7905133962631226), (12, 0.6949495077133179), (13, 0.8126039505004883), (14, 0.6920446157455444), (15, 0.6564152240753174), (16, 0.752854585647583), (17, 0.7734801769256592), (18, 0.6436399221420288), (19, 0.9470270276069641), (0, 0.7248106002807617), (1, 0.6439996957778931), (2, 0.7358742952346802), (3, 0.6753143072128296), (4, 0.656485915184021), (5, 0.8815137147903442), (6, 0.7875367403030396), (7, 0.6585759520530701), (8, 0.8121081590652466), (9, 0.8428152203559875), (10, 0.6108002662658691), (11, 0.6810861229896545), (12, 0.6648516654968262), (13, 0.5927700996398926), (14, 0.7021664381027222), (15, 0.6655933856964111), (16, 0.7526849508285522), (17, 0.8057252168655396), (18, 0.741348385810852), (19, 0.9120802283287048), (0, 0.7887773513793945), (1, 0.8843578100204468), (2, 0.7424582839012146), (3, 0.6165322661399841), (4, 0.7265633344650269), (5, 0.6989868879318237), (6, 0.7600728273391724), (7, 0.8628904223442078), (8, 0.8066279292106628), (9, 0.7601324319839478), (10, 0.3960813879966736), (11, 0.949433445930481), (12, 0.8719058036804199), (13, 0.6930803656578064), (14, 0.7760652303695679), (15, 0.6423274278640747), (16, 0.6130858659744263), (17, 0.6449379920959473), (18, 0.6136218905448914), (19, 0.5589504837989807), (0, 0.7239550352096558), (1, 0.881338894367218), (2, 0.6257594227790833), (3, 0.7898348569869995), (4, 0.8931282758712769), (5, 0.6206850409507751), (6, 0.7058019042015076), (7, 0.6015391945838928), (8, 0.5889220833778381), (9, 0.8836202621459961), (10, 0.6921558380126953), (11, 1.0536175966262817), (12, 0.5310964584350586), (13, 0.8073028326034546), (14, 0.5453833341598511), (15, 0.4640800356864929), (16, 0.8300867080688477), (17, 0.6832537651062012), (18, 0.7867685556411743), (19, 0.7916319966316223), (0, 0.6858938336372375), (1, 0.702510416507721), (2, 0.7370703220367432), (3, 0.7147727608680725), (4, 0.4649190902709961), (5, 0.8252888917922974), (6, 0.7154812812805176), (7, 0.6616371273994446), (8, 0.8124139904975891), (9, 0.8762529492378235), (10, 0.5998644828796387), (11, 0.5614326596260071), (12, 0.9607418179512024), (13, 0.5509117841720581), (14, 0.7830207943916321), (15, 0.7592132687568665), (16, 0.7513830661773682), (17, 0.881889820098877), (18, 0.7883533239364624), (19, 0.5837627053260803), (0, 0.8100093603134155), (1, 0.6749719381332397), (2, 0.687920093536377), (3, 0.7134171724319458), (4, 0.6281240582466125), (5, 0.6224273443222046), (6, 0.6654279232025146), (7, 0.9680768251419067), (8, 0.7277097702026367), (9, 0.6956790089607239), (10, 0.8875505328178406), (11, 0.6320265531539917), (12, 0.6315088272094727), (13, 0.7421412467956543), (14, 0.7745078802108765), (15, 0.6466673612594604), (16, 0.8637550473213196), (17, 0.5685995817184448), (18, 0.9745619893074036), (19, 0.44704511761665344), (0, 0.7160717248916626), (1, 0.6822373867034912), (2, 0.47674137353897095), (3, 0.6306604146957397), (4, 0.7456810474395752), (5, 0.7794191241264343), (6, 0.7435603141784668), (7, 0.679075300693512), (8, 0.6891610026359558), (9, 0.8669082522392273), (10, 0.6263450384140015), (11, 0.7782381176948547), (12, 0.7115286588668823), (13, 1.0729715824127197), (14, 0.7808214426040649), (15, 0.6331207752227783), (16, 0.6964367032051086), (17, 0.6601308584213257), (18, 0.6466091871261597), (19, 0.9459853172302246), (0, 0.7644826173782349), (1, 0.6403800249099731), (2, 0.8989804983139038), (3, 0.6272827386856079), (4, 0.6629804968833923), (5, 0.605635941028595), (6, 0.836146354675293), (7, 0.6409248113632202), (8, 0.8673984408378601), (9, 0.5810705423355103), (10, 0.6374137997627258), (11, 0.731685996055603), (12, 0.8818041086196899), (13, 0.7247133851051331), (14, 0.8154962658882141), (15, 0.7258129715919495), (16, 0.664810061454773), (17, 0.6615272760391235), (18, 0.8655821084976196), (19, 0.5819676518440247), (0, 0.7673505544662476), (1, 0.6211439967155457), (2, 0.6840632557868958), (3, 0.8418325185775757), (4, 0.76954185962677), (5, 0.9548118710517883), (6, 0.6031097173690796), (7, 0.7067148089408875), (8, 0.6877550482749939), (9, 0.6930828094482422), (10, 0.777618408203125), (11, 0.7385196685791016), (12, 0.6431283354759216), (13, 0.6482447385787964), (14, 0.7120136022567749), (15, 0.8041418194770813), (16, 0.670242190361023), (17, 0.6775762438774109), (18, 0.7198783755302429), (19, 0.77089923620224), (0, 0.9081776738166809), (1, 0.6669290661811829), (2, 0.7506458163261414), (3, 0.8299639821052551), (4, 0.607664167881012), (5, 0.64045649766922), (6, 0.47161370515823364), (7, 0.8046033978462219), (8, 0.6131237149238586), (9, 0.9275496602058411), (10, 0.7721177935600281), (11, 0.5234488248825073), (12, 0.5860201120376587), (13, 0.6739463806152344), (14, 0.7394792437553406), (15, 0.9491869211196899), (16, 0.7893466949462891), (17, 0.6290178298950195), (18, 0.6172592639923096), (19, 1.137930989265442), (0, 0.6115049719810486), (1, 0.9326665997505188), (2, 0.6396597623825073), (3, 0.6053899526596069), (4, 0.746171772480011), (5, 0.5805138945579529), (6, 0.8664734959602356), (7, 0.7270005345344543), (8, 0.8079304695129395), (9, 0.4550027847290039), (10, 0.639963686466217), (11, 0.8450406789779663), (12, 0.5944832563400269), (13, 0.913001537322998), (14, 0.7740724682807922), (15, 0.6898292303085327), (16, 0.8788906931877136), (17, 0.7362431287765503), (18, 0.5851374864578247), (19, 0.9238879680633545), (0, 0.722490131855011), (1, 0.7016046047210693), (2, 0.954949676990509), (3, 0.7680655717849731), (4, 0.6542690396308899), (5, 0.6408705711364746), (6, 0.8033742904663086), (7, 0.6713564991950989), (8, 0.7146163582801819), (9, 0.5546759366989136), (10, 0.6156867742538452), (11, 0.8124814033508301), (12, 0.6673628091812134), (13, 0.5741356611251831), (14, 0.7309640645980835), (15, 1.0095264911651611), (16, 0.6200857162475586), (17, 0.7728267312049866), (18, 0.69530189037323), (19, 0.8311085104942322), (0, 0.5447223782539368), (1, 0.8796852231025696), (2, 0.6695789098739624), (3, 0.6474399566650391), (4, 0.8545940518379211), (5, 0.6148351430892944), (6, 0.8583642244338989), (7, 0.6411564350128174), (8, 0.6574805378913879), (9, 0.6465844511985779), (10, 0.6985388994216919), (11, 0.5693860054016113), (12, 0.8107293248176575), (13, 0.8456697463989258), (14, 0.6856882572174072), (15, 0.8054940104484558), (16, 0.6580032110214233), (17, 0.8146073222160339), (18, 0.8760445713996887), (19, 0.6745112538337708), (0, 0.6175190210342407), (1, 0.7273030281066895), (2, 0.6579246520996094), (3, 0.7383690476417542), (4, 0.5764839053153992), (5, 0.6579843163490295), (6, 0.706160843372345), (7, 0.7910515666007996), (8, 0.9091116786003113), (9, 0.7829130291938782), (10, 0.8450286984443665), (11, 0.7420920133590698), (12, 0.6077852249145508), (13, 0.6865701079368591), (14, 0.873409628868103), (15, 0.6401296854019165), (16, 0.8112486600875854), (17, 0.7929086089134216), (18, 0.6510154604911804), (19, 0.6138337254524231), (0, 0.796819269657135), (1, 0.7424938678741455), (2, 0.5832261443138123), (3, 0.9215628504753113), (4, 0.46699389815330505), (5, 0.6336634159088135), (6, 0.5349857807159424), (7, 0.8102914094924927), (8, 0.7872539162635803), (9, 0.7224510908126831), (10, 0.7616748809814453), (11, 0.8611799478530884), (12, 0.8293229341506958), (13, 0.6574334502220154), (14, 0.723643958568573), (15, 0.6820225119590759), (16, 0.9086155891418457), (17, 0.5851157903671265), (18, 0.6588287949562073), (19, 0.8595495223999023), (0, 0.6548815965652466), (1, 0.585436224937439), (2, 0.7449008226394653), (3, 0.810379147529602), (4, 0.6942718029022217), (5, 0.6777941584587097), (6, 0.8788243532180786), (7, 0.690618634223938), (8, 0.7880290746688843), (9, 0.6537958979606628), (10, 0.758134126663208), (11, 0.6441685557365417), (12, 0.8149209022521973), (13, 0.5156269669532776), (14, 0.7591743469238281), (15, 0.9428063631057739), (16, 0.5501195788383484), (17, 0.7315815091133118), (18, 0.8321391344070435), (19, 0.759510338306427), (0, 0.4449707865715027), (1, 0.8962874412536621), (2, 0.8981646299362183), (3, 0.7230783700942993), (4, 0.7529193162918091), (5, 0.5865534543991089), (6, 0.9387380480766296), (7, 0.5854165554046631), (8, 0.7280417680740356), (9, 0.7756000757217407), (10, 0.6561697125434875), (11, 0.5832093954086304), (12, 0.8789756894111633), (13, 0.650528609752655), (14, 0.8119102716445923), (15, 0.6949270367622375), (16, 0.7355396747589111), (17, 0.6459245681762695), (18, 0.7755098342895508), (19, 0.7014064788818359), (0, 0.756893515586853), (1, 0.7563871741294861), (2, 0.4975648820400238), (3, 0.7323788404464722), (4, 0.6559103727340698), (5, 0.6709905862808228), (6, 0.7307730317115784), (7, 0.7691980600357056), (8, 0.6902174949645996), (9, 0.9009279012680054), (10, 0.6554633975028992), (11, 0.8181646466255188), (12, 0.6509593725204468), (13, 0.6716585159301758), (14, 0.8736478090286255), (15, 0.6252277493476868), (16, 0.638800859451294), (17, 0.8745459318161011), (18, 0.8035567998886108), (19, 0.683403491973877), (0, 0.5700368881225586), (1, 0.8223435282707214), (2, 0.8500312566757202), (3, 0.814916729927063), (4, 0.6002827882766724), (5, 0.6967509984970093), (6, 0.6807821989059448), (7, 0.6237382888793945), (8, 0.8812925219535828), (9, 0.5990710258483887), (10, 0.8183122873306274), (11, 0.8370125889778137), (12, 0.8611612319946289), (13, 0.6289540529251099), (14, 0.7937811017036438), (15, 0.6523051857948303), (16, 0.649466872215271), (17, 0.8185873031616211), (18, 0.5898489952087402), (19, 0.6577226519584656), (0, 0.5108261108398438), (1, 0.6001394987106323), (2, 0.8459613919258118), (3, 0.7295399308204651), (4, 0.6626471877098083), (5, 0.7772258520126343), (6, 0.7283840775489807), (7, 0.7915195822715759), (8, 0.6032348871231079), (9, 0.6323320865631104), (10, 0.7751581072807312), (11, 0.8051198124885559), (12, 0.8131176233291626), (13, 0.6238353252410889), (14, 0.8682247996330261), (15, 0.6843909025192261), (16, 0.5845701098442078), (17, 0.8362399935722351), (18, 0.8641069531440735), (19, 0.7445580363273621), (0, 1.0239402055740356), (1, 0.682424008846283), (2, 0.9236364364624023), (3, 0.6515250205993652), (4, 0.7067688703536987), (5, 0.6984995603561401), (6, 0.7202097177505493), (7, 0.6872398257255554), (8, 0.7444990873336792), (9, 0.6298964023590088), (10, 0.6053177118301392), (11, 0.7728146910667419), (12, 0.753913938999176), (13, 0.798453688621521), (14, 0.8885070085525513), (15, 0.66262286901474), (16, 0.7190727591514587), (17, 0.5946654081344604), (18, 0.5104079842567444), (19, 0.6814899444580078), (0, 0.6997197270393372), (1, 0.8507722020149231), (2, 0.7747904062271118), (3, 0.5365027189254761), (4, 0.8675438165664673), (5, 0.5254934430122375), (6, 0.6534048318862915), (7, 0.8181121945381165), (8, 0.7458842992782593), (9, 0.6987232565879822), (10, 0.9411855936050415), (11, 0.9173138737678528), (12, 0.7699830532073975), (13, 0.6737314462661743), (14, 0.6775439381599426), (15, 0.7470961809158325), (16, 0.5083285570144653), (17, 0.7463115453720093), (18, 0.7182661890983582), (19, 0.5210035443305969), (0, 0.7736513018608093), (1, 0.5158987641334534), (2, 0.8202301263809204), (3, 0.7717410326004028), (4, 0.6084297299385071), (5, 0.7501023411750793), (6, 0.7968271374702454), (7, 0.7584012746810913), (8, 0.6619892120361328), (9, 0.8239026069641113), (10, 0.7694762349128723), (11, 0.7795354127883911), (12, 0.38847795128822327), (13, 0.7397105693817139), (14, 0.5786610245704651), (15, 0.7750461101531982), (16, 0.7107850313186646), (17, 0.6789466738700867), (18, 0.9204835891723633), (19, 0.9350219368934631), (0, 0.7520095109939575), (1, 0.6770498156547546), (2, 0.9560648202896118), (3, 0.7756792306900024), (4, 0.49002256989479065), (5, 0.6425944566726685), (6, 0.509424090385437), (7, 0.7325412034988403), (8, 0.9973623156547546), (9, 0.5509580969810486), (10, 0.6660735607147217), (11, 0.6103501319885254), (12, 0.793057382106781), (13, 0.7537994384765625), (14, 0.8882854580879211), (15, 0.7345215678215027), (16, 0.7152332067489624), (17, 0.6031236052513123), (18, 0.8336359858512878), (19, 0.835871696472168), (0, 0.8773042559623718), (1, 0.758800745010376), (2, 0.8061979413032532), (3, 0.6994982957839966), (4, 0.7214309573173523), (5, 0.9337987899780273), (6, 0.9222840070724487), (7, 0.8041326403617859), (8, 0.5577216744422913), (9, 0.7767211198806763), (10, 0.6402468681335449), (11, 0.7762678861618042), (12, 0.7401901483535767), (13, 0.41282302141189575), (14, 0.4242270588874817), (15, 0.9030150175094604), (16, 0.6430585384368896), (17, 0.750252902507782), (18, 0.608536958694458), (19, 0.7113338112831116), (0, 0.6305369138717651), (1, 0.8923256993293762), (2, 0.6403145790100098), (3, 0.5476140975952148), (4, 0.587359607219696), (5, 0.8641376495361328), (6, 0.7302797436714172), (7, 0.5527766346931458), (8, 0.847668468952179), (9, 0.7795933485031128), (10, 0.7182345390319824), (11, 0.8372305631637573), (12, 0.7674337029457092), (13, 0.6874974966049194), (14, 0.8657375574111938), (15, 0.694914698600769), (16, 0.5282458662986755), (17, 0.7562006711959839), (18, 0.7209333181381226), (19, 0.8904571533203125), (0, 0.657046914100647), (1, 0.7244446873664856), (2, 0.728901207447052), (3, 0.6841095685958862), (4, 0.6485615372657776), (5, 0.7603768110275269), (6, 0.5214794278144836), (7, 1.0309274196624756), (8, 0.8396679759025574), (9, 0.6809895634651184), (10, 0.7217763662338257), (11, 0.6988280415534973), (12, 0.6450422406196594), (13, 0.7491985559463501), (14, 0.8461238145828247), (15, 0.6707642674446106), (16, 0.7692169547080994), (17, 0.6902670860290527), (18, 0.7578511238098145), (19, 0.596225917339325), (0, 0.7167009115219116), (1, 0.6953383684158325), (2, 0.6796818971633911), (3, 0.8124626278877258), (4, 0.7314759492874146), (5, 0.7467678785324097), (6, 0.5684395432472229), (7, 0.9798839688301086), (8, 0.7769721746444702), (9, 0.8813923001289368), (10, 0.8484881520271301), (11, 0.6970524191856384), (12, 0.5756291747093201), (13, 0.7015059590339661), (14, 0.7085909247398376), (15, 0.7187064290046692), (16, 0.7447432279586792), (17, 0.5649469494819641), (18, 0.6474049687385559), (19, 0.6452091336250305), (0, 0.5708895921707153), (1, 0.7237840294837952), (2, 0.7056604027748108), (3, 1.0027010440826416), (4, 0.7007163166999817), (5, 0.6885231137275696), (6, 0.6869691610336304), (7, 0.6635551452636719), (8, 0.5389254689216614), (9, 0.7484535574913025), (10, 0.6792476177215576), (11, 0.7781293392181396), (12, 1.0186679363250732), (13, 0.6652019619941711), (14, 0.7953144311904907), (15, 0.6454771757125854), (16, 0.7560306787490845), (17, 0.5695940256118774), (18, 0.7739087343215942), (19, 0.785932719707489), (0, 0.7404588460922241), (1, 0.7008655071258545), (2, 0.6747749447822571), (3, 0.7053015828132629), (4, 0.562369704246521), (5, 0.9004954099655151), (6, 0.853375256061554), (7, 0.710276186466217), (8, 0.8004997968673706), (9, 0.5106953382492065), (10, 0.8051284551620483), (11, 0.877572238445282), (12, 0.6680216789245605), (13, 0.6149026155471802), (14, 0.7469354867935181), (15, 0.5544298887252808), (16, 1.0359723567962646), (17, 0.6972724795341492), (18, 0.5876082181930542), (19, 0.7272549271583557), (0, 0.7375909090042114), (1, 0.7019090056419373), (2, 0.753368079662323), (3, 0.5684918761253357), (4, 0.6396801471710205), (5, 0.7635525465011597), (6, 0.872632622718811), (7, 0.5373960137367249), (8, 0.8032251596450806), (9, 0.9186736941337585), (10, 0.6703307032585144), (11, 0.7245262861251831), (12, 0.7326697707176208), (13, 0.7990636825561523), (14, 0.5361167192459106), (15, 0.8116902112960815), (16, 0.7750030755996704), (17, 0.6677476763725281), (18, 0.7721571922302246), (19, 0.6624729633331299)]