Model Setup for Uniformvirtual {PATIENT_GROUPS} Trained Network:

{NETWORK_TYPE} Network Architecture Parameters
Input channels=22
Hidden channels=128
Output channels=1

Training hyperparameters
Optimizer=AdamW (
Parameter Group 0
    amsgrad: False
    betas: (0.9, 0.999)
    capturable: False
    differentiable: False
    eps: 1e-08
    foreach: None
    fused: None
    lr: 0.001
    maximize: False
    weight_decay: 1e-06
)Training Iterations=30
Learning rate=0.001
Weight decay=1e-06
Optimizer reset frequency=None

Dropout probability (after initial linear layer before NCDE): 0
Training Data Selection Parameters
(If not virtual, the only important params are the groups and whether data was normalized/standardized)
Patient groups=['Control', 'MDD']
Augmentation strategy=Uniform
Noise Magnitude=0.05
Normalized/standardized=StandardizeAll
Number of virtual patients per real patient=100
Label smoothing factor=0
Test Patient Combinations:
Control: (30, 11, 3, 38, 29)
MDD: (27, 47, 13, 25, 5)
Training batch size=200
Training Results:
Runtime=2.4388837814331055
Loss over time=[(0, 0.7161799669265747), (1, 0.6850338578224182), (2, 0.6773564219474792), (3, 0.6677709817886353), (4, 0.6670318841934204), (5, 0.6431323289871216), (6, 0.6455562710762024), (7, 0.6325534582138062), (8, 0.6311380863189697), (9, 0.620416522026062), (10, 0.5830057263374329), (11, 0.6168929934501648), (12, 0.588001012802124), (13, 0.5844201445579529), (14, 0.5162680149078369), (15, 0.5120279788970947), (16, 0.5260202288627625), (17, 0.48640337586402893), (18, 0.5402127504348755), (19, 0.5428075194358826), (20, 0.4747422933578491), (21, 0.48909664154052734), (22, 0.4647119641304016), (23, 0.4365783929824829), (24, 0.4747098982334137), (25, 0.4583156108856201), (26, 0.4382603168487549), (27, 0.4648369550704956), (28, 0.42665302753448486), (29, 0.3835424482822418), (30, 0.4033884108066559), (31, 0.4061412513256073), (32, 0.3738887310028076), (33, 0.38262808322906494), (34, 0.383245587348938), (35, 0.353738009929657), (36, 0.29539954662323), (37, 0.30847492814064026), (38, 0.2948951721191406), (39, 0.3149343729019165), (40, 0.28142887353897095), (41, 0.2379801869392395), (42, 0.2309246063232422), (43, 0.27892962098121643), (44, 0.2488381415605545), (45, 0.21571266651153564), (46, 0.2689583897590637), (47, 0.2674294710159302), (48, 0.2722240686416626), (0, 0.2623135447502136), (1, 0.20412737131118774), (2, 0.20265860855579376), (3, 0.19388064742088318), (4, 0.2081216275691986), (5, 0.22804874181747437), (6, 0.22004327178001404), (7, 0.17561492323875427), (8, 0.1958036869764328), (9, 0.18380621075630188), (10, 0.14847451448440552), (11, 0.20429161190986633), (12, 0.18863630294799805), (13, 0.180826798081398), (14, 0.11822880059480667), (15, 0.17588023841381073), (16, 0.1701013743877411), (17, 0.1360643059015274), (18, 0.1947796791791916), (19, 0.17896617949008942), (20, 0.11393273621797562), (21, 0.14725972712039948), (22, 0.13446494936943054), (23, 0.1079937145113945), (24, 0.16185857355594635), (25, 0.09495478868484497), (26, 0.13581019639968872), (27, 0.1255185455083847), (28, 0.10471147298812866), (29, 0.14922331273555756), (30, 0.11129897087812424), (31, 0.10284862667322159), (32, 0.10979356616735458), (33, 0.08487202972173691), (34, 0.1262248009443283), (35, 0.10225982964038849), (36, 0.1021384447813034), (37, 0.10243379324674606), (38, 0.10596904903650284), (39, 0.08357463777065277), (40, 0.11240627616643906), (41, 0.12278194725513458), (42, 0.08677835762500763), (43, 0.12592411041259766), (44, 0.10499835759401321), (45, 0.08394698053598404), (46, 0.07499673962593079), (47, 0.10148069262504578), (48, 0.07079213857650757), (0, 0.08351701498031616), (1, 0.09568145126104355), (2, 0.0692916139960289), (3, 0.07197711616754532), (4, 0.06772158294916153), (5, 0.04980795830488205), (6, 0.08525615930557251), (7, 0.06411359459161758), (8, 0.06709188967943192), (9, 0.07804276794195175), (10, 0.04132398962974548), (11, 0.044546689838171005), (12, 0.060818616300821304), (13, 0.04514436796307564), (14, 0.045482736080884933), (15, 0.039074093103408813), (16, 0.04605317488312721), (17, 0.03493358567357063), (18, 0.04210929945111275), (19, 0.046162355691194534), (20, 0.0403258241713047), (21, 0.045018285512924194), (22, 0.05272526293992996), (23, 0.05368409678339958), (24, 0.04152357205748558), (25, 0.05650283768773079), (26, 0.04040807858109474), (27, 0.03378506004810333), (28, 0.0272180438041687), (29, 0.05071975663304329), (30, 0.04228856414556503), (31, 0.02466563507914543), (32, 0.033407267183065414), (33, 0.03010711818933487), (34, 0.05794970691204071), (35, 0.02472761832177639), (36, 0.027985258027911186), (37, 0.05783865973353386), (38, 0.042851995676755905), (39, 0.053601279854774475), (40, 0.029342180117964745), (41, 0.051126498728990555), (42, 0.0366363488137722), (43, 0.02696962095797062), (44, 0.02463880553841591), (45, 0.0749780461192131), (46, 0.027627039700746536), (47, 0.04088788852095604), (48, 0.046663183718919754), (0, 0.02070775255560875), (1, 0.02785758674144745), (2, 0.042146291583776474), (3, 0.024308614432811737), (4, 0.02011198364198208), (5, 0.03852161765098572), (6, 0.018203526735305786), (7, 0.013786214403808117), (8, 0.02752220444381237), (9, 0.029762955382466316), (10, 0.029098019003868103), (11, 0.010125510394573212), (12, 0.022571129724383354), (13, 0.014650213532149792), (14, 0.015457638539373875), (15, 0.022024009376764297), (16, 0.01696639135479927), (17, 0.01008700579404831), (18, 0.02031078189611435), (19, 0.018599679693579674), (20, 0.005444524809718132), (21, 0.010666831396520138), (22, 0.012031637132167816), (23, 0.00886974111199379), (24, 0.00852122064679861), (25, 0.013739602640271187), (26, 0.008349345065653324), (27, 0.012680720537900925), (28, 0.011159241199493408), (29, 0.0063674296252429485), (30, 0.008648122660815716), (31, 0.023543663322925568), (32, 0.014761697500944138), (33, 0.01996714621782303), (34, 0.009767650626599789), (35, 0.009265538305044174), (36, 0.008233554661273956), (37, 0.006483370438218117), (38, 0.006934211123734713), (39, 0.017187152057886124), (40, 0.006324620917439461), (41, 0.004017869476228952), (42, 0.011757932603359222), (43, 0.018978331238031387), (44, 0.003477166872471571), (45, 0.004896603059023619), (46, 0.01682763174176216), (47, 0.013179956935346127), (48, 0.004613599274307489), (0, 0.0055382163263857365), (1, 0.015218964777886868), (2, 0.009516235440969467), (3, 0.0029789793770760298), (4, 0.00650531891733408), (5, 0.007368939463049173), (6, 0.0055072735995054245), (7, 0.006753738038241863), (8, 0.004399815108627081), (9, 0.003608996281400323), (10, 0.005034804344177246), (11, 0.005662030074745417), (12, 0.00450404966250062), (13, 0.0050508808344602585), (14, 0.0024218354374170303), (15, 0.001158249331638217), (16, 0.0036087578628212214), (17, 0.0066750068217515945), (18, 0.0033295913599431515), (19, 0.0027390753384679556), (20, 0.002004424575716257), (21, 0.002668319270014763), (22, 0.0025007231160998344), (23, 0.0017432474996894598), (24, 0.0018150829710066319), (25, 0.001861554803326726), (26, 0.0014912559418007731), (27, 0.0016957910265773535), (28, 0.0009875681716948748), (29, 0.0015047176275402308), (30, 0.001081107067875564), (31, 0.0009362056734971702), (32, 0.0017403640085831285), (33, 0.0007183959824033082), (34, 0.0012180560734122992), (35, 0.0008814169559627771), (36, 0.0010408228263258934), (37, 0.001224031439051032), (38, 0.0007192813791334629), (39, 0.0009081808966584504), (40, 0.0016278200782835484), (41, 0.0006765933358110487), (42, 0.0007377291331067681), (43, 0.0015492943348363042), (44, 0.0008686353103257716), (45, 0.0022028121165931225), (46, 0.0010300870053470135), (47, 0.0009007652988657355), (48, 0.0006460118456743658), (0, 0.0008368404814973474), (1, 0.0006476107519119978), (2, 0.0008450797758996487), (3, 0.0008319555199705064), (4, 0.0009186707902699709), (5, 0.0009026048937812448), (6, 0.001040452509187162), (7, 0.0010301948059350252), (8, 0.0008530441555194557), (9, 0.0006681448430754244), (10, 0.0006958501180633903), (11, 0.0006233132444322109), (12, 0.0005581560544669628), (13, 0.0005397056229412556), (14, 0.0005930971237830818), (15, 0.0006169890402816236), (16, 0.000575570622459054), (17, 0.0005504649016074836), (18, 0.0006074991542845964), (19, 0.0007140560192056), (20, 0.0005457205697894096), (21, 0.000535797153133899), (22, 0.0005836276686750352), (23, 0.001061426941305399), (24, 0.00038254103856161237), (25, 0.0004621586122084409), (26, 0.0005759846535511315), (27, 0.0009129972895607352), (28, 0.0004770145460497588), (29, 0.0005852049798704684), (30, 0.0005701361806131899), (31, 0.0009703013929538429), (32, 0.0007272104267030954), (33, 0.0005935226217843592), (34, 0.00047617091331630945), (35, 0.0007268495974130929), (36, 0.0005178650026209652), (37, 0.0005553648807108402), (38, 0.000457520509371534), (39, 0.0005437956424430013), (40, 0.0003780121624004096), (41, 0.00047238011029548943), (42, 0.0009034445392899215), (43, 0.00036978712887503207), (44, 0.0005317425820976496), (45, 0.000570350734051317), (46, 0.0005489645409397781), (47, 0.00036247988464310765), (48, 0.0005240246537141502), (0, 0.0005902119446545839), (1, 0.0006465250044129789), (2, 0.0005146116600371897), (3, 0.0006398160476237535), (4, 0.00043278821976855397), (5, 0.0003541129408404231), (6, 0.0005563940503634512), (7, 0.0006933861877769232), (8, 0.00029089092276990414), (9, 0.0003895594854839146), (10, 0.0004791287356056273), (11, 0.0004434593138284981), (12, 0.0004519119393080473), (13, 0.00032025572727434337), (14, 0.0003328322491142899), (15, 0.00035698883584700525), (16, 0.0003383017610758543), (17, 0.0002604134497232735), (18, 0.0005642051692120731), (19, 0.0005416490021161735), (20, 0.0004333575488999486), (21, 0.0003252230817452073), (22, 0.0006543748895637691), (23, 0.0003286689752712846), (24, 0.0004174236673861742), (25, 0.00032793189166113734), (26, 0.0003546568041201681), (27, 0.00033760617952793837), (28, 0.00033199015888385475), (29, 0.0003643952077254653), (30, 0.0004346725472714752), (31, 0.00021346173889469355), (32, 0.0003494088305160403), (33, 0.0003028270148206502), (34, 0.0003085178032051772), (35, 0.0004040600033476949), (36, 0.00032217614352703094), (37, 0.000393798720324412), (38, 0.0003175713063683361), (39, 0.000296448270091787), (40, 0.000446491438196972), (41, 0.0005399234360083938), (42, 0.00034150760620832443), (43, 0.00039915513480082154), (44, 0.00024501211009919643), (45, 0.00025707538588903844), (46, 0.00029459918732754886), (47, 0.00038820531335659325), (48, 0.00028265250148251653), (0, 0.00032079656375572085), (1, 0.00029715386335738003), (2, 0.00020121235866099596), (3, 0.0002352721494389698), (4, 0.0001592654880369082), (5, 0.00032347097294405103), (6, 0.0002658988523762673), (7, 0.00033310960861854255), (8, 0.0002204362681368366), (9, 0.0002537107502575964), (10, 0.0003233682655263692), (11, 0.0003318592789582908), (12, 0.0003620613133534789), (13, 0.00033726252149790525), (14, 0.00046001109876669943), (15, 0.00033178538433276117), (16, 0.00029279402224346995), (17, 0.00023821467766538262), (18, 0.00029048428405076265), (19, 0.0002842281828634441), (20, 0.00018386663577985018), (21, 0.00022665523283649236), (22, 0.0004086346598342061), (23, 0.0002665845677256584), (24, 0.0002202465693699196), (25, 0.0002607105707284063), (26, 0.00025785856996662915), (27, 0.00020119505643378943), (28, 0.0001963585236808285), (29, 0.0003508389345370233), (30, 0.00018060668662656099), (31, 0.0001855884911492467), (32, 0.00027379111270420253), (33, 0.00020980730187147856), (34, 0.00016242580022662878), (35, 0.0002352447045268491), (36, 0.0002875500940717757), (37, 0.00028503069188445807), (38, 0.00023506626894231886), (39, 0.0002480162656866014), (40, 0.0002815632033161819), (41, 0.00022014857677277178), (42, 0.00019659519603010267), (43, 0.00016692905046511441), (44, 0.000327126937918365), (45, 0.0002983443555422127), (46, 0.0002895234792958945), (47, 0.00014611787628382444), (48, 0.00035010615829378366), (0, 0.00018077630375046283), (1, 0.00020755523291882128), (2, 0.00022086028184276074), (3, 0.0002723901707213372), (4, 0.00018846953753381968), (5, 0.0002826409472618252), (6, 0.00019795367552433163), (7, 0.0002425713901175186), (8, 0.0001333780528511852), (9, 0.00017831580771598965), (10, 0.00017324350483249873), (11, 0.00019487246754579246), (12, 0.0001470232818974182), (13, 0.00021712783200200647), (14, 0.0002313292061444372), (15, 0.00033710591378621757), (16, 0.00016806009807623923), (17, 0.00021060807921458036), (18, 0.00018659280613064766), (19, 0.00021256919717416167), (20, 0.00015772198094055057), (21, 0.0001717133418424055), (22, 0.00014410054427571595), (23, 0.00012241383956279606), (24, 0.00016386799688916653), (25, 0.00020003379904665053), (26, 0.00015265747788362205), (27, 0.00017567774921189994), (28, 0.00010803671466419473), (29, 0.00018946062482427806), (30, 0.00017701659817248583), (31, 0.0001958075154107064), (32, 0.00017966855375561863), (33, 0.00016179363592527807), (34, 0.00010863478382816538), (35, 0.00015716631605755538), (36, 0.00017413997557014227), (37, 0.00012803988647647202), (38, 0.00011780117347370833), (39, 0.00018620684568304569), (40, 0.00014208002539817244), (41, 0.00016981182852759957), (42, 0.00018278424977324903), (43, 0.0002239868772448972), (44, 0.0001652436185395345), (45, 0.00013650520122610033), (46, 0.00011803291999967769), (47, 0.0001556864590384066), (48, 0.00014453376934397966), (0, 0.00014484305575024337), (1, 0.00010185462451772764), (2, 0.000105458457255736), (3, 0.00015076955605763942), (4, 0.0001063061790773645), (5, 9.43270351854153e-05), (6, 0.00010721651779022068), (7, 0.0001700927532510832), (8, 0.00012229621643200517), (9, 0.00017315155128017068), (10, 0.00012157873425167054), (11, 0.00013904331717640162), (12, 0.00014747156819794327), (13, 0.00015560751489829272), (14, 0.00021973770344629884), (15, 0.00021985871717333794), (16, 0.00016230058099608868), (17, 0.00015209158300422132), (18, 0.0001369986275676638), (19, 0.0001266989711439237), (20, 0.00011075237853219733), (21, 0.00016328068159054965), (22, 0.0002154366666218266), (23, 0.0001139789164881222), (24, 0.00010769264190457761), (25, 0.00015955934941302985), (26, 0.00011772369180107489), (27, 0.00011231746611883864), (28, 0.0001259039854630828), (29, 0.00012248018174432218), (30, 0.00011785728565882891), (31, 0.00010237997048534453), (32, 0.00010552429012022913), (33, 0.00013257823593448848), (34, 0.00012837951362598687), (35, 0.00014189911598805338), (36, 8.342808723682538e-05), (37, 0.0001003913494059816), (38, 0.00016460599726997316), (39, 0.00010199699318036437), (40, 0.00013578006473835558), (41, 0.00012151147529948503), (42, 0.00013695104280486703), (43, 0.0001120518209063448), (44, 0.00010404940985608846), (45, 0.00017266874783672392), (46, 0.00016298751870635897), (47, 0.0001529510336695239), (48, 0.0001422292843926698), (0, 0.00011995250679319724), (1, 0.00014264407218433917), (2, 0.0001006520542432554), (3, 7.733893289696425e-05), (4, 7.440989429596812e-05), (5, 0.00011359546624589711), (6, 0.00012758448428940028), (7, 6.714763003401458e-05), (8, 0.0001655881351325661), (9, 0.00014323685900308192), (10, 0.00012523164332378656), (11, 7.587893196614459e-05), (12, 5.6758821301627904e-05), (13, 0.00013070418208371848), (14, 9.291133028455079e-05), (15, 0.00011538506805663928), (16, 0.00011414992331992835), (17, 8.394684846280143e-05), (18, 9.82336641754955e-05), (19, 0.00010692900832509622), (20, 0.00011482698755571619), (21, 8.673840784467757e-05), (22, 8.564542804379016e-05), (23, 0.0001340438611805439), (24, 9.209619020111859e-05), (25, 0.00011114985682070255), (26, 8.312649879371747e-05), (27, 0.0001251506619155407), (28, 0.0001517466444056481), (29, 8.126124885166064e-05), (30, 7.853324495954439e-05), (31, 9.747435251483694e-05), (32, 7.168027514126152e-05), (33, 6.675589975202456e-05), (34, 8.584372699260712e-05), (35, 8.398169302381575e-05), (36, 6.390449561877176e-05), (37, 7.798463775543496e-05), (38, 8.573698141844943e-05), (39, 0.00010035898594651371), (40, 0.00011397376511013135), (41, 0.00012569666432682425), (42, 8.734194852877408e-05), (43, 6.304246198851615e-05), (44, 9.520244202576578e-05), (45, 9.693497122498229e-05), (46, 6.202716031111777e-05), (47, 8.323763177031651e-05), (48, 0.0001030373023240827), (0, 0.00011117781832581386), (1, 5.58654974156525e-05), (2, 6.95798298693262e-05), (3, 8.912347402656451e-05), (4, 9.375042282044888e-05), (5, 8.159453864209354e-05), (6, 6.284225673880428e-05), (7, 7.404592906823382e-05), (8, 7.247757457662374e-05), (9, 7.994626503204927e-05), (10, 8.527009777026251e-05), (11, 6.721552927047014e-05), (12, 9.335623326478526e-05), (13, 0.000103943188150879), (14, 6.476400449173525e-05), (15, 9.793162462301552e-05), (16, 0.00010577082866802812), (17, 8.210777014028281e-05), (18, 7.250302587635815e-05), (19, 9.549898095428944e-05), (20, 6.880534056108445e-05), (21, 7.002154598012567e-05), (22, 8.397595956921577e-05), (23, 6.913998367963359e-05), (24, 8.35568062029779e-05), (25, 7.91378624853678e-05), (26, 9.309873712481931e-05), (27, 5.6297249102499336e-05), (28, 6.068821676308289e-05), (29, 8.513429929735139e-05), (30, 7.661883137188852e-05), (31, 0.00010194200876867399), (32, 7.608805026393384e-05), (33, 6.324629066511989e-05), (34, 6.887828931212425e-05), (35, 7.54846041672863e-05), (36, 5.4887274018255994e-05), (37, 7.049711712170392e-05), (38, 9.630732529330999e-05), (39, 6.478728028014302e-05), (40, 6.442284939112142e-05), (41, 5.22044429089874e-05), (42, 5.8489702496444806e-05), (43, 5.474919089465402e-05), (44, 3.8841255445731804e-05), (45, 6.191574357217178e-05), (46, 4.074694152222946e-05), (47, 7.815763092366979e-05), (48, 8.432759932475165e-05), (0, 5.5052903917385265e-05), (1, 5.0174792704638094e-05), (2, 5.4573971283389255e-05), (3, 7.188881136244163e-05), (4, 6.434672832256183e-05), (5, 7.394223212031648e-05), (6, 6.991605187067762e-05), (7, 5.499276448972523e-05), (8, 6.511343235615641e-05), (9, 4.89487501909025e-05), (10, 8.404003165196627e-05), (11, 6.62274906062521e-05), (12, 6.189997657202184e-05), (13, 6.093774936744012e-05), (14, 6.777144153602421e-05), (15, 5.568810229306109e-05), (16, 7.057779293972999e-05), (17, 7.568062574137002e-05), (18, 4.6054985432419926e-05), (19, 3.9816091884858906e-05), (20, 6.046553608030081e-05), (21, 5.7479428505757824e-05), (22, 7.164268754422665e-05), (23, 5.286693703965284e-05), (24, 4.208353493595496e-05), (25, 8.681515464559197e-05), (26, 7.153378101065755e-05), (27, 6.272430618992075e-05), (28, 6.621309876209125e-05), (29, 4.564689879771322e-05), (30, 5.479602259583771e-05), (31, 7.73039719206281e-05), (32, 7.893693691585213e-05), (33, 7.265398744493723e-05), (34, 4.585328497341834e-05), (35, 2.961141217383556e-05), (36, 3.6604182241717353e-05), (37, 5.416170824901201e-05), (38, 6.0577422118512914e-05), (39, 7.201416156021878e-05), (40, 6.70393492328003e-05), (41, 3.795538214035332e-05), (42, 5.753954974352382e-05), (43, 4.298140265746042e-05), (44, 6.52851740596816e-05), (45, 3.580333213903941e-05), (46, 4.416955925989896e-05), (47, 4.832321428693831e-05), (48, 5.776646867161617e-05), (0, 5.2881976444041356e-05), (1, 5.543137012864463e-05), (2, 5.5996446462813765e-05), (3, 5.312582652550191e-05), (4, 6.914452387718484e-05), (5, 4.494029053603299e-05), (6, 4.0064798668026924e-05), (7, 5.948244142928161e-05), (8, 5.069981489214115e-05), (9, 5.6584343838039786e-05), (10, 4.5385291741695255e-05), (11, 6.0452530306065455e-05), (12, 5.723168942495249e-05), (13, 5.728935866500251e-05), (14, 3.938377994927578e-05), (15, 5.4209758673096076e-05), (16, 3.974058199673891e-05), (17, 4.082578743691556e-05), (18, 5.057393718743697e-05), (19, 5.3205199947115034e-05), (20, 3.328899765620008e-05), (21, 4.500377326621674e-05), (22, 5.619246803689748e-05), (23, 5.091449202154763e-05), (24, 6.081250467104837e-05), (25, 3.432469748076983e-05), (26, 6.178961484692991e-05), (27, 4.695454481407069e-05), (28, 3.43892170349136e-05), (29, 3.595868838601746e-05), (30, 4.857484600506723e-05), (31, 3.9151764212874696e-05), (32, 5.111477366881445e-05), (33, 5.26712610735558e-05), (34, 4.144145714235492e-05), (35, 6.575206498382613e-05), (36, 6.044281326467171e-05), (37, 5.69649891986046e-05), (38, 4.5854329073335975e-05), (39, 3.109480894636363e-05), (40, 4.454844747669995e-05), (41, 4.1437149775447324e-05), (42, 3.24709944834467e-05), (43, 5.054027133155614e-05), (44, 5.166819391888566e-05), (45, 3.807878238148987e-05), (46, 3.517359436955303e-05), (47, 3.848895357805304e-05), (48, 4.016155799035914e-05), (0, 3.912346437573433e-05), (1, 4.142755642533302e-05), (2, 3.8716490962542593e-05), (3, 3.408884003874846e-05), (4, 4.5157066779211164e-05), (5, 4.190065010334365e-05), (6, 3.9331418520305306e-05), (7, 3.6457575333770365e-05), (8, 3.969405952375382e-05), (9, 5.0331829697825015e-05), (10, 5.025095015298575e-05), (11, 4.936615005135536e-05), (12, 4.496319525060244e-05), (13, 4.847106902161613e-05), (14, 4.0300041291629896e-05), (15, 4.64701333839912e-05), (16, 3.552401176420972e-05), (17, 4.215944136376493e-05), (18, 4.4363605411490425e-05), (19, 3.331088737468235e-05), (20, 4.3460979213705286e-05), (21, 3.113141792709939e-05), (22, 5.260989928501658e-05), (23, 3.0068615160416812e-05), (24, 4.340259329183027e-05), (25, 4.0323258872376755e-05), (26, 3.730282332981005e-05), (27, 4.6011980884941295e-05), (28, 3.787632522289641e-05), (29, 4.536156848189421e-05), (30, 2.042987398453988e-05), (31, 2.9351729608606547e-05), (32, 4.214763976051472e-05), (33, 3.654478132375516e-05), (34, 2.73825935437344e-05), (35, 4.307443668949418e-05), (36, 1.9518696717568673e-05), (37, 3.7585738027701154e-05), (38, 5.3094994655111805e-05), (39, 4.2726540414150804e-05), (40, 6.188176485011354e-05), (41, 3.204193853889592e-05), (42, 2.8684116841759533e-05), (43, 3.0387967854039744e-05), (44, 4.892960350844078e-05), (45, 4.125507257413119e-05), (46, 3.3290354622295126e-05), (47, 4.1075614717556164e-05), (48, 3.367261160747148e-05), (0, 6.152570131234825e-05), (1, 3.2719508453737944e-05), (2, 4.1583902202546597e-05), (3, 1.947599412233103e-05), (4, 3.90925160900224e-05), (5, 3.6875037039862946e-05), (6, 3.9118604036048055e-05), (7, 3.301809192635119e-05), (8, 5.366395998862572e-05), (9, 3.2891392038436607e-05), (10, 2.8139636924606748e-05), (11, 3.305341670056805e-05), (12, 3.497460420476273e-05), (13, 3.0073542802711017e-05), (14, 3.181837382726371e-05), (15, 2.7337482606526464e-05), (16, 2.029826646321453e-05), (17, 3.0467770557152107e-05), (18, 3.868472413159907e-05), (19, 3.698941509355791e-05), (20, 3.139054024359211e-05), (21, 3.428907803026959e-05), (22, 2.985157334478572e-05), (23, 3.9255715819308534e-05), (24, 2.9182841899455525e-05), (25, 4.023676592623815e-05), (26, 2.930691698566079e-05), (27, 3.8284641050267965e-05), (28, 2.8025489882566035e-05), (29, 4.9302110710414127e-05), (30, 3.595738598960452e-05), (31, 2.708103238546755e-05), (32, 3.075975109823048e-05), (33, 3.0802926630713046e-05), (34, 3.716981882462278e-05), (35, 3.5511442547431216e-05), (36, 3.024419493158348e-05), (37, 3.2166120945475996e-05), (38, 3.4491647966206074e-05), (39, 3.1385308830067515e-05), (40, 2.3955888536875136e-05), (41, 2.2913292923476547e-05), (42, 2.509391379135195e-05), (43, 2.9984210414113477e-05), (44, 3.267345891799778e-05), (45, 2.8973023290745914e-05), (46, 3.06213551084511e-05), (47, 2.4791816031211056e-05), (48, 2.3320073523791507e-05), (0, 2.585633410490118e-05), (1, 4.0301569242728874e-05), (2, 2.7115218472317792e-05), (3, 2.627137837407645e-05), (4, 3.851953078992665e-05), (5, 3.540542093105614e-05), (6, 3.4910022804979235e-05), (7, 2.4097436835290864e-05), (8, 3.0357547075254843e-05), (9, 2.9464079489116557e-05), (10, 3.583915167837404e-05), (11, 4.280990833649412e-05), (12, 1.807042099244427e-05), (13, 1.9060598788200878e-05), (14, 2.8710383048746735e-05), (15, 2.0894651242997497e-05), (16, 2.077402859868016e-05), (17, 2.5869190722005442e-05), (18, 3.948766607209109e-05), (19, 2.7094385586678982e-05), (20, 3.53130599251017e-05), (21, 3.815491436398588e-05), (22, 2.869079980882816e-05), (23, 3.44564177794382e-05), (24, 3.586938328226097e-05), (25, 3.1185889383777976e-05), (26, 2.7950520234298892e-05), (27, 3.223973180865869e-05), (28, 3.6243494832888246e-05), (29, 3.5521337849786505e-05), (30, 2.0217548808432184e-05), (31, 2.16432599700056e-05), (32, 2.5265342628699727e-05), (33, 3.165543603245169e-05), (34, 2.8307707907515578e-05), (35, 2.6426479962537996e-05), (36, 2.828569085977506e-05), (37, 1.905359749798663e-05), (38, 2.4883034711820073e-05), (39, 2.2364822143572383e-05), (40, 1.5944249753374606e-05), (41, 2.5227745936717838e-05), (42, 1.984094524232205e-05), (43, 2.890291580115445e-05), (44, 2.0140190827078186e-05), (45, 2.467231752234511e-05), (46, 2.6192939913016744e-05), (47, 2.0705068891402334e-05), (48, 1.992702527786605e-05), (0, 2.964582381537184e-05), (1, 2.0781939383596182e-05), (2, 1.8091512174578384e-05), (3, 3.709034717758186e-05), (4, 2.6619460186338983e-05), (5, 2.9257806090754457e-05), (6, 1.654651168792043e-05), (7, 3.180283965775743e-05), (8, 1.7534242942929268e-05), (9, 1.6017960660974495e-05), (10, 2.6476289349375293e-05), (11, 2.142587436537724e-05), (12, 2.5042201741598547e-05), (13, 2.138062336598523e-05), (14, 2.5004317649290897e-05), (15, 1.8080314475810155e-05), (16, 2.366920671192929e-05), (17, 2.6216965125058778e-05), (18, 3.131236371700652e-05), (19, 2.6544506908976473e-05), (20, 3.503036350593902e-05), (21, 2.9889348297729157e-05), (22, 1.756809615471866e-05), (23, 2.896350997616537e-05), (24, 2.0596417016349733e-05), (25, 2.391297311987728e-05), (26, 3.464240944595076e-05), (27, 2.7271462386124767e-05), (28, 2.8853024559793994e-05), (29, 2.980639510496985e-05), (30, 2.522393515391741e-05), (31, 3.910085797542706e-05), (32, 2.6771176635520533e-05), (33, 1.9998871721327305e-05), (34, 1.3466559721564408e-05), (35, 2.9879174689995125e-05), (36, 1.919522946991492e-05), (37, 1.7573660443304107e-05), (38, 2.803532697726041e-05), (39, 2.038252932834439e-05), (40, 1.547089050291106e-05), (41, 1.990152486541774e-05), (42, 1.5063095816003624e-05), (43, 2.726529783103615e-05), (44, 2.5965706299757585e-05), (45, 1.804434032237623e-05), (46, 1.3542947272071615e-05), (47, 2.3046115529723465e-05), (48, 2.500450864317827e-05), (0, 2.1272042431519367e-05), (1, 2.4715352992643602e-05), (2, 1.7910570022650063e-05), (3, 2.917445272032637e-05), (4, 2.484065043972805e-05), (5, 1.7812426449381746e-05), (6, 2.114112976414617e-05), (7, 2.240059620817192e-05), (8, 2.96457510557957e-05), (9, 1.92380030057393e-05), (10, 1.6091742509161122e-05), (11, 2.313978984602727e-05), (12, 2.0480840248637833e-05), (13, 2.570087235653773e-05), (14, 2.2011599867255427e-05), (15, 2.1867454051971436e-05), (16, 1.9183064068784006e-05), (17, 2.2773241653339937e-05), (18, 1.831218287406955e-05), (19, 2.5905959773808718e-05), (20, 2.060329461528454e-05), (21, 2.475621113262605e-05), (22, 1.661387796048075e-05), (23, 2.305569614691194e-05), (24, 2.4634906367282383e-05), (25, 1.893090666271746e-05), (26, 2.0505485736066476e-05), (27, 2.6734089260571636e-05), (28, 2.1420943085104227e-05), (29, 1.8444947272655554e-05), (30, 1.7995778762269765e-05), (31, 1.3917091564508155e-05), (32, 2.225073694717139e-05), (33, 1.983361471502576e-05), (34, 1.853408684837632e-05), (35, 1.9907509340555407e-05), (36, 3.287709841970354e-05), (37, 1.909659658849705e-05), (38, 2.096926618833095e-05), (39, 2.0560708435368724e-05), (40, 1.7179785572807305e-05), (41, 1.4648710930487141e-05), (42, 1.7598895283299498e-05), (43, 2.1482957890839316e-05), (44, 2.547976873756852e-05), (45, 3.0827555747237056e-05), (46, 1.7582739019417204e-05), (47, 1.2900941328553017e-05), (48, 1.889469967863988e-05), (0, 1.940880247275345e-05), (1, 1.679477463767398e-05), (2, 2.281571323692333e-05), (3, 1.3755460713582579e-05), (4, 2.0605786630767398e-05), (5, 1.0433292118250392e-05), (6, 2.4220462364610285e-05), (7, 2.0034709450555965e-05), (8, 2.167379716411233e-05), (9, 1.8349715901422314e-05), (10, 1.8159771570935845e-05), (11, 1.9223978597437963e-05), (12, 2.1914089302299544e-05), (13, 2.1221223505563103e-05), (14, 1.8609398466651328e-05), (15, 2.039955506916158e-05), (16, 2.4885950551833957e-05), (17, 2.3485774363507517e-05), (18, 1.5321678802138194e-05), (19, 1.608308230061084e-05), (20, 1.446602436772082e-05), (21, 1.6685618902556598e-05), (22, 1.538459946459625e-05), (23, 2.7045556635130197e-05), (24, 2.3947886802488938e-05), (25, 1.8257869669469073e-05), (26, 1.8160131730837747e-05), (27, 1.9290295313112438e-05), (28, 2.5491355700069107e-05), (29, 1.2007701116090175e-05), (30, 1.5642712241970003e-05), (31, 1.593309389136266e-05), (32, 2.373680763412267e-05), (33, 2.4408474928350188e-05), (34, 2.001951725105755e-05), (35, 1.68225888046436e-05), (36, 1.70159346453147e-05), (37, 1.9319004422868602e-05), (38, 1.6606138160568662e-05), (39, 1.3950273569207639e-05), (40, 1.4627374184783548e-05), (41, 1.8223203369416296e-05), (42, 2.11402730201371e-05), (43, 2.2584774342249148e-05), (44, 1.6254214642685838e-05), (45, 1.7448006474296562e-05), (46, 1.8486329281586222e-05), (47, 1.288240309804678e-05), (48, 2.2827131033409387e-05), (0, 2.565971044532489e-05), (1, 1.119162880058866e-05), (2, 1.2634704035008326e-05), (3, 1.4507285413856152e-05), (4, 2.318177212146111e-05), (5, 1.5473211533389986e-05), (6, 1.8983300833497196e-05), (7, 2.3644706743652932e-05), (8, 1.4347315300256014e-05), (9, 1.2582258932525292e-05), (10, 1.842698475229554e-05), (11, 1.573673216626048e-05), (12, 1.4457069482887164e-05), (13, 2.2272208298090845e-05), (14, 1.6796962881926447e-05), (15, 1.445660564058926e-05), (16, 1.941466143762227e-05), (17, 1.4281678886618465e-05), (18, 1.3231299817562103e-05), (19, 1.9181037714588456e-05), (20, 1.8964370610774495e-05), (21, 1.4755650227016304e-05), (22, 2.017904625972733e-05), (23, 1.5033821910037659e-05), (24, 1.7777951143216342e-05), (25, 2.0101701011299156e-05), (26, 1.669050288910512e-05), (27, 1.739169420034159e-05), (28, 1.1596815056691412e-05), (29, 1.768063521012664e-05), (30, 1.4346495845529716e-05), (31, 1.6297401089104824e-05), (32, 1.5088203326740768e-05), (33, 1.797571349015925e-05), (34, 1.6677533494657837e-05), (35, 1.9729854102479294e-05), (36, 1.9298209736007266e-05), (37, 1.1227121831325348e-05), (38, 2.1481511794263497e-05), (39, 2.0219236830598675e-05), (40, 1.6947382391663268e-05), (41, 1.56519963638857e-05), (42, 1.4876456589263398e-05), (43, 1.4468387234956026e-05), (44, 1.6324560419889167e-05), (45, 1.6090913049993105e-05), (46, 1.2609018995135557e-05), (47, 1.6265421436401084e-05), (48, 1.468088521505706e-05), (0, 1.868400431703776e-05), (1, 1.8843407815438695e-05), (2, 1.33990461108624e-05), (3, 1.3672056411451194e-05), (4, 1.986704046430532e-05), (5, 1.3195557585277129e-05), (6, 1.4075432773097418e-05), (7, 9.050271728483494e-06), (8, 1.4245375496102497e-05), (9, 1.542189420433715e-05), (10, 1.298688948736526e-05), (11, 1.3888231478631496e-05), (12, 1.563803743920289e-05), (13, 1.1946353879466187e-05), (14, 2.3532789782620966e-05), (15, 1.0126337656402029e-05), (16, 1.8014630768448114e-05), (17, 1.4365082279255148e-05), (18, 1.2715072443825193e-05), (19, 1.5991470718290657e-05), (20, 1.3135850167600438e-05), (21, 2.1342104446375743e-05), (22, 1.5425061064888723e-05), (23, 1.671838435868267e-05), (24, 1.4906270735082217e-05), (25, 1.745087865856476e-05), (26, 1.4857908354315441e-05), (27, 1.3172726539778523e-05), (28, 1.551434979774058e-05), (29, 1.0569521691650152e-05), (30, 1.1059451026085299e-05), (31, 1.597803202457726e-05), (32, 1.0609070159262046e-05), (33, 1.5960080418153666e-05), (34, 1.5978410374373198e-05), (35, 1.9344583051861264e-05), (36, 8.95145694812527e-06), (37, 1.4343715520226397e-05), (38, 1.8978014850290492e-05), (39, 1.6713498553144746e-05), (40, 1.619601243874058e-05), (41, 1.6377201973227784e-05), (42, 1.2594757208717056e-05), (43, 1.6329426216543652e-05), (44, 9.888902241073083e-06), (45, 1.5499290384468623e-05), (46, 1.7558249965077266e-05), (47, 1.1992313375230879e-05), (48, 2.0072646293556318e-05), (0, 1.3855731594958343e-05), (1, 1.2433889423846267e-05), (2, 1.0062986802950036e-05), (3, 1.40768088385812e-05), (4, 9.158427019428927e-06), (5, 8.660457751830108e-06), (6, 1.7867536371340975e-05), (7, 1.5980274838511832e-05), (8, 1.2959046216565184e-05), (9, 1.595797402842436e-05), (10, 1.3393604604061693e-05), (11, 1.3370781744015403e-05), (12, 7.72902785683982e-06), (13, 1.5143855307542253e-05), (14, 9.91263641481055e-06), (15, 1.4945009752409533e-05), (16, 1.1025211279047653e-05), (17, 1.219011755893007e-05), (18, 1.4780683159187902e-05), (19, 1.076296393875964e-05), (20, 1.3251149539428297e-05), (21, 1.1365548743924592e-05), (22, 1.1367624210834038e-05), (23, 1.3400778698269278e-05), (24, 1.6299114577122964e-05), (25, 1.5755264030303806e-05), (26, 1.3377219147514552e-05), (27, 1.4685987480334006e-05), (28, 1.0661139640433248e-05), (29, 1.760225677571725e-05), (30, 1.4097517123445868e-05), (31, 2.2143656678963453e-05), (32, 1.1831954907393083e-05), (33, 1.6276693713734858e-05), (34, 1.1438833098509349e-05), (35, 1.3033431059739087e-05), (36, 1.3768312783213332e-05), (37, 1.1920075849047862e-05), (38, 1.4507616469927598e-05), (39, 1.4102294699114282e-05), (40, 1.2922990208608098e-05), (41, 1.1880303645739332e-05), (42, 1.4385179383680224e-05), (43, 1.6568310456932522e-05), (44, 1.3590790331363678e-05), (45, 1.2065600458299741e-05), (46, 1.6873380445758812e-05), (47, 1.1530389201652724e-05), (48, 1.776198041625321e-05), (0, 1.2957662875123788e-05), (1, 1.1537904356373474e-05), (2, 1.7030806702678092e-05), (3, 1.3494389349943958e-05), (4, 1.2474088180169929e-05), (5, 6.866051535325823e-06), (6, 8.926840564527083e-06), (7, 1.0165231287828647e-05), (8, 1.2351282748568337e-05), (9, 1.2517194591055159e-05), (10, 8.26239374873694e-06), (11, 1.1653184628812596e-05), (12, 1.2991476978641003e-05), (13, 1.3108019629726186e-05), (14, 1.1982088835793547e-05), (15, 9.915595910570119e-06), (16, 1.4734683645656332e-05), (17, 1.3053817383479327e-05), (18, 9.588550710759591e-06), (19, 1.0469781955180224e-05), (20, 1.2557787158584688e-05), (21, 1.9835319108096883e-05), (22, 1.5371228073490784e-05), (23, 1.3437097550195176e-05), (24, 1.3555803889175877e-05), (25, 1.432400858902838e-05), (26, 1.3661536286235787e-05), (27, 1.0351272976549808e-05), (28, 1.5389405234600417e-05), (29, 1.126386814576108e-05), (30, 1.2331829566392116e-05), (31, 1.5020046703284606e-05), (32, 1.1566437024157494e-05), (33, 1.317918304266641e-05), (34, 1.6924666851991788e-05), (35, 9.718947694636881e-06), (36, 1.029476788971806e-05), (37, 8.22232868813444e-06), (38, 1.019416595227085e-05), (39, 1.2184730621811468e-05), (40, 1.2091328244423494e-05), (41, 1.284864356421167e-05), (42, 1.0132685019925702e-05), (43, 8.547637662559282e-06), (44, 1.0285063581250142e-05), (45, 1.2451636393961962e-05), (46, 1.4433771866606548e-05), (47, 9.41981761570787e-06), (48, 1.3577459867519792e-05), (0, 9.46746422414435e-06), (1, 1.3667488019564189e-05), (2, 8.569718374928925e-06), (3, 1.729302130115684e-05), (4, 7.806116627762094e-06), (5, 1.1608365639403928e-05), (6, 1.4502599697152618e-05), (7, 1.2546188372652978e-05), (8, 1.1011496098944917e-05), (9, 1.2455238902475685e-05), (10, 8.635241101728752e-06), (11, 1.2402251741150394e-05), (12, 8.7313483163598e-06), (13, 1.1158305824210402e-05), (14, 1.154083656729199e-05), (15, 1.157511451310711e-05), (16, 1.3371796740102582e-05), (17, 1.2614015759027097e-05), (18, 9.80942786554806e-06), (19, 1.5846642781980336e-05), (20, 6.097720415709773e-06), (21, 1.186280951515073e-05), (22, 1.1400568837416358e-05), (23, 1.4761206330149435e-05), (24, 8.704754691279959e-06), (25, 9.585671250533778e-06), (26, 1.6370820958400145e-05), (27, 9.734479135659058e-06), (28, 1.2219508789712563e-05), (29, 1.1597775483096484e-05), (30, 1.1099144103354774e-05), (31, 9.801111445995048e-06), (32, 1.1045723113056738e-05), (33, 8.84456039784709e-06), (34, 1.0714595191529952e-05), (35, 1.4762259525014088e-05), (36, 8.147623702825513e-06), (37, 1.3155640772311017e-05), (38, 1.1663228178804275e-05), (39, 1.1302426173642743e-05), (40, 1.0775718692457303e-05), (41, 1.006133243208751e-05), (42, 8.258855814347044e-06), (43, 9.031373338075355e-06), (44, 1.0046822353615426e-05), (45, 1.0496529284864664e-05), (46, 6.4525661400693934e-06), (47, 9.658019735070411e-06), (48, 8.174894901458174e-06), (0, 1.1015703421435319e-05), (1, 1.0794501577038318e-05), (2, 7.883121725171804e-06), (3, 1.1882312719535548e-05), (4, 1.063869240169879e-05), (5, 8.066865120781586e-06), (6, 7.982753231772222e-06), (7, 6.537353783642175e-06), (8, 9.935881280398462e-06), (9, 9.459999091632199e-06), (10, 7.083423042786308e-06), (11, 9.927386599883903e-06), (12, 8.731761226954404e-06), (13, 1.1078966963395942e-05), (14, 1.4123852452030405e-05), (15, 9.752161531650927e-06), (16, 9.279074220103212e-06), (17, 9.368407518195454e-06), (18, 9.119412425206974e-06), (19, 7.726830517640337e-06), (20, 9.293340553995222e-06), (21, 7.2142415774578694e-06), (22, 1.1598080163821578e-05), (23, 1.4002423085912596e-05), (24, 9.215133104589768e-06), (25, 1.2784269529220182e-05), (26, 9.126096301770303e-06), (27, 9.278513061872218e-06), (28, 1.2082597095286474e-05), (29, 1.4228367945179343e-05), (30, 1.306896228925325e-05), (31, 1.0165040293941274e-05), (32, 1.4013788131705951e-05), (33, 7.152353191486327e-06), (34, 1.23317186080385e-05), (35, 7.733727215963881e-06), (36, 7.603706762893125e-06), (37, 1.465429158997722e-05), (38, 9.653642337070778e-06), (39, 6.978056717343861e-06), (40, 9.801455234992318e-06), (41, 1.3044294973951764e-05), (42, 8.627906026958954e-06), (43, 8.177767995221075e-06), (44, 1.2594968211487867e-05), (45, 9.68131917034043e-06), (46, 1.0205616490566172e-05), (47, 7.630266736669e-06), (48, 1.1086093763879035e-05), (0, 1.0913482583418954e-05), (1, 8.730924491828773e-06), (2, 8.79021899891086e-06), (3, 7.705231837462634e-06), (4, 9.519835657556541e-06), (5, 1.0007868695538491e-05), (6, 8.394414180656895e-06), (7, 9.271991075365804e-06), (8, 1.2467832675611135e-05), (9, 8.087270543910563e-06), (10, 9.753377526067197e-06), (11, 1.2622625945368782e-05), (12, 1.0527295671636239e-05), (13, 1.0727450899139512e-05), (14, 9.473441423324402e-06), (15, 9.922387107508257e-06), (16, 7.1891722654982004e-06), (17, 8.21810681372881e-06), (18, 8.03135844762437e-06), (19, 1.0073275007016491e-05), (20, 9.279640835302416e-06), (21, 7.788895345584024e-06), (22, 7.3133410296577495e-06), (23, 1.0856842891371343e-05), (24, 7.851509508327581e-06), (25, 7.93687013356248e-06), (26, 8.452370821032673e-06), (27, 7.916808499430772e-06), (28, 9.304788363806438e-06), (29, 9.966661309590563e-06), (30, 7.5432380981510505e-06), (31, 6.95628477842547e-06), (32, 9.08314177650027e-06), (33, 9.039307769853622e-06), (34, 7.442818514391547e-06), (35, 9.618035619496368e-06), (36, 1.0070849384646863e-05), (37, 9.00038594409125e-06), (38, 1.0659140571078751e-05), (39, 7.377332622127142e-06), (40, 1.2810003681806847e-05), (41, 9.14880456548417e-06), (42, 1.0927868061116897e-05), (43, 6.462125838879729e-06), (44, 1.0033074431703426e-05), (45, 1.0787230166897643e-05), (46, 1.0535308319958858e-05), (47, 1.074251122190617e-05), (48, 8.485994840157218e-06), (0, 1.3708029655390419e-05), (1, 8.082163731160108e-06), (2, 6.291664703894639e-06), (3, 8.88205522642238e-06), (4, 1.1297900528006721e-05), (5, 6.921135536686052e-06), (6, 8.409417205257341e-06), (7, 1.1687970982166007e-05), (8, 6.925967682036571e-06), (9, 7.755543265375309e-06), (10, 8.79484105098527e-06), (11, 8.520635674358346e-06), (12, 1.034663637256017e-05), (13, 8.779397830949165e-06), (14, 8.537995199731085e-06), (15, 8.417161552642938e-06), (16, 8.177496056305245e-06), (17, 7.143184120650403e-06), (18, 7.82724964665249e-06), (19, 1.0246320925944019e-05), (20, 6.32516321275034e-06), (21, 1.2112972399336286e-05), (22, 9.784806934476364e-06), (23, 7.427470791299129e-06), (24, 8.956565579865128e-06), (25, 1.2516143215179909e-05), (26, 4.29355804953957e-06), (27, 9.467907148064114e-06), (28, 8.720280675333925e-06), (29, 6.100276550569106e-06), (30, 7.110935257514939e-06), (31, 1.0401409781479742e-05), (32, 1.0473399015609175e-05), (33, 6.699927780573489e-06), (34, 6.4556697907391936e-06), (35, 9.122874871536624e-06), (36, 6.950818715267815e-06), (37, 7.503308552259114e-06), (38, 8.31306715554092e-06), (39, 1.0043871952802874e-05), (40, 9.019057870318647e-06), (41, 8.121216524159536e-06), (42, 9.251252777175978e-06), (43, 9.681321898824535e-06), (44, 6.8852764343318995e-06), (45, 7.70637871028157e-06), (46, 6.127359938545851e-06), (47, 6.39114932710072e-06), (48, 7.439990440616384e-06), (0, 9.412318831891753e-06), (1, 9.319089258497115e-06), (2, 5.721702564187581e-06), (3, 1.1454195373516995e-05), (4, 8.59901228977833e-06), (5, 8.395570148422848e-06), (6, 7.845714208087884e-06), (7, 6.215750545379706e-06), (8, 6.678973932139343e-06), (9, 7.043645382509567e-06), (10, 7.834853931854013e-06), (11, 8.664565029903315e-06), (12, 6.81001074553933e-06), (13, 9.154182407655753e-06), (14, 5.455969585455023e-06), (15, 5.969986887066625e-06), (16, 7.826150067558046e-06), (17, 8.5909941844875e-06), (18, 1.0983357242366765e-05), (19, 9.27716519072419e-06), (20, 6.263670456974069e-06), (21, 8.155578143487219e-06), (22, 5.618832801701501e-06), (23, 8.719294783077203e-06), (24, 6.903951089043403e-06), (25, 5.188974682823755e-06), (26, 5.13727309225942e-06), (27, 9.556455552228726e-06), (28, 1.3262624634080566e-05), (29, 5.329309715307318e-06), (30, 7.0585142566415016e-06), (31, 9.64070568443276e-06), (32, 1.0686632776923943e-05), (33, 8.860143680067267e-06), (34, 6.079016202420462e-06), (35, 1.0136258424608968e-05), (36, 1.0416128134238534e-05), (37, 7.166712293837918e-06), (38, 7.486944014090113e-06), (39, 6.460686563514173e-06), (40, 4.877292212768225e-06), (41, 9.706313903734554e-06), (42, 5.720796707464615e-06), (43, 6.529885013151215e-06), (44, 9.796366612135898e-06), (45, 7.909799023764208e-06), (46, 7.760426342429128e-06), (47, 3.949537585867802e-06), (48, 6.4437663240823895e-06), (0, 8.205116500903387e-06), (1, 1.1214827281946782e-05), (2, 7.359362371062161e-06), (3, 3.614105708038551e-06), (4, 6.11200039202231e-06), (5, 6.199318249855423e-06), (6, 1.0532355190662201e-05), (7, 7.746513801976107e-06), (8, 7.419944722641958e-06), (9, 9.213597877533175e-06), (10, 7.500627361878287e-06), (11, 9.39669189392589e-06), (12, 6.544655661855359e-06), (13, 5.397996119427262e-06), (14, 5.761481133959023e-06), (15, 7.472859124391107e-06), (16, 6.208964805409778e-06), (17, 6.785155164834578e-06), (18, 7.25009476809646e-06), (19, 6.729242159053683e-06), (20, 6.3707893787068315e-06), (21, 8.329653610417154e-06), (22, 4.976115178578766e-06), (23, 6.823024705226999e-06), (24, 4.223468749842141e-06), (25, 5.961464012216311e-06), (26, 7.608965916006127e-06), (27, 5.345332738215802e-06), (28, 5.5727177823428065e-06), (29, 6.014073733240366e-06), (30, 9.23729567148257e-06), (31, 8.047388291743118e-06), (32, 9.27443579712417e-06), (33, 5.56000759388553e-06), (34, 6.05367358730291e-06), (35, 5.749575393565465e-06), (36, 6.4834912336664274e-06), (37, 8.424450243182946e-06), (38, 9.20131969905924e-06), (39, 7.228728009067709e-06), (40, 8.708942004886921e-06), (41, 9.657795999373775e-06), (42, 6.885701623104978e-06), (43, 3.844295861199498e-06), (44, 1.1279872524028178e-05), (45, 8.03755028755404e-06), (46, 7.854450814193115e-06), (47, 9.767186384124216e-06), (48, 5.009454980609007e-06)]