Model Setup for Uniformvirtual {PATIENT_GROUPS} Trained Network:

{NETWORK_TYPE} Network Architecture Parameters
Input channels=22
Hidden channels=128
Output channels=1

Training hyperparameters
Optimizer=AdamW (
Parameter Group 0
    amsgrad: False
    betas: (0.9, 0.999)
    capturable: False
    differentiable: False
    eps: 1e-08
    foreach: None
    fused: None
    lr: 0.001
    maximize: False
    weight_decay: 1e-06
)Training Iterations=20
Learning rate=0.001
Weight decay=1e-06
Optimizer reset frequency=None

Dropout probability (after initial linear layer before NCDE): 0
Training Data Selection Parameters
(If not virtual, the only important params are the groups and whether data was normalized/standardized)
Patient groups=['Control', 'MDD']
Augmentation strategy=Uniform
Noise Magnitude=0.05
Normalized/standardized=StandardizeAll
Number of virtual patients per real patient=100
Label smoothing factor=0
Test Patient Combinations:
Control: (46, 28, 13, 50, 51)
MDD: (36, 10, 39, 14, 18)
Training batch size=200
Training Results:
Runtime=1.634528636932373
Loss over time=[(0, 0.6926664710044861), (1, 0.6851921081542969), (2, 0.6783259510993958), (3, 0.6832517981529236), (4, 0.666354238986969), (5, 0.6572786569595337), (6, 0.6618695855140686), (7, 0.6393415927886963), (8, 0.6337553262710571), (9, 0.6372740864753723), (10, 0.6181992888450623), (11, 0.6045243740081787), (12, 0.6298472881317139), (13, 0.5904169678688049), (14, 0.5770373344421387), (15, 0.5797325372695923), (16, 0.5519893765449524), (17, 0.5662156939506531), (18, 0.5376655459403992), (19, 0.5479137301445007), (20, 0.5171643495559692), (21, 0.5070643424987793), (22, 0.47382596135139465), (23, 0.471019446849823), (24, 0.47671470046043396), (25, 0.46401503682136536), (26, 0.4436788856983185), (27, 0.4509093761444092), (28, 0.4284789264202118), (29, 0.4158068597316742), (30, 0.37531742453575134), (31, 0.3650054633617401), (32, 0.3751087188720703), (33, 0.369423508644104), (34, 0.4222075641155243), (35, 0.35614079236984253), (36, 0.3509988486766815), (37, 0.3720235526561737), (38, 0.33463889360427856), (39, 0.33476555347442627), (40, 0.2829970419406891), (41, 0.3050399720668793), (42, 0.2766707241535187), (43, 0.29844701290130615), (44, 0.24910502135753632), (45, 0.23836566507816315), (46, 0.2648155391216278), (47, 0.28933417797088623), (48, 0.1820022612810135), (0, 0.22797265648841858), (1, 0.17876844108104706), (2, 0.19857345521450043), (3, 0.17296123504638672), (4, 0.16864965856075287), (5, 0.18796353042125702), (6, 0.16202260553836823), (7, 0.14388148486614227), (8, 0.19421452283859253), (9, 0.195259228348732), (10, 0.1733642816543579), (11, 0.16374415159225464), (12, 0.15204042196273804), (13, 0.1460561454296112), (14, 0.12572641670703888), (15, 0.12640348076820374), (16, 0.1421910971403122), (17, 0.16716644167900085), (18, 0.18574585020542145), (19, 0.164765402674675), (20, 0.09121496975421906), (21, 0.10979784280061722), (22, 0.13108646869659424), (23, 0.08703538775444031), (24, 0.07848303765058517), (25, 0.06254682689905167), (26, 0.09191742539405823), (27, 0.08849133551120758), (28, 0.05259915813803673), (29, 0.03845762088894844), (30, 0.07103317975997925), (31, 0.08497398346662521), (32, 0.0715833380818367), (33, 0.1006784439086914), (34, 0.07129248976707458), (35, 0.0921836644411087), (36, 0.053922343999147415), (37, 0.07788803428411484), (38, 0.06830278038978577), (39, 0.05487419292330742), (40, 0.05876024067401886), (41, 0.1417425125837326), (42, 0.06389684975147247), (43, 0.08986901491880417), (44, 0.0352710597217083), (45, 0.0891566202044487), (46, 0.07894045114517212), (47, 0.038087766617536545), (48, 0.0732872411608696), (0, 0.08853486180305481), (1, 0.02778947353363037), (2, 0.10182325541973114), (3, 0.053942371159791946), (4, 0.0341983325779438), (5, 0.06870099902153015), (6, 0.06842126697301865), (7, 0.03985309973359108), (8, 0.06510232388973236), (9, 0.030526328831911087), (10, 0.03964289650321007), (11, 0.07512810081243515), (12, 0.04021243751049042), (13, 0.02537236362695694), (14, 0.026469070464372635), (15, 0.025292038917541504), (16, 0.02963969297707081), (17, 0.027283087372779846), (18, 0.025041943415999413), (19, 0.0236100722104311), (20, 0.03424648195505142), (21, 0.020016536116600037), (22, 0.019895458593964577), (23, 0.01457049511373043), (24, 0.026289181783795357), (25, 0.012991981580853462), (26, 0.017893468961119652), (27, 0.014277744106948376), (28, 0.010557177476584911), (29, 0.014400427229702473), (30, 0.016286853700876236), (31, 0.016483761370182037), (32, 0.011403813026845455), (33, 0.008553915657103062), (34, 0.007705959025770426), (35, 0.009173503145575523), (36, 0.013735711574554443), (37, 0.009283583611249924), (38, 0.004818446468561888), (39, 0.007596820127218962), (40, 0.007950949482619762), (41, 0.008087841793894768), (42, 0.0077912951819598675), (43, 0.007697862572968006), (44, 0.004334660246968269), (45, 0.005606430117040873), (46, 0.007729972712695599), (47, 0.005076491739600897), (48, 0.003641955554485321), (0, 0.003089997684583068), (1, 0.004953294992446899), (2, 0.005866158753633499), (3, 0.0023769147228449583), (4, 0.004706835839897394), (5, 0.002814645878970623), (6, 0.004138504154980183), (7, 0.005215800832957029), (8, 0.0036504296585917473), (9, 0.005442530382424593), (10, 0.0054031191393733025), (11, 0.0023651765659451485), (12, 0.004069255664944649), (13, 0.003068831516429782), (14, 0.003049429040402174), (15, 0.003098340705037117), (16, 0.0031828712671995163), (17, 0.00391762237995863), (18, 0.003966206684708595), (19, 0.0036078104749321938), (20, 0.0018913388485088944), (21, 0.003104718867689371), (22, 0.003930201753973961), (23, 0.0029029487632215023), (24, 0.002523010363802314), (25, 0.001799577148631215), (26, 0.0017204283503815532), (27, 0.003086225362494588), (28, 0.002005785470828414), (29, 0.0013423583004623652), (30, 0.0016777078853920102), (31, 0.0018760450184345245), (32, 0.0022098408080637455), (33, 0.001656809588894248), (34, 0.0009347426239401102), (35, 0.001973850652575493), (36, 0.0010912425350397825), (37, 0.0014866526471450925), (38, 0.0019610889721661806), (39, 0.0025458326563239098), (40, 0.0014774990268051624), (41, 0.0015553112607449293), (42, 0.0013645667349919677), (43, 0.0012378826504573226), (44, 0.0018458444392308593), (45, 0.0016037054592743516), (46, 0.001203369116410613), (47, 0.0010065501555800438), (48, 0.0010216397931799293), (0, 0.001094133360311389), (1, 0.0011224184418097138), (2, 0.000673100643325597), (3, 0.0008259753813035786), (4, 0.001430380973033607), (5, 0.0008916980004869401), (6, 0.002402001526206732), (7, 0.0010767196072265506), (8, 0.0012725156266242266), (9, 0.0015364383580163121), (10, 0.0012920056469738483), (11, 0.0007241693092510104), (12, 0.0012996235163882375), (13, 0.0009506443748250604), (14, 0.0006739262025803328), (15, 0.0007888184627518058), (16, 0.0009184948867186904), (17, 0.000769968843087554), (18, 0.0008400483638979495), (19, 0.0007353819091804326), (20, 0.0012360323453322053), (21, 0.0011126588797196746), (22, 0.0010806017089635134), (23, 0.0009749664459377527), (24, 0.0006000951398164034), (25, 0.0006844078889116645), (26, 0.0009138680179603398), (27, 0.0006611507851630449), (28, 0.0007171149482019246), (29, 0.0005851290188729763), (30, 0.0005881141987629235), (31, 0.0006643477827310562), (32, 0.0005403680261224508), (33, 0.00058995361905545), (34, 0.0008974490338005126), (35, 0.0007201246335171163), (36, 0.0006946680950932205), (37, 0.0007186451693996787), (38, 0.000621244078502059), (39, 0.0008885830757208169), (40, 0.0008430739981122315), (41, 0.0007226234884001315), (42, 0.0006945042405277491), (43, 0.0006688679568469524), (44, 0.0005198678118176758), (45, 0.0007469285046681762), (46, 0.0004537828208412975), (47, 0.0005658363807015121), (48, 0.0005735810264013708), (0, 0.00039656247827224433), (1, 0.00048544126912020147), (2, 0.0005361627554520965), (3, 0.0009707211866043508), (4, 0.0006564877112396061), (5, 0.00039083699812181294), (6, 0.0006262122187763453), (7, 0.0004042826476506889), (8, 0.0004729396023321897), (9, 0.00035210035275667906), (10, 0.00043946216464973986), (11, 0.0004425609076861292), (12, 0.0004095964541193098), (13, 0.0003457687853369862), (14, 0.0006041174638085067), (15, 0.0006850960780866444), (16, 0.00033101264853030443), (17, 0.0002987371408380568), (18, 0.0007346816128119826), (19, 0.0003422044974286109), (20, 0.0005441371467895806), (21, 0.0003923109616152942), (22, 0.0003627207188401371), (23, 0.0002620269369799644), (24, 0.0005360429640859365), (25, 0.00038897921331226826), (26, 0.00043104105861857533), (27, 0.0004224492877256125), (28, 0.00024930830113589764), (29, 0.000423067802330479), (30, 0.0005136752733960748), (31, 0.00021563416521530598), (32, 0.00026436272310093045), (33, 0.0005982001894153655), (34, 0.0003152637800667435), (35, 0.0003523087943904102), (36, 0.00029708215151913464), (37, 0.0003838803677354008), (38, 0.0002983138256240636), (39, 0.0004942858358845115), (40, 0.000297366117592901), (41, 0.00036067876499146223), (42, 0.0004316763661336154), (43, 0.0002924538275692612), (44, 0.0005140824941918254), (45, 0.00028197700157761574), (46, 0.00030846084700897336), (47, 0.0003604777157306671), (48, 0.0004103248647879809), (0, 0.0002801001537591219), (1, 0.00035164665314368904), (2, 0.00024864173610694706), (3, 0.0003429299686104059), (4, 0.00045341640361584723), (5, 0.0003333082131575793), (6, 0.0003231956507079303), (7, 0.0004396687727421522), (8, 0.00022449172683991492), (9, 0.00029528012964874506), (10, 0.00034278325620107353), (11, 0.00028929213294759393), (12, 0.00018920940055977553), (13, 0.0004312873352319002), (14, 0.0004362024483270943), (15, 0.00030628195963799953), (16, 0.00012589745165314525), (17, 0.00024009763728827238), (18, 0.0003252861206419766), (19, 0.00020507784211076796), (20, 0.00027686040266416967), (21, 0.00021373813797254115), (22, 0.00029313721461221576), (23, 0.0002221248869318515), (24, 0.0002917431411333382), (25, 0.00025696371449157596), (26, 0.00022411750978790224), (27, 0.00026258843718096614), (28, 0.0002745057863648981), (29, 0.00022851553512737155), (30, 0.00022341911972034723), (31, 0.00019990868167951703), (32, 0.0003174873418174684), (33, 0.00019879871979355812), (34, 0.00022155990882311016), (35, 0.00018824025755748153), (36, 0.0003968222881667316), (37, 0.000254937942372635), (38, 0.0002579037973191589), (39, 0.00032778590684756637), (40, 0.00019760052964556962), (41, 0.0002165325713576749), (42, 0.00025562747032381594), (43, 0.00025748182088136673), (44, 0.0001905571698443964), (45, 0.00017977844981942326), (46, 0.00017767374811228365), (47, 0.0001447789982194081), (48, 0.00017969848704524338), (0, 0.000235838902881369), (1, 0.00020281771139707416), (2, 0.0002572499215602875), (3, 0.00018655447638593614), (4, 0.00020717362349387258), (5, 0.00024380767717957497), (6, 0.00014465604908764362), (7, 0.00016448076348751783), (8, 0.0001913147425511852), (9, 0.00025663000997155905), (10, 0.00019300339045003057), (11, 0.00027716264594346285), (12, 0.00013219198444858193), (13, 0.00018590420950204134), (14, 0.0001733156095724553), (15, 0.00041391683043912053), (16, 0.0001386784133501351), (17, 0.00021212223509792238), (18, 0.00019828321819659323), (19, 0.00023262939066626132), (20, 0.00017076566291507334), (21, 0.00021044060122221708), (22, 0.00015975095448084176), (23, 0.00021262708469294012), (24, 0.00010043001384474337), (25, 0.00029625141178257763), (26, 0.0001799173332983628), (27, 0.00013750727521255612), (28, 0.00020595088426489383), (29, 0.00023113025235943496), (30, 0.00011385191464796662), (31, 0.00016049675468821079), (32, 0.000296599610010162), (33, 0.00019386618805583566), (34, 0.00018549393280409276), (35, 0.00015043927123770118), (36, 0.00021318798826541752), (37, 0.0001232509530382231), (38, 0.00015350444300565869), (39, 9.532435069559142e-05), (40, 0.00013062650396022946), (41, 0.00021502286836039275), (42, 0.00015272990276571363), (43, 0.0001484450331190601), (44, 0.0001376041182084009), (45, 0.00011999868002021685), (46, 0.0002595950791146606), (47, 0.00015179430192802101), (48, 0.00014297135930974036), (0, 0.00014162140723783523), (1, 0.00015409204934258014), (2, 0.00014461249520536512), (3, 0.00015550776151940227), (4, 0.00018864203593693674), (5, 0.00018791826732922345), (6, 0.000150473031681031), (7, 0.00012083886394975707), (8, 0.00015025550965219736), (9, 0.00013073209265712649), (10, 0.00017583530279807746), (11, 0.0001251218345714733), (12, 0.00012867143959738314), (13, 0.00019723417062778026), (14, 0.00016353891987819225), (15, 0.0001802216429496184), (16, 0.00012471700028982013), (17, 9.69700122368522e-05), (18, 0.00010641338303685188), (19, 0.000100302706414368), (20, 0.00011311980779282749), (21, 0.00013804808259010315), (22, 0.00011357404582668096), (23, 7.958160858834162e-05), (24, 0.00010819180897669867), (25, 0.00017781127826310694), (26, 0.0001498296478530392), (27, 0.0002020377287408337), (28, 0.00016140597290359437), (29, 0.00013908217079006135), (30, 0.00015254205209203064), (31, 0.00013854872668161988), (32, 0.0001075309919542633), (33, 0.00011071746121160686), (34, 0.00010876813757931814), (35, 0.00013022133498452604), (36, 0.00023565902665723115), (37, 8.233699190896004e-05), (38, 0.00013945532555226237), (39, 8.721810445422307e-05), (40, 5.710248660761863e-05), (41, 9.599258191883564e-05), (42, 9.491842502029613e-05), (43, 0.00012881774455308914), (44, 0.00011375379108358175), (45, 0.00010295039101038128), (46, 6.093854972277768e-05), (47, 0.00016064668307080865), (48, 0.00013447774108499289), (0, 0.0001204872751259245), (1, 0.0001424911606591195), (2, 0.0001970872690435499), (3, 0.00020099591347388923), (4, 9.827088797464967e-05), (5, 8.4757361037191e-05), (6, 0.00010830853716470301), (7, 0.00012124905333621427), (8, 8.426286512985826e-05), (9, 0.00011860911035910249), (10, 0.00011658063885988668), (11, 6.193341687321663e-05), (12, 0.00015651430294383317), (13, 5.831064481753856e-05), (14, 6.679975194856524e-05), (15, 0.00013036005839239806), (16, 0.00015540582535322756), (17, 9.911456436384469e-05), (18, 0.00010477426258148625), (19, 9.894202230498195e-05), (20, 0.0001663287403061986), (21, 5.882945697521791e-05), (22, 0.0001662661088630557), (23, 5.8270110457669944e-05), (24, 0.00011237556464038789), (25, 0.00010602279508020729), (26, 7.954812463140115e-05), (27, 6.713125912938267e-05), (28, 9.33525079744868e-05), (29, 0.00013210289762355387), (30, 6.524490163428709e-05), (31, 8.523653377778828e-05), (32, 9.688042337074876e-05), (33, 7.884050137363374e-05), (34, 7.026157982181758e-05), (35, 5.7941171689890325e-05), (36, 8.180435543181375e-05), (37, 0.00014468346489593387), (38, 8.93545220606029e-05), (39, 7.698401168454438e-05), (40, 7.962273230077699e-05), (41, 7.617197115905583e-05), (42, 9.55036812229082e-05), (43, 6.878807471366599e-05), (44, 8.535044617019594e-05), (45, 0.00012877497647423297), (46, 7.564370025647804e-05), (47, 7.582944817841053e-05), (48, 8.079485269263387e-05), (0, 4.941645966027863e-05), (1, 6.282250251388177e-05), (2, 0.00010689428017940372), (3, 7.030549750197679e-05), (4, 7.791523967171088e-05), (5, 7.244993321364745e-05), (6, 5.5406322644557804e-05), (7, 7.939741772133857e-05), (8, 8.70596049935557e-05), (9, 9.671445877756923e-05), (10, 5.874042835785076e-05), (11, 5.4520671255886555e-05), (12, 0.00010029579425463453), (13, 6.768003368051723e-05), (14, 7.522168016294017e-05), (15, 8.766562677919865e-05), (16, 5.2242816309444606e-05), (17, 7.183766138041392e-05), (18, 0.00010180522804148495), (19, 6.60017249174416e-05), (20, 6.723381375195459e-05), (21, 6.800240953452885e-05), (22, 7.550811278633773e-05), (23, 5.99627492192667e-05), (24, 7.326195191126317e-05), (25, 5.25929790455848e-05), (26, 0.00010420448961667717), (27, 7.137141074053943e-05), (28, 7.840902253519744e-05), (29, 8.26633840915747e-05), (30, 5.714984581572935e-05), (31, 5.716534724342637e-05), (32, 9.150576079264283e-05), (33, 4.157573857810348e-05), (34, 0.00012664827227126807), (35, 8.736569725442678e-05), (36, 8.169509237632155e-05), (37, 8.904004789656028e-05), (38, 8.439677185378969e-05), (39, 4.689117122325115e-05), (40, 7.124141120584682e-05), (41, 4.835602885577828e-05), (42, 6.202048825798556e-05), (43, 7.914618618087843e-05), (44, 8.14430313766934e-05), (45, 9.997490997193381e-05), (46, 0.00014238126459531486), (47, 3.383776856935583e-05), (48, 9.70542459981516e-05), (0, 9.50792309595272e-05), (1, 6.179619231261313e-05), (2, 4.2695530282799155e-05), (3, 6.67561762384139e-05), (4, 6.065114575903863e-05), (5, 5.237726145423949e-05), (6, 9.626748214941472e-05), (7, 9.337027586298063e-05), (8, 6.917119753779843e-05), (9, 5.71959390072152e-05), (10, 4.9459536967333406e-05), (11, 3.868895146297291e-05), (12, 6.014406608301215e-05), (13, 7.412719423882663e-05), (14, 3.390965866856277e-05), (15, 5.659131784341298e-05), (16, 4.1285464249085635e-05), (17, 4.7745565098011866e-05), (18, 9.171331475954503e-05), (19, 6.225326069397852e-05), (20, 4.804369018529542e-05), (21, 8.301655179820955e-05), (22, 6.685373955406249e-05), (23, 5.081831477582455e-05), (24, 6.283437687670812e-05), (25, 8.66862028487958e-05), (26, 4.473782973946072e-05), (27, 5.693514322047122e-05), (28, 5.74304758629296e-05), (29, 6.581409979844466e-05), (30, 0.0001020886265905574), (31, 3.6557823477778584e-05), (32, 4.6864170144544914e-05), (33, 7.967653073137626e-05), (34, 5.653775588143617e-05), (35, 4.429406544659287e-05), (36, 4.632493801182136e-05), (37, 6.440026481868699e-05), (38, 4.4691656512441114e-05), (39, 3.6652403650805354e-05), (40, 6.542200571857393e-05), (41, 4.32952401752118e-05), (42, 4.381395774544217e-05), (43, 4.671038914239034e-05), (44, 5.390205478761345e-05), (45, 5.621998934657313e-05), (46, 5.631159001495689e-05), (47, 5.425333074526861e-05), (48, 6.888932693982497e-05), (0, 5.3206822485663e-05), (1, 4.270526551408693e-05), (2, 5.6278124247910455e-05), (3, 6.85838604113087e-05), (4, 2.977392250613775e-05), (5, 3.959568130085245e-05), (6, 7.353604451054707e-05), (7, 5.045067518949509e-05), (8, 4.244337833370082e-05), (9, 6.149883120087907e-05), (10, 8.388674177695066e-05), (11, 4.334333061706275e-05), (12, 4.739566793432459e-05), (13, 4.5071188651490957e-05), (14, 6.773669883841649e-05), (15, 3.090485552093014e-05), (16, 4.1203606087947264e-05), (17, 3.2398787880083546e-05), (18, 2.958894219773356e-05), (19, 4.4750460801878944e-05), (20, 5.5038217396941036e-05), (21, 7.31053514755331e-05), (22, 3.288945299573243e-05), (23, 4.692300717579201e-05), (24, 3.885474143316969e-05), (25, 5.018097363063134e-05), (26, 4.6510365791618824e-05), (27, 3.4537402825662866e-05), (28, 4.375815478852019e-05), (29, 5.5707962019369006e-05), (30, 2.871068863896653e-05), (31, 5.5040782172000036e-05), (32, 4.0237471694126725e-05), (33, 4.6158736950019374e-05), (34, 5.7967779866885394e-05), (35, 9.167044481728226e-05), (36, 3.6932440707460046e-05), (37, 6.333737837849185e-05), (38, 4.3921350879827514e-05), (39, 4.1923372918972746e-05), (40, 4.9212561862077564e-05), (41, 4.437382813193835e-05), (42, 2.8543881853693165e-05), (43, 4.253217775840312e-05), (44, 7.650669431313872e-05), (45, 3.48882531397976e-05), (46, 3.050790837733075e-05), (47, 3.923114491044544e-05), (48, 4.271184661774896e-05), (0, 5.142134250490926e-05), (1, 3.981955524068326e-05), (2, 5.9064557717647403e-05), (3, 4.1207695176126435e-05), (4, 4.187293234281242e-05), (5, 3.7481262552319095e-05), (6, 5.106053868075833e-05), (7, 5.289211549097672e-05), (8, 3.454140460235067e-05), (9, 5.8650606661103666e-05), (10, 3.3695461752358824e-05), (11, 3.3576387068023905e-05), (12, 4.434367656358518e-05), (13, 4.068043563165702e-05), (14, 4.387248191051185e-05), (15, 2.4291870431625284e-05), (16, 5.1143011660315096e-05), (17, 2.8838743673986755e-05), (18, 3.164649388054386e-05), (19, 2.4625882360851392e-05), (20, 6.333755300147459e-05), (21, 4.091522714588791e-05), (22, 5.0022030336549506e-05), (23, 2.9716073186136782e-05), (24, 2.8765700335497968e-05), (25, 3.5971483157482e-05), (26, 3.789347829297185e-05), (27, 2.1086232663947158e-05), (28, 3.186913818353787e-05), (29, 2.073241375910584e-05), (30, 4.550103403744288e-05), (31, 3.3838186936918646e-05), (32, 4.7297868150053546e-05), (33, 3.491093957563862e-05), (34, 4.23323035647627e-05), (35, 2.6475387130631134e-05), (36, 2.845813287422061e-05), (37, 5.0487778935348615e-05), (38, 6.969550304347649e-05), (39, 3.955792635679245e-05), (40, 3.398915578145534e-05), (41, 3.556228693923913e-05), (42, 2.430538006592542e-05), (43, 4.766568963532336e-05), (44, 3.429803473409265e-05), (45, 2.217313704022672e-05), (46, 4.3667565478244796e-05), (47, 4.442349018063396e-05), (48, 3.389634730410762e-05), (0, 3.313022170914337e-05), (1, 3.538001692504622e-05), (2, 4.301511580706574e-05), (3, 2.4297713025589474e-05), (4, 3.5408054827712476e-05), (5, 4.457080285646953e-05), (6, 2.043880522251129e-05), (7, 3.1115741876419634e-05), (8, 2.6732031983556226e-05), (9, 1.8918079149443656e-05), (10, 4.7797042498132214e-05), (11, 4.04926213377621e-05), (12, 2.3169344785856083e-05), (13, 4.8096229875227436e-05), (14, 3.288740117568523e-05), (15, 3.426744297030382e-05), (16, 3.451596785453148e-05), (17, 3.279064912931062e-05), (18, 4.51830928795971e-05), (19, 2.240743015136104e-05), (20, 2.0546351152006537e-05), (21, 4.283822272554971e-05), (22, 4.532925959210843e-05), (23, 2.597420461825095e-05), (24, 3.257301068515517e-05), (25, 5.492932177730836e-05), (26, 3.160447522532195e-05), (27, 3.349583494127728e-05), (28, 5.036953734816052e-05), (29, 3.176307291141711e-05), (30, 3.611502324929461e-05), (31, 2.9485321647371165e-05), (32, 2.6827181500266306e-05), (33, 2.407835745543707e-05), (34, 3.043686956516467e-05), (35, 3.3940676075872034e-05), (36, 2.9335466024349444e-05), (37, 3.4581600630190223e-05), (38, 2.035485340456944e-05), (39, 2.1045119865448214e-05), (40, 2.1818210370838642e-05), (41, 3.6320099752629176e-05), (42, 1.920762770168949e-05), (43, 3.115053550573066e-05), (44, 3.71724454453215e-05), (45, 1.9292638171464205e-05), (46, 3.0304578103823587e-05), (47, 2.4604096324765123e-05), (48, 3.553387432475574e-05), (0, 4.222034112899564e-05), (1, 3.5256936826044694e-05), (2, 3.9704489608993754e-05), (3, 1.4809174899710342e-05), (4, 3.113090497208759e-05), (5, 3.481851308606565e-05), (6, 2.2592981622437946e-05), (7, 3.2872405427042395e-05), (8, 3.209277201676741e-05), (9, 1.7402340745320544e-05), (10, 3.0069684726186097e-05), (11, 2.730812229856383e-05), (12, 2.324179331480991e-05), (13, 2.9951048418297432e-05), (14, 2.517913526389748e-05), (15, 2.8073596695321612e-05), (16, 2.276125451317057e-05), (17, 3.2897711207624525e-05), (18, 2.0206571207381785e-05), (19, 4.255209933035076e-05), (20, 1.9135533875669353e-05), (21, 2.9945058486191556e-05), (22, 1.5078120668476913e-05), (23, 2.841093737515621e-05), (24, 1.6260317352134734e-05), (25, 2.174370274588e-05), (26, 2.1779469534521922e-05), (27, 1.7047155779437162e-05), (28, 2.238090382888913e-05), (29, 1.3363041034608614e-05), (30, 1.7559768821229227e-05), (31, 1.4756184100406244e-05), (32, 3.733510311576538e-05), (33, 1.5252416233124677e-05), (34, 1.8151979020331055e-05), (35, 1.702010922599584e-05), (36, 1.5394152796943672e-05), (37, 9.380918527313042e-06), (38, 1.9902161511708982e-05), (39, 1.9304257875774056e-05), (40, 1.7267164366785437e-05), (41, 2.2763293600291945e-05), (42, 2.313130062248092e-05), (43, 1.6470325135742314e-05), (44, 1.4549375919159502e-05), (45, 1.5228699339786544e-05), (46, 1.0602634574752301e-05), (47, 1.7004276742227376e-05), (48, 1.118673480959842e-05), (0, 1.0991236194968224e-05), (1, 2.2514292140840553e-05), (2, 1.150140815298073e-05), (3, 1.656897075008601e-05), (4, 1.600689756742213e-05), (5, 2.0663352188421413e-05), (6, 9.74078466242645e-06), (7, 1.1648375220829621e-05), (8, 7.8768098319415e-06), (9, 1.5497034837608226e-05), (10, 1.0088072485814337e-05), (11, 1.378401975671295e-05), (12, 1.1394632565497886e-05), (13, 1.6218127711908892e-05), (14, 1.4492780792352278e-05), (15, 1.8522818209021352e-05), (16, 2.384312028880231e-05), (17, 8.423225153819658e-06), (18, 9.828025213209912e-06), (19, 9.852341463556513e-06), (20, 6.6303341554885264e-06), (21, 1.7185961041832343e-05), (22, 1.0412482879473828e-05), (23, 1.134697231464088e-05), (24, 8.22826950752642e-06), (25, 9.116695764532778e-06), (26, 1.3414452951110434e-05), (27, 7.030980214040028e-06), (28, 1.07558125819196e-05), (29, 1.139507003244944e-05), (30, 5.9863027672690805e-06), (31, 4.06534945796011e-06), (32, 9.607411811884958e-06), (33, 1.4873267900838982e-05), (34, 1.0145920896320604e-05), (35, 1.1150693353556562e-05), (36, 1.0281380127707962e-05), (37, 7.038516287138918e-06), (38, 1.4696099242428318e-05), (39, 8.133737537718844e-06), (40, 1.3033893083047587e-05), (41, 8.818426067591645e-06), (42, 9.017328011395875e-06), (43, 8.312465070048347e-06), (44, 1.0655366168066394e-05), (45, 5.424086793937022e-06), (46, 9.419156413059682e-06), (47, 1.1190222721779719e-05), (48, 7.837034900148865e-06), (0, 8.846459422784392e-06), (1, 1.0738651326391846e-05), (2, 1.0440574442327488e-05), (3, 9.486989256402012e-06), (4, 8.574052117182873e-06), (5, 1.1580943464650773e-05), (6, 9.086750651476905e-06), (7, 8.051565600908361e-06), (8, 5.249143214314245e-06), (9, 5.4297479437082075e-06), (10, 7.43979353501345e-06), (11, 6.0803999986092094e-06), (12, 5.9835110732819885e-06), (13, 7.277342774614226e-06), (14, 4.94102869197377e-06), (15, 9.716030035633594e-06), (16, 1.0988855137838982e-05), (17, 7.670319973840378e-06), (18, 4.015952981717419e-06), (19, 9.121860784944147e-06), (20, 6.787426173104905e-06), (21, 7.047592589515261e-06), (22, 4.785070814250503e-06), (23, 6.759412372048246e-06), (24, 7.825848115317058e-06), (25, 5.252523806120735e-06), (26, 4.043840817757882e-06), (27, 7.710425052209757e-06), (28, 5.210032668401254e-06), (29, 7.089449354680255e-06), (30, 5.17004809807986e-06), (31, 7.532466042903252e-06), (32, 9.701384442450944e-06), (33, 4.822161372430855e-06), (34, 4.383524810691597e-06), (35, 6.325991307676304e-06), (36, 3.388627646927489e-06), (37, 5.4123329391586594e-06), (38, 5.726330073230201e-06), (39, 5.3327948990045115e-06), (40, 5.186257567402208e-06), (41, 3.905710400431417e-06), (42, 5.814693395223003e-06), (43, 5.352439529815456e-06), (44, 6.613538062083535e-06), (45, 2.8042527446814347e-06), (46, 6.275348823692184e-06), (47, 4.497403097047936e-06), (48, 7.536438715760596e-06), (0, 3.5680309338204097e-06), (1, 4.958108547725715e-06), (2, 6.207988008100074e-06), (3, 7.033488145680167e-06), (4, 5.327625331119634e-06), (5, 4.510888629738474e-06), (6, 5.33280444869888e-06), (7, 5.423744823929155e-06), (8, 7.940549949125852e-06), (9, 5.868615062354365e-06), (10, 9.498407962382771e-06), (11, 6.331448730634293e-06), (12, 5.193544893700164e-06), (13, 5.409519872046076e-06), (14, 4.7037478907441255e-06), (15, 9.876489457383286e-06), (16, 3.0858345780870877e-06), (17, 7.272065431607189e-06), (18, 6.4191976889560465e-06), (19, 4.366886059870012e-06), (20, 4.439404165168526e-06), (21, 4.495215762290172e-06), (22, 3.5709447274712147e-06), (23, 4.029325282317586e-06), (24, 3.7306081139831804e-06), (25, 2.707359726628056e-06), (26, 3.3733588225004496e-06), (27, 2.794444981191191e-06), (28, 6.164189926494146e-06), (29, 3.628482772910502e-06), (30, 4.961008471582318e-06), (31, 3.8216608118091244e-06), (32, 3.89198430639226e-06), (33, 3.72513682123099e-06), (34, 2.9428661036945414e-06), (35, 2.775516122710542e-06), (36, 3.984642262366833e-06), (37, 4.378661742521217e-06), (38, 2.4252797174995067e-06), (39, 4.366727807791904e-06), (40, 4.951085884385975e-06), (41, 2.133987209163024e-06), (42, 2.3896955099189654e-06), (43, 3.0289904771052534e-06), (44, 3.6066078337171348e-06), (45, 4.58492650068365e-06), (46, 3.3555159006937174e-06), (47, 4.5438237066264264e-06), (48, 2.958629011118319e-06), (0, 4.262377387931338e-06), (1, 3.99226382796769e-06), (2, 3.315140702397912e-06), (3, 4.062866992171621e-06), (4, 5.01254453411093e-06), (5, 2.297932041983586e-06), (6, 5.125482402945636e-06), (7, 4.43246062786784e-06), (8, 2.7838725600304315e-06), (9, 5.000312285119435e-06), (10, 2.6213976980216103e-06), (11, 2.7869361929333536e-06), (12, 3.529682544467505e-06), (13, 4.883854217041517e-06), (14, 3.5909727102989564e-06), (15, 3.594092504499713e-06), (16, 2.513404979254119e-06), (17, 4.376822289486881e-06), (18, 1.8973685200762702e-06), (19, 4.709504992206348e-06), (20, 2.792246277749655e-06), (21, 4.449657808436314e-06), (22, 2.7570831662160344e-06), (23, 2.049745944532333e-06), (24, 5.167368271941086e-06), (25, 3.4515014704084024e-06), (26, 3.794385520450305e-06), (27, 4.833173079532571e-06), (28, 4.657849331124453e-06), (29, 2.975764573420747e-06), (30, 1.9893852822860936e-06), (31, 1.922404408105649e-06), (32, 2.7845871954923496e-06), (33, 3.96942004954326e-06), (34, 2.1647713310812833e-06), (35, 3.909914084943011e-06), (36, 3.1875963486527326e-06), (37, 2.7648704872262897e-06), (38, 1.3925481425758335e-06), (39, 2.9904861094109947e-06), (40, 1.9660847101476975e-06), (41, 3.995959559688345e-06), (42, 3.0854921533318702e-06), (43, 4.988471118849702e-06), (44, 3.4749980386550305e-06), (45, 3.398960416234331e-06), (46, 1.7316925777777215e-06), (47, 3.6318874663265888e-06), (48, 2.8058327643520897e-06)]