Model Setup for {PATIENT_GROUPS} Trained Network:

NODE Network Architecture Parameters
Input channels=2
Hidden channels=32
Output channels=2

Training hyperparameters
Optimizer=AdamW (
Parameter Group 0
    amsgrad: False
    betas: (0.9, 0.999)
    capturable: False
    differentiable: False
    eps: 1e-08
    foreach: None
    fused: None
    lr: 0.001
    maximize: False
    weight_decay: 0
)Training Iterations=2000
Learning rate=0.001
Weight decay=0
Optimizer reset frequency=500

Dropout probability (after initial linear layer before NCDE): 0.0
Training Data Selection Parameters
(If not virtual, the only important params are the groups and whether data was normalized/standardized)
Patient groups=['MDD']
Augmentation strategy=Uniform
Noise Magnitude=0.05
Normalized/standardized=None
Number of virtual patients per real patient=100
Label smoothing factor=0
Test Patient Combinations:
Control: None
MDD: None
Training batch size=1
Training Results:
Runtime=172.78759002685547
Loss over time=[(0, 9.207813158813345), (0, 7.985147556401898), (0, 6.6337129743718775), (0, 5.50624871266912), (0, 4.517009992310751), (0, 3.488794041386887), (0, 2.747219999173638), (0, 2.0126413370082874), (0, 1.2823560013866873), (0, 1.0188414197152518), (0, 1.0867381887510426), (0, 1.4145882752367391), (0, 1.720163841756147), (0, 1.684560860114646), (0, 1.7058333765928042), (0, 1.5126987366519815), (0, 1.3103042977893435), (0, 1.254262593779166), (0, 1.0440488906899688), (0, 0.8653949410693951), (0, 0.8863470407634104), (0, 0.9844143625144817), (0, 1.009375007635444), (0, 1.017650933214781), (0, 1.0993069224862522), (0, 1.1655133748484638), (0, 1.058716563766058), (0, 1.0591778177128892), (0, 1.0489365033709006), (0, 0.9804244242921336), (0, 0.9261975579136185), (0, 0.924581916383937), (0, 0.9229980122033971), (0, 0.8373031515277954), (0, 0.8706644855173667), (0, 0.8703435290601994), (0, 0.8176545611316871), (0, 0.8958406439756541), (0, 0.9301324399543428), (0, 0.8764907600846524), (0, 0.8614617330399681), (0, 0.8258995720987208), (0, 0.7979326786512903), (0, 0.8106429562845634), (0, 0.8162533280836682), (0, 0.814303851094327), (0, 0.8192369224612558), (0, 0.8263567193257925), (0, 0.8227020226336876), (0, 0.825510933461469), (0, 0.8264482002717802), (0, 0.8236546271734052), (0, 0.8223006261997793), (0, 0.8143019416471998), (0, 0.8204658391052974), (0, 0.8196015226128117), (0, 0.8097737827697312), (0, 0.7917422503731576), (0, 0.8050872490591668), (0, 0.8187464075214345), (0, 0.7814685070121737), (0, 0.7917726959598863), (0, 0.7999342761425617), (0, 0.7860480949731155), (0, 0.7877735308986719), (0, 0.7817162625225946), (0, 0.7778337552016794), (0, 0.7831411784598139), (0, 0.7781979315643336), (0, 0.7776819369690635), (0, 0.7717729613548531), (0, 0.7760809349065503), (0, 0.7807685763940575), (0, 0.7786035354030076), (0, 0.7701649104599141), (0, 0.7817346682871182), (0, 0.769533212767221), (0, 0.7775721618189596), (0, 0.811930318905728), (0, 0.7583838922070782), (0, 0.894554020186627), (0, 0.8356341221786685), (0, 0.7851402705074425), (0, 0.9643506254556647), (0, 0.8573902070347543), (0, 0.8086516296538591), (0, 0.8845577113869975), (0, 0.75925177826006), (0, 0.8184276408421899), (0, 0.7836814563896443), (0, 0.7516282276435), (0, 0.7902098970140937), (0, 0.7619568765128093), (0, 0.8095243317282076), (0, 0.7574303304754271), (0, 0.8002664792681853), (0, 0.7539220831628147), (0, 0.7647932804164035), (0, 0.8262557591212617), (0, 0.7554040336828849), (0, 0.8093297594297326), (0, 0.7512310333174866), (0, 0.7624782355892408), (0, 0.8347043693279528), (0, 0.754785980533099), (0, 0.785385471162089), (0, 0.7444845417104683), (0, 0.7593104456750659), (0, 0.8221360176617057), (0, 0.7499864567115253), (0, 0.796055932251493), (0, 0.7469016430170157), (0, 0.7763573415824202), (0, 0.7557595995211407), (0, 0.7435431597533783), (0, 0.7608795068238728), (0, 0.7342092673247229), (0, 0.7525510681093526), (0, 0.8046568462159253), (0, 0.7385569640200422), (0, 0.8434823500401856), (0, 0.7746872869761131), (0, 0.8071501279697226), (0, 0.8246313831545623), (0, 0.7315650565324746), (0, 0.918850909947282), (0, 0.8912205529526441), (0, 0.737897549198048), (0, 0.8537722546962246), (0, 0.7991191723076022), (0, 0.7716719436085985), (0, 0.8059825018160903), (0, 0.7366070984775829), (0, 0.781728747099086), (0, 0.7387418382700512), (0, 0.7474373600896058), (0, 0.7327484004752648), (0, 0.7454954462927067), (0, 0.8388160897484692), (0, 0.7435562496449734), (0, 0.7232995905354006), (0, 0.7241288132743511), (0, 0.7268395224721167), (0, 0.7379485596957607), (0, 0.7719637626544941), (0, 0.7249711780115937), (0, 0.8405370360983656), (0, 0.7705791407360415), (0, 0.7867564023226311), (0, 0.8175647926084243), (0, 0.7189264529428524), (0, 0.9351424879417297), (0, 0.922810407930755), (0, 0.7182038294556371), (0, 0.7673491322990942), (0, 0.7401439040787839), (0, 0.7226174882767616), (0, 0.7914897175518498), (0, 0.7168854275863598), (0, 0.7314883927230634), (0, 0.7581451325765993), (0, 0.7189487491268964), (0, 0.8370310363816209), (0, 0.7858860840905527), (0, 0.7454163306744668), (0, 0.8511789588172823), (0, 0.7284638336244889), (0, 0.776368100840929), (0, 0.7368457227782492), (0, 0.7341111622138548), (0, 0.8506999977996805), (0, 0.7308431830904433), (0, 0.7318949600472219), (0, 0.7348472948857553), (0, 0.7237471842588898), (0, 0.7564508277796169), (0, 0.7153612602857362), (0, 0.8074059942523132), (0, 0.7442047546232957), (0, 0.7916607570309355), (0, 0.781213676763447), (0, 0.7161488656046935), (0, 0.7671532615556012), (0, 0.7177200301820549), (0, 0.7559563833179314), (0, 0.7094231629948603), (0, 0.8380177531763255), (0, 0.7899721761915411), (0, 0.7352865301935356), (0, 0.8288029444751938), (0, 0.7197863375138227), (0, 0.7742674404030971), (0, 0.726767267935187), (0, 0.7260712979351038), (0, 0.7526463126520967), (0, 0.7297272128949732), (0, 0.7227933452735166), (0, 0.718968004457299), (0, 0.785929592060349), (0, 0.710757478207012), (0, 0.8016045124312751), (0, 0.7515229203949932), (0, 0.7564925377324418), (0, 0.7760079995119274), (0, 0.7197639956173103), (0, 0.7913093621917885), (0, 0.705310234675743), (0, 0.7189679063347124), (0, 0.7505581905312223), (0, 0.7041614864931914), (0, 0.7865255985741458), (0, 0.7056226671549692), (0, 0.7132291511734116), (0, 0.7635753926513696), (0, 0.704062281246647), (0, 0.8193736475013182), (0, 0.7368132277376752), (0, 0.8034966623165584), (0, 0.8109432262713615), (0, 0.7080090507069496), (0, 0.8915673038675497), (0, 0.830278002813413), (0, 0.7137226638062624), (0, 0.9532819229015075), (0, 0.825338071613944), (0, 0.7699308433257387), (0, 0.8769792253375086), (0, 0.7411136679989748), (0, 0.8337317151585782), (0, 0.8870672096722836), (0, 0.7120311566225112), (0, 0.7771588460743508), (0, 0.7455552079490289), (0, 0.7267680928000396), (0, 0.8182260544134113), (0, 0.7054159097566328), (0, 0.773677301730591), (0, 0.7356979140653788), (0, 0.7370671180888176), (0, 0.7459065821933764), (0, 0.702403907327233), (0, 0.8260734963171583), (0, 0.7647854613300621), (0, 0.7272873884402351), (0, 0.8445185608506698), (0, 0.7110202478758579), (0, 0.7041351958079586), (0, 0.7104157760065452), (0, 0.7042609827903967), (0, 0.7274893842244494), (0, 0.7073157270790704), (0, 0.6975932236624804), (0, 0.7236308299239012), (0, 0.6998891309587628), (0, 0.7176084858246665), (0, 0.6960792532525104), (0, 0.7333156888803652), (0, 0.6933585444031691), (0, 0.702494528679789), (0, 0.7073017891919813), (0, 0.6942872340122898), (0, 0.7039982003794303), (0, 0.699787719251984), (0, 0.7840493215752118), (0, 0.6918512287324767), (0, 0.7673654276188799), (0, 0.7070681659602156), (0, 0.7966941782928522), (0, 0.7861352715579092), (0, 0.6995988749572237), (0, 0.7142403819497298), (0, 0.7120835495803512), (0, 0.7538497442214588), (0, 0.6899150190008725), (0, 0.7640361585795606), (0, 0.6878138410508314), (0, 0.7178817182480388), (0, 0.6924210565460175), (0, 0.683829315521018), (0, 0.695399730083358), (0, 0.6903439988286748), (0, 0.6823434469998554), (0, 0.6949332497883293), (0, 0.6837058074392742), (0, 0.691078671863814), (0, 0.6994135778310204), (0, 0.6805147804786107), (0, 0.7133280906815647), (0, 0.6917181715568677), (0, 0.6983811131312204), (0, 0.740014191516974), (0, 0.680821063440897), (0, 0.818066009319789), (0, 0.6807876012682048), (0, 0.8097868429376422), (0, 0.7896063784191942), (0, 0.6933000005800355), (0, 0.7578233244570188), (0, 0.6847023986923092), (0, 0.8202392777772357), (0, 0.7050491915441417), (0, 0.8589754005868191), (0, 0.8253506749123161), (0, 0.7254234910900107), (0, 0.7871064869711613), (0, 0.6731669044900653), (0, 0.772567908965392), (0, 0.6743769390777958), (0, 0.7073695093223838), (0, 0.6754808034603282), (0, 0.6997957687300314), (0, 0.6718154077276598), (0, 0.6808357136450511), (0, 0.7018577656095204), (0, 0.6849874765254651), (0, 0.704064642189139), (0, 0.6762939759216992), (0, 0.7333901276600474), (0, 0.6669168459921063), (0, 0.7438979057530848), (0, 0.6721634675533069), (0, 0.7234121288072103), (0, 0.6653747768790172), (0, 0.8079042355227538), (0, 0.6645158480218787), (0, 0.7388930531780371), (0, 0.6735920054839621), (0, 0.6815035929012441), (0, 0.6659089181455334), (0, 0.700155166545427), (0, 0.705162793063963), (0, 0.7333133622622001), (0, 0.6895480174937584), (0, 0.7159975698803134), (0, 0.6852205559699365), (0, 0.6676076869970246), (0, 0.6672280647777585), (0, 0.6758869083470936), (0, 0.680089486604203), (0, 0.6594043851736783), (0, 0.6566057472435641), (0, 0.6573651787555655), (0, 0.6556370192073259), (0, 0.6608332472933168), (0, 0.6595920609655427), (0, 0.6535488120198036), (0, 0.655598624716718), (0, 0.6760732209338735), (0, 0.6741073061315626), (0, 0.6517229815506538), (0, 0.6531395756591014), (0, 0.6511443533016724), (0, 0.6602971793116353), (0, 0.659866237534879), (0, 0.6831515204734316), (0, 0.6558130552948384), (0, 0.6759107466430176), (0, 0.651843686804371), (0, 0.6584375703394119), (0, 0.643572498851069), (0, 0.7484011874572047), (0, 0.6630805595697656), (0, 0.7231019771960141), (0, 0.6693489711965475), (0, 0.6752221250950089), (0, 0.6884118781424543), (0, 0.7345082221879163), (0, 0.6608511911506413), (0, 0.6605224496127508), (0, 0.6987965558064194), (0, 0.7208372631732802), (0, 0.7533186099091383), (0, 0.6433376613777734), (0, 0.7031341083936368), (0, 0.685705330775915), (0, 0.6550906348355979), (0, 0.6426063248314198), (0, 0.6478996028716905), (0, 0.6469876920147105), (0, 0.6396070004284496), (0, 0.6464167763932753), (0, 0.6458118047739233), (0, 0.6804882794767374), (0, 0.6415292164081919), (0, 0.6663875392338933), (0, 0.7674699893157221), (0, 0.6841896597131215), (0, 0.7044794150524666), (0, 0.651803563436999), (0, 0.6626154259666278), (0, 0.6408162439555146), (0, 0.635872452640156), (0, 0.6382851006811113), (0, 0.632671876208701), (0, 0.6430799048961267), (0, 0.6372892286790162), (0, 0.6687976006856645), (0, 0.6308202501748955), (0, 0.6273296616648051), (0, 0.6408912358622246), (0, 0.6311798240009986), (0, 0.6559743427521055), (0, 0.6606148405174901), (0, 0.6621516599363555), (0, 0.6514321866971406), (0, 0.6231909042621657), (0, 0.6233770573568782), (0, 0.634266496024138), (0, 0.6273727681392726), (0, 0.6370501105550264), (0, 0.6293449728965759), (0, 0.6431398979657029), (0, 0.6370950824973334), (0, 0.6184659671063427), (0, 0.6269186011510576), (0, 0.6600863392764761), (0, 0.6162298840568359), (0, 0.7390361366927123), (0, 0.8337180415146378), (0, 0.828528597788062), (0, 0.6867519323681828), (0, 0.6143247284064297), (0, 0.7037966301306854), (0, 0.6606580816917178), (0, 0.7218643475199763), (0, 0.7107582005799097), (0, 0.6635788453719422), (0, 0.6783367456297905), (0, 0.6227164301045041), (0, 0.6342822848122789), (0, 0.623621962765039), (0, 0.6210675697877295), (0, 0.6287451248258459), (0, 0.6344193185062836), (0, 0.6155837618435194), (0, 0.6869704071790994), (0, 0.7299210840873864), (0, 0.6764844604483327), (0, 0.6569134512846995), (0, 0.6356765194508995), (0, 0.6292307426779417), (0, 0.6355973470600431), (0, 0.6218408415487516), (0, 0.6143008847262444), (0, 0.624332155470729), (0, 0.632679742597241), (0, 0.6153624575139601), (0, 0.6915350158961634), (0, 0.720334117821296), (0, 0.6571001544231154), (0, 0.7123195874601896), (0, 0.7239176109639641), (0, 0.6960885312473102), (0, 0.7654648285765556), (0, 0.6257700999910815), (0, 0.6681658484215521), (0, 0.6234675995838906), (0, 0.6373880914657248), (0, 0.6899258171689865), (0, 0.6716202037362708), (0, 0.6593572505147705), (0, 0.6494767533591902), (0, 0.6913568464832155), (0, 0.6425493431848291), (0, 0.7172148833410215), (0, 0.690947588717165), (0, 0.7698915390060956), (0, 0.6207543154977908), (0, 0.7595532037387762), (0, 0.7542574567314989), (0, 0.7644137360407028), (0, 0.6511026947407849), (0, 0.6067701944797007), (0, 0.6044098601952445), (0, 0.6271305085959816), (0, 0.6412960375625375), (0, 0.6115386952225719), (0, 0.6310104308446777), (0, 0.6167168225407185), (0, 0.6147719305096299), (0, 0.6249868129879175), (0, 0.6195802602597577), (0, 0.6115153276412262), (0, 0.629590635280321), (0, 0.6245033506161641), (0, 0.6017549446520549), (0, 0.6229095123163552), (0, 0.6163584113266217), (0, 0.6050366394620048), (0, 0.6037207600481242), (0, 0.6086105921715551), (0, 0.6078275419050604), (0, 0.6087893694858242), (0, 0.6014498186127788), (0, 0.6137087914200041), (0, 0.6099971205825307), (0, 0.6218970727136387), (0, 0.647957690416458), (0, 0.636231463721519), (0, 0.620315336323605), (0, 0.6917208238270809), (0, 3.4153800056432093), (0, 3.003818423687328), (0, 1.5615897840760766), (0, 0.9568529024276639), (0, 1.5807683897727893), (0, 1.5199631765294106), (0, 1.0122192336756308), (0, 0.9984428791378412), (0, 1.2405932935213313), (0, 1.312509007359788), (0, 1.1520716922900724), (0, 0.8904142906228988), (0, 0.7214386589341929), (0, 0.9541426641165782), (0, 0.9021752769606036), (0, 0.6419633160553788), (0, 0.7666063945479634), (0, 0.8815094108516818), (0, 0.8040735324053611), (0, 0.7265242070070909), (0, 0.830345732134865), (0, 0.909182769009769), (0, 0.7788604967489686), (0, 0.6943797888179561), (0, 0.760993160402997), (0, 0.7552856672563245), (0, 0.6554420190280401), (0, 0.6898888043353772), (0, 0.759805044029913), (0, 0.7102025829593029), (0, 0.6786494841840901), (0, 0.7371615450889706), (0, 0.7251176115662089), (0, 0.6524464616518748), (0, 0.6613194591358773), (0, 0.6692601248658611), (0, 0.6617195256444576), (0, 0.65858242569987), (0, 0.6750670118833976), (0, 0.6697101736167276), (0, 0.6532828441693154), (0, 0.6624084491637762), (0, 0.6608734256615628), (0, 0.6433600528692694), (0, 0.6497709870621874), (0, 0.6984197921272771), (0, 0.6484641680554574), (0, 0.6430399883144079), (0, 0.656571304653079), (0, 0.6552306391714764), (0, 0.6370396623876595), (0, 0.6434978346380272), (0, 0.6535826968372356), (0, 0.6382630867092125), (0, 0.6327532849076798), (0, 0.63583462894353), (0, 0.6348621042162919), (0, 0.6285360272496329), (0, 0.6292969765872635), (0, 0.6295588925137249), (0, 0.6173299477582377), (0, 0.6306894943560715), (0, 0.6232976958048732), (0, 0.6247351440095336), (0, 0.6210290450588857), (0, 0.6250661174053564), (0, 0.6243851920000547), (0, 0.6193477336941083), (0, 0.6133824818799394), (0, 0.6290410773119689), (0, 0.6171351001488145), (0, 0.6833439887483073), (0, 0.6253310986202618), (0, 0.6542700970318954), (0, 0.619916194922897), (0, 0.623340743941945), (0, 0.6699355812975063), (0, 0.6208430074422528), (0, 0.6818451365247659), (0, 0.6197751263792495), (0, 0.6637784751720675), (0, 0.6078242148618371), (0, 0.6206371115266861), (0, 0.6049930905129975), (0, 0.6142551548820057), (0, 0.6113993123205543), (0, 0.6187007081818482), (0, 0.6157767234544645), (0, 0.6289847076123137), (0, 0.6165076388337174), (0, 0.6158147352462463), (0, 0.5981622235435443), (0, 0.5944188343226459), (0, 0.6139920559669408), (0, 0.601560647418336), (0, 0.6432877981172441), (0, 0.6398240682968759), (0, 0.65386117307221), (0, 0.6119876995628377), (0, 0.6573980131175537), (0, 0.6156513786173758), (0, 0.6905383645949965), (0, 0.6091331666216532), (0, 0.7389861344749801), (0, 0.5961442962922429), (0, 0.6392448818757969), (0, 0.595665192736379), (0, 0.7351278687221064), (0, 0.6111378746485131), (0, 0.6368519497523031), (0, 0.6013940407536793), (0, 0.6530204309211954), (0, 0.6006740940028098), (0, 0.6364990375967954), (0, 0.5921274171985332), (0, 0.602236075585814), (0, 0.609280381915552), (0, 0.6138891291664637), (0, 0.5964365429063163), (0, 0.6031272911029345), (0, 0.6143509562888456), (0, 0.5895664237257957), (0, 0.5936592720573829), (0, 0.5912690884578127), (0, 0.6021406630669691), (0, 0.5976795862095693), (0, 0.5910742895673979), (0, 0.5890597566796024), (0, 0.6042383224265936), (0, 0.5916261018235862), (0, 0.5922198162775324), (0, 0.5954995815672416), (0, 0.5887043885910678), (0, 0.6270221085977603), (0, 0.607180921699608), (0, 0.5823304530715625), (0, 0.6487807386044854), (0, 0.5908194042430956), (0, 0.6185326302665272), (0, 0.5959741942743564), (0, 0.6051844990985945), (0, 0.6811528458562073), (0, 0.7036006809355441), (0, 0.5988945185951322), (0, 0.7883869835385565), (0, 0.58001192486155), (0, 0.6619620082626049), (0, 0.6246246144834093), (0, 0.667343422047905), (0, 0.6244950924894884), (0, 0.6531605000465439), (0, 0.6060976582946255), (0, 0.683669612094549), (0, 0.5768244363995281), (0, 0.6263985892999542), (0, 0.5788267826224063), (0, 0.6449152316990574), (0, 0.5846467821833277), (0, 0.605588800708149), (0, 0.6108070832973936), (0, 0.5902586907543206), (0, 0.58265878638482), (0, 0.6050556803111062), (0, 0.6178038757152735), (0, 0.5960463881632156), (0, 0.6142499659679899), (0, 0.5896127581850797), (0, 0.5882693627435231), (0, 0.5946189516399678), (0, 0.5936920518516586), (0, 0.5958300267029786), (0, 0.5825307371569775), (0, 0.5805108013021493), (0, 0.584717957756038), (0, 0.5989633877320227), (0, 0.585605459267693), (0, 0.5775068612569034), (0, 0.5753181360815894), (0, 0.5746361642672905), (0, 0.5944667618774392), (0, 0.5782146567246995), (0, 0.6300933114446123), (0, 0.5822366220404351), (0, 0.7071218680780195), (0, 0.6280515948880532), (0, 0.6524761898122139), (0, 0.571374414523448), (0, 0.5995220565158264), (0, 0.6653890347325814), (0, 0.6735744112504632), (0, 0.5939437450189505), (0, 0.5690985560712195), (0, 0.6539922050715979), (0, 0.6142729021778551), (0, 0.698804035738696), (0, 0.5717697733433339), (0, 0.6495450670722531), (0, 0.6181970470072375), (0, 0.6604399814530258), (0, 0.6114519324015325), (0, 0.6504615451807778), (0, 0.5987796093208911), (0, 0.7326509173817493), (0, 0.569283169396484), (0, 0.7051002865303796), (0, 0.5969708340282306), (0, 0.8123921201194763), (0, 0.6378822269030925), (0, 0.7607221410566908), (0, 0.7749538102337271), (0, 0.5790876414639784), (0, 0.7674298809294235), (0, 0.5773234821087021), (0, 0.6384274768858085), (0, 0.5918759033854694), (0, 0.7181482351057599), (0, 0.574774454409209), (0, 0.6733293338808992), (0, 0.6144765168740841), (0, 0.6538425823961312), (0, 0.6378260677400731), (0, 0.632902657749234), (0, 0.6186964965627021), (0, 0.6040063300658562), (0, 0.6021311408585353), (0, 0.5961055256562322), (0, 0.5896560230570721), (0, 0.6230121939530177), (0, 0.5973926656584271), (0, 0.615587681584031), (0, 0.5807095401541291), (0, 0.592147110265194), (0, 0.5742910977340907), (0, 0.577563946019876), (0, 0.5804605301196658), (0, 0.5781506924518665), (0, 0.5807498744805648), (0, 0.5734928174494315), (0, 0.5781860288018577), (0, 0.574975618165698), (0, 0.5715386274175026), (0, 0.5733705206107522), (0, 0.5832757150737716), (0, 0.5730339761119051), (0, 0.5866301390623092), (0, 0.5664021391437805), (0, 0.5662031209864428), (0, 0.5637814275680136), (0, 0.5828559026278205), (0, 0.6081545888967365), (0, 0.5755312513459235), (0, 0.5639865650478242), (0, 0.5642961009626934), (0, 0.6027042750415097), (0, 0.5581052131460136), (0, 0.5710215327742187), (0, 0.6111871288019756), (0, 0.5670100237659202), (0, 0.7773875383818062), (0, 0.5599167631026076), (0, 0.7858187337907844), (0, 0.6434997750573856), (0, 0.7419756544482096), (0, 0.6358745078023692), (0, 0.7286179676735788), (0, 0.7236678096724707), (0, 0.5995971849405509), (0, 0.7076836170839029), (0, 0.6308059403526124), (0, 0.7092811566549507), (0, 0.5810906316867978), (0, 0.7997206899784242), (0, 0.6136442205231308), (0, 0.6969326507301236), (0, 0.6880480614711755), (0, 0.5914893343188449), (0, 0.7006890232299193), (0, 0.5778466648725186), (0, 0.6143191689915389), (0, 0.5701812430664857), (0, 0.5816768083140781), (0, 0.5718190222007368), (0, 0.5818134983414315), (0, 0.5826443911650119), (0, 0.5764875938452129), (0, 0.5694015249322585), (0, 0.5680823342886553), (0, 0.5871136810787034), (0, 0.583404000605983), (0, 0.6096134088542678), (0, 0.5842192534915615), (0, 0.6248251288699694), (0, 0.5763112546824263), (0, 0.6089911636287503), (0, 0.5945852294281425), (0, 0.6294153570916105), (0, 0.5683289697359726), (0, 0.5923791233109018), (0, 0.5679410612590748), (0, 0.5739118353522156), (0, 0.56236378833354), (0, 0.5680082195966576), (0, 0.5677539187610109), (0, 0.5652180379967643), (0, 0.5712982803842332), (0, 0.6044590214408175), (0, 0.5730288842387705), (0, 0.6623858773117203), (0, 0.6367822680220611), (0, 0.5897405883313858), (0, 0.5996139233776098), (0, 0.5774781813572132), (0, 0.5585046545124173), (0, 0.5881318313176799), (0, 0.5842486065724094), (0, 0.5790541942387506), (0, 0.571251647987632), (0, 0.5933152176670448), (0, 0.5532948859437369), (0, 0.6268170375180829), (0, 0.5734004260736562), (0, 0.6027737811731771), (0, 0.5563405401706987), (0, 0.5989954357731844), (0, 0.5670583346949152), (0, 0.5775304116544158), (0, 0.6130883441975048), (0, 0.5567769344361042), (0, 0.6524990125245549), (0, 0.5966900757884095), (0, 0.6382404973419694), (0, 0.6279519199487402), (0, 0.6013776058996506), (0, 0.6074167068347249), (0, 0.5694325607991009), (0, 0.5807469110062341), (0, 0.6086051099579779), (0, 0.5948503170305863), (0, 0.6077608345777561), (0, 0.5685050039379993), (0, 0.6116774989667649), (0, 0.5943551879460013), (0, 0.6078422606346631), (0, 0.5779059238454182), (0, 0.6379757003426308), (0, 0.6120481064340366), (0, 0.5872620136225075), (0, 0.6051960751360895), (0, 0.5896096648210354), (0, 0.5897619440504681), (0, 0.5996355363321683), (0, 0.5760523152897664), (0, 0.5757324083582348), (0, 0.5586365547839484), (0, 0.5646193819137701), (0, 0.5626261551934487), (0, 0.589783105781891), (0, 0.5595958412817561), (0, 0.56535489039257), (0, 0.5866369026860043), (0, 0.5682559635214232), (0, 0.5666609759062561), (0, 0.610969737720444), (0, 0.5757498442557222), (0, 0.6709825011082208), (0, 0.5986345288099181), (0, 0.6232577760715878), (0, 0.6150531223295842), (0, 0.601197018114163), (0, 0.6303379891983018), (0, 0.5649532159132189), (0, 0.591784819472693), (0, 0.5523580945806602), (0, 0.567030746327752), (0, 0.6049708944662944), (0, 0.5824797801330308), (0, 0.6310708861640356), (0, 0.5607302862163347), (0, 0.7156000754491545), (0, 0.5948350813590652), (0, 0.6646602036308346), (0, 0.6481862562934773), (0, 0.5712424213034086), (0, 0.6405501421438414), (0, 0.5527654454437564), (0, 0.6553345793693359), (0, 0.565788683430016), (0, 0.6418557942312275), (0, 0.6786775844549141), (0, 0.6025896732310007), (0, 0.7063934231830732), (0, 0.5876343665740283), (0, 0.7016935965756296), (0, 0.6159086302060207), (0, 0.6366076539431851), (0, 0.693518425704731), (0, 0.5580174719628475), (0, 0.607123645679705), (0, 0.5830914267794156), (0, 0.5867573570473006), (0, 0.5930323209513362), (0, 0.573917624058428), (0, 0.6182078507970519), (0, 0.5746434456528428), (0, 0.5874687915145217), (0, 0.5755868366529944), (0, 0.5885582612616646), (0, 0.5765737486946343), (0, 0.5554465814589669), (0, 0.5584967748899247), (0, 0.5621436309147648), (0, 0.5705521129176561), (0, 0.5743494531933896), (0, 0.5651216659139137), (0, 0.5684119561602987), (0, 0.5621784715706925), (0, 0.5888909681743478), (0, 0.5489433190036503), (0, 0.5693326270623934), (0, 0.5549512427430443), (0, 0.6130117656325681), (0, 0.56380795944738), (0, 0.6609674711933846), (0, 0.5679371120847901), (0, 0.6901018808340749), (0, 0.5994311181773484), (0, 0.6580304577599991), (0, 0.7173080711650529), (0, 0.5723235242256347), (0, 0.6687598670390607), (0, 0.5525718522560743), (0, 0.7582480612180273), (0, 0.6615394692773617), (0, 0.6336285553795712), (0, 0.7360590229710905), (0, 0.5486875778677716), (0, 0.8235618255152969), (0, 0.812175455748729), (0, 0.5667155529195497), (0, 0.8686380063374256), (0, 0.8498501657030285), (0, 0.5875086323400028), (0, 0.7942509791597736), (0, 0.8264049519230089), (0, 0.5705718908676792), (0, 0.7387813430307788), (0, 0.7726056254915616), (0, 0.5702151949150149), (0, 0.7879369926871761), (0, 0.795749755556484), (0, 0.5829975452819459), (0, 0.7273317073752869), (0, 0.7900988466126293), (0, 0.6746462598949926), (0, 0.5925251286185996), (0, 0.7599539314110917), (0, 0.658854849033324), (0, 0.6394732136527275), (0, 0.7565936877939198), (0, 0.6650234746212608), (0, 0.588427124610537), (0, 0.7453653766898557), (0, 0.6691104538108352), (0, 0.6088863753830157), (0, 0.7070881464737598), (0, 0.699110213697593), (0, 0.6156362101733668), (0, 0.6255765319991474), (0, 0.6833803151859524), (0, 0.5897978760694523), (0, 0.6099174779935376), (0, 0.6634355397451566), (0, 0.6198486540958178), (0, 0.5812803654070652), (0, 0.6539881048965603), (0, 0.5710268532661572), (0, 0.6205607834805023), (0, 0.6180409688038245), (0, 0.6061767353590919), (0, 0.6447547112826618), (0, 0.578786961965533), (0, 0.5985682828879707), (0, 0.6741712970479065), (0, 0.6072744170856818), (0, 0.6261163949498219), (0, 0.5839113412443392), (0, 0.5950167699829492), (0, 0.6155910158903479), (0, 0.5897348495192607), (0, 0.6144455426510986), (0, 0.5689436067885875), (0, 0.589162631195697), (0, 0.6040465726357167), (0, 0.5975308519859728), (0, 0.599381531223834), (0, 0.5878884775299342), (0, 0.5783214473151532), (0, 0.5494480891847603), (0, 0.5815178959877269), (0, 0.5684539796336735), (0, 1.754806671633655), (0, 1.0928133923003431), (0, 1.282246258339858), (0, 0.901728740677703), (0, 0.680322496931392), (0, 0.8253338168345071), (0, 0.7745292937359306), (0, 0.8082638220650277), (0, 0.8349121660086186), (0, 0.72296708093494), (0, 0.6049075020050991), (0, 0.662766851022308), (0, 0.6334794618062014), (0, 0.6267192026458877), (0, 0.6868312206028693), (0, 0.6402212599511659), (0, 0.6510320307432471), (0, 0.6318816740039372), (0, 0.5973580274757977), (0, 0.6009591299338273), (0, 0.6259109329598949), (0, 0.6239509514587896), (0, 0.6090335553654644), (0, 0.6319686833190411), (0, 0.5895061949172296), (0, 0.5903006358588904), (0, 0.6238307140704039), (0, 0.5751590275192265), (0, 0.6415140677356121), (0, 0.626306766162694), (0, 0.5753088029428164), (0, 0.6619145381321466), (0, 0.570475453196023), (0, 0.6015939026679036), (0, 0.581243140220948), (0, 0.5579803180036104), (0, 0.572300151689175), (0, 0.5506442181811939), (0, 0.5512429986219411), (0, 0.558921128181428), (0, 0.5458931347405616), (0, 0.5906768082285957), (0, 0.5570571008894732), (0, 0.5825939332351712), (0, 0.5445010546583192), (0, 0.5466475427650042), (0, 0.5465630161455981), (0, 0.544750369169054), (0, 0.5576435379816229), (0, 0.532547905971451), (0, 0.5998856431630009), (0, 0.5384843672068933), (0, 0.5403704274144713), (0, 0.576791841685207), (0, 0.5539968671870157), (0, 0.5323096423872467), (0, 0.572476963391201), (0, 0.5757310829304108), (0, 0.5498232083346791), (0, 0.6047133944896225), (0, 0.5291873159017242), (0, 0.5768062106536574), (0, 0.5293238463415892), (0, 0.618674002519563), (0, 0.532292309940915), (0, 0.5487846649455633), (0, 0.5737332794491933), (0, 0.546921557634275), (0, 0.5314170120061492), (0, 0.5389112444547327), (0, 0.5834897466116122), (0, 0.5314018528194873), (0, 0.5746374105791244), (0, 0.5797565460515476), (0, 0.554213084045604), (0, 0.6005880378323796), (0, 0.5412033978508612), (0, 0.6051166933834797), (0, 0.5498710231202191), (0, 0.6053432509789032), (0, 0.5413121755259211), (0, 0.6359352800515848), (0, 0.5887664949989783), (0, 0.5827791021016581), (0, 0.570102775632637), (0, 0.6168005100237979), (0, 0.596442753316375), (0, 0.5655600729273034), (0, 0.5658431350963117), (0, 0.6098663106771878), (0, 0.590528715287017), (0, 0.5518230642908516), (0, 0.6190577121565036), (0, 0.5870385764219127), (0, 0.6634252252817899), (0, 0.5924919656903019), (0, 0.632133347835081), (0, 0.6361349248800494), (0, 0.6220588764608039), (0, 0.6491599463589836), (0, 0.581041174180177), (0, 0.5739259601325798), (0, 0.6181827948596955), (0, 0.5846337204895391), (0, 0.5696196850280756), (0, 0.5689136124835648), (0, 0.5522069208050949), (0, 0.5581621258033425), (0, 0.5808980398006477), (0, 0.5633760273617493), (0, 0.5471292946860897), (0, 0.5515442920058498), (0, 0.5580939248862598), (0, 0.5577046975245245), (0, 0.5858661014645148), (0, 0.545323752874216), (0, 0.551524396142865), (0, 0.5439252891097338), (0, 0.5542128935321377), (0, 0.5343071977027353), (0, 0.567333519332741), (0, 0.5686497790824597), (0, 0.5655368571839351), (0, 0.5936759891835122), (0, 0.5385280668780354), (0, 0.61886228745328), (0, 0.582950783013334), (0, 0.6328470155909925), (0, 0.5529638355351273), (0, 0.6947959832018162), (0, 0.6463892547011727), (0, 0.5813447764957427), (0, 0.5978952166876582), (0, 0.5541220413988651), (0, 0.5840193483280806), (0, 0.5294969122159793), (0, 0.6083294583367477), (0, 0.5542876396220205), (0, 0.5801567813838131), (0, 0.589344250643688), (0, 0.5384095524599066), (0, 0.6589748704003454), (0, 0.5753791949851643), (0, 0.6091097313942961), (0, 0.6252985639627663), (0, 0.5683952771532997), (0, 0.6035604051969756), (0, 0.5465285941892027), (0, 0.5696721243962165), (0, 0.5505438091212915), (0, 0.5630984986632639), (0, 0.5450428994589971), (0, 0.5637076004577932), (0, 0.5718756104091968), (0, 0.5370836493538448), (0, 0.5845214855304253), (0, 0.5362836751268395), (0, 0.5836397418379377), (0, 0.5772126309459965), (0, 0.5458053742284341), (0, 0.5845461159414594), (0, 0.5351505824781524), (0, 0.5768970962468475), (0, 0.5377553467790089), (0, 0.6316005969231243), (0, 0.5922465364468299), (0, 0.5607258114258443), (0, 0.65328597455592), (0, 0.5346516641865487), (0, 0.6350647212469491), (0, 0.5932668057778487), (0, 0.5989323224033198), (0, 0.6840195323648447), (0, 0.5367597982357327), (0, 0.6333499256115435), (0, 0.5990331027715807), (0, 0.5546992750488937), (0, 0.6051075641261717), (0, 0.5339009236416531), (0, 0.5909590322050875), (0, 0.554630098234234), (0, 0.5718433595308885), (0, 0.5407040286343753), (0, 0.5481194907988652), (0, 0.5580818072153642), (0, 0.5440178101122621), (0, 0.5406815974635811), (0, 0.5413571755596918), (0, 0.544766864524417), (0, 0.5293594087315671), (0, 0.5420656422516938), (0, 0.5264196355442717), (0, 0.5424069698472466), (0, 0.5246998756525598), (0, 0.527936347013687), (0, 0.5204684031347965), (0, 0.5281744760805579), (0, 0.5489951590037258), (0, 0.5333172730069291), (0, 0.5704642484301565), (0, 0.5463954617830394), (0, 0.5469533600434855), (0, 0.520965505689292), (0, 0.548576360931473), (0, 0.6145247409343753), (0, 0.6003055789806754), (0, 0.5441225482074774), (0, 0.6027745630826888), (0, 0.5862947084424781), (0, 0.5869906453196785), (0, 0.5423524518378956), (0, 0.660816031226466), (0, 0.579098804684564), (0, 0.604871407649551), (0, 0.6441623571895184), (0, 0.5367394823474455), (0, 0.6964785556555911), (0, 0.660339725986971), (0, 0.5580582429684302), (0, 0.6780526608374867), (0, 0.6149822134892622), (0, 0.5866698174938823), (0, 0.6456106076678407), (0, 0.5695247073772716), (0, 0.5879529785050974), (0, 0.5987189221170939), (0, 0.5444425919468037), (0, 0.5839322188109715), (0, 0.5885712500227765), (0, 0.5443305426462145), (0, 0.6554664589434136), (0, 0.5748143813216832), (0, 0.608135918096478), (0, 0.6579708717198514), (0, 0.5572942596218173), (0, 0.56631686326227), (0, 0.6036607431864569), (0, 0.5490521720437574), (0, 0.6166050876022696), (0, 0.561124438109764), (0, 0.5433242480560234), (0, 0.5649738543935384), (0, 0.5480733117239303), (0, 0.5708845741975257), (0, 0.5269843757344304), (0, 0.576950519196537), (0, 0.5533692161588379), (0, 0.5424370551650729), (0, 0.5748909559286195), (0, 0.5382510491808054), (0, 0.5314812973917619), (0, 0.532690898255893), (0, 0.5778604965310041), (0, 0.5247287089563184), (0, 0.5730476919787126), (0, 0.5362313382916138), (0, 0.5493056421763364), (0, 0.5268840648688912), (0, 0.546580515741558), (0, 0.5357297405511333), (0, 0.5447268051489622), (0, 0.5371213224581025), (0, 0.5702511998618008), (0, 0.5351412188429806), (0, 0.5814290999170488), (0, 0.5377485054126073), (0, 0.5507947818583507), (0, 0.5821933372805002), (0, 0.5274834391350565), (0, 0.6016913132183361), (0, 0.5540305700623592), (0, 0.5482736460177159), (0, 0.534782771049346), (0, 0.5440638743119792), (0, 0.5219739196621789), (0, 0.5303053006903965), (0, 0.5296709555608139), (0, 0.5521499677019001), (0, 0.5274873309304738), (0, 0.5336282374534755), (0, 0.5241410626693525), (0, 0.5475741336470276), (0, 0.5274861623573824), (0, 0.5619511328120032), (0, 0.5376615513938598), (0, 0.5322329559172644), (0, 0.5590170571132124), (0, 0.551952106148626), (0, 0.5247564426173055), (0, 0.5291530515572466), (0, 0.5396953626844804), (0, 0.5231455626002797), (0, 0.5408368608068259), (0, 0.5346984142561698), (0, 0.5231713402041113), (0, 0.5226617429117657), (0, 0.5234808322662059), (0, 0.5337197914838151), (0, 0.5201012144548591), (0, 0.543529209569042), (0, 0.5232452984150129), (0, 0.5268626413258946), (0, 0.5303112730003343), (0, 0.5244642743627965), (0, 0.5278861174171003), (0, 0.5311551808849113), (0, 0.5265910738518607), (0, 0.5284838551672354), (0, 0.5430932694315304), (0, 0.529707895715092), (0, 0.53338222230608), (0, 0.5296598179181591), (0, 0.522907989163711), (0, 0.5317354208060654), (0, 0.5406824752356866), (0, 0.5228593299038735), (0, 0.5471633809702904), (0, 0.533265286269864), (0, 0.5193572799410423), (0, 0.5246413712982606), (0, 0.5324649450140279), (0, 0.5174872006985644), (0, 0.5315946242080783), (0, 0.5479962780710097), (0, 0.5217541437749755), (0, 0.5472826860990432), (0, 0.5595450693253633), (0, 0.5461940889254518), (0, 0.544637146142736), (0, 0.56919760367551), (0, 0.6047376504102003), (0, 0.5558024208535691), (0, 0.5470097474345113), (0, 0.5863251816173056), (0, 0.5894501311539775), (0, 0.5369229082727618), (0, 0.5510399759554251), (0, 0.5699032500340867), (0, 0.576699375126728), (0, 0.544283113743923), (0, 0.546266725059734), (0, 0.561330217973302), (0, 0.5617052561336942), (0, 0.5635245434767552), (0, 0.5487593491138457), (0, 0.6080890314154607), (0, 0.5999811619831346), (0, 0.5346772856731543), (0, 0.5412532752761574), (0, 0.6096210078026396), (0, 0.5780018190992104), (0, 0.6114578014579263), (0, 0.5244138055592885), (0, 0.5829240328681302), (0, 0.552185141249207), (0, 0.5529345254224224), (0, 0.5765025077989537), (0, 0.5278506659158032), (0, 0.549018860560188), (0, 0.5272543416482224), (0, 0.5459279483290457), (0, 0.5239498002340474), (0, 0.5714713338449685), (0, 0.5625007328840299), (0, 0.5527295481482497), (0, 0.5415043285911275), (0, 0.5365047348732676), (0, 0.5508174120723645), (0, 0.5233823265689372), (0, 0.5253747030431577), (0, 0.5246009619207568), (0, 0.5206153529007419), (0, 0.5525623147475137), (0, 0.5260141036792938), (0, 0.576743064777729), (0, 0.5703858609062642), (0, 0.5389278188443243), (0, 0.5628556515575303), (0, 0.531278607293647), (0, 0.5682596868337991), (0, 0.5283182460516912), (0, 0.5350124543219349), (0, 0.5376865655719869), (0, 0.5320978467379648), (0, 0.5707267629535203), (0, 0.5542182314515404), (0, 0.5319905456059207), (0, 0.5394856249577843), (0, 0.5235702795531846), (0, 0.5377013053897177), (0, 0.5315188701799521), (0, 0.5267437020371802), (0, 0.5180601163983044), (0, 0.5186135641838056), (0, 0.5295420925648068), (0, 0.526716710166753), (0, 0.5442340056163784), (0, 0.5534433767912975), (0, 0.5237625036668326), (0, 0.5497004812576644), (0, 0.5180712782476597), (0, 0.5504942760403748), (0, 0.5223561718227632), (0, 0.5570477402530447), (0, 0.524995305304966), (0, 0.5638424773341936), (0, 0.5158796784628558), (0, 0.5480828197517725), (0, 0.5193568015830051), (0, 0.5363766216196928), (0, 0.5363971363865176), (0, 0.5403746475205586), (0, 0.5296889519363206), (0, 0.5507287491979349), (0, 0.5270529239329186), (0, 0.5352016044019514), (0, 0.5256210864277203), (0, 0.5223153562075197), (0, 0.5389779971099903), (0, 0.5329941944344957), (0, 0.5503392447064777), (0, 0.5499183570653675), (0, 0.5431924965760351), (0, 0.5167594279416613), (0, 0.5397958926220069), (0, 0.5575593714581649), (0, 0.5302660024067852), (0, 0.5230057042651189), (0, 0.5475670891889448), (0, 0.5242537672716795), (0, 0.517770133545857), (0, 0.5214825342551003), (0, 0.5632012403026964), (0, 0.5192569684347729), (0, 0.5929349522876681), (0, 0.5319264096030297), (0, 0.5977130526085708), (0, 0.5865881790417945), (0, 0.5373364289598311), (0, 0.5658450738175497), (0, 0.5302340564604039), (0, 0.5590817991938041), (0, 0.5489969719187434), (0, 0.5520287425990181), (0, 0.5251070668377138), (0, 0.552623607917682), (0, 0.5242796330511761), (0, 0.5478369818740534), (0, 0.531023222710436), (0, 0.5783639723137916), (0, 0.555104122853381), (0, 0.5452484594180705), (0, 0.5423115878279714), (0, 0.539605672077615), (0, 0.5205714902565536), (0, 0.5289045879770092), (0, 0.5250319787903142), (0, 0.5193034660508848), (0, 0.5233693076311466), (0, 0.5395818030056865), (0, 0.5221709201814897), (0, 0.5808984624708693), (0, 0.5207837077512618), (0, 0.5272405740367162), (0, 0.5308462281015579), (0, 0.517231441982774), (0, 0.5258469004136027), (0, 0.5306371913371504), (0, 0.5511669575904997), (0, 0.5384442843340744), (0, 0.5172569022509634), (0, 0.5384933350743107), (0, 0.5668605911904359), (0, 0.5195158963016439), (0, 0.5873630181303994), (0, 0.5239405850830449), (0, 0.5840777002759853), (0, 0.5309103449421113), (0, 0.5442825269701164), (0, 0.5353866174782754), (0, 0.5881740103683558), (0, 0.5196328268742666), (0, 0.5783172162739342), (0, 0.5542263301842596), (0, 0.5592517250066373), (0, 0.5479931201396278), (0, 0.5957592582727781), (0, 0.5630384625824413), (0, 0.5479784819388064), (0, 0.5735365306223331), (0, 0.5727563547229242), (0, 0.5873485141931492), (0, 0.5363411657015033), (0, 0.5643675558313871), (0, 0.5331773930938796), (0, 0.5422931663913817), (0, 0.5385230645021801), (0, 0.5442995428275011), (0, 0.5500796912742012), (0, 0.5197761485903746), (0, 1.5002834897899193), (0, 1.1103388547422488), (0, 0.7788062930446803), (0, 0.8243551425697635), (0, 0.9919685017859288), (0, 0.9137150534746362), (0, 0.8160713619469252), (0, 0.8654531110993106), (0, 0.7266772654326783), (0, 0.588247854826923), (0, 0.7490948831072466), (0, 0.7902494347310196), (0, 0.6871010557031588), (0, 0.7059134366726997), (0, 0.7407627183905106), (0, 0.6795863718546814), (0, 0.6127558118422981), (0, 0.6725956896956072), (0, 0.6750651060833243), (0, 0.6250736665906623), (0, 0.6225472048139219), (0, 0.6456046435319879), (0, 0.6168813833577519), (0, 0.5971313485176888), (0, 0.5943598835821285), (0, 0.589418620175173), (0, 0.567688436099497), (0, 0.5695872839141385), (0, 0.565154784771778), (0, 0.5669793649224363), (0, 0.549546604851339), (0, 0.531317293011557), (0, 0.5565801263680282), (0, 0.5556051445231094), (0, 0.5371496776237304), (0, 0.5276162323512325), (0, 0.6006069247095153), (0, 0.5288721964498848), (0, 0.6461324099428691), (0, 0.5503026891385885), (0, 0.6639203635465876), (0, 0.6170045553374487), (0, 0.5709849612116382), (0, 0.56667989226249), (0, 0.5924793664679844), (0, 0.620130008212834), (0, 0.5326277094145717), (0, 0.5598927226157223), (0, 0.5483759252242111), (0, 0.5443030962315925), (0, 0.5413717501013268), (0, 0.5371924739349448), (0, 0.5794020137393883), (0, 0.5390533181138282), (0, 0.5741502801517803), (0, 0.5639630212528245), (0, 0.5716349619298782), (0, 0.6216567635183015), (0, 0.5321052262357019), (0, 0.6152459548691284), (0, 0.5485913662918193), (0, 0.5588480828981158), (0, 0.5841371366271003), (0, 0.5238577442024662), (0, 0.5878008682485669), (0, 0.5258611927692359), (0, 0.6063379886062394), (0, 0.5588520372255741), (0, 0.5597302475300187), (0, 0.55938159074345), (0, 0.5217533776526349), (0, 0.5731747964669617), (0, 0.5216536402191811), (0, 0.5439674399168397), (0, 0.5418951770868111), (0, 0.5215341006351671), (0, 0.5584915290576108), (0, 0.5275553519335259), (0, 0.5214177873157565), (0, 0.5283089470661566), (0, 0.5164278818001745), (0, 0.5207490238779287), (0, 0.5280975832156746), (0, 0.5182463035040276), (0, 0.5479944835085351), (0, 0.5226240491207433), (0, 0.5739316894917772), (0, 0.5477665921940789), (0, 0.5697330408295095), (0, 0.5648315236016704), (0, 0.5440831943337896), (0, 0.5710831626400793), (0, 0.5191544766378089), (0, 0.5585335875773997), (0, 0.5274110175591413), (0, 0.5242226445481403), (0, 0.5450487216286825), (0, 0.5510340818287373), (0, 0.5203250978930567), (0, 0.560520200764634), (0, 0.5448064226069982), (0, 0.5482429913280806), (0, 0.5583061245891225), (0, 0.5400623525576511), (0, 0.5173034074188225), (0, 0.5411376378601452), (0, 0.5346002416238513), (0, 0.5261872029033424), (0, 0.5305873431426863), (0, 0.5440151769956239), (0, 0.5352956026556034), (0, 0.525932021635001), (0, 0.5438931268891468), (0, 0.5316225401976707), (0, 0.5173198807933896), (0, 0.534923298398726), (0, 0.5400305062026111), (0, 0.5165069827825725), (0, 0.5224205121070912), (0, 0.5220839131871201), (0, 0.5202898650912205), (0, 0.5332239479271235), (0, 0.5603863063899275), (0, 0.5398404047763051), (0, 0.5542669332724925), (0, 0.5463599885107807), (0, 0.5547114694522567), (0, 0.5980646340045642), (0, 0.5378991649920324), (0, 0.6013575173255918), (0, 0.5204713356660103), (0, 0.6177054299919523), (0, 0.5307467531711227), (0, 0.6481823362577622), (0, 0.6095190122636877), (0, 0.5518283676718725), (0, 0.6546454776352854), (0, 0.5216778997464588), (0, 0.6310666257267787), (0, 0.5956108198555417), (0, 0.5550819781995954), (0, 0.6614421063046053), (0, 0.5201034414276954), (0, 0.6425261381271699), (0, 0.61992024075402), (0, 0.5483678444122174), (0, 0.6646379829780303), (0, 0.5330394366461352), (0, 0.6352406564404857), (0, 0.6243954294955206), (0, 0.5228319743052402), (0, 0.6156679461735556), (0, 0.5233978660330317), (0, 0.5907681073381712), (0, 0.5524814293028611), (0, 0.5492720183461176), (0, 0.5897652093626898), (0, 0.5163135695037544), (0, 0.5895799475075022), (0, 0.5416145038161271), (0, 0.5627872496445808), (0, 0.560068841321545), (0, 0.5224336342023324), (0, 0.5166808201372697), (0, 0.5338538953835059), (0, 0.5268405839531597), (0, 0.5157967210499247), (0, 0.5315864770324287), (0, 0.5242259463766138), (0, 0.5300163595970745), (0, 0.5162612431473077), (0, 0.5488608030450457), (0, 0.5353183665348448), (0, 0.5761150760876576), (0, 0.534284534644425), (0, 0.5890432519197505), (0, 0.5882531007453221), (0, 0.5403672980803974), (0, 0.6056181118972405), (0, 0.575797220221859), (0, 0.5910029754916023), (0, 0.5548221318123661), (0, 0.5500958047505654), (0, 0.5667831367992157), (0, 0.5303847820492323), (0, 0.5207514742465823), (0, 0.5789646272205623), (0, 0.5569646963162375), (0, 0.56059441974159), (0, 0.5878210589774532), (0, 0.5600058119229083), (0, 0.5689179353049635), (0, 0.5303756967483225), (0, 0.5741100586422976), (0, 0.5581346302266377), (0, 0.52725354548035), (0, 0.5483846911120106), (0, 0.5272283224475705), (0, 0.545031912311271), (0, 0.52973100789061), (0, 0.586387619963009), (0, 0.5492335964076074), (0, 0.5621623999952665), (0, 0.5566756763104213), (0, 0.5160083980134699), (0, 0.5518488009153092), (0, 0.5292310580205839), (0, 0.521971535476505), (0, 0.5633518811542798), (0, 0.5535614425277408), (0, 0.533548963125359), (0, 0.5481945504935349), (0, 0.5508722782865093), (0, 0.5139064180612144), (0, 0.5437401488473708), (0, 0.5310410081217489), (0, 0.5203214160888966), (0, 0.5302796919285553), (0, 0.5437818906424788), (0, 0.519558090112069), (0, 0.5801608132345708), (0, 0.5717367741536452), (0, 0.5252285372811349), (0, 0.52798655263887), (0, 0.5471448705697444), (0, 0.5214159543947559), (0, 0.5469582574814686), (0, 0.5484320620015198), (0, 0.5381710438273278), (0, 0.5495637940041896), (0, 0.5486685330788063), (0, 0.5480645575283957), (0, 0.5180183157412199), (0, 0.5517854100870806), (0, 0.5156602039236169), (0, 0.5533668912360951), (0, 0.5468603347675642), (0, 0.5422733508005587), (0, 0.5338481939965631), (0, 0.554806429144882), (0, 0.516987670683993), (0, 0.5487784140338711), (0, 0.518440788619327), (0, 0.5251452893645966), (0, 0.5434524573314155), (0, 0.5231293003055547), (0, 0.5606453832486422), (0, 0.5499095427695987), (0, 0.526823927521876), (0, 0.5470509152433356), (0, 0.5283327679521622), (0, 0.5146492474622132), (0, 0.5318486686472865), (0, 0.5417648893290575), (0, 0.5226103165396485), (0, 0.5782845803909056), (0, 0.5624393259143023), (0, 0.5313648898455653), (0, 0.548259986379353), (0, 0.5470764565736413), (0, 0.5139913575377567), (0, 0.5525661480820907), (0, 0.5403924247513471), (0, 0.5398854606767444), (0, 0.5440978192697163), (0, 0.5753402018898394), (0, 0.5447712164349547), (0, 0.5545710095748143), (0, 0.5591585394573485), (0, 0.564855995946476), (0, 0.5246101664668827), (0, 0.5636983422026053), (0, 0.5379591631288722), (0, 0.5612118963937758), (0, 0.5648727795476437), (0, 0.5564334733959068), (0, 0.5932378835774638), (0, 0.5206064905362422), (0, 0.5411912126694153), (0, 0.5138288850028205), (0, 0.5412569837461821), (0, 0.5176592097350788), (0, 0.5420940989787126), (0, 0.52401582650729), (0, 0.582324132437186), (0, 0.5587297387399167), (0, 0.5642636180461802), (0, 0.5401988535549285), (0, 0.5364412166598357), (0, 0.5281265685320116), (0, 0.568778907953999), (0, 0.547630020478911), (0, 0.5334172727663317), (0, 0.5325057167077714), (0, 0.5678453061265434), (0, 0.552185081138922), (0, 0.5229217918648777), (0, 0.5532327672139684), (0, 0.5375750560582561), (0, 0.5363259645961663), (0, 0.5316723821028619), (0, 0.5194276123138327), (0, 0.5186044070323365), (0, 0.5252857885389579), (0, 0.5200425804263488), (0, 0.5359718073573522), (0, 0.5152869836396561), (0, 0.5429966585563838), (0, 0.5160305762971639), (0, 0.5605615071160941), (0, 0.5197455185401685), (0, 0.5993709715249064), (0, 0.5494743777097749), (0, 0.5625748743959623), (0, 0.5739284038969102), (0, 0.5203312521415778), (0, 0.5710182066611922), (0, 0.5352641920064873), (0, 0.5538589012649191), (0, 0.5664103842325534), (0, 0.5239687262532109), (0, 0.5907576873002749), (0, 0.6076946606460908), (0, 0.5257812961420307), (0, 0.5725916257829053), (0, 0.5130975137959551), (0, 0.5648577309036917), (0, 0.5344894058593517), (0, 0.5534943399286237), (0, 0.566520150877544), (0, 0.5162352143842659), (0, 0.55816364739848), (0, 0.5192074581365854), (0, 0.5482324314194243), (0, 0.5470757700636614), (0, 0.5375818976904095), (0, 0.5317162245545048), (0, 0.5348822801865964), (0, 0.5236561791176954), (0, 0.5576493577054582), (0, 0.5243568719841435), (0, 0.5461970818933441), (0, 0.5492507665696853), (0, 0.5163463829428205), (0, 0.5375682589624776), (0, 0.5169744941401544), (0, 0.5482240754903289), (0, 0.5259553799661053), (0, 0.5678049036090985), (0, 0.5592287586135973), (0, 0.5445788069304458), (0, 0.5649327767594834), (0, 0.5398623662654303), (0, 0.537125612632538), (0, 0.5356641476040926), (0, 0.5406430400063763), (0, 0.542554964821236), (0, 0.5201993051919138), (0, 0.542809808414932), (0, 0.527812493902337), (0, 0.5219121299283136), (0, 0.5470485062525647), (0, 0.5365968047381154), (0, 0.5211821183698844), (0, 0.5726444352417239), (0, 0.5328689992655502), (0, 0.5679667903967613), (0, 0.549825301741768), (0, 0.5210077810385484), (0, 0.5404835957133493), (0, 0.521369036101993), (0, 0.5144145021512835), (0, 0.5140416812949286), (0, 0.516214246000521), (0, 0.5119408310498671), (0, 0.5388712346666524), (0, 0.5130674455392641), (0, 0.5527230355825787), (0, 0.5248526066946584), (0, 0.5842613213296567), (0, 0.534969530782696), (0, 0.5702057661726706), (0, 0.5922478060030394), (0, 0.5327297005984474), (0, 0.5466812499121423), (0, 0.5209697349318138), (0, 0.6007346939276464), (0, 0.5466797290304244), (0, 0.5855693590908434), (0, 0.5843182855989284), (0, 0.571294344286448), (0, 0.6134611443517729), (0, 0.5210580440521015), (0, 0.6011873945231634), (0, 0.557739916606108), (0, 0.5346280430217367), (0, 0.5521794212626412), (0, 0.5469288007294829), (0, 0.557884194772651), (0, 0.5244671239877212), (0, 0.530646601615191), (0, 0.5195442149277759), (0, 0.52818722806049), (0, 0.5382331042344847), (0, 0.529531018057643), (0, 0.5467396880843838), (0, 0.5309984215540685), (0, 0.5557628501618584), (0, 0.5346828182714994), (0, 0.5542285948035551), (0, 0.5461625255240055), (0, 0.5441610684257837), (0, 0.5585086349152658), (0, 0.5159877479902399), (0, 0.5413239128438975), (0, 0.5165768721095748), (0, 0.5423685559950739), (0, 0.5295245112984464), (0, 0.5455415592725846), (0, 0.5258144901361401), (0, 0.5695097616543667), (0, 0.5176530215093494), (0, 0.6097283542646842), (0, 0.5730890749571701), (0, 0.5413062882433407), (0, 0.5886402255679059), (0, 0.5496203889232173), (0, 0.5982153804841404), (0, 0.5166395085953726), (0, 0.6313186720767845), (0, 0.533105407277988), (0, 0.6094458054248619), (0, 0.5868863059152887), (0, 0.5240672483304963), (0, 0.5451141557582369), (0, 0.5163098782890799), (0, 0.5757859200929848), (0, 0.5286070845677359), (0, 0.58468230603091), (0, 0.5719858757903973), (0, 0.5331068494614594), (0, 0.5605071160244022), (0, 0.5227003796473473), (0, 0.5483860523720104), (0, 0.5224497475532551), (0, 0.5732515968584894), (0, 0.5717331407893642), (0, 0.5309707580494468), (0, 0.5721128866037346), (0, 0.5379609779414867), (0, 0.5602710816978559), (0, 0.5753424502003308), (0, 0.513779598399223), (0, 0.567049346641963), (0, 0.5390209042202345), (0, 0.5489866261935409), (0, 0.5424279619212222), (0, 0.5360511952562453), (0, 0.5442808700155676), (0, 0.5160167420866733), (0, 0.5347363976942869), (0, 0.5189849892585308), (0, 0.5168515544324074), (0, 0.5194545070944492), (0, 0.5497860273161912), (0, 0.5181119486778468), (0, 0.5209635821984201), (0, 0.5302893470359792), (0, 0.5170560094301826), (0, 0.5247275159626917), (0, 0.5467104679546053), (0, 0.5193928791401132), (0, 0.5490016214582668), (0, 0.5524489928715943), (0, 0.5583366088802358), (0, 0.5150815011405281), (0, 0.5429567513445694), (0, 0.5381555921393073), (0, 0.5162181030853609), (0, 0.55095290189949), (0, 0.5439144649274313), (0, 0.5169443224684693), (0, 0.5489714865115894), (0, 0.5279045561793196), (0, 0.578374676479175), (0, 0.551712989862252), (0, 0.547834272418414), (0, 0.5469304603989932), (0, 0.5585506363237658), (0, 0.593410296912126), (0, 0.5647422840047803), (0, 0.6274738369379095), (0, 0.5139514917877379), (0, 0.6218436546726119), (0, 0.5249599583217193), (0, 0.6337664375684142), (0, 0.5877178199756388), (0, 0.5574337010117031), (0, 0.6776313515970483)]