Model Setup for {PATIENT_GROUPS} Trained Network:

NODE Network Architecture Parameters
Input channels=2
Hidden channels=32
Output channels=2

Training hyperparameters
Optimizer=AdamW (
Parameter Group 0
    amsgrad: False
    betas: (0.9, 0.999)
    capturable: False
    differentiable: False
    eps: 1e-08
    foreach: None
    fused: None
    lr: 0.001
    maximize: False
    weight_decay: 0
)Training Iterations=1000
Learning rate=0.001
Weight decay=0
Optimizer reset frequency=500

Dropout probability (after initial linear layer before NCDE): 0.0
Training Data Selection Parameters
(If not virtual, the only important params are the groups and whether data was normalized/standardized)
Patient groups=['MDD']
Augmentation strategy=Uniform
Noise Magnitude=0.05
Normalized/standardized=None
Number of virtual patients per real patient=100
Label smoothing factor=0
Test Patient Combinations:
Control: None
MDD: None
Training batch size=1
Training Results:
Runtime=130.53279995918274
Loss over time=[(0, 14.538026018729253), (0, 12.500741686844338), (0, 10.340331801838387), (0, 8.115578842973395), (0, 6.485109401964709), (0, 5.8200713333231455), (0, 6.0773838004025285), (0, 6.368980312274735), (0, 6.425870496997654), (0, 6.328194805010373), (0, 6.12102095179712), (0, 5.865310542123788), (0, 5.634889041894115), (0, 5.354056684263934), (0, 5.0308006399942995), (0, 4.879375804441881), (0, 4.883761912119694), (0, 5.006400471106688), (0, 5.148173310974784), (0, 5.2364135771959095), (0, 5.272846655117402), (0, 5.280089589605172), (0, 5.226623794179609), (0, 5.134432517761275), (0, 5.094175984998259), (0, 5.0494038667977215), (0, 4.993359604228195), (0, 4.926948691042589), (0, 4.870102504619718), (0, 4.869631334056835), (0, 4.868340549221805), (0, 4.866779249043356), (0, 4.8969909628210795), (0, 4.926937386046222), (0, 4.936245784277329), (0, 4.927098735664437), (0, 4.9013335605022), (0, 4.860518213338358), (0, 4.857566020404633), (0, 4.857083282307864), (0, 4.856803060025311), (0, 4.8566341080233055), (0, 4.856509885466255), (0, 4.861789835874294), (0, 4.871412850963508), (0, 4.863218448810552), (0, 4.852741211394498), (0, 4.85109005590146), (0, 4.849521552682418), (0, 4.84803579847206), (0, 4.846629849136289), (0, 4.845298810043821), (0, 4.844036595424116), (0, 4.842836450071619), (0, 4.841691309433795), (0, 4.840594045792586), (0, 4.839537634088814), (0, 4.838515261091777), (0, 4.837520394559027), (0, 4.836546824157977), (0, 4.83558868298057), (0, 4.8346404534526135), (0, 4.835137999978058), (0, 4.833417061873504), (0, 4.833088960687106), (0, 4.832707620083955), (0, 4.83500270631842), (0, 4.831210691283893), (0, 4.832251082502484), (0, 4.829808248887652), (0, 4.829378654797579), (0, 4.828861267709062), (0, 4.828257834470437), (0, 4.827570778268216), (0, 4.826802785918778), (0, 4.825956538108451), (0, 4.825034540061009), (0, 4.824366291581196), (0, 4.8238005480199755), (0, 4.82342733143199), (0, 4.822926255578992), (0, 4.822303739071379), (0, 4.821565625334188), (0, 4.820717142089962), (0, 4.819762901224809), (0, 4.818706920784908), (0, 4.8175526579542005), (0, 4.816303046410881), (0, 4.8149605339388755), (0, 4.813527119549715), (0, 4.816213529300916), (0, 4.811491104987303), (0, 4.8108090585804355), (0, 4.8099657058972864), (0, 4.808967669801389), (0, 4.807820798451021), (0, 4.806530213792254), (0, 4.805100345931979), (0, 4.805468599164226), (0, 4.803104191275986), (0, 4.80244506907307), (0, 4.801567532869309), (0, 4.8004802702667435), (0, 4.799190783734186), (0, 4.797705435941659), (0, 4.796029466685032), (0, 4.794166984564973), (0, 4.79212093756322), (0, 4.793749681004375), (0, 4.790644860588404), (0, 4.791114185918247), (0, 4.791283382140029), (0, 4.791139466859247), (0, 4.790673750511937), (0, 4.789881273003508), (0, 4.788760133637191), (0, 4.787310765272433), (0, 4.785535189333675), (0, 4.783436277972134), (0, 4.781017042308362), (0, 4.7782799607559685), (0, 4.775226358634382), (0, 4.773952116661807), (0, 4.770130547962606), (0, 4.767932247457964), (0, 4.774192021136934), (0, 4.7651395149687765), (0, 4.7644283588032135), (0, 4.7631351669388415), (0, 4.761258422291138), (0, 4.758796954804526), (0, 4.7611268500095525), (0, 4.754504297894116), (0, 4.7541888163306245), (0, 4.753497735357925), (0, 4.7536143612143125), (0, 4.752860871469673), (0, 4.751237831558793), (0, 4.748747668837472), (0, 4.745393195257086), (0, 4.741175956352524), (0, 4.738926075276515), (0, 4.737774987876085), (0, 4.738245249538732), (0, 4.737526573795801), (0, 4.735640316206249), (0, 4.732606370509148), (0, 4.728441205736828), (0, 4.72358189769594), (0, 4.721919821468884), (0, 4.719274722596835), (0, 4.715580098976915), (0, 4.714588749595117), (0, 4.715706306102949), (0, 4.716110613617102), (0, 4.7146907361440125), (0, 4.711483573863048), (0, 4.706515615615995), (0, 4.7013711789851556), (0, 4.69791964570105), (0, 4.695137767483584), (0, 4.69472033950483), (0, 4.693069017903064), (0, 4.695568403695151), (0, 4.687357688158498), (0, 4.683082718706374), (0, 4.6815870887942665), (0, 4.6763523206237805), (0, 4.67842799638983), (0, 4.678649923703597), (0, 4.675556750881725), (0, 4.669198138532119), (0, 4.6595806105169), (0, 4.668884273855058), (0, 4.661490933169198), (0, 4.6517572908835545), (0, 4.6525251457487125), (0, 4.648994932427592), (0, 4.641213997908414), (0, 4.641931902463321), (0, 4.638847887709036), (0, 4.627848336636766), (0, 4.62752846063819), (0, 4.626379669917828), (0, 4.619170601579419), (0, 4.605776468273538), (0, 4.602550835129405), (0, 4.600788374734075), (0, 4.59235693769763), (0, 4.578410416233098), (0, 4.569873980652682), (0, 4.564946520289437), (0, 4.549795465670971), (0, 4.546666730471949), (0, 4.542075942669335), (0, 4.531878943528337), (0, 4.516943239429224), (0, 4.498719503653987), (0, 4.4957690946569535), (0, 4.48438427308962), (0, 4.45704290604223), (0, 4.444370852665139), (0, 4.427976194077479), (0, 4.408357949455594), (0, 4.3862355756017095), (0, 4.362239173201976), (0, 4.346369843021907), (0, 4.306522967381583), (0, 4.2701152335985215), (0, 4.225733352811911), (0, 4.171111580000081), (0, 4.14844294259567), (0, 4.200389165096375), (0, 4.335358341610976), (0, 4.049357542916822), (0, 4.451890301528004), (0, 4.037363721737292), (0, 4.249044663536094), (0, 3.9602383392425016), (0, 4.267907351337143), (0, 3.9295385893285597), (0, 4.203619837557356), (0, 3.973176101872971), (0, 4.1249494931479695), (0, 3.9001187146027223), (0, 4.046389026594611), (0, 4.021555270930752), (0, 3.755567410565935), (0, 4.262629995728848), (0, 3.7857937653632305), (0, 3.9406282724062107), (0, 4.087779896061344), (0, 3.732156079146412), (0, 3.7665172376922627), (0, 3.794602156247282), (0, 3.580401767464258), (0, 3.6145505106578266), (0, 3.5721179366535853), (0, 3.4822759631747364), (0, 3.4520622239414673), (0, 3.4524218214408746), (0, 3.396357694712638), (0, 3.3889124789479665), (0, 3.2831566264503933), (0, 3.2492040036733543), (0, 3.2258116594252333), (0, 3.2016980573568485), (0, 3.106976007268867), (0, 3.072580374047156), (0, 3.21899099474803), (0, 3.0143473301028507), (0, 3.570945109524254), (0, 2.9679215005155184), (0, 3.690643738261386), (0, 3.003651584432282), (0, 3.5123469670717884), (0, 3.435237931632859), (0, 2.9161114443851264), (0, 3.1599772120126985), (0, 2.888662513159912), (0, 3.100849317830949), (0, 2.9143855972992867), (0, 3.1334320061900853), (0, 3.1029434794520423), (0, 2.792429290756719), (0, 3.0701358612519134), (0, 2.770806895085), (0, 2.9749452443166717), (0, 2.7841114665695397), (0, 2.8679913482073007), (0, 2.745282958819293), (0, 2.8040305282869986), (0, 2.7371311225807777), (0, 2.7951907535302043), (0, 2.6817058772133184), (0, 2.754197174594324), (0, 2.6696554511288024), (0, 2.7933508755802636), (0, 2.6350270737897152), (0, 2.762273750329573), (0, 2.626108077551543), (0, 2.7248560601075797), (0, 2.6035170190595105), (0, 2.7232145389337954), (0, 2.650969330628065), (0, 2.724738945505608), (0, 2.727162662732683), (0, 2.558659254022197), (0, 2.66602815625497), (0, 2.5465917632408184), (0, 2.696143692751097), (0, 2.5332445732293873), (0, 2.6528278501781055), (0, 2.5353414673344576), (0, 2.6386560186043), (0, 2.507564266196761), (0, 2.5225352831234713), (0, 2.499165125000835), (0, 2.5427017282650124), (0, 2.4982171437415577), (0, 2.480714900207973), (0, 2.624392362025378), (0, 2.473963338065035), (0, 2.4730354518204654), (0, 2.547295986578454), (0, 2.5178300915492873), (0, 2.4573111960932477), (0, 2.584296967994891), (0, 2.4679670208819102), (0, 2.5507729436833046), (0, 2.466986388900291), (0, 2.4682117508515926), (0, 2.4701850385890762), (0, 2.444928070310986), (0, 2.4658196035093183), (0, 2.558546171890979), (0, 2.468092695154266), (0, 2.7185695234516074), (0, 2.4444756554126585), (0, 2.875503128375134), (0, 2.7904409896530233), (0, 2.485150794974795), (0, 2.736080709165593), (0, 2.436876048441104), (0, 2.6453231975422216), (0, 2.569135310029744), (0, 2.487781686262851), (0, 2.5141246141282636), (0, 2.491387845216911), (0, 2.4980611929483794), (0, 2.4747311936326764), (0, 2.44610130179837), (0, 2.548863712017764), (0, 2.5410228677785), (0, 2.416775789249251), (0, 2.4588416926347794), (0, 2.432376361309609), (0, 2.39613507985654), (0, 2.478866725663423), (0, 2.400622840271195), (0, 2.5391955299495224), (0, 2.5315444979835102), (0, 2.390958062812098), (0, 2.448362530979185), (0, 2.4140429035533346), (0, 2.3722485443493295), (0, 2.467294314306544), (0, 2.387783443055451), (0, 2.536128271977), (0, 2.5395709059522407), (0, 2.429230853911268), (0, 2.479579440833484), (0, 2.3586802304229084), (0, 2.4058011207288343), (0, 2.3963324276410254), (0, 2.3450600677691056), (0, 2.3607441367661983), (0, 2.468278235643601), (0, 2.3466646355031533), (0, 2.5242101434308597), (0, 2.395207665929425), (0, 2.5868201291366906), (0, 2.458652066942057), (0, 2.4657915326852424), (0, 2.5506335036174734), (0, 2.3488982872074486), (0, 2.453746681904903), (0, 2.34857823134277), (0, 2.427860619420499), (0, 2.3657248150772117), (0, 2.509035150717673), (0, 2.4448004401868495), (0, 2.4283286521221386), (0, 2.482215888686804), (0, 2.3550132098942957), (0, 2.4571273864437653), (0, 2.3419382698416036), (0, 2.398502274715811), (0, 2.341263251812494), (0, 2.524359745162079), (0, 2.442165405011086), (0, 2.5072073678209414), (0, 2.532246342272621), (0, 2.3503723245651114), (0, 2.438521302669793), (0, 2.3503140203057993), (0, 2.3538660334002506), (0, 2.3981940832735833), (0, 2.3381002717710944), (0, 2.4723234444288624), (0, 2.400819126506776), (0, 2.3899000272835953), (0, 2.377764365672587), (0, 2.4097991223775304), (0, 2.3626265669270228), (0, 2.408516648053917), (0, 2.384293968250869), (0, 2.405152978350983), (0, 2.3666160311911724), (0, 2.384765344716169), (0, 2.3490742531605346), (0, 2.454634931696566), (0, 2.417166382485446), (0, 2.4056555318415613), (0, 2.4539584400689596), (0, 2.3410840079633566), (0, 2.5183814175515096), (0, 2.380097247588615), (0, 2.541848409229072), (0, 2.505135124940578), (0, 2.409731966395452), (0, 2.4962843766667717), (0, 2.3241577104740467), (0, 2.474618954409752), (0, 2.40022579400696), (0, 2.4189145504761216), (0, 2.4271903008922053), (0, 2.348660803758052), (0, 2.404374347478009), (0, 2.3371557293467498), (0, 2.352124200569579), (0, 2.3471863400341397), (0, 2.3352758949799535), (0, 2.324286090771088), (0, 2.314956691632283), (0, 2.3031757876828873), (0, 2.293094801628867), (0, 2.275808647931321), (0, 2.2726408368856044), (0, 2.370762946897163), (0, 2.315748189813854), (0, 2.2988820277376982), (0, 2.3812166125612952), (0, 2.364156130740001), (0, 2.2926367623680926), (0, 2.4088606896826352), (0, 2.2764134583210915), (0, 2.2673289899624973), (0, 2.2682161794055156), (0, 2.2751448176365683), (0, 2.366267311915387), (0, 2.270664526440885), (0, 2.4275163859035875), (0, 2.2745739018718982), (0, 2.3764079759253733), (0, 2.272933016881155), (0, 2.401230665804786), (0, 2.267121262864259), (0, 2.3543327195657286), (0, 2.28824541512174), (0, 2.255270513699836), (0, 2.3590679154147716), (0, 2.2644359297850656), (0, 2.317112481672186), (0, 2.4010652295295354), (0, 2.34364418961852), (0, 2.465263684955563), (0, 2.44812694758229), (0, 2.3499083435121886), (0, 2.3650393135809464), (0, 2.352765069647452), (0, 2.302251945745824), (0, 2.3588536725768505), (0, 2.2863024756929944), (0, 2.505482276594885), (0, 2.366245665314455), (0, 2.469711848905617), (0, 2.5568412531714575), (0, 2.3388695652634977), (0, 2.576299418288983), (0, 2.6527369066248725), (0, 2.312118367391332), (0, 2.6107164143103567), (0, 2.6163737147568997), (0, 2.2895576891652563), (0, 2.651568827911737), (0, 2.6368698492719047), (0, 2.283805947667596), (0, 2.7912523840598227), (0, 2.908737009516754), (0, 2.4825976744365152), (0, 2.5234764525646862), (0, 2.8023135881796413), (0, 2.6767846033907996), (0, 2.2647985215316138), (0, 2.6912369171335215), (0, 2.7638100500777885), (0, 2.4060735522324457), (0, 2.5771479954015697), (0, 2.832450281555178), (0, 2.724905620388488), (0, 2.374109673079746), (0, 2.669055174403384), (0, 3.0402594532018594), (0, 2.6971635868732062), (0, 2.329127265942344), (0, 2.621894819525839), (0, 2.646394900371062), (0, 2.440222388884985), (0, 2.388674627498091), (0, 2.516264543107661), (0, 3.817637209976748), (0, 3.8029989716653585), (0, 3.1995100428295262), (0, 2.3289596872442733), (0, 2.6733249884296524), (0, 2.568634216138693), (0, 2.409912242356611), (0, 2.5473673417137506), (0, 2.4224381165031463), (0, 2.414037753136198), (0, 2.4605137141262223), (0, 2.3113513313080642), (0, 2.4190266861870207), (0, 2.3178250983635973), (0, 2.3090886218043174), (0, 2.324205584557668), (0, 2.2588356305439854), (0, 2.3165964736980453), (0, 2.2431450897226055), (0, 2.3411077141807617), (0, 2.2773540893646853), (0, 2.3771657197247573), (0, 2.361849942460784), (0, 2.2874515929162076), (0, 2.3227021843210243), (0, 2.260621909048609), (0, 2.2843549006726573), (0, 2.2506165443807307), (0, 2.248246027795329), (0, 2.2659130211920684), (0, 2.233419934104343), (0, 2.323882670107136), (0, 2.307148493063608), (0, 2.248356356476716), (0, 2.2351479693009257), (0, 2.268023823489429), (0, 2.2260813382885463), (0, 2.3011542523517785), (0, 2.2386913585002133), (0, 2.3145348094470624), (0, 2.2803340907759053), (0, 2.2887185815834745), (0, 2.2346958910873016), (0, 2.3369477211772405), (0, 2.369845509831042), (0, 2.2340522249221926), (0, 2.4326681956634264), (0, 2.49685053795797), (0, 2.334153694971045), (0, 2.340894194686446), (0, 2.469842269084768), (0, 2.344271816565394), (0, 2.278322684169923), (0, 2.359591321991864), (0, 2.2998814599978683), (0, 2.2562097954886577), (0, 2.3339894700146093), (0, 2.252179290954494), (0, 2.316335796573378), (0, 2.3286228185086824), (0, 2.2028572705453886), (0, 2.2676036148465295), (0, 2.1898296589287334), (0, 2.3400445708646647), (0, 2.2857524703727607), (0, 2.2757906994235966), (0, 2.3352418106758774), (0, 2.242104546881681), (0, 2.3252739579873913), (0, 2.3452622131927634), (0, 2.183983908965996), (0, 2.379816125712009), (0, 2.4293140441130467), (0, 2.317322384443551), (0, 2.233777842777333), (0, 2.306124015824581), (0, 2.174072487374497), (0, 2.323790567759323), (0, 2.341443771920353), (0, 2.214167327245613), (0, 2.378105024468466), (0, 2.457168119751018), (0, 2.3258371290834465), (0, 2.2458692931182265), (0, 2.333928771269987), (0, 2.2719078266117), (0, 2.194154981648717), (0, 2.176577491546595), (0, 2.2290729471531634), (0, 2.2038531609974155), (0, 2.2042196947053245), (0, 2.186158742797443), (0, 2.1660130859977906), (0, 2.190360219974058), (0, 2.169360541167172), (0, 2.1658944812838232), (0, 2.1909566946308634), (0, 2.160960077383977), (0, 2.2563740575873013), (0, 2.2009414620945065), (0, 2.2391371930233004), (0, 2.2820484866158126), (0, 2.1893165933071925), (0, 2.2926097931075287), (0, 2.297956229316473), (0, 2.1470810967365064), (0, 2.2183785786628203), (0, 2.1703193611254488), (0, 2.230594246944299), (0, 2.193990410740697), (0, 2.2261539444057354), (0, 2.279665678321343), (0, 2.1939176910372082), (0, 2.2160837616518028), (0, 2.21713980475779), (0, 2.1646558135175646), (0, 2.20157659503319), (0, 2.1201519352590577), (0, 2.285608181694104), (0, 2.2877238773281707), (0, 2.1077326528247116), (0, 2.242069662937435), (0, 2.2549448369379888), (0, 2.1418880414026003), (0, 2.2812985583887992), (0, 2.3154413688106223), (0, 2.12509987021818), (0, 2.296429716441601), (0, 2.457757122266699), (0, 2.3140714778289304), (0, 2.120041190771439), (0, 2.3147505056773423), (0, 2.359038256551719), (0, 2.174316818405235), (0, 2.2474349569263876), (0, 2.4202937235240443), (0, 2.3158030619104206), (0, 2.1280938726554264), (0, 2.2848305085047937), (0, 2.3546608169549432), (0, 2.1848576696063535), (0, 2.202422834497566), (0, 2.3603896603639405), (0, 2.2828045414746274), (0, 2.11637539786943), (0, 2.2401306121783153), (0, 2.2991919499402282), (0, 2.1277571761733496), (0, 2.2043688101849424), (0, 2.357187871346703), (0, 2.265123888665668), (0, 2.109807166217948), (0, 2.2362069925977983), (0, 2.321502819059843), (0, 2.176502361587612), (0, 2.122871972262494), (0, 2.2392648616205055), (0, 2.2230476262318812), (0, 2.1067658492293013), (0, 2.080645686437179), (0, 2.2154234092983516), (0, 2.1448709528798258), (0, 2.0810003529864547), (0, 2.1662978256762258), (0, 2.081596011535175), (0, 2.1485618055649804), (0, 2.1759424854177616), (0, 2.042710331692919), (0, 2.130169559854435), (0, 2.1729274473341036), (0, 2.103958057377649), (0, 2.1002691823377737), (0, 2.176251970740861), (0, 2.153679812855711), (0, 2.084469641809668), (0, 2.058908861474118), (0, 2.0780439315349515), (0, 2.0197124014837398), (0, 2.1027852833129344), (0, 2.124970680250078), (0, 2.011927152790916), (0, 2.0928302351161956), (0, 2.0712316526084993), (0, 1.9970258673865018), (0, 2.066214136674641), (0, 2.029334613578074), (0, 2.0141851205807266), (0, 2.0249244836531703), (0, 2.000476715360591), (0, 1.9716988925582022), (0, 2.0351256277511904), (0, 1.9709621694056294), (0, 2.055028923000044), (0, 2.0240471025491726), (0, 1.9539639144320062), (0, 2.060541370114054), (0, 1.9636505931469386), (0, 1.9765806422701027), (0, 2.0237363239094552), (0, 1.9654175383988544), (0, 1.994359260382995), (0, 1.950333865069497), (0, 2.0140001170243185), (0, 2.0817855981908107), (0, 1.9829632887498172), (0, 1.9871232195863977), (0, 2.141302620864862), (0, 2.073033292188766), (0, 1.953723462205466), (0, 2.0511052244866836), (0, 2.087640935012753), (0, 1.9469714440576114), (0, 2.0171231832840553), (0, 2.057430698353942), (0, 1.919415763720127), (0, 1.9784763995738663), (0, 2.019360927848218), (0, 1.910081759703194), (0, 1.9994094985225794), (0, 2.0468242444964484), (0, 1.955426776563133), (0, 1.910233834980499), (0, 1.9800428580378513), (0, 1.9473109342979456), (0, 1.8779208751232426), (0, 1.9300837386605045), (0, 1.866294411147905), (0, 1.8813398795339396), (0, 1.8607583773055716), (0, 1.8584936852508163), (0, 1.8878308282526433), (0, 1.85149019980078), (0, 1.8559529154843852), (0, 1.8545026629742352), (0, 1.851249103910925), (0, 1.8429006130015282), (0, 1.8313389968402631), (0, 1.838579518804815), (0, 1.847336176251285), (0, 1.8375911181762852), (0, 1.8548201796664208), (0, 1.8363124634146124), (0, 1.8669356310236709), (0, 1.8716501687769758), (0, 1.833740995560588), (0, 1.8216498477284662), (0, 1.7978951895723503), (0, 1.83419408569317), (0, 1.825125829027189), (0, 1.8274940183447548), (0, 1.7935715925534714), (0, 1.8174006153729623), (0, 1.833034500004514), (0, 1.8183948938135928), (0, 1.850854466245677), (0, 1.7973761076828472), (0, 1.859571551863239), (0, 1.806945700075874), (0, 1.8194570689836858), (0, 1.8515547261708063), (0, 1.7901971234321932), (0, 1.8102652539031021), (0, 1.80913064644516), (0, 1.769015590107214), (0, 1.8177258954350308), (0, 1.7754524023664369), (0, 1.836001108799153), (0, 1.773358483619896), (0, 1.7862285623613943), (0, 1.85626091651096), (0, 1.7493787997123682), (0, 1.8167120579744362), (0, 1.751342034757176), (0, 1.8068333010214743), (0, 1.8295681536790367), (0, 1.7568025676390926), (0, 1.7842091414419559), (0, 1.767451083457764), (0, 1.7566062090705281), (0, 1.7552386039075676), (0, 1.7653400846652516), (0, 1.8278715880122052), (0, 1.7523513226900571), (0, 1.752001417650755), (0, 1.7272115821108953), (0, 1.7310064431308967), (0, 1.7293730006190555), (0, 1.6982105691311948), (0, 1.7574393846624197), (0, 1.710745154931859), (0, 1.8021939310931359), (0, 1.7357371549213787), (0, 1.7304801331265474), (0, 1.7202668589623513), (0, 1.7331471490099715), (0, 1.75898614663733), (0, 1.689107409020591), (0, 1.7575728451763462), (0, 1.7613116647248972), (0, 1.7206185605989106), (0, 1.7842758437772246), (0, 1.721459811475725), (0, 1.8277898883975452), (0, 1.7765272792314064), (0, 1.7290604245139805), (0, 1.792106816394746), (0, 1.7357493034808178), (0, 1.7110299285224064), (0, 1.787380005015659), (0, 1.7462456473542198), (0, 1.7873099982060063), (0, 1.703767237903438), (0, 1.7430899145709924), (0, 1.84930016730342), (0, 1.7253543154440842), (0, 1.717265240396136), (0, 1.7619936826991498), (0, 1.711867979885342), (0, 1.73862114997374), (0, 1.6979275243400496), (0, 1.7145150672137248), (0, 1.7201070943185377), (0, 1.6484410656611226), (0, 1.665766865598797), (0, 1.6577846519795854), (0, 1.6755625067050284), (0, 1.643526797526054), (0, 1.6652115237252252), (0, 1.6393467901134557), (0, 1.7128052711495187), (0, 1.662178787000479), (0, 1.6667193152797941), (0, 1.6942889547174567), (0, 1.6806966532871543), (0, 1.6525530826316592), (0, 1.6776823897526434), (0, 1.6975088313261457), (0, 1.6547481167521136), (0, 1.6592907515314559), (0, 1.7043025548865272), (0, 1.646595491619167), (0, 1.6968895251685951), (0, 1.661146745004447), (0, 1.6238819990509261), (0, 1.6651015039777775), (0, 1.6444268663938602), (0, 1.6481121331918809), (0, 1.6618888796266538), (0, 1.6388310910874757), (0, 1.6419638523585531), (0, 1.6429598411090955), (0, 1.6246923189363895), (0, 1.632447213809077), (0, 1.6124553711094485), (0, 1.6230511453367436), (0, 1.6157166301234531), (0, 1.6426401207189443), (0, 1.6174606476585311), (0, 1.6327630835312859), (0, 1.62622672802152), (0, 1.655254620089963), (0, 1.6099830440679206), (0, 1.6352962275944343), (0, 1.6111814215038407), (0, 1.6299986441507521), (0, 1.6102346780120236), (0, 1.6238425572811368), (0, 1.6130812956404916), (0, 1.6044050633151308), (0, 1.6137754921483896), (0, 1.621901734893626), (0, 1.659470634318948), (0, 1.607568561547707), (0, 1.657894575100575), (0, 1.612222656577329), (0, 1.6879530611007885), (0, 1.7398488849264202), (0, 1.6174112488713923), (0, 1.751111466619927), (0, 1.721015317623332), (0, 1.654358403309461), (0, 1.724679903150473), (0, 1.63900536701782), (0, 1.6389367561938213), (0, 1.6731389117122761), (0, 1.5916872462278582), (0, 1.643935478854828), (0, 1.6380631523711842), (0, 1.6059346407135406), (0, 1.6988737598186796), (0, 1.6020784009162297), (0, 1.6706003721059608), (0, 1.6867328867007338), (0, 1.6178517675436956), (0, 1.6177138346356263), (0, 1.6246557621590596), (0, 1.6214193667465808), (0, 1.6504210209306545), (0, 1.599234592699293), (0, 1.6081631475053564), (0, 1.5746037913426851), (0, 1.5857914350113271), (0, 1.608917166718691), (0, 1.5824155059269458), (0, 1.5883829410881822), (0, 1.5816358160453177), (0, 1.5834890615821051), (0, 1.5801254664894484), (0, 1.5722600701444482), (0, 1.568345132199776), (0, 1.5638409275221825), (0, 1.5778152018595784), (0, 1.5708274934346407), (0, 1.5741485582006502), (0, 1.5636304675260104), (0, 1.5627166075166763), (0, 1.5693250618664314), (0, 1.565924518936088), (0, 1.567193345201986), (0, 1.5567998725382117), (0, 1.567340370538902), (0, 1.5637670595396929), (0, 1.559303069842314), (0, 1.564035000106243), (0, 1.5562637845561027), (0, 1.5658633313460932), (0, 1.5586153984082487), (0, 1.562114827152836), (0, 1.5578980613472588), (0, 1.5584447165731823), (0, 1.5586298496896709), (0, 1.5473804831716378), (0, 1.5540316318357212), (0, 1.5461806518070405), (0, 1.5458744991605238), (0, 1.5395592441737953), (0, 1.5775153301837919), (0, 1.5486990000556553), (0, 1.5531032204863793), (0, 1.5484259840783132), (0, 1.5527153822099584), (0, 1.549956318990167), (0, 1.5484472585190885), (0, 1.5368274734129974), (0, 1.539210750613846), (0, 1.5574114032958868), (0, 1.5475808772134192), (0, 1.5391470833353795), (0, 1.5326367371128597), (0, 1.5744727489223613), (0, 1.534143500904564), (0, 1.5598663712895648), (0, 1.5651541444904276), (0, 1.5371935843129885), (0, 1.5661956093925924), (0, 1.5594730439988114), (0, 1.5540172081191401), (0, 1.5310510267354176), (0, 1.562693883596275), (0, 1.5245854496121276), (0, 1.5624066915827761), (0, 1.561010603802184), (0, 1.5375380579985938), (0, 1.5904459860720588), (0, 1.5260252513452905), (0, 1.6167155050692315), (0, 1.6583652234235868), (0, 1.5327954758347149), (0, 1.7147358640072563), (0, 1.6556747234635554), (0, 1.544340896432197), (0, 1.6973025300148488), (0, 1.617655932400158), (0, 1.5837794081556682), (0, 1.6793207507994585), (0, 1.5770769776399378), (0, 1.61339386159555), (0, 1.616580771287935), (0, 1.523037424137913), (0, 1.703062987533849), (0, 1.6428253772360222), (0, 1.5443597236599929), (0, 1.629641271246328), (0, 1.5670313522661523), (0, 1.5218647962170195), (0, 1.5311235424117813), (0, 1.5381700980470905), (0, 1.5716747437163396), (0, 1.5260529046854534), (0, 1.5346249821742377), (0, 1.5456100914199717), (0, 1.51457653135166), (0, 1.541862992883663), (0, 1.5185050015938417), (0, 1.5752677549249554), (0, 1.5355888022476025), (0, 1.546721670321343), (0, 1.6068659943392467), (0, 1.5220467622345326)]