Model Setup for {PATIENT_GROUPS} Trained Network:

NODE Network Architecture Parameters
Input channels=2
Hidden channels=11
Output channels=2

Training hyperparameters
Optimizer=AdamW (
Parameter Group 0
    amsgrad: False
    betas: (0.9, 0.999)
    capturable: False
    differentiable: False
    eps: 1e-08
    foreach: None
    fused: None
    lr: 0.001
    maximize: False
    weight_decay: 1e-06
)Training Iterations=200
Learning rate=0.001
Weight decay=1e-06
Optimizer reset frequency=None

Dropout probability (after initial linear layer before NCDE): 0.0
Training Data Selection Parameters
(If not virtual, the only important params are the groups and whether data was normalized/standardized)
Patient groups=['Control', 'Neither']
Augmentation strategy=Uniform
Noise Magnitude=0.05
Normalized/standardized=None
Number of virtual patients per real patient=100
Label smoothing factor=0
Test Patient Combinations:
Control: (2, 12, 10, 5, 1)
MDD: (9, 4, 1, 0, 2)
Training batch size=5
Training Results:
Runtime=7.591306924819946
Loss over time=[(0, 18.402576446533203), (1, 18.507970809936523), (2, 17.26634407043457), (3, 30.959611892700195), (0, 8.106847763061523), (1, 7.920174598693848), (2, 39.805503845214844), (3, 19.193632125854492), (0, 7.7443084716796875), (1, 21.655078887939453), (2, 22.1564998626709), (3, 17.236648559570312), (0, 27.647180557250977), (1, 13.1582670211792), (2, 13.167126655578613), (3, 8.270636558532715), (0, 19.10146713256836), (1, 12.486612319946289), (2, 17.58685874938965), (3, 7.452816009521484), (0, 6.221368312835693), (1, 22.53544807434082), (2, 10.941012382507324), (3, 13.336282730102539), (0, 16.474647521972656), (1, 5.048372268676758), (2, 9.8984375), (3, 18.847980499267578), (0, 9.460458755493164), (1, 19.40438461303711), (2, 9.6474609375), (3, 5.886340618133545), (0, 13.59643840789795), (1, 0.0), (2, 12.848422050476074), (3, 16.271068572998047), (0, 8.29268741607666), (1, 8.157710075378418), (2, 11.805805206298828), (3, 10.166446685791016), (0, 7.953907012939453), (1, 3.6364235877990723), (2, 11.025639533996582), (3, 13.30643081665039), (0, 10.72061824798584), (1, 10.301495552062988), (2, 3.416414976119995), (3, 7.9559736251831055), (0, 9.752018928527832), (1, 6.406939506530762), (2, 8.916585922241211), (3, 3.8125176429748535), (0, 9.085444450378418), (1, 2.7781221866607666), (2, 2.858898639678955), (3, 13.554362297058105), (0, 2.74265718460083), (1, 8.343541145324707), (2, 5.0509796142578125), (3, 9.562106132507324), (0, 8.16191577911377), (1, 7.2179388999938965), (2, 2.3312673568725586), (3, 5.825530529022217), (0, 5.3375654220581055), (1, 4.474925994873047), (2, 6.621115207672119), (3, 5.490414142608643), (0, 6.4653520584106445), (1, 6.280152320861816), (2, 4.085433483123779), (3, 3.868126630783081), (0, 1.9466136693954468), (1, 1.861992132035084e-05), (2, 9.345174789428711), (3, 9.649287223815918), (0, 6.224350929260254), (1, 3.0945067405700684), (2, 5.737471580505371), (3, 4.678038597106934), (0, 2.0167691707611084), (1, 3.70357084274292), (2, 8.674121856689453), (3, 5.369417667388916), (0, 0.00012105672794859856), (1, 8.65315055847168), (2, 1.999175786972046), (3, 9.881924629211426), (0, 2.0168111324310303), (1, 7.91870641708374), (2, 0.00016772799426689744), (3, 10.708992004394531), (0, 3.9197983741760254), (1, 5.919642925262451), (2, 4.693237781524658), (3, 4.932013034820557), (0, 5.643164157867432), (1, 1.9206387996673584), (2, 5.867610931396484), (3, 6.275269985198975), (0, 5.782240867614746), (1, 5.936488151550293), (2, 1.929080605506897), (3, 5.99003791809082), (0, 6.238739967346191), (1, 3.463930130004883), (2, 6.791345119476318), (3, 2.400700330734253), (0, 1.9257633686065674), (1, 8.943002700805664), (2, 5.82845401763916), (3, 2.1221976280212402), (0, 5.546977519989014), (1, 4.016047477722168), (2, 1.5018117427825928), (3, 9.145636558532715), (0, 6.2213335037231445), (1, 8.204011917114258), (2, 3.945664644241333), (3, 0.0003060360613744706), (0, 6.145818710327148), (1, 5.111384391784668), (2, 0.00023305718787014484), (3, 8.869632720947266), (0, 1.9991309642791748), (1, 5.92288875579834), (2, 8.495687484741211), (3, 2.4075489044189453), (0, 6.142589092254639), (1, 3.9281082153320312), (2, 3.7145092487335205), (3, 5.679350852966309), (0, 4.7920331954956055), (1, 3.937486171722412), (2, 7.660322666168213), (3, 2.4113783836364746), (0, 5.86620569229126), (1, 1.9259626865386963), (2, 6.791332244873047), (3, 4.64998722076416), (0, 3.3405921459198), (1, 11.016363143920898), (2, 1.9260194301605225), (3, 2.521108627319336), (0, 5.845417022705078), (1, 1.9289394617080688), (2, 9.105110168457031), (3, 1.7465349435806274), (0, 5.9197235107421875), (1, 5.239397048950195), (2, 4.0159406661987305), (3, 3.8686258792877197), (0, 5.093977928161621), (1, 3.0737709999084473), (2, 5.862855434417725), (3, 5.2819013595581055), (0, 5.285853385925293), (1, 5.919579982757568), (2, 2.0170655250549316), (3, 6.279240608215332), (0, 5.023460388183594), (1, 3.3669204711914062), (2, 7.840339660644531), (3, 2.4990057945251465), (0, 4.313180446624756), (1, 3.9250328540802), (2, 6.721159934997559), (3, 4.068042755126953), (0, 3.6969780921936035), (1, 7.316842555999756), (2, 5.262182712554932), (3, 2.4112260341644287), (0, 3.2392654418945312), (1, 7.022519588470459), (2, 6.010627746582031), (3, 2.4073832035064697), (0, 6.71251916885376), (1, 4.222132682800293), (2, 4.016267776489258), (3, 4.049566268920898), (0, 3.626633882522583), (1, 4.313756942749023), (2, 7.014169216156006), (3, 4.045037746429443), (0, 3.6181397438049316), (1, 3.9251010417938232), (2, 4.405455589294434), (3, 7.802396297454834), (0, 1.9996944665908813), (1, 5.527231216430664), (2, 6.721187591552734), (3, 4.928138256072998), (0, 5.023712635040283), (1, 3.8464725017547607), (2, 5.326382637023926), (3, 4.992581844329834), (0, 1.6976534128189087), (1, 8.241113662719727), (2, 5.156846523284912), (3, 3.868783950805664), (0, 3.9374115467071533), (1, 5.164969444274902), (2, 1.9994592666625977), (3, 8.861005783081055), (0, 6.102908611297607), (1, 6.142516136169434), (2, 3.9281113147735596), (3, 2.521388292312622), (0, 3.239210844039917), (1, 6.3127546310424805), (2, 5.544127464294434), (3, 3.868192672729492), (0, 6.146022796630859), (1, 6.9327073097229), (2, 5.111841201782227), (3, 9.713846520753577e-05), (0, 3.846552610397339), (1, 7.4078874588012695), (2, 4.936975955963135), (3, 2.499041795730591), (0, 4.928741455078125), (1, 9.406683921813965), (2, 1.9293172359466553), (3, 2.4073832035064697), (0, 1.6985065937042236), (1, 5.32620906829834), (2, 6.940624237060547), (3, 5.281636714935303), (0, 3.8545689582824707), (1, 3.6068484783172607), (2, 8.729223251342773), (3, 2.500012159347534), (0, 3.8494250774383545), (1, 4.405402660369873), (2, 7.93661642074585), (3, 2.4990057945251465), (0, 5.941566467285156), (1, 3.0945866107940674), (2, 3.0086593627929688), (3, 7.6822967529296875), (0, 3.9248886108398438), (1, 5.023870944976807), (2, 5.527302265167236), (3, 4.643234729766846), (0, 3.23994517326355), (1, 9.23709774017334), (2, 0.00022235477808862925), (3, 7.141729831695557), (0, 4.313629150390625), (1, 3.6267197132110596), (2, 3.9248600006103516), (3, 7.906799793243408), (0, 5.093754768371582), (1, 5.543871879577637), (2, 3.3274853229522705), (3, 5.28192138671875), (0, 5.094081401824951), (1, 3.6181397438049316), (2, 2.017191171646118), (3, 9.326545715332031), (0, 3.239281415939331), (1, 5.713892936706543), (2, 7.3165130615234375), (3, 2.401201009750366), (0, 5.845345973968506), (1, 3.008331298828125), (2, 5.39095401763916), (3, 4.932521820068359), (0, 4.313180923461914), (1, 3.920020341873169), (2, 4.937163352966309), (3, 6.275353908538818), (0, 3.6970105171203613), (1, 3.849569797515869), (2, 3.327152729034424), (3, 9.146143913269043), (0, 6.216131687164307), (1, 5.643166542053223), (2, 1.311107873916626), (3, 6.275301933288574), (0, 6.221159934997559), (1, 6.102401256561279), (2, 1.9296741485595703), (3, 4.921764373779297), (0, 3.008066177368164), (1, 4.225686073303223), (2, 5.0153985023498535), (3, 7.426869869232178), (0, 5.304292678833008), (1, 5.941898345947266), (2, 5.023421287536621), (3, 2.401292324066162), (0, 5.845677375793457), (1, 5.023492336273193), (2, 3.0082545280456543), (3, 5.39152717590332), (0, 1.9260648488998413), (1, 6.325340270996094), (2, 5.944888114929199), (3, 4.992940902709961), (0, 3.9373412132263184), (1, 7.316612243652344), (2, 3.3099772930145264), (3, 4.5333943367004395), (0, 7.040096282958984), (1, 5.156661033630371), (2, 3.9943289756774902), (3, 2.499448776245117), (0, 5.111186981201172), (1, 6.2214860916137695), (2, 3.6270382404327393), (3, 4.038668155670166), (0, 9.562705993652344), (1, 3.236133575439453), (2, 3.094961643218994), (3, 2.8710548877716064), (0, 5.9446702003479), (1, 4.216963291168213), (2, 3.2365081310272217), (3, 5.990628719329834), (0, 1.9994596242904663), (1, 6.233708381652832), (2, 4.792610168457031), (3, 6.456082344055176), (0, 4.217001914978027), (1, 7.0237555503845215), (2, 6.948976993560791), (3, 0.0011366269318386912), (0, 7.9222869873046875), (1, 3.9375252723693848), (2, 6.3305840492248535), (3, 0.0003097563749179244), (0, 3.8494701385498047), (1, 3.3103041648864746), (2, 7.407557487487793), (3, 4.529139518737793), (0, 5.871275424957275), (1, 5.527228355407715), (2, 3.095130443572998), (3, 4.621261119842529), (0, 3.9202637672424316), (1, 3.327407121658325), (2, 7.848488807678223), (3, 3.8681039810180664), (0, 7.251864433288574), (1, 0.0007244604639708996), (2, 7.088731288909912), (3, 4.811653137207031), (0, 3.69677996635437), (1, 5.535983562469482), (2, 1.9262053966522217), (3, 8.789590835571289), (0, 3.9250330924987793), (1, 7.931187629699707), (2, 4.405179023742676), (3, 2.411552906036377), (0, 3.094987392425537), (1, 3.236433506011963), (2, 7.931114196777344), (3, 4.910134792327881), (0, 6.216311931610107), (1, 1.9262092113494873), (2, 4.405027866363525), (3, 7.053866386413574), (0, 8.150094985961914), (1, 1.3111045360565186), (2, 5.015110969543457), (3, 4.642913818359375), (0, 3.626530885696411), (1, 7.036849021911621), (2, 1.311204195022583), (3, 7.770071983337402), (0, 3.6182544231414795), (1, 4.405580520629883), (2, 6.242016792297363), (3, 4.905986785888672), (0, 8.232793807983398), (1, 1.9258073568344116), (2, 6.102475166320801), (3, 2.4119558334350586), (0, 2.017284870147705), (1, 5.159693717956543), (2, 5.993523597717285), (3, 6.275173187255859), (0, 5.625988006591797), (1, 7.173326015472412), (2, 5.391177177429199), (3, 0.00018602036288939416), (0, 6.142660140991211), (1, 7.0224456787109375), (2, 3.3275535106658936), (3, 2.122474431991577), (0, 5.015366554260254), (1, 3.714401960372925), (2, 5.235160827636719), (3, 5.282137870788574), (0, 4.79250431060791), (1, 5.230385780334473), (2, 3.942439556121826), (3, 5.281637191772461), (0, 3.6272575855255127), (1, 4.216931343078613), (2, 3.9423694610595703), (3, 8.005101203918457), (0, 3.945645570755005), (1, 5.622662544250488), (2, 3.6069607734680176), (3, 6.269211769104004), (0, 6.242057800292969), (1, 1.9264882802963257), (2, 3.2309322357177734), (3, 8.4889497756958), (0, 3.2364306449890137), (1, 5.390953540802002), (2, 5.713713645935059), (3, 4.811925411224365), (0, 3.854642868041992), (1, 3.919687271118164), (2, 6.808839321136475), (3, 4.509334087371826), (0, 1.9997745752334595), (1, 6.102726936340332), (2, 6.142518520355225), (3, 4.932021141052246), (0, 6.717833518981934), (1, 3.928468704223633), (2, 3.3274779319763184), (3, 5.271070957183838), (0, 5.020756244659424), (1, 3.9279632568359375), (2, 9.241483688354492), (3, 0.0005403687828220427), (0, 5.01518440246582), (1, 3.925185441970825), (2, 7.320998191833496), (3, 2.4115846157073975), (0, 4.936834335327148), (1, 4.313403129577637), (2, 1.9211326837539673), (3, 8.77408218383789), (0, 7.088474273681641), (1, 3.9459424018859863), (2, 3.8462932109832764), (3, 4.1374077796936035), (0, 3.6232826709747314), (1, 2.0173532962799072), (2, 5.15969705581665), (3, 9.23787784576416), (0, 3.623353958129883), (1, 5.024039268493652), (2, 5.247666835784912), (3, 5.369468688964844), (0, 3.6232123374938965), (1, 9.03087329864502), (2, 1.3113417625427246), (3, 5.281508922576904), (0, 3.626460313796997), (1, 1.9259876012802124), (2, 9.406827926635742), (3, 4.0391974449157715), (0, 3.3274760246276855), (1, 3.618466854095459), (2, 3.9281818866729736), (3, 9.145636558532715), (0, 0.0004723510646726936), (1, 5.527556419372559), (2, 5.625657558441162), (3, 8.796184539794922), (0, 7.316656589508057), (1, 3.30957293510437), (2, 5.547269344329834), (3, 2.5214178562164307), (0, 8.861543655395508), (1, 1.9207079410552979), (2, 5.391247749328613), (3, 2.5214178562164307), (0, 1.9288402795791626), (1, 7.01456356048584), (2, 1.9262301921844482), (3, 9.15124797821045), (0, 8.34204387664795), (1, 5.9234771728515625), (2, 1.9992754459381104), (3, 2.407294750213623), (0, 8.939752578735352), (1, 7.9394636154174805), (2, 0.0003217965713702142), (3, 1.638868808746338), (0, 1.6981651782989502), (1, 5.944993495941162), (2, 6.9406280517578125), (3, 4.508555889129639), (0, 2.0170342922210693), (1, 6.221259593963623), (2, 6.102545738220215), (3, 4.812239646911621), (0, 5.391247749328613), (1, 5.252884864807129), (2, 1.9209849834442139), (3, 7.031891345977783), (0, 5.304510593414307), (1, 3.094804048538208), (2, 4.016335487365723), (3, 7.21872615814209), (0, 5.8488450050354), (1, 6.0110955238342285), (2, 3.094656467437744), (3, 4.045042514801025), (0, 6.9362077713012695), (1, 5.01518440246582), (2, 2.0168137550354004), (3, 5.2780303955078125), (0, 5.8712053298950195), (1, 5.6172661781311035), (2, 3.6075336933135986), (3, 3.8682808876037598), (0, 3.0945539474487305), (1, 5.1598381996154785), (2, 5.941818714141846), (3, 4.993022918701172), (0, 2.017569065093994), (1, 6.943875312805176), (2, 5.235161304473877), (3, 4.99252986907959), (0, 1.9258073568344116), (1, 6.312527656555176), (2, 3.2313544750213623), (3, 8.401174545288086), (0, 4.933653831481934), (1, 6.146409034729004), (2, 5.09371280670166), (3, 2.5210647583007812), (0, 5.936423301696777), (1, 4.22528076171875), (2, 3.236497163772583), (3, 5.990533828735352), (0, 3.0944836139678955), (1, 4.217468738555908), (2, 5.643517971038818), (3, 6.543946743011475), (0, 6.3122076988220215), (1, 5.020461082458496), (2, 5.546946048736572), (3, 1.6387653350830078), (0, 3.6232829093933105), (1, 5.936713695526123), (2, 3.239313840866089), (3, 6.739145755767822), (0, 4.225600242614746), (1, 4.792107582092285), (2, 5.863173484802246), (3, 4.137182235717773), (0, 5.11151123046875), (1, 5.775084018707275), (2, 5.304510116577148), (3, 2.4994003772735596), (0, 6.221549034118652), (1, 3.0949811935424805), (2, 3.714401960372925), (3, 6.449616432189941), (0, 4.405638694763184), (1, 3.8494250774383545), (2, 4.295645713806152), (3, 7.049895286560059), (0, 4.222354412078857), (1, 1.9290838241577148), (2, 6.791548728942871), (3, 6.5595479011535645), (0, 5.229985237121582), (1, 7.408022403717041), (2, 3.8546745777130127), (3, 2.122427463531494), (0, 3.85481595993042), (1, 8.398874282836914), (2, 3.9200053215026855), (3, 2.521160840988159), (0, 6.857387542724609), (1, 3.9254982471466064), (2, 5.1111907958984375), (3, 2.8706843852996826), (0, 3.2314670085906982), (1, 1.9291574954986572), (2, 8.734498023986816), (3, 5.369376182556152), (0, 10.415478706359863), (1, 1.9293012619018555), (2, 3.92510986328125), (3, 2.4009170532226562), (0, 8.734395980834961), (1, 0.0005678244633600116), (2, 5.159838676452637), (3, 5.369776248931885), (0, 3.91961669921875), (1, 3.993994951248169), (2, 7.040733337402344), (3, 4.045346736907959), (0, 2.017028331756592), (1, 6.791156768798828), (2, 6.1460161209106445), (3, 4.045526027679443), (0, 3.623673915863037), (1, 3.094947338104248), (2, 5.944772243499756), (3, 6.909035682678223), (0, 8.948101997375488), (1, 3.6180367469787598), (2, 3.607379198074341), (3, 2.5213797092437744), (0, 7.3902997970581055), (1, 3.236133575439453), (2, 2.016925811767578), (3, 6.934077262878418), (0, 9.333216667175293), (1, 5.84887170791626), (2, 3.008314609527588), (3, 0.0002735029556788504), (0, 3.9374115467071533), (1, 8.32963752746582), (2, 1.9289429187774658), (3, 4.993286609649658), (0, 8.10167121887207), (1, 4.313569068908691), (2, 1.9257335662841797), (3, 4.812055587768555), (0, 4.936933994293213), (1, 4.313786029815674), (2, 8.939752578735352), (3, 0.0001850964908953756), (0, 1.310622215270996), (1, 4.2227373123168945), (2, 5.634817600250244), (3, 8.778053283691406), (0, 1.3106939792633057), (1, 4.792418479919434), (2, 3.919934034347534), (3, 10.209465026855469), (0, 6.940843105316162), (1, 4.225697994232178), (2, 1.9991309642791748), (3, 6.28118371963501), (0, 5.623836994171143), (1, 5.775299072265625), (2, 1.697800874710083), (3, 6.367100715637207), (0, 9.237314224243164), (1, 1.3109039068222046), (2, 3.626563310623169), (3, 5.019796848297119), (0, 6.216302394866943), (1, 4.93686056137085), (2, 2.0172390937805176), (3, 6.275269508361816), (0, 5.919653415679932), (1, 5.238437652587891), (2, 5.015286922454834), (3, 2.5215485095977783), (0, 3.92803692817688), (1, 7.088717460632324), (2, 3.2366645336151123), (3, 4.9214959144592285), (0, 1.9996588230133057), (1, 5.543768882751465), (2, 6.701642036437988), (3, 4.931933403015137), (0, 9.17234992980957), (1, 6.721182823181152), (2, 0.000321915780659765), (3, 2.870950937271118), (0, 3.3099875450134277), (1, 7.088545322418213), (2, 3.945934295654297), (3, 4.807685375213623), (0, 3.2360339164733887), (1, 3.6969947814941406), (2, 3.8498847484588623), (3, 9.259626388549805), (0, 5.25288200378418), (1, 5.0936808586120605), (2, 3.6268057823181152), (3, 5.271556854248047), (0, 5.007750988006592), (1, 3.094627857208252), (2, 8.162473678588867), (3, 2.40720272064209), (0, 5.014966011047363), (1, 3.6234564781188965), (2, 8.241044044494629), (3, 1.6389338970184326), (0, 4.792030334472656), (1, 5.863242149353027), (2, 3.2394580841064453), (3, 5.3698530197143555), (0, 4.217033386230469), (1, 3.327394962310791), (2, 8.719995498657227), (3, 2.407735586166382), (0, 8.32460880279541), (1, 7.936388969421387), (2, 1.9292242527008057), (3, 0.0004883687943220139), (0, 9.310606956481934), (1, 3.0084824562072754), (2, 3.942366123199463), (3, 2.411444664001465), (0, 0.00010719032434280962), (1, 5.020912170410156), (2, 9.842369079589844), (3, 4.15902853012085), (0, 0.0004191976913716644), (1, 8.32460880279541), (2, 3.623666286468506), (3, 7.802395820617676), (0, 1.6982495784759521), (1, 9.31881332397461), (2, 3.9374115467071533), (3, 4.045170783996582), (0, 9.562705993652344), (1, 0.00010692806972656399), (2, 3.236419677734375), (3, 6.739222049713135), (0, 3.9200987815856934), (1, 8.167572021484375), (2, 4.792489528656006), (3, 1.6380609273910522), (0, 5.111502170562744), (1, 3.618563413619995), (2, 3.9249625205993652), (3, 6.919476509094238), (0, 1.925880789756775), (1, 1.99961256980896), (2, 7.176400661468506), (3, 8.860894203186035), (0, 3.231172561645508), (1, 1.9291576147079468), (2, 5.713387489318848), (3, 9.146114349365234), (0, 3.920097827911377), (1, 1.9289134740829468), (2, 5.111645698547363), (3, 9.037437438964844), (0, 7.4079389572143555), (1, 7.542924404144287), (2, 1.9291540384292603), (3, 1.638237714767456), (0, 4.225591659545898), (1, 4.93358039855957), (2, 3.9198317527770996), (3, 6.389504432678223), (0, 5.094027519226074), (1, 1.9292175769805908), (2, 5.543839931488037), (3, 7.029403209686279), (0, 7.022442817687988), (1, 3.9428977966308594), (2, 5.914512634277344), (3, 1.638440728187561), (0, 1.3108302354812622), (1, 6.011011600494385), (2, 8.869563102722168), (3, 2.4990015029907227), (0, 5.3043951988220215), (1, 3.8497798442840576), (2, 7.036848545074463), (3, 2.499476909637451), (0, 7.526457786560059), (1, 1.9293642044067383), (2, 2.0170209407806396), (3, 8.397202491760254), (0, 4.222416877746582), (1, 5.617164134979248), (2, 5.256438255310059), (3, 3.868232488632202), (0, 6.712660312652588), (1, 5.9447760581970215), (2, 2.29644513130188), (3, 4.045903205871582), (0, 4.222413063049316), (1, 3.327296733856201), (2, 7.014405727386475), (3, 4.533111095428467), (0, 3.9250335693359375), (1, 8.641351699829102), (2, 3.6071949005126953), (3, 2.5212788581848145), (0, 2.017164707183838), (1, 5.235160827636719), (2, 6.721042633056641), (3, 5.271543979644775), (0, 1.9993493556976318), (1, 3.32755970954895), (2, 7.319998741149902), (3, 6.9296183586120605), (0, 5.015489101409912), (1, 1.9291518926620483), (2, 5.024702548980713), (3, 7.77657413482666), (0, 3.92531156539917), (1, 7.407630920410156), (2, 3.6266982555389404), (3, 4.038700580596924)]