Model Setup for {PATIENT_GROUPS} Trained Network:

NODE Network Architecture Parameters
Input channels=2
Hidden channels=11
Output channels=2

Training hyperparameters
Optimizer=AdamW (
Parameter Group 0
    amsgrad: False
    betas: (0.9, 0.999)
    capturable: False
    differentiable: False
    eps: 1e-08
    foreach: None
    fused: None
    lr: 0.001
    maximize: False
    weight_decay: 1e-06
)Training Iterations=100
Learning rate=0.001
Weight decay=1e-06
Optimizer reset frequency=None

Dropout probability (after initial linear layer before NCDE): 0.0
Training Data Selection Parameters
(If not virtual, the only important params are the groups and whether data was normalized/standardized)
Patient groups=['Control', 'Neither']
Augmentation strategy=Uniform
Noise Magnitude=0.05
Normalized/standardized=None
Number of virtual patients per real patient=100
Label smoothing factor=0
Test Patient Combinations:
Control: (0, 9, 3, 7, 4)
MDD: (5, 12, 7, 13, 11)
Training batch size=5
Training Results:
Runtime=3.69525408744812
Loss over time=[(0, 8.328805923461914), (1, 1.8534715175628662), (2, 1.1760908365249634), (3, 3.4056284427642822), (0, 1.577767252922058), (1, 1.8295377492904663), (2, 0.7655974626541138), (3, 2.7734010219573975), (0, 1.358623743057251), (1, 1.278246521949768), (2, 1.793332815170288), (3, 0.5241371393203735), (0, 1.3160046339035034), (1, 1.8630993366241455), (2, 0.45861393213272095), (3, 1.8410226106643677), (0, 0.3432442545890808), (1, 1.2507190704345703), (2, 1.5381609201431274), (3, 0.9413509368896484), (0, 1.0833299160003662), (1, 2.1380832195281982), (2, 0.6184114217758179), (3, 0.029409870505332947), (0, 0.0368553102016449), (1, 1.2487519979476929), (2, 1.422485589981079), (3, 1.5969732999801636), (0, 0.5177331566810608), (1, 1.5184686183929443), (2, 0.8275779485702515), (3, 1.0818874835968018), (0, 1.0155565738677979), (1, 0.9531186819076538), (2, 0.9255393743515015), (3, 0.8557957410812378), (0, 0.2297469675540924), (1, 0.5580800175666809), (2, 1.1599029302597046), (3, 1.7442855834960938), (0, 0.06321718543767929), (1, 1.2674208879470825), (2, 1.571901559829712), (3, 0.3056870996952057), (0, 1.9259227514266968), (1, 0.8869573473930359), (2, 0.27775222063064575), (3, 0.22118902206420898), (0, 0.3772503435611725), (1, 1.1476433277130127), (2, 1.2441738843917847), (3, 0.3429535925388336), (0, 0.27814507484436035), (1, 0.3163052499294281), (2, 1.1019972562789917), (3, 1.5816575288772583), (0, 0.6163204908370972), (1, 1.0766150951385498), (2, 0.35570985078811646), (3, 1.155843734741211), (0, 0.786732017993927), (1, 1.0051257610321045), (2, 0.8930500149726868), (3, 0.7612226009368896), (0, 0.4521057605743408), (1, 0.9131719470024109), (2, 0.6423858404159546), (3, 1.0375103950500488), (0, 0.4576396346092224), (1, 1.3276194334030151), (2, 0.8375959396362305), (3, 0.340597003698349), (0, 0.6825295686721802), (1, 0.6172677874565125), (2, 0.5947123765945435), (3, 1.2023584842681885), (0, 0.43901950120925903), (1, 0.7389923930168152), (2, 0.9351404905319214), (3, 0.9355432987213135), (0, 0.7412883639335632), (1, 0.3570534586906433), (2, 0.48269280791282654), (3, 1.7030870914459229), (0, 0.15327434241771698), (1, 1.3819425106048584), (2, 1.1107347011566162), (3, 0.5370441675186157), (0, 0.39286500215530396), (1, 0.914520263671875), (2, 1.130356788635254), (3, 1.07344651222229), (0, 0.9548657536506653), (1, 0.24219492077827454), (2, 0.700107991695404), (3, 1.0616265535354614), (0, 0.5598355531692505), (1, 0.7394965291023254), (2, 0.5004255771636963), (3, 1.6445915699005127), (0, 0.4280177056789398), (1, 0.8049591779708862), (2, 0.4470544755458832), (3, 1.1377320289611816), (0, 0.1223188042640686), (1, 0.942273736000061), (2, 0.7803398966789246), (3, 1.400367021560669), (0, 0.9233797788619995), (1, 0.6100053191184998), (2, 0.9606051445007324), (3, 0.6586845517158508), (0, 0.44017404317855835), (1, 0.45364099740982056), (2, 1.1678060293197632), (3, 1.0110546350479126), (0, 0.29233139753341675), (1, 0.8565539121627808), (2, 0.6076659560203552), (3, 1.7886995077133179), (0, 0.9966392517089844), (1, 1.0802961587905884), (2, 0.6008685827255249), (3, 0.29128485918045044), (0, 0.5364586114883423), (1, 0.32348936796188354), (2, 0.9108101725578308), (3, 1.0819740295410156), (0, 0.24142828583717346), (1, 0.961369514465332), (2, 0.7482031583786011), (3, 0.8462051749229431), (0, 0.7573142051696777), (1, 0.7530530691146851), (2, 0.3490952253341675), (3, 0.8287646174430847), (0, 0.6549002528190613), (1, 0.2802683711051941), (2, 0.9427808523178101), (3, 1.0264190435409546), (0, 1.247987151145935), (1, 0.6423527002334595), (2, 0.2686178684234619), (3, 0.4989645481109619), (0, 1.0921180248260498), (1, 0.6647736430168152), (2, 0.48641476035118103), (3, 0.5021180510520935), (0, 0.6248859763145447), (1, 0.5775068998336792), (2, 1.0190849304199219), (3, 0.4877060055732727), (0, 1.0651766061782837), (1, 0.8296111226081848), (2, 0.43201953172683716), (3, 0.30531132221221924), (0, 0.7096012830734253), (1, 0.4680653214454651), (2, 0.7458266019821167), (3, 0.8168848752975464), (0, 1.2155909538269043), (1, 0.7408720254898071), (2, 0.33281412720680237), (3, 0.2810136377811432), (0, 0.7267278432846069), (1, 0.21952977776527405), (2, 1.182389259338379), (3, 0.6420573592185974), (0, 0.7054828405380249), (1, 0.9494901895523071), (2, 0.3693132996559143), (3, 0.6442137360572815), (0, 0.4362846314907074), (1, 0.22159028053283691), (2, 0.8603355288505554), (3, 1.2174477577209473), (0, 0.8628726005554199), (1, 0.3974553942680359), (2, 0.7834720015525818), (3, 0.5901209712028503), (0, 0.7438658475875854), (1, 0.6232137680053711), (2, 0.618033766746521), (3, 0.9123386144638062), (0, 0.77066570520401), (1, 0.4463631212711334), (2, 0.7785817384719849), (3, 0.6892733573913574), (0, 0.5023963451385498), (1, 0.8643198013305664), (2, 0.5108332633972168), (3, 0.8732559680938721), (0, 0.8162557482719421), (1, 0.8280401229858398), (2, 0.6399747133255005), (3, 0.5103665590286255), (0, 0.7850286364555359), (1, 0.6087628602981567), (2, 0.6329623460769653), (3, 0.8353290557861328), (0, 0.9694029092788696), (1, 0.3124242424964905), (2, 0.43332284688949585), (3, 1.1071993112564087), (0, 0.47365331649780273), (1, 0.7554959654808044), (2, 0.6108083128929138), (3, 1.1296699047088623), (0, 0.5276839733123779), (1, 0.836248517036438), (2, 0.7545733451843262), (3, 0.9279993772506714), (0, 0.37814435362815857), (1, 0.9732081294059753), (2, 0.7748492956161499), (3, 0.5187209844589233), (0, 0.40234264731407166), (1, 0.7036082148551941), (2, 0.9907277822494507), (3, 0.7784033417701721), (0, 0.5294203758239746), (1, 0.8262887001037598), (2, 0.828577995300293), (3, 0.399684339761734), (0, 0.665331244468689), (1, 0.6201761364936829), (2, 0.7814014554023743), (3, 0.512109100818634), (0, 1.12967848777771), (1, 0.46461421251296997), (2, 0.45100632309913635), (3, 0.5751962065696716), (0, 0.5685406923294067), (1, 0.7309449911117554), (2, 0.7623764872550964), (3, 0.5180569887161255), (0, 0.2730979025363922), (1, 0.7573240399360657), (2, 0.7336626052856445), (3, 0.8464161157608032), (0, 0.8380044102668762), (1, 0.9298681020736694), (2, 0.3394526541233063), (3, 0.4458685517311096), (0, 0.7326627373695374), (1, 0.6824402213096619), (2, 0.7590137720108032), (3, 0.3953668773174286), (0, 0.3332025110721588), (1, 0.7252645492553711), (2, 0.7519921660423279), (3, 0.8971536159515381), (0, 0.5854911804199219), (1, 0.8874802589416504), (2, 0.8394590616226196), (3, 0.30579906702041626), (0, 0.49536842107772827), (1, 0.5673495531082153), (2, 0.8070331811904907), (3, 0.8691960573196411), (0, 0.9365397691726685), (1, 0.8186150789260864), (2, 0.390771746635437), (3, 0.37063702940940857), (0, 0.6547225713729858), (1, 0.6746832132339478), (2, 0.7957904934883118), (3, 0.47236964106559753), (0, 0.5547040700912476), (1, 0.49031147360801697), (2, 0.7276724576950073), (3, 0.7904868721961975), (0, 0.6334211230278015), (1, 0.6470251083374023), (2, 0.7760727405548096), (3, 0.5435020923614502), (0, 0.5687569379806519), (1, 0.32530561089515686), (2, 0.7829322218894958), (3, 0.9270474910736084), (0, 0.6697628498077393), (1, 0.9920368194580078), (2, 0.4197061061859131), (3, 0.4626360535621643), (0, 0.8032768368721008), (1, 0.4867072105407715), (2, 0.3571086525917053), (3, 1.0092085599899292), (0, 0.4998842179775238), (1, 0.7145999073982239), (2, 0.49118345975875854), (3, 0.8975728750228882), (0, 0.6006922721862793), (1, 0.8560904264450073), (2, 0.7913878560066223), (3, 0.2603720426559448), (0, 0.6472620964050293), (1, 0.7793065309524536), (2, 0.6643058657646179), (3, 0.4142192602157593), (0, 0.47083330154418945), (1, 0.576058030128479), (2, 0.9631751775741577), (3, 0.7509512901306152), (0, 0.8037430047988892), (1, 0.8168784976005554), (2, 0.44885796308517456), (3, 0.6934382915496826), (0, 0.591482937335968), (1, 0.6985054612159729), (2, 0.544773280620575), (3, 1.1307754516601562), (0, 0.6386891603469849), (1, 0.6776123046875), (2, 0.6132825613021851), (3, 0.738223671913147), (0, 0.6871275901794434), (1, 0.3676789700984955), (2, 0.7545586824417114), (3, 0.6779105067253113), (0, 0.5446590185165405), (1, 0.5815609097480774), (2, 0.7332012057304382), (3, 0.8862912058830261), (0, 0.6687912344932556), (1, 0.49198466539382935), (2, 0.6453286409378052), (3, 0.7383142113685608), (0, 0.4097908139228821), (1, 0.8929105997085571), (2, 0.7716192007064819), (3, 0.8229660987854004), (0, 0.42912474274635315), (1, 0.5351690053939819), (2, 0.7632861733436584), (3, 1.0191534757614136), (0, 0.45144516229629517), (1, 0.9913835525512695), (2, 0.5316027998924255), (3, 0.8172351121902466), (0, 0.4191104769706726), (1, 0.8429695963859558), (2, 0.9338556528091431), (3, 0.7264176607131958), (0, 0.37531226873397827), (1, 0.7701929211616516), (2, 0.8797014951705933), (3, 1.0900428295135498), (0, 0.8933639526367188), (1, 0.494870662689209), (2, 1.0028021335601807), (3, 0.6481625437736511), (0, 0.6675801277160645), (1, 0.5145019888877869), (2, 0.7602606415748596), (3, 1.342158555984497), (0, 0.9115394353866577), (1, 0.4672178328037262), (2, 0.9224579930305481), (3, 1.0050690174102783), (0, 1.0904003381729126), (1, 0.6325861811637878), (2, 0.5420898199081421), (3, 0.7017294764518738), (0, 0.7753390073776245), (1, 0.3225749135017395), (2, 0.8010787963867188), (3, 1.4244773387908936), (0, 0.5425087213516235), (1, 0.7077983021736145), (2, 0.4631347060203552), (3, 0.6761603355407715), (0, 0.32719025015830994), (1, 0.6734237670898438), (2, 1.4306385517120361), (3, 0.5055971145629883), (0, 0.7338835000991821), (1, 0.7072548866271973), (2, 0.6967736482620239), (3, 0.5547822117805481), (0, 0.5665601491928101), (1, 0.8327080011367798), (2, 0.8289843797683716), (3, 0.42616868019104004), (0, 0.6217390298843384), (1, 0.8246238827705383), (2, 0.5939930081367493), (3, 0.5401529669761658), (0, 0.44956451654434204), (1, 0.3592142164707184), (2, 0.6762517690658569), (3, 1.4884015321731567), (0, 0.691284716129303), (1, 0.7577670216560364), (2, 0.4819205701351166), (3, 0.6390762329101562), (0, 0.40689975023269653), (1, 0.7947322130203247), (2, 0.8572993278503418), (3, 0.7157962918281555)]