Model Setup for Uniformvirtual {PATIENT_GROUPS} Trained Network:

{NETWORK_TYPE} Network Architecture Parameters
Input channels=22
Hidden channels=128
Output channels=1

Training hyperparameters
Optimizer=AdamW (
Parameter Group 0
    amsgrad: False
    betas: (0.9, 0.999)
    capturable: False
    differentiable: False
    eps: 1e-08
    foreach: None
    fused: None
    lr: 0.001
    maximize: False
    weight_decay: 1e-06
)Training Iterations=10
Learning rate=0.001
Weight decay=1e-06
Optimizer reset frequency=None

Dropout probability (after initial linear layer before NCDE): 0
Training Data Selection Parameters
(If not virtual, the only important params are the groups and whether data was normalized/standardized)
Patient groups=['Control', 'MDD']
Augmentation strategy=Uniform
Noise Magnitude=0.05
Normalized/standardized=StandardizeAll
Number of virtual patients per real patient=100
Label smoothing factor=0
Test Patient Combinations:
Control: (35, 1, 31, 14, 19)
MDD: (43, 3, 19, 7, 1)
Training batch size=200
Training Results:
Runtime=0.8383030891418457
Loss over time=[(0, 0.7197992205619812), (1, 0.6809544563293457), (2, 0.6774774789810181), (3, 0.6734994649887085), (4, 0.6681846380233765), (5, 0.6527838706970215), (6, 0.6380081176757812), (7, 0.6289564371109009), (8, 0.6418879628181458), (9, 0.5947757959365845), (10, 0.5910466909408569), (11, 0.586791455745697), (12, 0.5784286260604858), (13, 0.5793017745018005), (14, 0.5636494159698486), (15, 0.532925546169281), (16, 0.5432990193367004), (17, 0.5150489807128906), (18, 0.5160571932792664), (19, 0.4781506359577179), (20, 0.5287703275680542), (21, 0.4672563076019287), (22, 0.486236572265625), (23, 0.5069083571434021), (24, 0.4713955223560333), (25, 0.45178472995758057), (26, 0.4870034456253052), (27, 0.4206658601760864), (28, 0.46634337306022644), (29, 0.47503921389579773), (30, 0.37474632263183594), (31, 0.4334224462509155), (32, 0.4151945114135742), (33, 0.49052906036376953), (34, 0.3673732876777649), (35, 0.43690425157546997), (36, 0.35695594549179077), (37, 0.33258724212646484), (38, 0.3768170177936554), (39, 0.35968661308288574), (40, 0.38261210918426514), (41, 0.3706132471561432), (42, 0.34190720319747925), (43, 0.3567042946815491), (44, 0.35280442237854004), (45, 0.29633644223213196), (46, 0.3589891791343689), (47, 0.297700434923172), (48, 0.27695202827453613), (0, 0.3196619153022766), (1, 0.2915293872356415), (2, 0.24136358499526978), (3, 0.24750973284244537), (4, 0.22662733495235443), (5, 0.2515935003757477), (6, 0.21492919325828552), (7, 0.2153599113225937), (8, 0.17223230004310608), (9, 0.2504851222038269), (10, 0.1811295449733734), (11, 0.20948101580142975), (12, 0.2347436547279358), (13, 0.2527356445789337), (14, 0.1702086478471756), (15, 0.34461402893066406), (16, 0.26875048875808716), (17, 0.17303086817264557), (18, 0.16600072383880615), (19, 0.18877440690994263), (20, 0.24008819460868835), (21, 0.26967841386795044), (22, 0.15330255031585693), (23, 0.15556365251541138), (24, 0.1773241013288498), (25, 0.16553755104541779), (26, 0.14833544194698334), (27, 0.11176309734582901), (28, 0.14682427048683167), (29, 0.09600090235471725), (30, 0.15094298124313354), (31, 0.14261779189109802), (32, 0.12396436929702759), (33, 0.11212394386529922), (34, 0.10513558983802795), (35, 0.10352320969104767), (36, 0.10469894111156464), (37, 0.07986345887184143), (38, 0.07421349734067917), (39, 0.12512780725955963), (40, 0.0951555073261261), (41, 0.07588379830121994), (42, 0.06097884103655815), (43, 0.05361403152346611), (44, 0.09342870116233826), (45, 0.0653420239686966), (46, 0.06177808716893196), (47, 0.07288702577352524), (48, 0.0623500794172287), (0, 0.037098728120326996), (1, 0.06572853773832321), (2, 0.03520561754703522), (3, 0.08332714438438416), (4, 0.04755394533276558), (5, 0.06270609050989151), (6, 0.047828931361436844), (7, 0.03121364675462246), (8, 0.03077493980526924), (9, 0.03393549472093582), (10, 0.025739535689353943), (11, 0.02848401851952076), (12, 0.027223870158195496), (13, 0.027682889252901077), (14, 0.022505123168230057), (15, 0.025432363152503967), (16, 0.024094991385936737), (17, 0.023701267316937447), (18, 0.019681524485349655), (19, 0.016604039818048477), (20, 0.02809610217809677), (21, 0.009113026782870293), (22, 0.023373562842607498), (23, 0.011780169792473316), (24, 0.018999621272087097), (25, 0.02104971930384636), (26, 0.011153632774949074), (27, 0.021291358396410942), (28, 0.013643619604408741), (29, 0.015390593558549881), (30, 0.008107317611575127), (31, 0.016028285026550293), (32, 0.01147589460015297), (33, 0.011585117317736149), (34, 0.0074738371185958385), (35, 0.009693016298115253), (36, 0.010052277706563473), (37, 0.009286101907491684), (38, 0.015499483793973923), (39, 0.010030575096607208), (40, 0.007763604633510113), (41, 0.00509642856195569), (42, 0.006117735058069229), (43, 0.0035854289308190346), (44, 0.009590409696102142), (45, 0.005849151406437159), (46, 0.006005261093378067), (47, 0.006303506903350353), (48, 0.0072204722091555595), (0, 0.007243005093187094), (1, 0.004380656406283379), (2, 0.0051268297247588634), (3, 0.002906446810811758), (4, 0.003299127332866192), (5, 0.003129224991425872), (6, 0.004803685937076807), (7, 0.002671905094757676), (8, 0.002706782193854451), (9, 0.0036536669358611107), (10, 0.0019585764966905117), (11, 0.0024707410484552383), (12, 0.002531854435801506), (13, 0.0025127565022557974), (14, 0.001304278033785522), (15, 0.0019770071376115084), (16, 0.0026854865718632936), (17, 0.0021241751965135336), (18, 0.0016778564313426614), (19, 0.0020230200607329607), (20, 0.0018900349969044328), (21, 0.001440540887415409), (22, 0.0017676115967333317), (23, 0.0027489052154123783), (24, 0.0017475447384640574), (25, 0.001487781759351492), (26, 0.0014192909002304077), (27, 0.0013006228255107999), (28, 0.00143767474219203), (29, 0.0014644013717770576), (30, 0.0014634000835940242), (31, 0.0017876258352771401), (32, 0.0011088900500908494), (33, 0.0014531679917126894), (34, 0.0016355151310563087), (35, 0.0014740267070010304), (36, 0.001288401777856052), (37, 0.001268691150471568), (38, 0.0007432252168655396), (39, 0.000668163993395865), (40, 0.0009597290772944689), (41, 0.000926900131162256), (42, 0.0007431961712427437), (43, 0.0009725458221510053), (44, 0.0010869124671444297), (45, 0.0008688008529134095), (46, 0.0010043062502518296), (47, 0.0008293302962556481), (48, 0.0006606143433600664), (0, 0.0007819312741048634), (1, 0.0009861304424703121), (2, 0.0008689455571584404), (3, 0.0007900582859292626), (4, 0.0005556613323278725), (5, 0.0006696557393297553), (6, 0.0006510394159704447), (7, 0.0009107972728088498), (8, 0.0008030447643250227), (9, 0.0005841153324581683), (10, 0.0006624574889428914), (11, 0.0006067612557671964), (12, 0.000716059876140207), (13, 0.000718385330401361), (14, 0.0006397654069587588), (15, 0.0005270218825899065), (16, 0.0006224478129297495), (17, 0.0009863651357591152), (18, 0.0005809743888676167), (19, 0.0008410701993852854), (20, 0.0006428908091038465), (21, 0.0005862399702891707), (22, 0.0005992650985717773), (23, 0.0006533696432597935), (24, 0.0005152120720595121), (25, 0.000669964007101953), (26, 0.00041631978820078075), (27, 0.0004432997084222734), (28, 0.000525018956977874), (29, 0.0005119116394780576), (30, 0.00044299731962382793), (31, 0.00038365452201105654), (32, 0.0005741741042584181), (33, 0.0005204412154853344), (34, 0.00048290210543200374), (35, 0.0003007633495144546), (36, 0.00043790883501060307), (37, 0.0004967302666045725), (38, 0.0006019227439537644), (39, 0.0005152680678293109), (40, 0.0006006777985021472), (41, 0.00047117684152908623), (42, 0.0005228611989878118), (43, 0.00041791811236180365), (44, 0.0006627252441830933), (45, 0.00044501182856038213), (46, 0.00043494795681908727), (47, 0.000567685638088733), (48, 0.000482202012790367), (0, 0.00029486147104762495), (1, 0.0002750517742242664), (2, 0.000459476636024192), (3, 0.00045836393837817013), (4, 0.00032594401272945106), (5, 0.00034855763078667223), (6, 0.0003681341477204114), (7, 0.0003622804651968181), (8, 0.0002613472461234778), (9, 0.0003742936532944441), (10, 0.0003685400588437915), (11, 0.00027275524917058647), (12, 0.0005188059876672924), (13, 0.00034932748530991375), (14, 0.0003801799612119794), (15, 0.00042916665552183986), (16, 0.0003844006860163063), (17, 0.00035745074274018407), (18, 0.0002902241249103099), (19, 0.00032868635025806725), (20, 0.0002667941735126078), (21, 0.00043353650835342705), (22, 0.00030853651696816087), (23, 0.0004959141951985657), (24, 0.00039973881212063134), (25, 0.0003263235557824373), (26, 0.00029379758052527905), (27, 0.0003120108740404248), (28, 0.0004062443331349641), (29, 0.00025755888782441616), (30, 0.0002775640459731221), (31, 0.0003369430487509817), (32, 0.00042232326813973486), (33, 0.0002664929779712111), (34, 0.00025806750636547804), (35, 0.00031929253600537777), (36, 0.0003575019945856184), (37, 0.0003964596544392407), (38, 0.00035745202330872416), (39, 0.0003906883648596704), (40, 0.00030800423701293766), (41, 0.0002592946693766862), (42, 0.0002768155245576054), (43, 0.00031660718377679586), (44, 0.0003642166266217828), (45, 0.00023642029555048794), (46, 0.000235379469813779), (47, 0.0004464141675271094), (48, 0.00032742039184086025), (0, 0.000416557741118595), (1, 0.0002808112767525017), (2, 0.00030383619014173746), (3, 0.0002538041153457016), (4, 0.0002631364914122969), (5, 0.00019003674970008433), (6, 0.00025355935213156044), (7, 0.00020720392058137804), (8, 0.00031366528128273785), (9, 0.000274142250418663), (10, 0.0002519576228223741), (11, 0.0001956546475412324), (12, 0.00034011350362561643), (13, 0.0002568414784036577), (14, 0.00018915532564278692), (15, 0.00021664150699507445), (16, 0.0002479070972185582), (17, 0.00018580336472950876), (18, 0.0002239580062450841), (19, 0.0001433192373951897), (20, 0.00023762322962284088), (21, 0.00021235855820123106), (22, 0.00020691065583378077), (23, 0.00017423741519451141), (24, 0.0002387626882409677), (25, 0.0002891305193770677), (26, 0.0002124131133314222), (27, 0.00025366409681737423), (28, 0.00023213982058223337), (29, 0.0002485024160705507), (30, 0.0002349206479266286), (31, 0.000217105116462335), (32, 0.00026024813996627927), (33, 0.000267177791101858), (34, 0.00020284093625377864), (35, 0.00017261801986023784), (36, 0.00025087237008847296), (37, 0.00022148704738356173), (38, 0.00018448394257575274), (39, 0.00021368952002376318), (40, 0.00017324510554317385), (41, 0.0002252285776194185), (42, 0.0001879055635072291), (43, 0.00016648635210003704), (44, 0.00024297133495565504), (45, 0.0001814254210330546), (46, 0.0001802945917006582), (47, 0.00018070427177008241), (48, 0.00019846830400638282), (0, 0.00018288815044797957), (1, 0.0001325189950875938), (2, 0.0001508155110059306), (3, 0.0001230406342074275), (4, 0.00017789551930036396), (5, 0.00018516572890803218), (6, 0.00019862149201799184), (7, 0.00016564791440032423), (8, 0.00026264245389029384), (9, 0.0001377759617753327), (10, 0.00015151950356084853), (11, 0.00015749837621115148), (12, 0.00013989124272484332), (13, 0.00013321370352059603), (14, 0.00015292367606889457), (15, 0.00017693752306513488), (16, 0.00017155181558337063), (17, 0.0001312210370087996), (18, 0.00015938939759507775), (19, 0.00013733463129028678), (20, 0.00013766017218586057), (21, 0.00011933172936551273), (22, 0.00015674349560867995), (23, 0.00017287391528952867), (24, 0.00020743584900628775), (25, 0.0001550289016449824), (26, 0.00014433237083721906), (27, 0.00017983790894504637), (28, 0.0001132868419517763), (29, 0.00013081634824629873), (30, 0.00022635188361164182), (31, 0.0001614791835891083), (32, 0.0001726163609419018), (33, 0.0002117293915944174), (34, 0.00013418369053397328), (35, 0.0001562891120556742), (36, 0.0001921707735164091), (37, 0.00014349263801705092), (38, 0.00020803291408810765), (39, 0.00013488471449818462), (40, 0.0001749661169014871), (41, 0.0001974060432985425), (42, 0.00017025633133016527), (43, 0.0001777781726559624), (44, 0.00012574919674079865), (45, 0.00015839148545637727), (46, 0.00015908321074675769), (47, 0.00019958008488174528), (48, 0.00014170630311127752), (0, 0.00013450039841700345), (1, 0.00013186887372285128), (2, 0.00018625166558194906), (3, 0.0001381708716508001), (4, 0.0001745571498759091), (5, 0.00014723085041623563), (6, 0.00013837101869285107), (7, 0.00016932643484324217), (8, 0.00014261703472584486), (9, 0.00014247596845962107), (10, 9.425986354472116e-05), (11, 0.00012534932466223836), (12, 0.0001453729346394539), (13, 9.177661559078842e-05), (14, 0.00013494417362380773), (15, 0.00014356763858813792), (16, 7.094416650943458e-05), (17, 9.798187966225669e-05), (18, 0.00010042927169706672), (19, 9.815043449634686e-05), (20, 0.00010442149505252019), (21, 0.0001273226662306115), (22, 0.00012072075332980603), (23, 0.00010517253394937143), (24, 0.00016485303058288991), (25, 0.00010045896488009021), (26, 9.987266093958169e-05), (27, 0.0001243068400071934), (28, 0.000137838811497204), (29, 0.00011944527068408206), (30, 0.00013107222912367433), (31, 0.00011369864660082385), (32, 0.00012071293167537078), (33, 9.138725727098063e-05), (34, 0.00012511426757555455), (35, 0.0001288285420741886), (36, 0.0001622649870114401), (37, 9.089625382330269e-05), (38, 9.4246344815474e-05), (39, 0.00012437110126484185), (40, 0.00010189510066993535), (41, 0.00014104544243309647), (42, 0.0001752554380800575), (43, 7.240026025101542e-05), (44, 0.00010289581405231729), (45, 7.520284270867705e-05), (46, 0.00010564203694229946), (47, 0.00011120655835838988), (48, 0.00011301513586658984), (0, 9.434774256078526e-05), (1, 0.00010175782517762855), (2, 9.008192137116566e-05), (3, 0.00010807929356815293), (4, 0.00012472458183765411), (5, 7.246194581966847e-05), (6, 5.972987491986714e-05), (7, 9.403407602803782e-05), (8, 0.00011569508205866441), (9, 7.272751827258617e-05), (10, 9.936012065736577e-05), (11, 0.00015038994024507701), (12, 0.00013525725807994604), (13, 0.00011788767005782574), (14, 9.525955829303712e-05), (15, 0.00013405113713815808), (16, 8.088181493803859e-05), (17, 0.00010201504483120516), (18, 0.00010358626605011523), (19, 8.430478919763118e-05), (20, 9.813618817133829e-05), (21, 7.100966467987746e-05), (22, 7.631700282217935e-05), (23, 8.786509715719149e-05), (24, 0.00011189973884029314), (25, 8.989827620098367e-05), (26, 0.00010479392221895978), (27, 7.935587200336158e-05), (28, 0.0001066022741724737), (29, 8.253333362517878e-05), (30, 8.599676220910624e-05), (31, 9.68359163380228e-05), (32, 0.00010884944640565664), (33, 9.071298700291663e-05), (34, 9.671220323070884e-05), (35, 0.00010962937085423619), (36, 5.4002986871637404e-05), (37, 9.513100667390972e-05), (38, 7.588412699988112e-05), (39, 8.520222036167979e-05), (40, 7.994927727850154e-05), (41, 9.66395964496769e-05), (42, 7.874781294958666e-05), (43, 0.00011691307736327872), (44, 8.051158511079848e-05), (45, 7.550613372586668e-05), (46, 8.135721873259172e-05), (47, 7.012407149886712e-05), (48, 9.203018271364272e-05)]