Model Setup for {PATIENT_GROUPS} Trained Network:

NODE Network Architecture Parameters
Input channels=2
Hidden channels=11
Output channels=2

Training hyperparameters
Optimizer=AdamW (
Parameter Group 0
    amsgrad: False
    betas: (0.9, 0.999)
    capturable: False
    differentiable: False
    eps: 1e-08
    foreach: None
    fused: None
    lr: 0.001
    maximize: False
    weight_decay: 1e-06
)Training Iterations=100
Learning rate=0.001
Weight decay=1e-06
Optimizer reset frequency=None

Dropout probability (after initial linear layer before NCDE): 0.0
Training Data Selection Parameters
(If not virtual, the only important params are the groups and whether data was normalized/standardized)
Patient groups=['Control', 'MDD']
Augmentation strategy=Uniform
Noise Magnitude=0.05
Normalized/standardized=StandardizeAll
Number of virtual patients per real patient=100
Label smoothing factor=0
Test Patient Combinations:
Control: (25, 44, 40, 41, 43)
MDD: (0, 30, 46, 17, 23)
Training batch size=5
Training Results:
Runtime=19.943721294403076
Loss over time=[(0, 0.7817144989967346), (1, 0.44268298149108887), (2, 0.5030021667480469), (3, 0.7683447599411011), (4, 0.8297208547592163), (5, 0.8726806640625), (6, 0.7929468750953674), (7, 0.670470118522644), (8, 1.0383669137954712), (9, 0.798420786857605), (10, 0.5858559608459473), (11, 0.6370013952255249), (12, 0.7591311931610107), (13, 0.6943075060844421), (14, 0.7306424975395203), (15, 0.6540524363517761), (16, 0.9997575879096985), (17, 0.8015052080154419), (18, 0.5846840143203735), (19, 0.5980595946311951), (0, 0.59968101978302), (1, 0.7176598310470581), (2, 0.8214861154556274), (3, 0.8185991048812866), (4, 0.690674364566803), (5, 0.5596518516540527), (6, 0.9227026104927063), (7, 0.9085986018180847), (8, 0.7293975949287415), (9, 0.6639239192008972), (10, 0.9184649586677551), (11, 0.5603718757629395), (12, 0.763344943523407), (13, 0.5204321146011353), (14, 0.7548574209213257), (15, 0.629452109336853), (16, 0.5671182870864868), (17, 0.5487135052680969), (18, 0.6837410926818848), (19, 0.8595206141471863), (0, 0.7938740253448486), (1, 0.860787570476532), (2, 0.8741700053215027), (3, 0.7289252281188965), (4, 0.6723531484603882), (5, 0.6081002354621887), (6, 0.6965454816818237), (7, 0.7528510093688965), (8, 0.7188472747802734), (9, 0.6376786231994629), (10, 0.6078967452049255), (11, 0.779431164264679), (12, 0.6253049969673157), (13, 0.9204212427139282), (14, 0.5240398049354553), (15, 0.52381432056427), (16, 0.6899020075798035), (17, 0.7263524532318115), (18, 0.7677862048149109), (19, 0.6425036787986755), (0, 0.7100292444229126), (1, 0.5753659009933472), (2, 0.7695534825325012), (3, 0.7304512858390808), (4, 0.9140375852584839), (5, 0.65115886926651), (6, 0.6301149129867554), (7, 0.7268717885017395), (8, 0.7482194900512695), (9, 0.9856897592544556), (10, 0.6872406005859375), (11, 0.5701612234115601), (12, 0.5577279329299927), (13, 0.7927866578102112), (14, 0.6166523694992065), (15, 0.6514741778373718), (16, 0.5920000076293945), (17, 0.6889890432357788), (18, 0.8237754106521606), (19, 0.7871395945549011), (0, 0.5904189944267273), (1, 0.6119905710220337), (2, 0.717319905757904), (3, 0.8544539213180542), (4, 0.6530171632766724), (5, 0.6006374955177307), (6, 0.8166401982307434), (7, 0.6878728270530701), (8, 0.6904476881027222), (9, 0.7803745865821838), (10, 0.8706571459770203), (11, 0.6635375022888184), (12, 0.6456127762794495), (13, 0.7858644723892212), (14, 0.769964337348938), (15, 0.6059325933456421), (16, 0.8306256532669067), (17, 0.7694913744926453), (18, 0.6128527522087097), (19, 0.5614525079727173), (0, 0.6702848672866821), (1, 0.815841555595398), (2, 0.7295321226119995), (3, 0.5944002866744995), (4, 0.6942338943481445), (5, 0.5669485330581665), (6, 0.6718910932540894), (7, 0.8027793765068054), (8, 0.7301395535469055), (9, 0.5726286172866821), (10, 0.6226989030838013), (11, 0.6394742131233215), (12, 0.888791561126709), (13, 0.5077453851699829), (14, 0.9379631280899048), (15, 0.6992238759994507), (16, 0.6648808717727661), (17, 0.8262313604354858), (18, 0.910144031047821), (19, 0.5812509655952454), (0, 0.5386149287223816), (1, 0.7261239290237427), (2, 0.7755810618400574), (3, 0.8155654072761536), (4, 0.6649254560470581), (5, 0.7673105001449585), (6, 0.7888451814651489), (7, 0.6456010341644287), (8, 0.6473903656005859), (9, 0.6984319686889648), (10, 0.7612766027450562), (11, 0.7961728572845459), (12, 0.6944140195846558), (13, 0.5863076448440552), (14, 0.7791813611984253), (15, 0.5844199061393738), (16, 0.6304771900177002), (17, 0.9093096852302551), (18, 0.6875869631767273), (19, 0.6617457270622253), (0, 0.7227226495742798), (1, 0.8066323399543762), (2, 0.7782281041145325), (3, 0.6986273527145386), (4, 0.7156482338905334), (5, 0.6089977622032166), (6, 0.4900217056274414), (7, 0.6890166997909546), (8, 0.8717910647392273), (9, 0.7385238409042358), (10, 0.7513899803161621), (11, 0.7650352716445923), (12, 0.540841281414032), (13, 0.7314669489860535), (14, 0.6736313104629517), (15, 0.6858112812042236), (16, 0.827290415763855), (17, 0.6644415259361267), (18, 0.7148846983909607), (19, 0.6993017196655273), (0, 0.7962707281112671), (1, 0.7841350436210632), (2, 0.7504874467849731), (3, 0.5571963787078857), (4, 0.6235227584838867), (5, 0.6959724426269531), (6, 0.7223743200302124), (7, 0.9016557931900024), (8, 0.6155121326446533), (9, 0.6269093155860901), (10, 0.623874306678772), (11, 0.8230164647102356), (12, 0.6074618697166443), (13, 0.7981802225112915), (14, 0.5836682319641113), (15, 0.6516105532646179), (16, 0.873246967792511), (17, 0.771201491355896), (18, 0.6237002015113831), (19, 0.7743116021156311), (0, 0.8053193092346191), (1, 0.7973545789718628), (2, 0.5293156504631042), (3, 0.6064220666885376), (4, 0.686098575592041), (5, 0.6288034915924072), (6, 0.8225727081298828), (7, 0.8561428189277649), (8, 0.8712975382804871), (9, 0.7312055826187134), (10, 1.0449535846710205), (11, 0.4986775517463684), (12, 0.5964874625205994), (13, 0.5920710563659668), (14, 0.7330067157745361), (15, 0.7181481122970581), (16, 0.6967518329620361), (17, 0.6431392431259155), (18, 0.7138172388076782), (19, 0.5383308529853821), (0, 0.5647695064544678), (1, 0.5856765508651733), (2, 0.703307032585144), (3, 0.6784167885780334), (4, 0.9419779777526855), (5, 0.6981035470962524), (6, 0.613935649394989), (7, 0.7223652005195618), (8, 0.782160222530365), (9, 0.6688376069068909), (10, 0.8248350024223328), (11, 0.8697717785835266), (12, 0.628628134727478), (13, 0.6939796209335327), (14, 0.6359907388687134), (15, 0.7571245431900024), (16, 0.9022074937820435), (17, 0.6573508381843567), (18, 0.5133652687072754), (19, 0.7529668807983398), (0, 0.8057252764701843), (1, 0.9191287755966187), (2, 0.7789416313171387), (3, 0.6226292848587036), (4, 0.7591985464096069), (5, 0.8416597247123718), (6, 0.6067609786987305), (7, 0.49735507369041443), (8, 0.6238167881965637), (9, 0.7671704292297363), (10, 0.5898019671440125), (11, 0.837558925151825), (12, 0.7833779454231262), (13, 0.8384349942207336), (14, 0.6591205596923828), (15, 0.5472784042358398), (16, 0.5893450975418091), (17, 0.654414176940918), (18, 0.762665331363678), (19, 0.6836662292480469), (0, 1.0550343990325928), (1, 0.6699264049530029), (2, 0.5897412300109863), (3, 0.6812481880187988), (4, 0.8321558833122253), (5, 0.6000980138778687), (6, 0.6663556098937988), (7, 0.7818464040756226), (8, 0.6736145615577698), (9, 0.704413652420044), (10, 0.6077064275741577), (11, 0.7681092023849487), (12, 0.8244185447692871), (13, 0.516174852848053), (14, 0.6167468428611755), (15, 0.898229718208313), (16, 0.6110686659812927), (17, 0.7517291903495789), (18, 0.60823655128479), (19, 0.7295487523078918), (0, 0.7135668992996216), (1, 0.6521635055541992), (2, 0.833548367023468), (3, 0.7754309773445129), (4, 0.6304733157157898), (5, 0.5733785629272461), (6, 0.740379273891449), (7, 0.7415132522583008), (8, 0.6680355668067932), (9, 0.8925843238830566), (10, 0.6503599882125854), (11, 0.621246337890625), (12, 0.6928457021713257), (13, 0.6776753067970276), (14, 0.6726299524307251), (15, 0.6386882662773132), (16, 0.7696889042854309), (17, 0.660216212272644), (18, 0.7816992402076721), (19, 0.8474328517913818), (0, 0.7651026844978333), (1, 0.7375407218933105), (2, 0.7749220132827759), (3, 0.8377406001091003), (4, 0.7467967867851257), (5, 0.5198502540588379), (6, 0.5957204699516296), (7, 0.5922690629959106), (8, 0.6960358023643494), (9, 0.8637123107910156), (10, 0.6930541396141052), (11, 0.6857367753982544), (12, 0.6200132966041565), (13, 0.6238847374916077), (14, 0.7360666394233704), (15, 0.790246307849884), (16, 0.6351600885391235), (17, 0.8835932016372681), (18, 0.6224945783615112), (19, 0.7910720705986023), (0, 0.6052640080451965), (1, 0.6252212524414062), (2, 0.7411189079284668), (3, 0.6943443417549133), (4, 0.938473105430603), (5, 0.5754257440567017), (6, 0.7671405673027039), (7, 0.6761813163757324), (8, 0.6975027322769165), (9, 0.6556566953659058), (10, 0.7351830005645752), (11, 0.8046514391899109), (12, 0.6529097557067871), (13, 0.6672717332839966), (14, 0.7622195482254028), (15, 0.6799018979072571), (16, 0.6767322421073914), (17, 0.738033652305603), (18, 0.6103522777557373), (19, 0.9849990010261536), (0, 0.8266089558601379), (1, 0.6010840535163879), (2, 0.5745571851730347), (3, 0.7345471978187561), (4, 0.8147525787353516), (5, 0.8655900955200195), (6, 0.5639599561691284), (7, 0.9167122840881348), (8, 0.6820085644721985), (9, 0.802018940448761), (10, 0.7089702486991882), (11, 0.6708361506462097), (12, 0.625178337097168), (13, 0.6798532605171204), (14, 0.8723139762878418), (15, 0.6843241453170776), (16, 0.6098366975784302), (17, 0.6853196024894714), (18, 0.5535142421722412), (19, 0.7043288350105286), (0, 0.9768961668014526), (1, 0.7785703539848328), (2, 0.523693323135376), (3, 0.7430781722068787), (4, 0.7058892846107483), (5, 0.6032987236976624), (6, 0.6353281736373901), (7, 0.6894129514694214), (8, 0.7643169164657593), (9, 0.7832792401313782), (10, 0.5428951382637024), (11, 0.6398659348487854), (12, 0.6619495153427124), (13, 0.6223456859588623), (14, 0.8931752443313599), (15, 0.5953693389892578), (16, 0.6769641041755676), (17, 0.6431586146354675), (18, 0.7452074289321899), (19, 1.1164824962615967), (0, 0.7299844026565552), (1, 0.5078943967819214), (2, 0.6927624940872192), (3, 0.6003977656364441), (4, 0.7181919813156128), (5, 0.861801266670227), (6, 0.8626023530960083), (7, 0.7106364965438843), (8, 0.7310789823532104), (9, 0.6542454957962036), (10, 0.6882908344268799), (11, 0.7136021852493286), (12, 0.7457740306854248), (13, 0.7051212191581726), (14, 0.6657612919807434), (15, 0.6961190104484558), (16, 0.6023495197296143), (17, 0.7312374114990234), (18, 0.7049159407615662), (19, 0.9530276656150818), (0, 0.6191629767417908), (1, 0.6965052485466003), (2, 0.594027042388916), (3, 0.738102376461029), (4, 0.7453416585922241), (5, 0.7031580209732056), (6, 0.7474384307861328), (7, 0.715166449546814), (8, 0.6166797280311584), (9, 0.7423104643821716), (10, 0.8272695541381836), (11, 0.7493551969528198), (12, 0.6182392835617065), (13, 0.7079242467880249), (14, 0.9399240612983704), (15, 0.6149232983589172), (16, 0.7082654237747192), (17, 0.7279195785522461), (18, 0.6988549828529358), (19, 0.6400265097618103), (0, 0.7710153460502625), (1, 0.7656831741333008), (2, 0.6922849416732788), (3, 0.6718010902404785), (4, 0.6960433721542358), (5, 0.6527966260910034), (6, 0.799616813659668), (7, 0.6949838399887085), (8, 0.6381481289863586), (9, 0.727432906627655), (10, 0.6673086881637573), (11, 0.6021769642829895), (12, 0.9241916537284851), (13, 0.6886779069900513), (14, 0.7346763014793396), (15, 0.688819408416748), (16, 0.7294002771377563), (17, 0.7389730215072632), (18, 0.5088358521461487), (19, 0.836195707321167), (0, 0.6773010492324829), (1, 0.6894638538360596), (2, 0.6344032287597656), (3, 0.6813032031059265), (4, 0.5932559967041016), (5, 0.8501093983650208), (6, 0.5678975582122803), (7, 0.7790893316268921), (8, 0.5598300099372864), (9, 0.6828805208206177), (10, 0.7337774038314819), (11, 0.628414511680603), (12, 0.7847980260848999), (13, 0.8212372064590454), (14, 0.8762901425361633), (15, 0.725859522819519), (16, 0.8576000332832336), (17, 0.7250638008117676), (18, 0.670751690864563), (19, 0.5920957922935486), (0, 0.8315744400024414), (1, 0.7600849866867065), (2, 0.5458514094352722), (3, 0.8329461812973022), (4, 0.7740722894668579), (5, 0.8680936098098755), (6, 0.7189393043518066), (7, 0.4965248107910156), (8, 0.6828993558883667), (9, 0.7609997987747192), (10, 0.7504884004592896), (11, 0.5214139223098755), (12, 0.5951231718063354), (13, 0.6013051271438599), (14, 0.8191325068473816), (15, 0.7271043658256531), (16, 0.7759527564048767), (17, 0.6278125047683716), (18, 0.8216894865036011), (19, 0.6376253962516785), (0, 0.6537995934486389), (1, 0.7290734052658081), (2, 0.7661772966384888), (3, 0.618789792060852), (4, 0.6928313374519348), (5, 0.6578340530395508), (6, 0.8162850141525269), (7, 0.8754941821098328), (8, 0.7555473446846008), (9, 0.6562547087669373), (10, 0.6491365432739258), (11, 0.7799209356307983), (12, 0.7190030813217163), (13, 0.7635482549667358), (14, 0.6824913620948792), (15, 0.7321075201034546), (16, 0.6096389889717102), (17, 0.5593215227127075), (18, 0.7277701497077942), (19, 0.7492644190788269), (0, 0.7320659160614014), (1, 0.6423701047897339), (2, 0.6345075368881226), (3, 0.617782711982727), (4, 1.1022188663482666), (5, 0.7724260091781616), (6, 0.6961930990219116), (7, 0.7973386645317078), (8, 0.7558592557907104), (9, 0.5760520100593567), (10, 0.713991641998291), (11, 0.6655977964401245), (12, 0.7263850569725037), (13, 0.7058984041213989), (14, 0.7442433834075928), (15, 0.6820117235183716), (16, 0.7453429698944092), (17, 0.6253647208213806), (18, 0.6547856330871582), (19, 0.5069140195846558), (0, 0.6303005218505859), (1, 0.7408841848373413), (2, 0.7064152956008911), (3, 0.6854987144470215), (4, 0.5823884010314941), (5, 0.6278911232948303), (6, 0.7611969709396362), (7, 0.557346522808075), (8, 0.882473349571228), (9, 0.675399661064148), (10, 0.9771815538406372), (11, 0.6415455937385559), (12, 0.7920700907707214), (13, 0.5655982494354248), (14, 0.8185170292854309), (15, 0.8209492564201355), (16, 0.6484411954879761), (17, 0.6616314649581909), (18, 0.6225144863128662), (19, 0.8272335529327393), (0, 0.7760859131813049), (1, 0.7180840373039246), (2, 0.7222650647163391), (3, 0.7300196886062622), (4, 0.6743066906929016), (5, 0.6853957176208496), (6, 0.6864854693412781), (7, 0.5882517695426941), (8, 0.6613856554031372), (9, 0.8577772378921509), (10, 0.5696212649345398), (11, 0.9180463552474976), (12, 0.6731863021850586), (13, 0.7128163576126099), (14, 0.8425061106681824), (15, 0.5444756746292114), (16, 0.5274697542190552), (17, 0.785240650177002), (18, 0.7071915864944458), (19, 0.8566206097602844), (0, 0.7565045952796936), (1, 0.8909703493118286), (2, 0.725421130657196), (3, 0.57962566614151), (4, 0.7863886952400208), (5, 0.7585476636886597), (6, 0.6397286057472229), (7, 0.728695273399353), (8, 0.8707467913627625), (9, 0.8075540661811829), (10, 0.7846589684486389), (11, 0.7081080675125122), (12, 0.8085220456123352), (13, 0.6387340426445007), (14, 0.540671706199646), (15, 0.7983619570732117), (16, 0.5222951769828796), (17, 0.6447468400001526), (18, 0.516311764717102), (19, 0.646650493144989), (0, 0.8253134489059448), (1, 0.6622399091720581), (2, 0.6473138928413391), (3, 0.7328580617904663), (4, 0.6967569589614868), (5, 0.7833776473999023), (6, 0.6593570709228516), (7, 0.6660155057907104), (8, 0.944513201713562), (9, 0.737409770488739), (10, 0.6719722747802734), (11, 0.6238532066345215), (12, 0.6637970209121704), (13, 0.5620902180671692), (14, 0.6301019787788391), (15, 0.8758444786071777), (16, 0.766257643699646), (17, 0.6246019005775452), (18, 0.7563163042068481), (19, 0.6076552867889404), (0, 0.7667717337608337), (1, 0.5610363483428955), (2, 0.6956633925437927), (3, 0.7055110931396484), (4, 0.7992245554924011), (5, 0.6746269464492798), (6, 0.8145433664321899), (7, 0.7156473994255066), (8, 0.8175269365310669), (9, 0.6750838756561279), (10, 0.6745148301124573), (11, 0.6209978461265564), (12, 0.8026195764541626), (13, 0.6311588287353516), (14, 0.7240134477615356), (15, 0.5930448770523071), (16, 0.5644400715827942), (17, 0.8423183560371399), (18, 0.8264657855033875), (19, 0.6489575505256653), (0, 0.7562315464019775), (1, 0.750576913356781), (2, 0.6030019521713257), (3, 0.7181335687637329), (4, 0.7968155145645142), (5, 0.7032161951065063), (6, 0.6951373815536499), (7, 0.7011746168136597), (8, 0.7799273133277893), (9, 0.6159321665763855), (10, 0.5616728067398071), (11, 0.5415938496589661), (12, 0.8758803606033325), (13, 0.6985970735549927), (14, 0.7820963859558105), (15, 0.7412535548210144), (16, 0.6545175909996033), (17, 0.833382248878479), (18, 0.7202531099319458), (19, 0.6086498498916626), (0, 0.7969601154327393), (1, 0.9192797541618347), (2, 0.6565386056900024), (3, 0.6311532855033875), (4, 0.8041011095046997), (5, 0.5564895272254944), (6, 0.671011209487915), (7, 0.5286570191383362), (8, 0.6219592094421387), (9, 0.5044532418251038), (10, 0.9259647130966187), (11, 0.71306312084198), (12, 0.7493894100189209), (13, 0.710493803024292), (14, 0.8098917007446289), (15, 0.6775192022323608), (16, 0.8303183317184448), (17, 0.6262887716293335), (18, 0.7935906648635864), (19, 0.6124349236488342), (0, 0.6139291524887085), (1, 0.7667099237442017), (2, 0.71471107006073), (3, 0.6734926104545593), (4, 0.8882176280021667), (5, 0.9655669927597046), (6, 0.9067401885986328), (7, 0.6220129132270813), (8, 0.6448588371276855), (9, 0.9066367149353027), (10, 0.6294700503349304), (11, 0.9154195785522461), (12, 0.607336163520813), (13, 0.6535485982894897), (14, 0.6028994917869568), (15, 0.6692948341369629), (16, 0.5779711008071899), (17, 0.6626917123794556), (18, 0.5266655683517456), (19, 0.5773510932922363), (0, 0.6192111968994141), (1, 0.7601986527442932), (2, 1.0509628057479858), (3, 0.6354633569717407), (4, 0.6056019067764282), (5, 0.607380747795105), (6, 0.7294300198554993), (7, 0.6369876861572266), (8, 0.8701095581054688), (9, 0.5482338666915894), (10, 0.7882770895957947), (11, 0.5671451687812805), (12, 0.7271045446395874), (13, 0.8630706667900085), (14, 0.6863826513290405), (15, 0.6942793726921082), (16, 0.729816734790802), (17, 0.5734809041023254), (18, 0.7928569912910461), (19, 0.6809830665588379), (0, 1.0057945251464844), (1, 0.6685223579406738), (2, 0.8003617525100708), (3, 0.5827843546867371), (4, 0.7095451951026917), (5, 0.8707922697067261), (6, 0.6866247057914734), (7, 0.7307745218276978), (8, 0.6752929091453552), (9, 0.6546670794487), (10, 0.6391990184783936), (11, 0.5682193636894226), (12, 0.5459151268005371), (13, 0.6779448390007019), (14, 0.48995906114578247), (15, 0.7931222319602966), (16, 0.8236621618270874), (17, 0.76795494556427), (18, 0.6613003015518188), (19, 0.9035781025886536), (0, 0.7175973057746887), (1, 0.7171379327774048), (2, 0.595482349395752), (3, 0.7531410455703735), (4, 0.6185151934623718), (5, 0.5401643514633179), (6, 0.6233217716217041), (7, 0.6516363024711609), (8, 0.6417048573493958), (9, 0.6321526765823364), (10, 1.0738147497177124), (11, 0.5668147206306458), (12, 0.680916428565979), (13, 0.7787095308303833), (14, 0.7175686955451965), (15, 0.7755656242370605), (16, 0.7954027056694031), (17, 0.772320568561554), (18, 0.7658580541610718), (19, 0.7945980429649353), (0, 0.5716112852096558), (1, 0.7625444531440735), (2, 0.5844760537147522), (3, 0.6202393174171448), (4, 0.93694007396698), (5, 0.7789811491966248), (6, 0.6696718335151672), (7, 0.7409363985061646), (8, 0.6472083926200867), (9, 0.738572895526886), (10, 0.6886548399925232), (11, 0.6196798086166382), (12, 0.5834656953811646), (13, 0.8013173937797546), (14, 0.8583935499191284), (15, 0.6365948915481567), (16, 0.7553324699401855), (17, 0.9327526092529297), (18, 0.5691671371459961), (19, 0.6634054183959961), (0, 1.0282158851623535), (1, 0.9853028059005737), (2, 0.7785652875900269), (3, 0.5912684202194214), (4, 0.6158760190010071), (5, 0.5453194379806519), (6, 0.7355462312698364), (7, 0.6660699844360352), (8, 0.6862836480140686), (9, 0.6262575387954712), (10, 0.7865716814994812), (11, 0.7202267646789551), (12, 0.6464675664901733), (13, 0.6548694372177124), (14, 0.6027017831802368), (15, 0.7419761419296265), (16, 0.621100902557373), (17, 0.7502841949462891), (18, 0.7059980630874634), (19, 0.6761364340782166), (0, 0.5915294885635376), (1, 0.7471783757209778), (2, 0.6428071856498718), (3, 0.7420992851257324), (4, 0.7799482941627502), (5, 0.7974216341972351), (6, 0.5791449546813965), (7, 0.6997456550598145), (8, 0.709111213684082), (9, 0.6885560750961304), (10, 0.7248152494430542), (11, 0.6150527000427246), (12, 0.695776641368866), (13, 0.8071870803833008), (14, 0.7006868124008179), (15, 0.6698195338249207), (16, 0.7440816760063171), (17, 0.9107059240341187), (18, 0.7074556946754456), (19, 0.5691003203392029), (0, 0.6185052990913391), (1, 0.6796674132347107), (2, 0.6804214119911194), (3, 0.5981345772743225), (4, 0.5912599563598633), (5, 0.7117522358894348), (6, 0.602946400642395), (7, 0.5319381952285767), (8, 0.6951450109481812), (9, 0.8220590353012085), (10, 0.826729953289032), (11, 0.6851609349250793), (12, 0.8712226748466492), (13, 0.6323933005332947), (14, 0.7300674319267273), (15, 0.7997432947158813), (16, 0.8171014785766602), (17, 0.7580283880233765), (18, 0.6897232532501221), (19, 0.9209723472595215), (0, 0.6967283487319946), (1, 0.7172683477401733), (2, 0.7847892045974731), (3, 0.8629056811332703), (4, 0.635003387928009), (5, 0.6117364764213562), (6, 0.6630216240882874), (7, 0.7179698944091797), (8, 0.6035319566726685), (9, 0.6980616450309753), (10, 0.8104756474494934), (11, 0.7654421329498291), (12, 0.6869217753410339), (13, 0.803205668926239), (14, 0.7034962773323059), (15, 0.6090899109840393), (16, 0.7247852087020874), (17, 0.6621301770210266), (18, 0.7921199798583984), (19, 0.5764999985694885), (0, 0.6526321172714233), (1, 0.7767593264579773), (2, 0.8618170022964478), (3, 0.7775835990905762), (4, 0.8622326850891113), (5, 0.5834606885910034), (6, 0.7279369831085205), (7, 0.7089241147041321), (8, 0.6086276173591614), (9, 0.6687401533126831), (10, 0.5580610632896423), (11, 0.7278581857681274), (12, 0.9677470922470093), (13, 0.68699049949646), (14, 0.6624945402145386), (15, 0.6133121252059937), (16, 0.6196925044059753), (17, 0.6686556935310364), (18, 0.6680504083633423), (19, 0.821678638458252), (0, 0.6658002138137817), (1, 0.55281662940979), (2, 0.6081252098083496), (3, 0.6867755055427551), (4, 0.838809609413147), (5, 0.9269752502441406), (6, 0.8888542056083679), (7, 0.6881738901138306), (8, 0.9171240925788879), (9, 0.8011118173599243), (10, 0.5899304151535034), (11, 0.7243220210075378), (12, 0.6364669799804688), (13, 0.8780646324157715), (14, 0.6192100644111633), (15, 0.694809079170227), (16, 0.6780179142951965), (17, 0.6014338731765747), (18, 0.5885577201843262), (19, 0.51534104347229), (0, 0.6461894512176514), (1, 0.7984066605567932), (2, 0.6665800213813782), (3, 0.8165866732597351), (4, 0.6802175045013428), (5, 0.612054169178009), (6, 0.8134201765060425), (7, 0.5594477653503418), (8, 0.7549265623092651), (9, 0.5746316313743591), (10, 0.6971511840820312), (11, 0.6744786500930786), (12, 0.6592932939529419), (13, 0.7454533576965332), (14, 0.8503580093383789), (15, 0.5439959764480591), (16, 0.7428122758865356), (17, 0.7730406522750854), (18, 0.8920880556106567), (19, 0.6557530760765076), (0, 0.6593459844589233), (1, 0.6650677919387817), (2, 0.7008413076400757), (3, 0.8328008651733398), (4, 0.6758274435997009), (5, 0.5171294808387756), (6, 0.8221837282180786), (7, 0.6391370892524719), (8, 0.6724970936775208), (9, 0.838293194770813), (10, 0.5712747573852539), (11, 0.9177687764167786), (12, 0.6388533711433411), (13, 0.6264273524284363), (14, 0.8923994302749634), (15, 0.7384508848190308), (16, 0.544768214225769), (17, 0.7261654734611511), (18, 0.77653968334198), (19, 0.7313531041145325), (0, 0.6286889910697937), (1, 0.6776477098464966), (2, 0.7467405200004578), (3, 0.7538653612136841), (4, 0.6131876707077026), (5, 0.9738740921020508), (6, 0.4643264710903168), (7, 0.8592002987861633), (8, 0.7128552198410034), (9, 0.7928186655044556), (10, 0.7456943392753601), (11, 0.6291790008544922), (12, 0.5959747433662415), (13, 0.6199046969413757), (14, 0.7149840593338013), (15, 0.867702305316925), (16, 0.8266569375991821), (17, 0.7041124105453491), (18, 0.6239801645278931), (19, 0.5719836354255676), (0, 0.8912328481674194), (1, 0.8814553022384644), (2, 0.5909838676452637), (3, 0.803607165813446), (4, 0.7025343775749207), (5, 0.6886351108551025), (6, 0.7330454587936401), (7, 0.6921421885490417), (8, 0.736998975276947), (9, 0.6632763743400574), (10, 0.537280261516571), (11, 0.7454163432121277), (12, 0.6507433652877808), (13, 0.7667869329452515), (14, 0.6881628036499023), (15, 0.7665936946868896), (16, 0.8048155903816223), (17, 0.6951771974563599), (18, 0.5260617136955261), (19, 0.5493898987770081), (0, 0.7056072354316711), (1, 0.8320703506469727), (2, 0.7051693201065063), (3, 0.6345647573471069), (4, 0.554374098777771), (5, 0.6085637807846069), (6, 0.6933028697967529), (7, 0.6874427795410156), (8, 0.6466180086135864), (9, 0.7664572596549988), (10, 0.8423495292663574), (11, 0.7880535125732422), (12, 0.771766185760498), (13, 0.8735440373420715), (14, 0.668118953704834), (15, 0.7154128551483154), (16, 0.6156776547431946), (17, 0.7637824416160583), (18, 0.6280298233032227), (19, 0.6561307311058044), (0, 0.7057483792304993), (1, 0.7391682267189026), (2, 0.7020079493522644), (3, 0.6359487771987915), (4, 0.5687631368637085), (5, 0.6401172280311584), (6, 0.5835407376289368), (7, 0.8391729593276978), (8, 0.6855314373970032), (9, 0.8675454258918762), (10, 0.905592143535614), (11, 0.5354619026184082), (12, 0.8026135563850403), (13, 0.790274441242218), (14, 0.8816487193107605), (15, 0.7185141444206238), (16, 0.7262880206108093), (17, 0.7308529615402222), (18, 0.5921248197555542), (19, 0.4061146676540375), (0, 0.588839590549469), (1, 0.688915491104126), (2, 0.7776868939399719), (3, 0.7047319412231445), (4, 0.6445497274398804), (5, 0.7833513021469116), (6, 0.7893222570419312), (7, 0.7955085039138794), (8, 0.632158637046814), (9, 0.8560141324996948), (10, 0.8935257792472839), (11, 0.7006896138191223), (12, 0.751441478729248), (13, 0.6165615320205688), (14, 0.6730777621269226), (15, 0.5312677621841431), (16, 0.6947928667068481), (17, 0.5749540328979492), (18, 0.8639453649520874), (19, 0.555415153503418), (0, 0.8707138299942017), (1, 0.8213578462600708), (2, 0.8763612508773804), (3, 0.8933679461479187), (4, 0.6104066967964172), (5, 0.660577118396759), (6, 0.6329721808433533), (7, 0.7088300585746765), (8, 0.45678216218948364), (9, 0.7432569265365601), (10, 0.6954528093338013), (11, 0.6955152750015259), (12, 0.5952128171920776), (13, 0.8870957493782043), (14, 0.6091794967651367), (15, 0.7508916854858398), (16, 0.6767401695251465), (17, 0.6977135539054871), (18, 0.643115222454071), (19, 0.615068256855011), (0, 0.987657368183136), (1, 0.8591673970222473), (2, 0.6502048373222351), (3, 0.6475008726119995), (4, 0.6241641640663147), (5, 0.72254878282547), (6, 0.7076835632324219), (7, 0.7184189558029175), (8, 0.6528754234313965), (9, 0.7152272462844849), (10, 0.6446141004562378), (11, 0.7151438593864441), (12, 0.7970498204231262), (13, 0.5419646501541138), (14, 0.7139068245887756), (15, 0.7487934827804565), (16, 0.547283947467804), (17, 0.7610126733779907), (18, 0.65901118516922), (19, 0.8005909323692322), (0, 0.6188681125640869), (1, 0.9000070691108704), (2, 0.6295826435089111), (3, 0.7009364366531372), (4, 0.615364670753479), (5, 0.6319968104362488), (6, 0.7678518295288086), (7, 0.6363116502761841), (8, 0.7137491106987), (9, 0.7679868936538696), (10, 0.6393212080001831), (11, 0.6356722116470337), (12, 0.963570237159729), (13, 0.704996645450592), (14, 0.734056830406189), (15, 0.7310625910758972), (16, 0.7291125655174255), (17, 0.7914763689041138), (18, 0.6068195700645447), (19, 0.6264004111289978), (0, 0.6404995918273926), (1, 0.7400836944580078), (2, 0.599407970905304), (3, 0.6617201566696167), (4, 0.7325772643089294), (5, 0.7311581373214722), (6, 0.8993304967880249), (7, 0.7496012449264526), (8, 0.5836267471313477), (9, 0.7332922220230103), (10, 0.664850115776062), (11, 0.7101391553878784), (12, 0.6791337132453918), (13, 0.7718203663825989), (14, 0.8228245973587036), (15, 0.6041129231452942), (16, 0.8262893557548523), (17, 0.7472047209739685), (18, 0.653462290763855), (19, 0.5724148750305176), (0, 0.820573627948761), (1, 0.6147333383560181), (2, 0.6700778007507324), (3, 0.7241538763046265), (4, 0.7198818922042847), (5, 0.6526666283607483), (6, 0.5911394357681274), (7, 0.6902130842208862), (8, 0.7154554128646851), (9, 0.766112208366394), (10, 0.8402248620986938), (11, 0.8676649928092957), (12, 0.7627577781677246), (13, 0.6333839893341064), (14, 0.6072483658790588), (15, 0.6508383750915527), (16, 0.5914416313171387), (17, 0.7265656590461731), (18, 0.7762565612792969), (19, 0.7886565327644348), (0, 0.8550484776496887), (1, 0.6544922590255737), (2, 0.5861250162124634), (3, 0.6254364252090454), (4, 0.5243459939956665), (5, 0.5946952700614929), (6, 0.75541752576828), (7, 0.6301674842834473), (8, 0.7049047350883484), (9, 0.7124291658401489), (10, 0.7706609964370728), (11, 0.569915235042572), (12, 0.6386922001838684), (13, 0.8238736391067505), (14, 0.6677556037902832), (15, 0.8983203172683716), (16, 0.9001409411430359), (17, 0.7401053309440613), (18, 0.8493938446044922), (19, 0.6544389128684998), (0, 0.6357251405715942), (1, 0.8158773183822632), (2, 0.7230701446533203), (3, 0.6354349851608276), (4, 0.6834985613822937), (5, 0.5529903173446655), (6, 0.7843693494796753), (7, 0.6947454810142517), (8, 0.6632015109062195), (9, 0.6796736717224121), (10, 0.6955191493034363), (11, 0.520010769367218), (12, 0.5648868083953857), (13, 0.9881628155708313), (14, 0.9133403897285461), (15, 0.7844435572624207), (16, 0.7250572443008423), (17, 0.6122426986694336), (18, 0.650503933429718), (19, 0.9530496597290039), (0, 0.8720939755439758), (1, 0.6598156690597534), (2, 0.6990723609924316), (3, 0.7986533045768738), (4, 0.8626408576965332), (5, 0.5368353128433228), (6, 0.7601348161697388), (7, 0.683397650718689), (8, 0.534098744392395), (9, 0.7244388461112976), (10, 0.858231246471405), (11, 0.5947726964950562), (12, 0.6999139189720154), (13, 0.7237892150878906), (14, 0.6569698452949524), (15, 0.6905208826065063), (16, 0.762295126914978), (17, 0.7135642766952515), (18, 0.7208660244941711), (19, 0.5707976818084717), (0, 0.6676019430160522), (1, 0.7697922587394714), (2, 0.8947745561599731), (3, 0.6550594568252563), (4, 0.6151918768882751), (5, 0.8643067479133606), (6, 0.8187044858932495), (7, 0.7430804371833801), (8, 0.7559486627578735), (9, 0.6495170593261719), (10, 0.7082000970840454), (11, 0.5988729596138), (12, 0.6786757707595825), (13, 0.8340450525283813), (14, 0.6122589111328125), (15, 0.812312126159668), (16, 0.6418918371200562), (17, 0.5796133279800415), (18, 0.6249750852584839), (19, 0.6162683367729187), (0, 0.841380774974823), (1, 0.666712760925293), (2, 0.6474462747573853), (3, 0.5921843647956848), (4, 0.6949501037597656), (5, 0.6759570240974426), (6, 0.690888524055481), (7, 0.6913873553276062), (8, 0.582267701625824), (9, 0.7152332067489624), (10, 0.8744127154350281), (11, 0.6169092655181885), (12, 0.9410427808761597), (13, 0.6959251165390015), (14, 0.6068124771118164), (15, 0.9392075538635254), (16, 0.5664684176445007), (17, 0.8328511118888855), (18, 0.564149022102356), (19, 0.7639949917793274), (0, 0.6105909943580627), (1, 0.842615008354187), (2, 0.7682601809501648), (3, 0.746591329574585), (4, 0.7355608940124512), (5, 0.7075111269950867), (6, 0.48917633295059204), (7, 0.8668454885482788), (8, 0.7526032328605652), (9, 0.6867256164550781), (10, 0.7607315182685852), (11, 0.7121526002883911), (12, 0.9212366938591003), (13, 0.5734547972679138), (14, 0.685295820236206), (15, 0.6543309092521667), (16, 0.6922216415405273), (17, 0.6084268093109131), (18, 0.6917791366577148), (19, 0.6474556922912598), (0, 0.7611833810806274), (1, 0.8256127238273621), (2, 0.6307879686355591), (3, 0.8071320652961731), (4, 0.9511078000068665), (5, 0.5230555534362793), (6, 0.6178329586982727), (7, 0.6422851085662842), (8, 0.8529771566390991), (9, 0.749821662902832), (10, 0.8124141693115234), (11, 0.5970068573951721), (12, 0.8810064196586609), (13, 0.7649022936820984), (14, 0.584240734577179), (15, 0.6243153810501099), (16, 0.6494431495666504), (17, 0.5882573127746582), (18, 0.6593837141990662), (19, 0.6196954250335693), (0, 0.6269766092300415), (1, 0.7861162424087524), (2, 0.6297186017036438), (3, 0.5789642930030823), (4, 0.8414174914360046), (5, 0.6043665409088135), (6, 0.8070929646492004), (7, 0.7553867101669312), (8, 0.6118804216384888), (9, 0.5965037941932678), (10, 0.6446934938430786), (11, 0.7034796476364136), (12, 0.7821367383003235), (13, 0.946897029876709), (14, 0.6645392179489136), (15, 0.6482411623001099), (16, 0.7062889337539673), (17, 0.8345529437065125), (18, 0.6904008984565735), (19, 0.7248833775520325), (0, 0.7011950612068176), (1, 0.7221136093139648), (2, 0.5791890621185303), (3, 0.6235135793685913), (4, 0.8638185262680054), (5, 0.6279546618461609), (6, 0.7656270265579224), (7, 0.781033456325531), (8, 0.6383207440376282), (9, 0.7911475896835327), (10, 0.6646745204925537), (11, 0.5415502786636353), (12, 0.7582805752754211), (13, 0.5880254507064819), (14, 0.8464800119400024), (15, 0.7783185243606567), (16, 0.8287413716316223), (17, 0.5586543083190918), (18, 0.6994488835334778), (19, 0.8941609263420105), (0, 0.7385647296905518), (1, 0.5790305733680725), (2, 0.7643021941184998), (3, 0.6690342426300049), (4, 0.6410204172134399), (5, 0.710895836353302), (6, 0.6151348352432251), (7, 0.7839235067367554), (8, 0.7178161144256592), (9, 0.7289428114891052), (10, 0.6691943407058716), (11, 0.6541563868522644), (12, 0.9536012411117554), (13, 0.8094318509101868), (14, 0.8078573346138), (15, 0.6876263618469238), (16, 0.7101836800575256), (17, 0.6308215260505676), (18, 0.5253788232803345), (19, 0.8294447064399719), (0, 0.7133171558380127), (1, 0.618294894695282), (2, 0.7012012004852295), (3, 0.6540476083755493), (4, 1.0984318256378174), (5, 0.6849807500839233), (6, 0.7160026431083679), (7, 0.5493024587631226), (8, 0.7297036051750183), (9, 0.7302907109260559), (10, 0.7738317251205444), (11, 0.562445342540741), (12, 0.5604785084724426), (13, 0.7350362539291382), (14, 0.7794280648231506), (15, 0.8363903164863586), (16, 0.6267562508583069), (17, 0.6040030717849731), (18, 0.7506433725357056), (19, 0.7833297848701477), (0, 0.5359129905700684), (1, 0.774753987789154), (2, 0.6250621676445007), (3, 0.7211959958076477), (4, 0.8435401916503906), (5, 0.8617609143257141), (6, 0.793265163898468), (7, 0.657016396522522), (8, 0.6526039838790894), (9, 0.6140902638435364), (10, 0.6710573434829712), (11, 0.6675964593887329), (12, 0.7061163783073425), (13, 0.7584561109542847), (14, 0.5911399126052856), (15, 0.7720858454704285), (16, 0.8563238382339478), (17, 0.6809992790222168), (18, 0.7058058381080627), (19, 0.6763343811035156), (0, 0.6168434023857117), (1, 0.6765842437744141), (2, 0.6219309568405151), (3, 0.688216507434845), (4, 0.7958029508590698), (5, 0.5672349333763123), (6, 0.5861515998840332), (7, 0.789840817451477), (8, 0.7369661331176758), (9, 0.5020343661308289), (10, 0.998810887336731), (11, 0.7012201547622681), (12, 0.7651046514511108), (13, 0.8088428378105164), (14, 0.6483850479125977), (15, 0.6253358125686646), (16, 0.8300588726997375), (17, 0.6015331149101257), (18, 0.7032427787780762), (19, 1.0507394075393677), (0, 0.7332436442375183), (1, 0.8012533187866211), (2, 0.7383934259414673), (3, 0.6205538511276245), (4, 0.6761549115180969), (5, 0.6179114580154419), (6, 0.6359702348709106), (7, 0.7689314484596252), (8, 0.8573786020278931), (9, 0.9495633840560913), (10, 0.6631660461425781), (11, 0.5891848802566528), (12, 0.6781679391860962), (13, 0.8222101926803589), (14, 0.6790937781333923), (15, 0.8055036664009094), (16, 0.6254302263259888), (17, 0.5362116098403931), (18, 0.7054218053817749), (19, 0.6513990759849548), (0, 0.5981711149215698), (1, 0.6480315327644348), (2, 0.8154734373092651), (3, 0.6087145805358887), (4, 0.5165144205093384), (5, 0.8356095552444458), (6, 0.6771780848503113), (7, 0.7231261730194092), (8, 0.7047580480575562), (9, 0.6596328020095825), (10, 0.6841988563537598), (11, 0.598429799079895), (12, 0.9527379274368286), (13, 0.6470299959182739), (14, 0.6315445899963379), (15, 0.6646881103515625), (16, 0.8706182241439819), (17, 0.6943532824516296), (18, 0.8933151364326477), (19, 0.7840967178344727), (0, 0.6555240750312805), (1, 0.8770188093185425), (2, 0.6820475459098816), (3, 0.5395450592041016), (4, 0.6023645997047424), (5, 0.6841282248497009), (6, 0.8066669702529907), (7, 0.7938545942306519), (8, 0.7103630304336548), (9, 0.5190828442573547), (10, 0.5156489610671997), (11, 0.5893698334693909), (12, 0.7843047976493835), (13, 0.8849259614944458), (14, 0.6771091222763062), (15, 0.575020968914032), (16, 0.6961377263069153), (17, 0.7256796956062317), (18, 1.0795985460281372), (19, 0.8269875645637512), (0, 0.6509417295455933), (1, 0.7302708625793457), (2, 0.6317263841629028), (3, 0.6895675659179688), (4, 0.5638582706451416), (5, 0.6552561521530151), (6, 0.9244036674499512), (7, 0.6196951270103455), (8, 0.7245749235153198), (9, 0.6081751585006714), (10, 0.8230764269828796), (11, 0.9212148785591125), (12, 0.6936570405960083), (13, 0.755308985710144), (14, 0.8451648950576782), (15, 0.7453113794326782), (16, 0.6177738308906555), (17, 0.7708055377006531), (18, 0.5831497311592102), (19, 0.5677520036697388), (0, 0.7057442665100098), (1, 0.6833036541938782), (2, 0.8324548602104187), (3, 0.7550243735313416), (4, 0.5872032046318054), (5, 0.8822965621948242), (6, 0.6195384860038757), (7, 0.7493695020675659), (8, 0.7300023436546326), (9, 0.7482701539993286), (10, 0.8662911653518677), (11, 0.6244848966598511), (12, 0.7177529335021973), (13, 0.6032131910324097), (14, 0.5666588544845581), (15, 0.5973879098892212), (16, 0.911806583404541), (17, 0.6594913601875305), (18, 0.6501642465591431), (19, 0.6735417246818542), (0, 0.6513527631759644), (1, 0.6244974732398987), (2, 0.935499370098114), (3, 0.6299974322319031), (4, 0.6931201219558716), (5, 0.5633352994918823), (6, 0.6004903316497803), (7, 0.5159106850624084), (8, 0.8075731992721558), (9, 0.8484883308410645), (10, 0.8612720370292664), (11, 0.7762043476104736), (12, 0.6549735069274902), (13, 0.7050225734710693), (14, 0.5833362340927124), (15, 0.7847367525100708), (16, 0.5977542400360107), (17, 0.7521237134933472), (18, 0.8674300909042358), (19, 0.7357751727104187), (0, 0.874211311340332), (1, 0.6255771517753601), (2, 0.7145122289657593), (3, 0.6498723030090332), (4, 0.7343599796295166), (5, 0.9439743757247925), (6, 0.7892774343490601), (7, 0.6479182243347168), (8, 0.7264788746833801), (9, 0.5740413665771484), (10, 0.7340158224105835), (11, 0.6810733079910278), (12, 0.5882331132888794), (13, 0.7512220144271851), (14, 0.6588652729988098), (15, 0.5658978223800659), (16, 0.6871381998062134), (17, 0.7586414217948914), (18, 0.8318288922309875), (19, 0.5957411527633667), (0, 0.4813769459724426), (1, 0.740247905254364), (2, 0.7999276518821716), (3, 0.7676771879196167), (4, 0.6320998072624207), (5, 0.8387964367866516), (6, 0.7043607831001282), (7, 0.8263697624206543), (8, 0.7255377769470215), (9, 0.581198513507843), (10, 0.664992094039917), (11, 0.6886913776397705), (12, 0.6648420095443726), (13, 0.5968472361564636), (14, 0.810714602470398), (15, 0.6785323023796082), (16, 0.735793948173523), (17, 0.7510653734207153), (18, 0.74151611328125), (19, 0.7733266949653625), (0, 0.6222792863845825), (1, 0.588828980922699), (2, 0.7771978378295898), (3, 0.8580096960067749), (4, 0.6239231824874878), (5, 0.7679740190505981), (6, 0.7831303477287292), (7, 0.8910270929336548), (8, 0.6656231880187988), (9, 0.7130813598632812), (10, 0.568483829498291), (11, 0.7843835353851318), (12, 0.7928017377853394), (13, 0.67377108335495), (14, 0.7230409383773804), (15, 0.7122839689254761), (16, 0.6795860528945923), (17, 0.6371840834617615), (18, 0.6651870012283325), (19, 0.6113103032112122), (0, 0.850436806678772), (1, 0.7710646390914917), (2, 0.4774831235408783), (3, 0.635435163974762), (4, 0.6752879023551941), (5, 0.6926435232162476), (6, 0.7321202754974365), (7, 0.54833984375), (8, 0.586272120475769), (9, 0.7379710078239441), (10, 0.5817353129386902), (11, 0.9046714901924133), (12, 0.8101558685302734), (13, 0.8083898425102234), (14, 0.707696795463562), (15, 0.8110824823379517), (16, 0.8034278750419617), (17, 0.6872496604919434), (18, 0.7675172686576843), (19, 0.5093376040458679), (0, 0.7195475101470947), (1, 0.592555820941925), (2, 0.6927722692489624), (3, 0.7190915942192078), (4, 0.7893550992012024), (5, 0.7560493350028992), (6, 0.6514400243759155), (7, 0.4574460983276367), (8, 0.7193434834480286), (9, 0.6188968420028687), (10, 0.7384098768234253), (11, 0.6394160389900208), (12, 0.8710278272628784), (13, 0.6410399079322815), (14, 0.769357442855835), (15, 0.7433125376701355), (16, 0.9511677026748657), (17, 0.7711964845657349), (18, 0.5869998335838318), (19, 0.7769298553466797), (0, 0.6382696628570557), (1, 0.7927266359329224), (2, 0.6697403788566589), (3, 0.659731388092041), (4, 0.7953370809555054), (5, 0.6468952298164368), (6, 0.6434362530708313), (7, 0.9789036512374878), (8, 0.5809736251831055), (9, 0.5266066789627075), (10, 0.7100042700767517), (11, 0.7522960901260376), (12, 0.723889172077179), (13, 0.6372910737991333), (14, 0.8447543978691101), (15, 0.6094260811805725), (16, 0.8615487217903137), (17, 0.7053428888320923), (18, 0.5773030519485474), (19, 0.9001787304878235), (0, 0.8155887722969055), (1, 1.007432222366333), (2, 0.6132261753082275), (3, 0.6088464856147766), (4, 0.7910711169242859), (5, 0.6773650050163269), (6, 0.6395864486694336), (7, 0.6713765263557434), (8, 0.8315020799636841), (9, 0.7271121740341187), (10, 0.7669867873191833), (11, 0.6420677900314331), (12, 0.6885970830917358), (13, 0.6807394623756409), (14, 0.6471339464187622), (15, 0.5823413729667664), (16, 0.6951287984848022), (17, 0.6290779113769531), (18, 0.6480104327201843), (19, 0.8856552243232727), (0, 0.6569622755050659), (1, 0.5569438934326172), (2, 0.6901799440383911), (3, 0.598254382610321), (4, 0.769923985004425), (5, 0.7426983118057251), (6, 0.788000762462616), (7, 0.7014051675796509), (8, 0.758914589881897), (9, 0.7601195573806763), (10, 0.7106781005859375), (11, 0.7306274175643921), (12, 0.8644630312919617), (13, 0.5663953423500061), (14, 0.7412550449371338), (15, 0.7057589292526245), (16, 0.6324039697647095), (17, 0.6935709714889526), (18, 0.6861062049865723), (19, 0.8998699188232422), (0, 0.7381488084793091), (1, 0.619162380695343), (2, 0.7625052332878113), (3, 0.617324948310852), (4, 0.7122451066970825), (5, 0.8034013509750366), (6, 0.6590747237205505), (7, 0.8791027069091797), (8, 0.6352084279060364), (9, 0.83856201171875), (10, 0.8029969334602356), (11, 0.8257938623428345), (12, 0.7908744215965271), (13, 0.705043375492096), (14, 0.7237420678138733), (15, 0.6112085580825806), (16, 0.6509923934936523), (17, 0.6438858509063721), (18, 0.528805136680603), (19, 0.5775088667869568), (0, 0.8900045156478882), (1, 0.5754090547561646), (2, 0.7130504250526428), (3, 0.7163692712783813), (4, 0.7654697299003601), (5, 0.6332098245620728), (6, 0.583293080329895), (7, 0.8857108950614929), (8, 0.7251101136207581), (9, 0.6597167253494263), (10, 0.7412642240524292), (11, 0.6928377747535706), (12, 0.6541261076927185), (13, 0.8656349182128906), (14, 0.8240066766738892), (15, 0.6341277360916138), (16, 0.6209832429885864), (17, 0.750442624092102), (18, 0.5747712850570679), (19, 0.6484088897705078), (0, 0.6750810742378235), (1, 0.7322322726249695), (2, 0.6842087507247925), (3, 0.9692228436470032), (4, 0.6915971040725708), (5, 0.5689546465873718), (6, 0.8546743392944336), (7, 0.583504855632782), (8, 0.5913141369819641), (9, 0.7186815142631531), (10, 0.5692253708839417), (11, 0.9343827962875366), (12, 0.6148196458816528), (13, 0.7290599942207336), (14, 0.5325080156326294), (15, 0.6474393606185913), (16, 0.6998916864395142), (17, 0.8201873898506165), (18, 0.784694254398346), (19, 0.8215059638023376), (0, 0.7788057327270508), (1, 0.7958475351333618), (2, 0.47723084688186646), (3, 0.6705795526504517), (4, 0.867205798625946), (5, 0.591171145439148), (6, 0.765673816204071), (7, 0.7461711764335632), (8, 0.6258006691932678), (9, 0.6494075655937195), (10, 0.600810706615448), (11, 0.7839741706848145), (12, 0.6697466373443604), (13, 0.8155156373977661), (14, 0.6343145370483398), (15, 0.7179178595542908), (16, 0.8530362844467163), (17, 0.7340604066848755), (18, 0.6234689354896545), (19, 0.8230742812156677), (0, 0.9040873646736145), (1, 0.8266307711601257), (2, 0.8709688186645508), (3, 0.6712864637374878), (4, 0.6978224515914917), (5, 0.662803053855896), (6, 0.5999335050582886), (7, 0.7111297845840454), (8, 0.7272020578384399), (9, 0.7018674612045288), (10, 0.6839464902877808), (11, 0.6288124918937683), (12, 0.6563238501548767), (13, 0.6636942625045776), (14, 0.5829440355300903), (15, 0.6924580335617065), (16, 0.6637248992919922), (17, 0.6759876012802124), (18, 0.8547340631484985), (19, 0.6970435976982117), (0, 0.6611195802688599), (1, 0.7348536849021912), (2, 0.6305356621742249), (3, 0.7209588289260864), (4, 0.5969244241714478), (5, 0.5952630043029785), (6, 0.7192946672439575), (7, 0.6921907663345337), (8, 0.753619372844696), (9, 0.691083550453186), (10, 0.5393627285957336), (11, 0.8698741793632507), (12, 0.7644020318984985), (13, 0.6452445387840271), (14, 0.6119228601455688), (15, 0.9231756925582886), (16, 0.708267331123352), (17, 0.7810134291648865), (18, 0.9286105036735535), (19, 0.5447779297828674), (0, 0.7152736783027649), (1, 0.722598671913147), (2, 0.5733331441879272), (3, 0.7652018070220947), (4, 0.9802032709121704), (5, 0.6378424763679504), (6, 0.6994312405586243), (7, 0.7926406860351562), (8, 0.6511597037315369), (9, 0.6035275459289551), (10, 0.6584535241127014), (11, 0.6285556554794312), (12, 0.641120970249176), (13, 0.7532647252082825), (14, 0.7891899347305298), (15, 0.8150498270988464), (16, 0.5612437129020691), (17, 0.5584985017776489), (18, 0.9011165499687195), (19, 0.7447969317436218), (0, 0.6446813344955444), (1, 0.636715292930603), (2, 0.8141837120056152), (3, 0.554263710975647), (4, 0.9953827857971191), (5, 0.6739534139633179), (6, 0.5663832426071167), (7, 0.7468022108078003), (8, 0.7278383374214172), (9, 0.7093427777290344), (10, 0.7142249345779419), (11, 0.7256746292114258), (12, 0.6609395146369934), (13, 0.6347464323043823), (14, 0.7034257650375366), (15, 0.7237114310264587), (16, 0.8462076187133789), (17, 0.759527862071991), (18, 0.7405686378479004), (19, 0.5266833901405334), (0, 0.6551739573478699), (1, 0.7237605452537537), (2, 0.9377366304397583), (3, 0.7121005654335022), (4, 0.5498447418212891), (5, 0.8810346722602844), (6, 0.8216916918754578), (7, 0.7950053215026855), (8, 0.5419754981994629), (9, 0.7664777636528015), (10, 0.6777415871620178), (11, 0.6302114129066467), (12, 0.7552379369735718), (13, 0.5972161293029785), (14, 0.6430051922798157), (15, 0.4765428900718689), (16, 0.8108847737312317), (17, 0.7783098220825195), (18, 0.6925398111343384), (19, 0.7468218803405762), (0, 0.6067754626274109), (1, 0.5302817225456238), (2, 0.6615008115768433), (3, 0.7998915910720825), (4, 0.5742513537406921), (5, 0.9344514012336731), (6, 0.8000990748405457), (7, 0.761954665184021), (8, 0.7188483476638794), (9, 0.8829034566879272), (10, 0.5747513771057129), (11, 0.6817798018455505), (12, 0.631469190120697), (13, 0.5962907671928406), (14, 0.9055644869804382), (15, 0.7484743595123291), (16, 0.6598270535469055), (17, 0.7245444059371948), (18, 0.6627689599990845), (19, 0.7302586436271667), (0, 0.7540006637573242), (1, 0.5824750661849976), (2, 0.5870949625968933), (3, 0.5758296847343445), (4, 0.6484990119934082), (5, 0.9663830995559692), (6, 0.6963520646095276), (7, 0.6809046268463135), (8, 0.7508648633956909), (9, 0.84074866771698), (10, 0.5682092905044556), (11, 0.9079515337944031), (12, 0.7253457307815552), (13, 0.7836837768554688), (14, 0.729321300983429), (15, 0.6507756114006042), (16, 0.623947024345398), (17, 0.8108533024787903), (18, 0.6595352292060852), (19, 0.5863468647003174), (0, 0.7183185815811157), (1, 0.6206722855567932), (2, 0.6203299760818481), (3, 0.6732296943664551), (4, 0.48515087366104126), (5, 0.6485962867736816), (6, 0.7223144769668579), (7, 0.5964933037757874), (8, 0.6986692547798157), (9, 0.6425080299377441), (10, 0.591974139213562), (11, 0.8857868909835815), (12, 0.6887656450271606), (13, 0.9295867681503296), (14, 0.7579973340034485), (15, 0.6942716836929321), (16, 0.9922422170639038), (17, 0.5022996664047241), (18, 0.8457556962966919), (19, 0.9660348892211914), (0, 0.6433398127555847), (1, 0.6847113370895386), (2, 0.7303786277770996), (3, 0.7274095416069031), (4, 0.7116904258728027), (5, 0.6931366324424744), (6, 0.6373637318611145), (7, 0.6541446447372437), (8, 0.7557064890861511), (9, 0.6636232733726501), (10, 0.8790202140808105), (11, 0.7735978960990906), (12, 0.5920409560203552), (13, 0.7715854644775391), (14, 0.605536937713623), (15, 0.6705908179283142), (16, 0.7580033540725708), (17, 0.6304900050163269), (18, 0.9059829711914062), (19, 0.6770510077476501), (0, 0.8777130246162415), (1, 0.792370617389679), (2, 0.5020437240600586), (3, 0.6861056089401245), (4, 0.6919930577278137), (5, 0.6012128591537476), (6, 0.9511891603469849), (7, 0.6739466190338135), (8, 0.5681198835372925), (9, 0.5632403492927551), (10, 0.753328263759613), (11, 0.676190197467804), (12, 0.7477751970291138), (13, 0.767726719379425), (14, 0.7364859580993652), (15, 0.6194323897361755), (16, 0.7539752125740051), (17, 0.8209742307662964), (18, 0.6621516346931458), (19, 0.7476822733879089), (0, 0.7756916880607605), (1, 0.639820396900177), (2, 0.6678166389465332), (3, 0.5252606272697449), (4, 0.7002111673355103), (5, 0.7619056701660156), (6, 0.6701739430427551), (7, 0.536786675453186), (8, 0.7490468621253967), (9, 0.745854377746582), (10, 0.6127809286117554), (11, 0.5143030285835266), (12, 0.7866631746292114), (13, 0.6742061376571655), (14, 0.7708771228790283), (15, 1.026563286781311), (16, 0.6383078098297119), (17, 0.8764268159866333), (18, 0.7958297729492188), (19, 0.7100960612297058), (0, 0.5378894209861755), (1, 0.7731491923332214), (2, 0.7160007953643799), (3, 0.724410891532898), (4, 0.9995373487472534), (5, 0.5978944897651672), (6, 0.6233161091804504), (7, 0.6206504702568054), (8, 0.7015908360481262), (9, 0.8527630567550659), (10, 0.5737441182136536), (11, 0.5573651194572449), (12, 0.7518085837364197), (13, 0.6644771099090576), (14, 0.6980001926422119), (15, 0.7147649526596069), (16, 0.7396824955940247), (17, 0.7484943270683289), (18, 0.8542534112930298), (19, 0.7413180470466614), (0, 0.7190577983856201), (1, 0.7417978048324585), (2, 0.5825802087783813), (3, 0.4732322692871094), (4, 0.6535218358039856), (5, 0.6364097595214844), (6, 0.6424030065536499), (7, 0.561404824256897), (8, 0.6659746170043945), (9, 0.7427381873130798), (10, 0.8205486536026001), (11, 1.0602835416793823), (12, 0.6935247182846069), (13, 0.6314555406570435), (14, 0.7793339490890503), (15, 0.8612114787101746), (16, 0.781373143196106), (17, 0.636421799659729), (18, 0.7627469301223755), (19, 0.7476058006286621), (0, 0.7117746472358704), (1, 0.8527639508247375), (2, 0.6087654232978821), (3, 0.6430311799049377), (4, 0.9921318888664246), (5, 0.7152149081230164), (6, 0.6706430315971375), (7, 0.7710075378417969), (8, 0.675495982170105), (9, 0.7047866582870483), (10, 0.7245697379112244), (11, 0.8015643954277039), (12, 0.6574176549911499), (13, 0.596083402633667), (14, 0.7093870639801025), (15, 0.5294586420059204), (16, 0.7342429757118225), (17, 0.6578383445739746), (18, 0.8132988810539246), (19, 0.5418456196784973)]