Model Setup for Uniformvirtual {PATIENT_GROUPS} Trained Network:

Network Architecture Parameters
Input channels=2
Hidden channels=32
Output channels=1

Training hyperparameters
Optimizer=AdamW (
Parameter Group 0
    amsgrad: False
    betas: (0.9, 0.999)
    capturable: False
    differentiable: False
    eps: 1e-08
    foreach: None
    fused: None
    lr: 0.001
    maximize: False
    weight_decay: 1e-06
)Training Iterations=100
Learning rate=0.001
Weight decay=1e-06
Optimizer reset frequency=None

Dropout probability (after initial linear layer before NCDE): 0
Training Data Selection Parameters
(If not virtual, the only important params are the groups and whether data was normalized/standardized)
Patient groups=['Control', 'Atypical']
Augmentation strategy=Uniform
Noise Magnitude=0.1
Normalized/standardized=Standardize
Number of virtual patients per real patient=100
Label smoothing factor=0
Test Patient Combinations:
Control: (13, 11, 8, 14, 6)
MDD: (4, 1, 13, 10)
Training batch size=200
Training Results:
Runtime=100.68116021156311
Loss over time=[(0, 0.7101678252220154), (1, 0.6909339427947998), (2, 0.684535801410675), (3, 0.6887751817703247), (4, 0.6815266609191895), (5, 0.6792891621589661), (6, 0.6835680603981018), (7, 0.6691605448722839), (8, 0.6657829880714417), (9, 0.6702092885971069), (0, 0.6679039001464844), (1, 0.6648908853530884), (2, 0.67194664478302), (3, 0.6321721076965332), (4, 0.6594763994216919), (5, 0.672880232334137), (6, 0.6528369784355164), (7, 0.6548784375190735), (8, 0.644328773021698), (9, 0.638371467590332), (0, 0.6456724405288696), (1, 0.6584477424621582), (2, 0.650117814540863), (3, 0.6470511555671692), (4, 0.6391683220863342), (5, 0.630086362361908), (6, 0.6652148365974426), (7, 0.6064321398735046), (8, 0.6412729024887085), (9, 0.6330161690711975), (0, 0.6295832991600037), (1, 0.6147157549858093), (2, 0.6522863507270813), (3, 0.6177253127098083), (4, 0.6115149855613708), (5, 0.63604336977005), (6, 0.6386187672615051), (7, 0.6261727213859558), (8, 0.6216311454772949), (9, 0.6449443101882935), (0, 0.6178934574127197), (1, 0.6243179440498352), (2, 0.6166260242462158), (3, 0.6342212557792664), (4, 0.6019166111946106), (5, 0.6112186312675476), (6, 0.6101307272911072), (7, 0.6010342240333557), (8, 0.6301534175872803), (9, 0.6054134964942932), (0, 0.6018398404121399), (1, 0.6014379262924194), (2, 0.5985984802246094), (3, 0.6022145748138428), (4, 0.611427903175354), (5, 0.5939092040061951), (6, 0.5917726755142212), (7, 0.6047508120536804), (8, 0.6037601232528687), (9, 0.5857362151145935), (0, 0.5875011682510376), (1, 0.5934548377990723), (2, 0.5708016157150269), (3, 0.5830515027046204), (4, 0.6000150442123413), (5, 0.5840032696723938), (6, 0.5893566608428955), (7, 0.5763980746269226), (8, 0.5964056253433228), (9, 0.5725187063217163), (0, 0.5703152418136597), (1, 0.5627601742744446), (2, 0.5622994899749756), (3, 0.5769379138946533), (4, 0.5498057007789612), (5, 0.5918412208557129), (6, 0.5777490139007568), (7, 0.5755054354667664), (8, 0.5866847038269043), (9, 0.574863076210022), (0, 0.5953656435012817), (1, 0.5501019954681396), (2, 0.5486891269683838), (3, 0.5835791230201721), (4, 0.5704549551010132), (5, 0.5480148792266846), (6, 0.5632227063179016), (7, 0.5547462701797485), (8, 0.5406791567802429), (9, 0.5653789639472961), (0, 0.5385867953300476), (1, 0.5781486630439758), (2, 0.5432609915733337), (3, 0.5627022981643677), (4, 0.573232114315033), (5, 0.5499534606933594), (6, 0.5651869177818298), (7, 0.5314695239067078), (8, 0.5345333814620972), (9, 0.5492622256278992), (0, 0.5726515054702759), (1, 0.565853476524353), (2, 0.55646151304245), (3, 0.5399138927459717), (4, 0.5091020464897156), (5, 0.5355420112609863), (6, 0.5378882884979248), (7, 0.5427480340003967), (8, 0.5239209532737732), (9, 0.5409873723983765), (0, 0.5444602370262146), (1, 0.5316841006278992), (2, 0.5161838531494141), (3, 0.5342495441436768), (4, 0.5521364212036133), (5, 0.5024126172065735), (6, 0.5135109424591064), (7, 0.5168046355247498), (8, 0.5471949577331543), (9, 0.5425949096679688), (0, 0.5734588503837585), (1, 0.5327010750770569), (2, 0.5029997825622559), (3, 0.5262548923492432), (4, 0.5205598473548889), (5, 0.5166521668434143), (6, 0.4763956367969513), (7, 0.47740286588668823), (8, 0.4945753812789917), (9, 0.5155918598175049), (0, 0.5177600979804993), (1, 0.5064954161643982), (2, 0.5028098225593567), (3, 0.4895486831665039), (4, 0.5116952657699585), (5, 0.5027322769165039), (6, 0.4633169174194336), (7, 0.4668672978878021), (8, 0.49658820033073425), (9, 0.523469865322113), (0, 0.5245922803878784), (1, 0.48068055510520935), (2, 0.46149909496307373), (3, 0.5052404999732971), (4, 0.5019538402557373), (5, 0.4756472706794739), (6, 0.45931538939476013), (7, 0.4999849796295166), (8, 0.45021095871925354), (9, 0.4846845865249634), (0, 0.47103890776634216), (1, 0.47978806495666504), (2, 0.47896331548690796), (3, 0.5125088691711426), (4, 0.4389633536338806), (5, 0.455725759267807), (6, 0.4828033149242401), (7, 0.48431527614593506), (8, 0.4585699439048767), (9, 0.467937171459198), (0, 0.49319136142730713), (1, 0.4516046941280365), (2, 0.5157212018966675), (3, 0.4112691879272461), (4, 0.46645766496658325), (5, 0.4540676772594452), (6, 0.477195143699646), (7, 0.4512019455432892), (8, 0.46109503507614136), (9, 0.45436644554138184), (0, 0.4427716135978699), (1, 0.45607033371925354), (2, 0.4573538899421692), (3, 0.46384143829345703), (4, 0.4645005166530609), (5, 0.4343372583389282), (6, 0.4402293264865875), (7, 0.46507373452186584), (8, 0.48384204506874084), (9, 0.4519752264022827), (0, 0.42288723587989807), (1, 0.4652652442455292), (2, 0.42648231983184814), (3, 0.44962701201438904), (4, 0.4345971643924713), (5, 0.44314584136009216), (6, 0.4643212854862213), (7, 0.45019662380218506), (8, 0.499445378780365), (9, 0.44381728768348694), (0, 0.43779799342155457), (1, 0.42590996623039246), (2, 0.4483548402786255), (3, 0.4284331798553467), (4, 0.4751090109348297), (5, 0.4586696922779083), (6, 0.40962889790534973), (7, 0.4733102321624756), (8, 0.4222588837146759), (9, 0.45601412653923035), (0, 0.47261783480644226), (1, 0.4065306782722473), (2, 0.4632730782032013), (3, 0.4726438820362091), (4, 0.4496135413646698), (5, 0.3830178380012512), (6, 0.4516953229904175), (7, 0.44888627529144287), (8, 0.43210142850875854), (9, 0.3949953019618988), (0, 0.46773529052734375), (1, 0.43309956789016724), (2, 0.4110308587551117), (3, 0.4255332946777344), (4, 0.43632110953330994), (5, 0.46399176120758057), (6, 0.4400767385959625), (7, 0.43322181701660156), (8, 0.3829778730869293), (9, 0.43487921357154846), (0, 0.4124618470668793), (1, 0.41145485639572144), (2, 0.4104207158088684), (3, 0.40563833713531494), (4, 0.46150535345077515), (5, 0.428644597530365), (6, 0.4210958778858185), (7, 0.38580644130706787), (8, 0.4960816502571106), (9, 0.4555443525314331), (0, 0.4404272735118866), (1, 0.39576220512390137), (2, 0.459690123796463), (3, 0.38498589396476746), (4, 0.4265904724597931), (5, 0.4041520953178406), (6, 0.4128800332546234), (7, 0.4194396734237671), (8, 0.4628063142299652), (9, 0.44505250453948975), (0, 0.4090205430984497), (1, 0.3971157968044281), (2, 0.42522719502449036), (3, 0.4435194432735443), (4, 0.4101111888885498), (5, 0.4543203115463257), (6, 0.41546767950057983), (7, 0.3859749138355255), (8, 0.4166562259197235), (9, 0.46574866771698), (0, 0.4093574285507202), (1, 0.4193286597728729), (2, 0.4243464171886444), (3, 0.4516558051109314), (4, 0.4040489196777344), (5, 0.47648948431015015), (6, 0.3937920033931732), (7, 0.4064244329929352), (8, 0.37364697456359863), (9, 0.43176910281181335), (0, 0.44109490513801575), (1, 0.37805289030075073), (2, 0.44507941603660583), (3, 0.3823378384113312), (4, 0.44857773184776306), (5, 0.4267503023147583), (6, 0.4021143615245819), (7, 0.409082293510437), (8, 0.4116899371147156), (9, 0.42321357131004333), (0, 0.3990693688392639), (1, 0.374298095703125), (2, 0.40741780400276184), (3, 0.40831243991851807), (4, 0.4052015542984009), (5, 0.4313911497592926), (6, 0.457310289144516), (7, 0.42509666085243225), (8, 0.42758479714393616), (9, 0.4060014486312866), (0, 0.4268033504486084), (1, 0.4282882809638977), (2, 0.42805880308151245), (3, 0.4056936204433441), (4, 0.4287903904914856), (5, 0.3882584869861603), (6, 0.4193209111690521), (7, 0.4205644130706787), (8, 0.4008375108242035), (9, 0.37259024381637573), (0, 0.3959624767303467), (1, 0.40163856744766235), (2, 0.3813447058200836), (3, 0.44913968443870544), (4, 0.3471453785896301), (5, 0.4170674979686737), (6, 0.4242461025714874), (7, 0.45692184567451477), (8, 0.431052565574646), (9, 0.39669063687324524), (0, 0.3828716576099396), (1, 0.40006938576698303), (2, 0.3962325155735016), (3, 0.4044282138347626), (4, 0.3773648738861084), (5, 0.44200271368026733), (6, 0.4290388226509094), (7, 0.43715235590934753), (8, 0.45212867856025696), (9, 0.3601900339126587), (0, 0.37356090545654297), (1, 0.4099877178668976), (2, 0.40987399220466614), (3, 0.3822878301143646), (4, 0.34939852356910706), (5, 0.4024707078933716), (6, 0.4583267569541931), (7, 0.39627760648727417), (8, 0.45789605379104614), (9, 0.4258318245410919), (0, 0.37968701124191284), (1, 0.3948373794555664), (2, 0.3565254509449005), (3, 0.41704821586608887), (4, 0.43058696389198303), (5, 0.4146702289581299), (6, 0.46741345524787903), (7, 0.3934668004512787), (8, 0.41055428981781006), (9, 0.3873431086540222), (0, 0.41748687624931335), (1, 0.4159832000732422), (2, 0.4300951063632965), (3, 0.39265215396881104), (4, 0.3941297233104706), (5, 0.39416539669036865), (6, 0.4158920347690582), (7, 0.3859041631221771), (8, 0.4119882583618164), (9, 0.3799375593662262), (0, 0.3985599875450134), (1, 0.410579651594162), (2, 0.39640265703201294), (3, 0.4085902273654938), (4, 0.36834800243377686), (5, 0.3701913058757782), (6, 0.4340762794017792), (7, 0.41910919547080994), (8, 0.43330836296081543), (9, 0.3875461220741272), (0, 0.39460891485214233), (1, 0.416032075881958), (2, 0.4160473942756653), (3, 0.4012926518917084), (4, 0.3808478116989136), (5, 0.39244186878204346), (6, 0.3927385210990906), (7, 0.416930228471756), (8, 0.4114815592765808), (9, 0.3930104970932007), (0, 0.39085182547569275), (1, 0.3516239821910858), (2, 0.38079139590263367), (3, 0.3990515172481537), (4, 0.38272398710250854), (5, 0.4641714096069336), (6, 0.42228031158447266), (7, 0.45421627163887024), (8, 0.36807385087013245), (9, 0.39185288548469543), (0, 0.39110657572746277), (1, 0.45405566692352295), (2, 0.38254275918006897), (3, 0.4108037054538727), (4, 0.416774719953537), (5, 0.3767283260822296), (6, 0.38619449734687805), (7, 0.3746107518672943), (8, 0.3882686197757721), (9, 0.40535083413124084), (0, 0.4549030363559723), (1, 0.4237562417984009), (2, 0.3716331124305725), (3, 0.4344508647918701), (4, 0.3964642584323883), (5, 0.3791539669036865), (6, 0.3637620210647583), (7, 0.35951337218284607), (8, 0.41785332560539246), (9, 0.3776373565196991), (0, 0.3933632969856262), (1, 0.37829136848449707), (2, 0.3782976269721985), (3, 0.4076405465602875), (4, 0.37048396468162537), (5, 0.44020816683769226), (6, 0.41162219643592834), (7, 0.4490717649459839), (8, 0.3810384273529053), (9, 0.36234620213508606), (0, 0.3791426420211792), (1, 0.34788158535957336), (2, 0.4438348710536957), (3, 0.39098209142684937), (4, 0.43525010347366333), (5, 0.4358099102973938), (6, 0.4301469027996063), (7, 0.3598254323005676), (8, 0.3624977767467499), (9, 0.37742310762405396), (0, 0.37940463423728943), (1, 0.40635669231414795), (2, 0.3906773030757904), (3, 0.4204511344432831), (4, 0.4206690192222595), (5, 0.38225069642066956), (6, 0.3820323944091797), (7, 0.397362619638443), (8, 0.4041169285774231), (9, 0.3693479299545288), (0, 0.390445351600647), (1, 0.39912930130958557), (2, 0.40553855895996094), (3, 0.3902507722377777), (4, 0.41285422444343567), (5, 0.3934887647628784), (6, 0.40762385725975037), (7, 0.34200432896614075), (8, 0.3923994302749634), (9, 0.4122142791748047), (0, 0.42186397314071655), (1, 0.36064207553863525), (2, 0.4024791717529297), (3, 0.332793653011322), (4, 0.3674781024456024), (5, 0.41233009099960327), (6, 0.3957009017467499), (7, 0.42253443598747253), (8, 0.39166441559791565), (9, 0.4318661391735077), (0, 0.34767723083496094), (1, 0.412697434425354), (2, 0.42114171385765076), (3, 0.4038011133670807), (4, 0.38097357749938965), (5, 0.41642120480537415), (6, 0.3489600419998169), (7, 0.380889892578125), (8, 0.3940507471561432), (9, 0.42772921919822693), (0, 0.34360843896865845), (1, 0.394562304019928), (2, 0.42714396119117737), (3, 0.39845260977745056), (4, 0.39577430486679077), (5, 0.3368661403656006), (6, 0.4268127381801605), (7, 0.40763458609580994), (8, 0.37127000093460083), (9, 0.42266833782196045), (0, 0.3973725438117981), (1, 0.3408513367176056), (2, 0.4171759784221649), (3, 0.4075508117675781), (4, 0.3728828728199005), (5, 0.37539345026016235), (6, 0.40495190024375916), (7, 0.4030204713344574), (8, 0.3799024224281311), (9, 0.41538605093955994), (0, 0.38282084465026855), (1, 0.4084318280220032), (2, 0.38935646414756775), (3, 0.3584580719470978), (4, 0.4029160439968109), (5, 0.398727148771286), (6, 0.4123603105545044), (7, 0.39553549885749817), (8, 0.3683159649372101), (9, 0.3933599591255188), (0, 0.4212225079536438), (1, 0.3968266248703003), (2, 0.3658790588378906), (3, 0.3760296702384949), (4, 0.39015448093414307), (5, 0.36583414673805237), (6, 0.3734009861946106), (7, 0.4342118203639984), (8, 0.3839373290538788), (9, 0.39542561769485474), (0, 0.4178124964237213), (1, 0.39065536856651306), (2, 0.40001654624938965), (3, 0.3382374048233032), (4, 0.4111309349536896), (5, 0.37879398465156555), (6, 0.3892923593521118), (7, 0.3961184322834015), (8, 0.3711811900138855), (9, 0.40170818567276), (0, 0.3773863613605499), (1, 0.35816532373428345), (2, 0.4250820577144623), (3, 0.39136043190956116), (4, 0.4005321264266968), (5, 0.3821830749511719), (6, 0.3980005979537964), (7, 0.4141294062137604), (8, 0.3828708529472351), (9, 0.36176493763923645), (0, 0.38157153129577637), (1, 0.3830348253250122), (2, 0.35464927554130554), (3, 0.3632340133190155), (4, 0.44641026854515076), (5, 0.4728698432445526), (6, 0.3771533966064453), (7, 0.369953453540802), (8, 0.3583010733127594), (9, 0.3851940631866455), (0, 0.3746941089630127), (1, 0.3905285894870758), (2, 0.36869049072265625), (3, 0.4205467998981476), (4, 0.33243218064308167), (5, 0.41037604212760925), (6, 0.3510385751724243), (7, 0.41957247257232666), (8, 0.42284131050109863), (9, 0.38946056365966797), (0, 0.3867686986923218), (1, 0.40807631611824036), (2, 0.36639007925987244), (3, 0.4104827642440796), (4, 0.3650515675544739), (5, 0.34144797921180725), (6, 0.4147918224334717), (7, 0.41776925325393677), (8, 0.40030422806739807), (9, 0.3634927272796631), (0, 0.4254726469516754), (1, 0.34959954023361206), (2, 0.38097065687179565), (3, 0.34734779596328735), (4, 0.3668065667152405), (5, 0.414241760969162), (6, 0.42576050758361816), (7, 0.3720523715019226), (8, 0.39858025312423706), (9, 0.3821006417274475), (0, 0.40622782707214355), (1, 0.3838140368461609), (2, 0.4288847744464874), (3, 0.414366215467453), (4, 0.3510756194591522), (5, 0.4366668462753296), (6, 0.36879420280456543), (7, 0.3804508149623871), (8, 0.31994539499282837), (9, 0.3719702959060669), (0, 0.38302841782569885), (1, 0.36365005373954773), (2, 0.41232043504714966), (3, 0.3658560514450073), (4, 0.39576417207717896), (5, 0.3908207416534424), (6, 0.4484882056713104), (7, 0.35778290033340454), (8, 0.3784830570220947), (9, 0.3575012683868408), (0, 0.39207497239112854), (1, 0.401816189289093), (2, 0.4141237735748291), (3, 0.3590949773788452), (4, 0.3572700023651123), (5, 0.41231629252433777), (6, 0.3781495690345764), (7, 0.3604016602039337), (8, 0.3626619577407837), (9, 0.4043634831905365), (0, 0.3883458077907562), (1, 0.34927597641944885), (2, 0.36027535796165466), (3, 0.41536831855773926), (4, 0.3858976662158966), (5, 0.36411502957344055), (6, 0.3758673071861267), (7, 0.3523307740688324), (8, 0.41458773612976074), (9, 0.423069566488266), (0, 0.4181397259235382), (1, 0.3822273313999176), (2, 0.3497112989425659), (3, 0.4188770353794098), (4, 0.3483252227306366), (5, 0.41908642649650574), (6, 0.3807205259799957), (7, 0.33112168312072754), (8, 0.4031963348388672), (9, 0.3554588258266449), (0, 0.4078136384487152), (1, 0.35444310307502747), (2, 0.3832465410232544), (3, 0.41326868534088135), (4, 0.41456717252731323), (5, 0.366420716047287), (6, 0.3628427982330322), (7, 0.4075334072113037), (8, 0.3458530902862549), (9, 0.34201717376708984), (0, 0.3518509566783905), (1, 0.40641406178474426), (2, 0.33007270097732544), (3, 0.40342697501182556), (4, 0.3297254145145416), (5, 0.3468893766403198), (6, 0.3984085023403168), (7, 0.42788323760032654), (8, 0.37784290313720703), (9, 0.4076360762119293), (0, 0.3711509704589844), (1, 0.37782761454582214), (2, 0.37838006019592285), (3, 0.3469867706298828), (4, 0.4171895980834961), (5, 0.3715496361255646), (6, 0.34828776121139526), (7, 0.38665130734443665), (8, 0.3815982937812805), (9, 0.39008963108062744), (0, 0.3753761649131775), (1, 0.4313848614692688), (2, 0.34275951981544495), (3, 0.379393607378006), (4, 0.3708830177783966), (5, 0.38656848669052124), (6, 0.3646187484264374), (7, 0.3618331253528595), (8, 0.3989231586456299), (9, 0.35120832920074463), (0, 0.37188971042633057), (1, 0.3639816641807556), (2, 0.40819355845451355), (3, 0.3711193799972534), (4, 0.3952253758907318), (5, 0.38010117411613464), (6, 0.423665851354599), (7, 0.328227162361145), (8, 0.38434264063835144), (9, 0.3256894052028656), (0, 0.3358403146266937), (1, 0.3880549669265747), (2, 0.37339428067207336), (3, 0.3525523841381073), (4, 0.34380587935447693), (5, 0.3919200599193573), (6, 0.4024077355861664), (7, 0.40694916248321533), (8, 0.348672091960907), (9, 0.4147382080554962), (0, 0.43271538615226746), (1, 0.3703617751598358), (2, 0.3743564486503601), (3, 0.35169488191604614), (4, 0.4128870368003845), (5, 0.37176695466041565), (6, 0.3779134750366211), (7, 0.3432272970676422), (8, 0.34322041273117065), (9, 0.3753616213798523), (0, 0.3426995575428009), (1, 0.41032955050468445), (2, 0.3714286684989929), (3, 0.3526792824268341), (4, 0.35742777585983276), (5, 0.3957984447479248), (6, 0.39444735646247864), (7, 0.3886513113975525), (8, 0.37026339769363403), (9, 0.3980218768119812), (0, 0.3871784210205078), (1, 0.3745262622833252), (2, 0.35768410563468933), (3, 0.42126503586769104), (4, 0.3470779359340668), (5, 0.3875703811645508), (6, 0.3905094861984253), (7, 0.3726685047149658), (8, 0.3884642720222473), (9, 0.3408411145210266), (0, 0.3460577726364136), (1, 0.4288734197616577), (2, 0.3456610441207886), (3, 0.3433126211166382), (4, 0.3787657618522644), (5, 0.3012049198150635), (6, 0.43511763215065), (7, 0.38320308923721313), (8, 0.37430161237716675), (9, 0.3944188356399536), (0, 0.3676358461380005), (1, 0.381819486618042), (2, 0.38000237941741943), (3, 0.4047078788280487), (4, 0.4260789752006531), (5, 0.34637942910194397), (6, 0.30119022727012634), (7, 0.3703729212284088), (8, 0.3769649267196655), (9, 0.3624800443649292), (0, 0.32354283332824707), (1, 0.3452470898628235), (2, 0.3971504867076874), (3, 0.38631781935691833), (4, 0.3242701590061188), (5, 0.3634187579154968), (6, 0.3710549473762512), (7, 0.4004597067832947), (8, 0.3928452432155609), (9, 0.403330534696579), (0, 0.36077263951301575), (1, 0.3589337468147278), (2, 0.3719571828842163), (3, 0.34496620297431946), (4, 0.3920261859893799), (5, 0.41407179832458496), (6, 0.407502681016922), (7, 0.31131383776664734), (8, 0.39283907413482666), (9, 0.3471626937389374), (0, 0.3440728485584259), (1, 0.3830498456954956), (2, 0.35654500126838684), (3, 0.3960060775279999), (4, 0.3477281928062439), (5, 0.3722584843635559), (6, 0.3539161682128906), (7, 0.41379615664482117), (8, 0.40183231234550476), (9, 0.3256528973579407), (0, 0.39938026666641235), (1, 0.39016738533973694), (2, 0.3411772847175598), (3, 0.3201131820678711), (4, 0.3347659409046173), (5, 0.381549596786499), (6, 0.3365752696990967), (7, 0.44345623254776), (8, 0.3814602792263031), (9, 0.36203479766845703), (0, 0.38037240505218506), (1, 0.3983806371688843), (2, 0.32991963624954224), (3, 0.3486393988132477), (4, 0.3858717083930969), (5, 0.36920249462127686), (6, 0.32938557863235474), (7, 0.35829439759254456), (8, 0.40114685893058777), (9, 0.37609928846359253), (0, 0.38915345072746277), (1, 0.3704886734485626), (2, 0.3538650870323181), (3, 0.35368841886520386), (4, 0.3853829503059387), (5, 0.3726252317428589), (6, 0.35902053117752075), (7, 0.39071372151374817), (8, 0.3752773702144623), (9, 0.3300534188747406), (0, 0.35105791687965393), (1, 0.39981165528297424), (2, 0.31149765849113464), (3, 0.4170701503753662), (4, 0.42055556178092957), (5, 0.3897593319416046), (6, 0.45424506068229675), (7, 0.33435794711112976), (8, 0.32532569766044617), (9, 0.2761767506599426), (0, 0.3763396739959717), (1, 0.3707667589187622), (2, 0.3968140780925751), (3, 0.31817805767059326), (4, 0.3627989888191223), (5, 0.4137948155403137), (6, 0.36453723907470703), (7, 0.38923436403274536), (8, 0.3329824209213257), (9, 0.35479968786239624), (0, 0.3517904579639435), (1, 0.3525778651237488), (2, 0.36142557859420776), (3, 0.34132832288742065), (4, 0.3697079122066498), (5, 0.3959789574146271), (6, 0.39620479941368103), (7, 0.3720589578151703), (8, 0.36207208037376404), (9, 0.3672099709510803), (0, 0.3360125422477722), (1, 0.369054913520813), (2, 0.35114869475364685), (3, 0.40186336636543274), (4, 0.3942761719226837), (5, 0.36710724234580994), (6, 0.35050028562545776), (7, 0.33336126804351807), (8, 0.3756127655506134), (9, 0.36741647124290466), (0, 0.41594478487968445), (1, 0.3418045938014984), (2, 0.3326013684272766), (3, 0.41813546419143677), (4, 0.37539032101631165), (5, 0.31572455167770386), (6, 0.3455834984779358), (7, 0.34367647767066956), (8, 0.3306695818901062), (9, 0.4257860481739044), (0, 0.3679259121417999), (1, 0.38037002086639404), (2, 0.3672669529914856), (3, 0.41010528802871704), (4, 0.3433915674686432), (5, 0.3083522915840149), (6, 0.3468930721282959), (7, 0.3618653416633606), (8, 0.34011584520339966), (9, 0.39841511845588684), (0, 0.35413220524787903), (1, 0.4272710680961609), (2, 0.38503211736679077), (3, 0.29062405228614807), (4, 0.37527140974998474), (5, 0.3371562957763672), (6, 0.3670389950275421), (7, 0.37398460507392883), (8, 0.33629462122917175), (9, 0.3676629364490509), (0, 0.3160676956176758), (1, 0.32281672954559326), (2, 0.39630088210105896), (3, 0.3632492423057556), (4, 0.32431724667549133), (5, 0.41524291038513184), (6, 0.38865840435028076), (7, 0.37565284967422485), (8, 0.354196697473526), (9, 0.36648809909820557), (0, 0.3179657757282257), (1, 0.3717176020145416), (2, 0.3406737148761749), (3, 0.3441182076931), (4, 0.373586505651474), (5, 0.3733748495578766), (6, 0.3425353169441223), (7, 0.35939881205558777), (8, 0.36195865273475647), (9, 0.4154980480670929), (0, 0.3971158564090729), (1, 0.3762090802192688), (2, 0.3659379184246063), (3, 0.4111376106739044), (4, 0.3335060477256775), (5, 0.3313540518283844), (6, 0.3739663362503052), (7, 0.35947564244270325), (8, 0.29108086228370667), (9, 0.344590961933136), (0, 0.31233230233192444), (1, 0.35635679960250854), (2, 0.3341250717639923), (3, 0.32940807938575745), (4, 0.3774651288986206), (5, 0.33978453278541565), (6, 0.3668385446071625), (7, 0.4077249765396118), (8, 0.3796381652355194), (9, 0.3744073212146759), (0, 0.31407126784324646), (1, 0.39393311738967896), (2, 0.3748224675655365), (3, 0.37394478917121887), (4, 0.29513972997665405), (5, 0.3888445794582367), (6, 0.3693009614944458), (7, 0.38038334250450134), (8, 0.3460564911365509), (9, 0.3339773416519165), (0, 0.36138397455215454), (1, 0.32768118381500244), (2, 0.34147223830223083), (3, 0.3652917146682739), (4, 0.3565852642059326), (5, 0.38761481642723083), (6, 0.3352527916431427), (7, 0.373866468667984), (8, 0.37668463587760925), (9, 0.33386871218681335), (0, 0.3683176338672638), (1, 0.3256531059741974), (2, 0.345596045255661), (3, 0.34113484621047974), (4, 0.3979794979095459), (5, 0.33278217911720276), (6, 0.3092551827430725), (7, 0.3561924397945404), (8, 0.41034752130508423), (9, 0.3668602705001831), (0, 0.3867439329624176), (1, 0.2921452820301056), (2, 0.32014140486717224), (3, 0.3403080701828003), (4, 0.3391144275665283), (5, 0.3943280875682831), (6, 0.38770145177841187), (7, 0.4123491644859314), (8, 0.39901378750801086), (9, 0.31965985894203186), (0, 0.411581426858902), (1, 0.3299535810947418), (2, 0.32104310393333435), (3, 0.33448612689971924), (4, 0.3470567762851715), (5, 0.3364982306957245), (6, 0.4051971137523651), (7, 0.3941689431667328), (8, 0.3411111533641815), (9, 0.35197913646698), (0, 0.3632369935512543), (1, 0.342178612947464), (2, 0.3135123550891876), (3, 0.35318514704704285), (4, 0.34693077206611633), (5, 0.41261234879493713), (6, 0.37505921721458435), (7, 0.3470265567302704), (8, 0.3436562716960907), (9, 0.3440258502960205), (0, 0.32787472009658813), (1, 0.360144704580307), (2, 0.3352288007736206), (3, 0.3639381527900696), (4, 0.3203601837158203), (5, 0.3751569986343384), (6, 0.3588627278804779), (7, 0.35726264119148254), (8, 0.3401566445827484), (9, 0.392678827047348), (0, 0.39820387959480286), (1, 0.3238176703453064), (2, 0.3870612382888794), (3, 0.3442634642124176), (4, 0.33322471380233765), (5, 0.2658939063549042), (6, 0.3841830790042877), (7, 0.39521583914756775), (8, 0.3035869896411896), (9, 0.37752190232276917), (0, 0.35694369673728943), (1, 0.37299588322639465), (2, 0.3084406554698944), (3, 0.36259615421295166), (4, 0.34977802634239197), (5, 0.33644431829452515), (6, 0.41064614057540894), (7, 0.31648585200309753), (8, 0.32544636726379395), (9, 0.3727588653564453), (0, 0.3426695168018341), (1, 0.3500646650791168), (2, 0.3593024015426636), (3, 0.34342360496520996), (4, 0.3535785973072052), (5, 0.31114429235458374), (6, 0.35743552446365356), (7, 0.41686001420021057), (8, 0.3343845009803772), (9, 0.3450907766819), (0, 0.37290680408477783), (1, 0.38535186648368835), (2, 0.3073972761631012), (3, 0.3713936507701874), (4, 0.3641795814037323), (5, 0.35094451904296875), (6, 0.30160900950431824), (7, 0.3481532037258148), (8, 0.3369240164756775), (9, 0.363534152507782), (0, 0.3474963903427124), (1, 0.35822853446006775), (2, 0.39951810240745544), (3, 0.32100406289100647), (4, 0.3611955940723419), (5, 0.3438606560230255), (6, 0.329934298992157), (7, 0.3238164782524109), (8, 0.3586154282093048), (9, 0.34402501583099365)]