-5.100498591050753872e-01
9.041451012218769678e-01
-2.351790984640623083e+00
1.082895703804938137e+01
4.737588913405210711e+00
1.133065895478964219e-01
-3.276381453498357077e-01
6.673966524724359139e+00
-7.676487922523914875e+00
4.559088637080571660e-02
-1.090070457758252731e+00
2.498086062032630478e-02
4.547863410556299973e-02
-3.551241978013498501e-01
3.398861569612313116e-02
1.124498999071375932e-01
2.008306103124946340e-01
9.931281784152466985e-01
9.812263977596612508e-01
1.098652800212279743e+02
3.626619268476025582e+01
6.746470797942505371e-01
3.021702927280673356e-01
3.992151043424900236e-01
4.872833824179579887e-01
