-5.355157573719214747e-01
8.055488572257361035e-01
-2.344438257556095362e+00
7.632491678323573225e+00
4.083706823817638387e+00
8.345383623787097638e-02
-3.599787367417125461e-01
6.927239956778411312e+00
-7.876306737806578084e+00
4.136408191351498287e-02
-8.977005119984571291e-01
1.904544408998123245e-02
4.294846868193141071e-02
-4.238486088457817935e-01
2.526023728676156377e-02
1.302037853914667365e-01
1.830525363283173335e-01
1.070413977608370315e+00
1.105546770851359994e+00
1.592760338709830137e+02
3.465376021578864396e+01
7.426681431960284741e-01
2.961442371339055302e-01
3.182430654588812025e-01
4.798320288174995341e-01
