-4.062298658494014614e-01
9.432935373812075808e-01
-1.808589046022663238e+00
1.120281620977426229e+01
5.751327882341407793e+00
9.786460132942033374e-02
-2.982066335466533324e-01
5.356367386429417010e+00
-7.834105580463083029e+00
4.642110178998040682e-02
-8.624090799346431080e-01
2.403904388447344193e-02
6.298629865050316134e-02
-3.699951592384346233e-01
2.726460476661375990e-02
1.205805679739440361e-01
2.095999671584903301e-01
8.909045131469472967e-01
1.263648800732775745e+00
1.034884646433921773e+02
3.606245523778683548e+01
7.106159073288170758e-01
2.187844849617834320e-01
2.970117588569544109e-01
3.889928976873728295e-01
