-5.765086446311192825e-01
8.512094495398390137e-01
-1.891023433521202168e+00
9.160521882626250445e+00
4.649883227809395336e+00
1.132450007935103670e-01
-2.823009886607609764e-01
7.590335943784772610e+00
-8.178530460971545679e+00
4.347956898256555985e-02
-9.627681850715876788e-01
2.091661547440238841e-02
5.664784342971432990e-02
-4.167467717330012311e-01
2.200540705107717487e-02
1.271543624734532418e-01
2.382718666534305585e-01
9.087851984210165712e-01
1.178469652509445353e+00
1.299602283572877184e+02
3.890196216472070745e+01
7.902608334830518722e-01
3.449856960832923258e-01
3.652573930682738723e-01
5.066768459410367909e-01
