Model Setup for Uniformvirtual {PATIENT_GROUPS} Trained Network:

{NETWORK_TYPE} Network Architecture Parameters
Input channels=22
Hidden channels=128
Output channels=1

Training hyperparameters
Optimizer=AdamW (
Parameter Group 0
    amsgrad: False
    betas: (0.9, 0.999)
    capturable: False
    differentiable: False
    eps: 1e-08
    foreach: None
    fused: None
    lr: 0.001
    maximize: False
    weight_decay: 1e-06
)Training Iterations=40
Learning rate=0.001
Weight decay=1e-06
Optimizer reset frequency=None

Dropout probability (after initial linear layer before NCDE): 0
Training Data Selection Parameters
(If not virtual, the only important params are the groups and whether data was normalized/standardized)
Patient groups=['Control', 'MDD']
Augmentation strategy=Uniform
Noise Magnitude=0.05
Normalized/standardized=StandardizeAll
Number of virtual patients per real patient=100
Label smoothing factor=0
Test Patient Combinations:
Control: (16, 22, 47, 15, 7)
MDD: (4, 32, 48, 44, 31)
Training batch size=200
Training Results:
Runtime=3.4360320568084717
Loss over time=[(0, 0.6902034878730774), (1, 0.6794304847717285), (2, 0.6707987785339355), (3, 0.6568812727928162), (4, 0.6715039610862732), (5, 0.6398348808288574), (6, 0.6281803250312805), (7, 0.6344255805015564), (8, 0.6287493109703064), (9, 0.6121751666069031), (10, 0.6050384044647217), (11, 0.6084591150283813), (12, 0.5705463886260986), (13, 0.576078474521637), (14, 0.547065258026123), (15, 0.563057005405426), (16, 0.5529907941818237), (17, 0.5274083614349365), (18, 0.5343059301376343), (19, 0.4864017069339752), (20, 0.45300915837287903), (21, 0.49475401639938354), (22, 0.4533744752407074), (23, 0.4391738772392273), (24, 0.47483065724372864), (25, 0.4462682008743286), (26, 0.43605178594589233), (27, 0.4401126503944397), (28, 0.41592827439308167), (29, 0.3797721862792969), (30, 0.3343205153942108), (31, 0.36555320024490356), (32, 0.37423762679100037), (33, 0.358987957239151), (34, 0.34224405884742737), (35, 0.33176276087760925), (36, 0.33988094329833984), (37, 0.33320891857147217), (38, 0.35855093598365784), (39, 0.32898643612861633), (40, 0.32849445939064026), (41, 0.2847037613391876), (42, 0.30726051330566406), (43, 0.28441140055656433), (44, 0.26178836822509766), (45, 0.2794792652130127), (46, 0.29022035002708435), (47, 0.24243073165416718), (48, 0.21735221147537231), (0, 0.20015861093997955), (1, 0.20673392713069916), (2, 0.15857067704200745), (3, 0.20768184959888458), (4, 0.20151841640472412), (5, 0.17924317717552185), (6, 0.19862228631973267), (7, 0.22266235947608948), (8, 0.14846892654895782), (9, 0.17630453407764435), (10, 0.14739057421684265), (11, 0.13590508699417114), (12, 0.13513168692588806), (13, 0.13094481825828552), (14, 0.11043412983417511), (15, 0.16655777394771576), (16, 0.11695756763219833), (17, 0.12506534159183502), (18, 0.12578295171260834), (19, 0.13839653134346008), (20, 0.10128208249807358), (21, 0.1018410474061966), (22, 0.09220272302627563), (23, 0.09146010130643845), (24, 0.0746784433722496), (25, 0.08745002001523972), (26, 0.06992151588201523), (27, 0.08770101517438889), (28, 0.06356105208396912), (29, 0.17374087870121002), (30, 0.0777757465839386), (31, 0.09623153507709503), (32, 0.12475959956645966), (33, 0.05492231994867325), (34, 0.1304173469543457), (35, 0.07441568374633789), (36, 0.054647013545036316), (37, 0.09118959307670593), (38, 0.05700981616973877), (39, 0.076348215341568), (40, 0.1195572167634964), (41, 0.053037285804748535), (42, 0.06195039674639702), (43, 0.08317187428474426), (44, 0.04454510658979416), (45, 0.044761527329683304), (46, 0.06008623167872429), (47, 0.0629141703248024), (48, 0.030491981655359268), (0, 0.048932045698165894), (1, 0.06441950052976608), (2, 0.03521721810102463), (3, 0.05819603055715561), (4, 0.05309158191084862), (5, 0.03230167552828789), (6, 0.03787916153669357), (7, 0.03508378565311432), (8, 0.032175157219171524), (9, 0.029656263068318367), (10, 0.02459052763879299), (11, 0.0490608774125576), (12, 0.03351624310016632), (13, 0.028204992413520813), (14, 0.0343092642724514), (15, 0.03466855362057686), (16, 0.014930292032659054), (17, 0.0391002893447876), (18, 0.031319085508584976), (19, 0.01227543130517006), (20, 0.05288054421544075), (21, 0.028440065681934357), (22, 0.014013279229402542), (23, 0.049141570925712585), (24, 0.03160162270069122), (25, 0.014667697250843048), (26, 0.048268336802721024), (27, 0.01326578576117754), (28, 0.010597349144518375), (29, 0.016805293038487434), (30, 0.016652138903737068), (31, 0.018856231123209), (32, 0.010160832665860653), (33, 0.012098127976059914), (34, 0.02686939761042595), (35, 0.009859773330390453), (36, 0.01050255075097084), (37, 0.014025948010385036), (38, 0.009345375001430511), (39, 0.0034865534398704767), (40, 0.0075902510434389114), (41, 0.006137821823358536), (42, 0.005869342014193535), (43, 0.006733305286616087), (44, 0.005123247392475605), (45, 0.004782728385180235), (46, 0.0071995798498392105), (47, 0.00825060997158289), (48, 0.005434693768620491), (0, 0.0036994917318224907), (1, 0.0036736605688929558), (2, 0.006229931488633156), (3, 0.003434086451306939), (4, 0.004238104913383722), (5, 0.0017285472713410854), (6, 0.0028868145309388638), (7, 0.003532886505126953), (8, 0.004055412951856852), (9, 0.0027896640822291374), (10, 0.002317061647772789), (11, 0.0022484094370156527), (12, 0.0018719029612839222), (13, 0.002633925760164857), (14, 0.0021799816749989986), (15, 0.002170943422242999), (16, 0.0022393115796148777), (17, 0.0016588756116107106), (18, 0.001955228392034769), (19, 0.002138963434845209), (20, 0.001751993433572352), (21, 0.0015059938887134194), (22, 0.0015018918784335256), (23, 0.0017289191018790007), (24, 0.0026749407406896353), (25, 0.0017371937865391374), (26, 0.0016335196560248733), (27, 0.0017656958661973476), (28, 0.001342818490229547), (29, 0.001323310541920364), (30, 0.0016216381918638945), (31, 0.0009635713649913669), (32, 0.0008555597742088139), (33, 0.0012799991527572274), (34, 0.0012938715517520905), (35, 0.0011186118936166167), (36, 0.0011767612304538488), (37, 0.0011351399589329958), (38, 0.000896634825039655), (39, 0.0010912251891568303), (40, 0.0008866098360158503), (41, 0.0012784088030457497), (42, 0.0013350346125662327), (43, 0.001133344485424459), (44, 0.0009956220164895058), (45, 0.0007674330263398588), (46, 0.001422592089511454), (47, 0.0008627142524346709), (48, 0.0010137631325051188), (0, 0.0008906463626772165), (1, 0.0006052215467207134), (2, 0.0008384260581806302), (3, 0.0012169394176453352), (4, 0.001086683478206396), (5, 0.0013625420397147536), (6, 0.0006951393443159759), (7, 0.000788635341450572), (8, 0.0009142412454821169), (9, 0.0008446560241281986), (10, 0.0007277890108525753), (11, 0.000888374459464103), (12, 0.0005946371820755303), (13, 0.0005589881911873817), (14, 0.0009316286304965615), (15, 0.0005379879148676991), (16, 0.0006552293780259788), (17, 0.000783196184784174), (18, 0.0008002450922504067), (19, 0.0004134377813898027), (20, 0.0007998821092769504), (21, 0.0007917003240436316), (22, 0.0006471033557318151), (23, 0.0005924722645431757), (24, 0.00048574202810414135), (25, 0.0004418293246999383), (26, 0.0005440571112558246), (27, 0.0007029925473034382), (28, 0.0005105291493237019), (29, 0.0007731389487162232), (30, 0.0006518028676509857), (31, 0.0004468834085855633), (32, 0.0006425642059184611), (33, 0.0006757748778909445), (34, 0.0005584398750215769), (35, 0.0005297541501931846), (36, 0.0006356502417474985), (37, 0.000595314078964293), (38, 0.0003950350219383836), (39, 0.0007740946603007615), (40, 0.0003605423553381115), (41, 0.0004901076317764819), (42, 0.0004890079726465046), (43, 0.0004047769180033356), (44, 0.0004972136812284589), (45, 0.0005465467693284154), (46, 0.00044053091551177204), (47, 0.00043429783545434475), (48, 0.0003899906878359616), (0, 0.0004891037242487073), (1, 0.00047449610428884625), (2, 0.0004107218701392412), (3, 0.00029884008108638227), (4, 0.00033819384407252073), (5, 0.00046329270116984844), (6, 0.0004577843938022852), (7, 0.0005235520075075328), (8, 0.0004980188678018749), (9, 0.0005057467496953905), (10, 0.000329425442032516), (11, 0.00039417092921212316), (12, 0.00026769295800477266), (13, 0.0002645077765919268), (14, 0.0004491854051593691), (15, 0.00036175924469716847), (16, 0.00047385814832523465), (17, 0.0006120380130596459), (18, 0.0003731637552846223), (19, 0.0003403295704629272), (20, 0.00046242191456258297), (21, 0.0003408841148484498), (22, 0.00021925655892118812), (23, 0.0004891410353593528), (24, 0.0005583091988228261), (25, 0.00026611750945448875), (26, 0.0003212566953152418), (27, 0.0005531224887818098), (28, 0.00027949202922172844), (29, 0.00023650069488212466), (30, 0.0004073496675118804), (31, 0.00023974705254659057), (32, 0.00040344957960769534), (33, 0.0003178686019964516), (34, 0.0002882074622903019), (35, 0.00037103440263308585), (36, 0.00033961745793931186), (37, 0.0003652425075415522), (38, 0.0002929593902081251), (39, 0.0004084497631993145), (40, 0.00026894218171946704), (41, 0.00035011093132197857), (42, 0.00021796973305754364), (43, 0.00022212926705833524), (44, 0.000202178445761092), (45, 0.0002605423505883664), (46, 0.00027853104984387755), (47, 0.0002767267869785428), (48, 0.00022235991491470486), (0, 0.00021709714201278985), (1, 0.00026894279289990664), (2, 0.0002243086346425116), (3, 0.00028215255588293076), (4, 0.0002930073533207178), (5, 0.00023499774397350848), (6, 0.00025381072191521525), (7, 0.00031110752024687827), (8, 0.0003049607912544161), (9, 0.00034755535307340324), (10, 0.00033405458088964224), (11, 0.00026961055118590593), (12, 0.00021217532048467547), (13, 0.00016500749916303903), (14, 0.00026125324075110257), (15, 0.0002872924378607422), (16, 0.00020724220667034388), (17, 0.00023122603306546807), (18, 0.0002560208668000996), (19, 0.0002633773547131568), (20, 0.00020637693523894995), (21, 0.00019003164197783917), (22, 0.00025079635088332), (23, 0.00024332483008038253), (24, 0.0001790797832654789), (25, 0.00022172823082655668), (26, 0.0002104612794937566), (27, 0.0002849374432116747), (28, 0.00019029705435968935), (29, 0.00022276588424574584), (30, 0.0002436066570226103), (31, 0.0002557520638220012), (32, 0.00022972461010795087), (33, 0.00023991495254449546), (34, 0.00029129188624210656), (35, 0.00021883950103074312), (36, 0.00022938627807889134), (37, 0.0001334998378297314), (38, 0.00018375295621808618), (39, 0.00016563039389438927), (40, 0.00014726724475622177), (41, 0.00020264799240976572), (42, 0.0001797191216610372), (43, 0.00018932436069007963), (44, 0.00015665273531340063), (45, 0.00013850582763552666), (46, 0.0001957825879799202), (47, 0.00015600575716234744), (48, 0.00019457226153463125), (0, 0.00023360762861557305), (1, 0.00026740715838968754), (2, 0.00023330886324401945), (3, 0.00014612526865676045), (4, 0.00020305195357650518), (5, 0.00018340948736295104), (6, 0.00014616399130318314), (7, 0.00012933228572364897), (8, 0.00022173816978465766), (9, 0.00019122684898320585), (10, 0.0001470058923587203), (11, 0.00019148908904753625), (12, 0.00018483753956388682), (13, 0.00013065575330983847), (14, 0.00013994297478348017), (15, 0.0001595160720171407), (16, 0.0001142735782195814), (17, 0.00015183459618128836), (18, 0.00013917818432673812), (19, 0.00014036663924343884), (20, 0.00021040040883235633), (21, 0.0001407772651873529), (22, 0.00016780263104010373), (23, 0.0001623509597266093), (24, 0.00012037727719871327), (25, 0.00013474140723701566), (26, 0.0001694035017862916), (27, 9.813390352064744e-05), (28, 0.00013122473319526762), (29, 0.00014408642891794443), (30, 0.0001350504462607205), (31, 0.00011477227963041514), (32, 9.63204147410579e-05), (33, 8.748655818635598e-05), (34, 0.00010547734564170241), (35, 0.00011631019151536748), (36, 9.897636482492089e-05), (37, 9.096073335967958e-05), (38, 0.00012967157817911357), (39, 0.00010347741044824943), (40, 0.00011290459951851517), (41, 0.00014891006867401302), (42, 0.00011318203178234398), (43, 8.9224886323791e-05), (44, 7.876930612837896e-05), (45, 0.00014626055781263858), (46, 5.533949297387153e-05), (47, 0.00010143472900381312), (48, 5.605093974736519e-05), (0, 0.00011729646212188527), (1, 0.00011537859245436266), (2, 0.00010744472820078954), (3, 0.00010902620851993561), (4, 9.376473462907597e-05), (5, 0.00015572116535622627), (6, 8.220185554819182e-05), (7, 9.483583562541753e-05), (8, 8.63082823343575e-05), (9, 7.20019088475965e-05), (10, 8.749739936320111e-05), (11, 7.875432493165135e-05), (12, 0.0001014914087136276), (13, 7.823102350812405e-05), (14, 6.129217945272103e-05), (15, 6.666479748673737e-05), (16, 7.650343468412757e-05), (17, 9.392763604409993e-05), (18, 7.778643339406699e-05), (19, 4.860071567236446e-05), (20, 8.991945651359856e-05), (21, 7.561987149529159e-05), (22, 7.438632746925578e-05), (23, 0.00011285585060250014), (24, 7.013348658801988e-05), (25, 6.480558658950031e-05), (26, 7.630666368640959e-05), (27, 5.5048301874194294e-05), (28, 4.5466349547496065e-05), (29, 7.408884994219989e-05), (30, 4.938032361678779e-05), (31, 4.491757499636151e-05), (32, 6.738319643773139e-05), (33, 8.37938641780056e-05), (34, 6.409321940736845e-05), (35, 5.56307022634428e-05), (36, 8.301341586047783e-05), (37, 5.5069365771487355e-05), (38, 8.632795652374625e-05), (39, 7.301767618628219e-05), (40, 5.6601231335662305e-05), (41, 5.543890438275412e-05), (42, 5.725701339542866e-05), (43, 4.4001320929965004e-05), (44, 8.85062909219414e-05), (45, 7.243730215122923e-05), (46, 5.038402377977036e-05), (47, 7.12143664713949e-05), (48, 5.7828739954857156e-05), (0, 6.170484266476706e-05), (1, 5.652954496326856e-05), (2, 7.025862578302622e-05), (3, 4.691128197009675e-05), (4, 6.0302336351014674e-05), (5, 4.618594903149642e-05), (6, 6.427813059417531e-05), (7, 4.497087866184302e-05), (8, 4.431369234225713e-05), (9, 6.716279312968254e-05), (10, 4.743294630316086e-05), (11, 4.792607796844095e-05), (12, 5.620923184324056e-05), (13, 5.4088886827230453e-05), (14, 5.58356950932648e-05), (15, 7.292145164683461e-05), (16, 3.645050310296938e-05), (17, 4.8800342483446e-05), (18, 4.747117782244459e-05), (19, 3.9268048567464575e-05), (20, 3.134369399049319e-05), (21, 4.440564225660637e-05), (22, 3.783952342928387e-05), (23, 3.789976835832931e-05), (24, 5.156188126420602e-05), (25, 4.6622659283457324e-05), (26, 4.358963997219689e-05), (27, 5.4447642469312996e-05), (28, 4.921005165670067e-05), (29, 4.803072806680575e-05), (30, 4.5044860598864034e-05), (31, 5.068192695034668e-05), (32, 4.9633727030595765e-05), (33, 4.813390478375368e-05), (34, 3.784422005992383e-05), (35, 4.321124288253486e-05), (36, 3.8037123886169866e-05), (37, 4.0248156437883154e-05), (38, 4.850964978686534e-05), (39, 2.9304497729754075e-05), (40, 3.2749590900493786e-05), (41, 5.0874281441792846e-05), (42, 4.127132342546247e-05), (43, 4.361072205938399e-05), (44, 3.221255246899091e-05), (45, 2.4840883270371705e-05), (46, 3.233929965062998e-05), (47, 3.818404729827307e-05), (48, 3.6062476283404976e-05), (0, 2.8593067327165045e-05), (1, 2.101561040035449e-05), (2, 3.933877087547444e-05), (3, 3.636020119301975e-05), (4, 3.578109317459166e-05), (5, 4.603590787155554e-05), (6, 3.8637306715827435e-05), (7, 3.5847220715368167e-05), (8, 2.263293572468683e-05), (9, 3.855851537082344e-05), (10, 3.050918530789204e-05), (11, 3.141615161439404e-05), (12, 1.9414206690271385e-05), (13, 3.3849082683445886e-05), (14, 4.4661421270575374e-05), (15, 3.664620817289688e-05), (16, 3.529503010213375e-05), (17, 2.9645354516105726e-05), (18, 3.105317591689527e-05), (19, 2.50453576882137e-05), (20, 3.48824069078546e-05), (21, 3.142723289784044e-05), (22, 3.1047991797095165e-05), (23, 2.4465431124554016e-05), (24, 2.77521503448952e-05), (25, 3.7879199226154014e-05), (26, 2.736632632149849e-05), (27, 2.869737181754317e-05), (28, 2.953419061668683e-05), (29, 2.815844891301822e-05), (30, 3.6453260690905154e-05), (31, 2.798995228658896e-05), (32, 3.911836029146798e-05), (33, 2.605897134344559e-05), (34, 3.098138404311612e-05), (35, 2.7148209483129904e-05), (36, 3.558798198355362e-05), (37, 3.289883898105472e-05), (38, 3.988805110566318e-05), (39, 2.467727790644858e-05), (40, 2.961947575386148e-05), (41, 2.5843844923656434e-05), (42, 3.203549567842856e-05), (43, 3.41062004736159e-05), (44, 2.3821803551982157e-05), (45, 2.731814129219856e-05), (46, 2.6268005967722274e-05), (47, 2.7483392841531895e-05), (48, 2.4880015189410187e-05), (0, 2.6961472030961886e-05), (1, 2.705185761442408e-05), (2, 2.5018789528985508e-05), (3, 1.7797075997805223e-05), (4, 2.8896363801322877e-05), (5, 3.102535265497863e-05), (6, 2.8042835765518248e-05), (7, 2.0574538211803883e-05), (8, 1.6661251720506698e-05), (9, 2.3898501240182668e-05), (10, 2.2320566131384112e-05), (11, 3.192934309481643e-05), (12, 2.6241124942316674e-05), (13, 2.1363277483033016e-05), (14, 2.457127266097814e-05), (15, 2.396564741502516e-05), (16, 2.8862878025393002e-05), (17, 2.4266997570521198e-05), (18, 2.887747723434586e-05), (19, 1.3494758604792878e-05), (20, 2.15210657188436e-05), (21, 3.0169696401571855e-05), (22, 2.2417891159420833e-05), (23, 2.5754503440111876e-05), (24, 1.842874553403817e-05), (25, 2.0820973077206872e-05), (26, 2.5577895939932205e-05), (27, 2.690680958039593e-05), (28, 2.215459244325757e-05), (29, 2.6475789127289318e-05), (30, 1.0114599717780948e-05), (31, 1.8576882212073542e-05), (32, 7.6002738751412835e-06), (33, 2.0619158021872863e-05), (34, 2.6127971068490297e-05), (35, 2.4779323211987503e-05), (36, 2.485970253474079e-05), (37, 2.09844765777234e-05), (38, 2.5440123863518238e-05), (39, 2.7187801606487483e-05), (40, 1.7755934095475823e-05), (41, 2.4815462893457152e-05), (42, 1.5007020920165814e-05), (43, 1.5105070815479849e-05), (44, 1.9765568140428513e-05), (45, 1.8422115317662247e-05), (46, 2.7431533453636803e-05), (47, 2.1017396647948772e-05), (48, 1.951544800249394e-05), (0, 2.441369906591717e-05), (1, 2.2442403860623017e-05), (2, 1.644444273551926e-05), (3, 1.832141788327135e-05), (4, 2.9280792659847066e-05), (5, 1.8528489817981608e-05), (6, 2.195385968661867e-05), (7, 1.5983219782356173e-05), (8, 1.4783792721573263e-05), (9, 2.1133502741577104e-05), (10, 1.8384082068223506e-05), (11, 7.473856840078952e-06), (12, 1.9540115317795426e-05), (13, 2.2542488295584917e-05), (14, 1.514237646915717e-05), (15, 1.668283402977977e-05), (16, 1.6127320122905076e-05), (17, 1.62430624186527e-05), (18, 2.194523040088825e-05), (19, 1.819240060285665e-05), (20, 1.3647541891259607e-05), (21, 1.2979976418137085e-05), (22, 1.8357874068897218e-05), (23, 1.4659482076240238e-05), (24, 1.2615931154869031e-05), (25, 1.7952450434677303e-05), (26, 1.3007058441871777e-05), (27, 1.1686384823406115e-05), (28, 1.8643613657332025e-05), (29, 1.727974449750036e-05), (30, 9.517277248960454e-06), (31, 1.9186241843272e-05), (32, 2.8027519874740392e-05), (33, 1.9828528820653446e-05), (34, 1.580677053425461e-05), (35, 1.8636235836311243e-05), (36, 1.73063890542835e-05), (37, 2.3021486413199455e-05), (38, 1.6697913451935165e-05), (39, 1.5140325558604673e-05), (40, 1.3989383660373278e-05), (41, 1.2759534001816064e-05), (42, 1.498574511060724e-05), (43, 1.4605782780563459e-05), (44, 1.5892812371021137e-05), (45, 1.5725525372545235e-05), (46, 1.5907329725450836e-05), (47, 2.4387163648498245e-05), (48, 1.405304192303447e-05), (0, 1.3435225810098927e-05), (1, 1.5508509022765793e-05), (2, 1.7313197531620972e-05), (3, 1.530122426629532e-05), (4, 1.067515040631406e-05), (5, 1.541538949823007e-05), (6, 1.665214222157374e-05), (7, 1.3657783711096272e-05), (8, 2.011563083215151e-05), (9, 1.8959888620884158e-05), (10, 1.533830800326541e-05), (11, 1.785720269253943e-05), (12, 1.6924752344493754e-05), (13, 1.3483464499586262e-05), (14, 1.3602131730294786e-05), (15, 1.4303149328043219e-05), (16, 2.3081705876393244e-05), (17, 1.0155154086533003e-05), (18, 1.4956407540012151e-05), (19, 9.726586540637072e-06), (20, 1.1788591109507252e-05), (21, 1.3298395970195998e-05), (22, 1.1817752238130197e-05), (23, 1.7560787455295213e-05), (24, 1.1219170119147748e-05), (25, 1.2185570085421205e-05), (26, 1.0131352610187605e-05), (27, 1.4580279639631044e-05), (28, 1.413901918567717e-05), (29, 1.7721496988087893e-05), (30, 1.4023006770003121e-05), (31, 1.2210142813273706e-05), (32, 1.733654789859429e-05), (33, 9.30540500121424e-06), (34, 1.44677069329191e-05), (35, 1.151838841906283e-05), (36, 1.758736470947042e-05), (37, 1.861802775238175e-05), (38, 9.60298075369792e-06), (39, 8.72935288498411e-06), (40, 1.2111247997381724e-05), (41, 1.3006909284740686e-05), (42, 9.166487870970741e-06), (43, 1.1907290172530338e-05), (44, 1.6073665392468683e-05), (45, 1.1608441127464175e-05), (46, 8.695802534930408e-06), (47, 1.3120334187988192e-05), (48, 1.1365023965481669e-05), (0, 1.8226930478704162e-05), (1, 1.1001408893207554e-05), (2, 1.2908460121252574e-05), (3, 1.9844148482661694e-05), (4, 9.055562259163707e-06), (5, 1.2488793800002895e-05), (6, 1.0754485629149713e-05), (7, 1.9322103980812244e-05), (8, 1.4186990483722184e-05), (9, 1.4538089999405202e-05), (10, 1.1820595318567939e-05), (11, 7.233539236040087e-06), (12, 1.0724086678237654e-05), (13, 1.0359105544921476e-05), (14, 1.2448904271877836e-05), (15, 1.308051014348166e-05), (16, 1.1079034266003873e-05), (17, 9.085884812520817e-06), (18, 9.493840479990467e-06), (19, 1.052593142958358e-05), (20, 7.460082542820601e-06), (21, 1.3427165868051816e-05), (22, 8.369778697669972e-06), (23, 8.763105142861605e-06), (24, 1.00422439572867e-05), (25, 9.525536370347254e-06), (26, 8.720378900761716e-06), (27, 1.2566698387672659e-05), (28, 1.326800793322036e-05), (29, 1.2782835256075487e-05), (30, 1.0992762327077799e-05), (31, 7.493045814044308e-06), (32, 1.0829588063643314e-05), (33, 1.310728748649126e-05), (34, 9.961939213098958e-06), (35, 1.3178317203710321e-05), (36, 9.606034836906474e-06), (37, 1.0156574717257172e-05), (38, 7.684780030103866e-06), (39, 9.980180038837716e-06), (40, 1.3458262401400134e-05), (41, 8.969638656708412e-06), (42, 1.4812634617555887e-05), (43, 8.26794894237537e-06), (44, 7.69213875173591e-06), (45, 1.30617036120384e-05), (46, 9.88848023553146e-06), (47, 1.0280575224896893e-05), (48, 1.5772464394103736e-05), (0, 9.383275028085336e-06), (1, 7.65706499805674e-06), (2, 9.420623428013641e-06), (3, 1.3120074072503485e-05), (4, 1.0402105544926599e-05), (5, 6.831409336882643e-06), (6, 1.0555459994066041e-05), (7, 9.193122423312161e-06), (8, 1.4806753824814223e-05), (9, 1.0440496225783136e-05), (10, 1.3468912584357895e-05), (11, 8.894566235539969e-06), (12, 5.475648322317284e-06), (13, 8.448965672869235e-06), (14, 5.3653780014428776e-06), (15, 9.427636541659012e-06), (16, 8.956742021837272e-06), (17, 1.0349783224228304e-05), (18, 1.0149778063350823e-05), (19, 1.233681814483134e-05), (20, 7.489997187803965e-06), (21, 8.109785085252952e-06), (22, 1.0002183444157708e-05), (23, 8.527461432095151e-06), (24, 1.1286710105196107e-05), (25, 7.223293778224615e-06), (26, 8.89100101630902e-06), (27, 1.315815643465612e-05), (28, 6.995457624725532e-06), (29, 5.504756245500175e-06), (30, 1.3662631317856722e-05), (31, 1.4186869520926848e-05), (32, 1.2735286873066798e-05), (33, 8.318823347508442e-06), (34, 1.0360262422182132e-05), (35, 6.489963197964244e-06), (36, 9.91152865026379e-06), (37, 1.1272903066128492e-05), (38, 8.769637133809738e-06), (39, 8.023279406188522e-06), (40, 9.307802429248113e-06), (41, 1.1291881492070388e-05), (42, 1.1575250027817674e-05), (43, 8.289058314403519e-06), (44, 1.0901098903559614e-05), (45, 8.7131375039462e-06), (46, 1.0467783795320429e-05), (47, 5.271310328680556e-06), (48, 8.258354682766367e-06), (0, 1.0948937415378168e-05), (1, 1.041235555021558e-05), (2, 1.0513880624785088e-05), (3, 6.365969511534786e-06), (4, 5.1268416427774355e-06), (5, 1.1181480658706278e-05), (6, 9.848489753494505e-06), (7, 6.448086423915811e-06), (8, 1.1131276551168412e-05), (9, 6.89877879267442e-06), (10, 7.733208803983871e-06), (11, 6.687700988550205e-06), (12, 6.536080036312342e-06), (13, 9.619961929274723e-06), (14, 5.387133569456637e-06), (15, 7.834968528186437e-06), (16, 8.47354021971114e-06), (17, 1.0037652828032151e-05), (18, 9.709353435027879e-06), (19, 9.511342796031386e-06), (20, 7.5659645517589524e-06), (21, 6.920952728250995e-06), (22, 6.0338497860357165e-06), (23, 9.101462637772784e-06), (24, 9.475949809711892e-06), (25, 1.1466759133327287e-05), (26, 9.257965757569764e-06), (27, 6.486838628916303e-06), (28, 8.286582669825293e-06), (29, 1.0858864698093385e-05), (30, 7.872953574405983e-06), (31, 6.936018962733215e-06), (32, 1.287193845200818e-05), (33, 8.374469871341716e-06), (34, 7.073869710438885e-06), (35, 7.740258297417313e-06), (36, 7.061289124976611e-06), (37, 7.226728939713212e-06), (38, 9.195934580930043e-06), (39, 4.625518613465829e-06), (40, 6.533807663799962e-06), (41, 4.195527253614273e-06), (42, 7.5680832196667325e-06), (43, 1.0480725904926658e-05), (44, 5.724310540244915e-06), (45, 1.180730396299623e-05), (46, 6.836631200712873e-06), (47, 4.524477390077664e-06), (48, 5.66301105209277e-06), (0, 7.447410098393448e-06), (1, 7.751579687464982e-06), (2, 1.1098611139459535e-05), (3, 7.191152690211311e-06), (4, 5.28955433765077e-06), (5, 7.840867510822136e-06), (6, 6.1254277170519345e-06), (7, 8.370105206267908e-06), (8, 5.889616659260355e-06), (9, 7.296588591998443e-06), (10, 9.638100891606882e-06), (11, 6.8066442509007175e-06), (12, 1.2039330613333732e-05), (13, 6.443257007049397e-06), (14, 6.70661256663152e-06), (15, 9.406739991391078e-06), (16, 5.364386197470594e-06), (17, 5.664797299687052e-06), (18, 2.921657824117574e-06), (19, 6.945874247321626e-06), (20, 7.034886493784143e-06), (21, 8.33740341477096e-06), (22, 6.872536232549464e-06), (23, 3.8143678011692828e-06), (24, 6.401704922609497e-06), (25, 7.458197615051176e-06), (26, 5.931211489951238e-06), (27, 7.675932465645019e-06), (28, 6.372064035531366e-06), (29, 6.061982730898308e-06), (30, 6.8379058575374074e-06), (31, 5.508416961674811e-06), (32, 4.874666046816856e-06), (33, 9.348294952360447e-06), (34, 8.048698873608373e-06), (35, 9.165493793261703e-06), (36, 5.792542197013972e-06), (37, 6.585582013940439e-06), (38, 8.03077819000464e-06), (39, 3.988694970757933e-06), (40, 6.469622803706443e-06), (41, 7.401376478810562e-06), (42, 5.199259703658754e-06), (43, 1.033311946230242e-05), (44, 7.1260001277551055e-06), (45, 6.130004294391256e-06), (46, 6.46122362013557e-06), (47, 5.641669758915668e-06), (48, 7.46669957152335e-06), (0, 7.5017510425823275e-06), (1, 9.476506420469377e-06), (2, 7.3942765084211715e-06), (3, 4.760397587233456e-06), (4, 4.689123670686968e-06), (5, 5.880212938791374e-06), (6, 5.670508471666835e-06), (7, 4.200903276796453e-06), (8, 5.8503223954176065e-06), (9, 5.029433395975502e-06), (10, 8.443219485343434e-06), (11, 6.022079560352722e-06), (12, 4.422468009579461e-06), (13, 4.035491201648256e-06), (14, 5.754463472840143e-06), (15, 5.196104211790953e-06), (16, 5.590594355453504e-06), (17, 5.616957423626445e-06), (18, 7.2306952461076435e-06), (19, 4.66179290015134e-06), (20, 6.388837846316164e-06), (21, 5.17753232998075e-06), (22, 4.206452103971969e-06), (23, 1.012053144222591e-05), (24, 8.68671304488089e-06), (25, 7.207008366094669e-06), (26, 6.177441719046328e-06), (27, 6.425939318432938e-06), (28, 6.234217380551854e-06), (29, 5.05955495100352e-06), (30, 5.836916898260824e-06), (31, 3.7837976378796156e-06), (32, 5.131380021339282e-06), (33, 5.622060143650742e-06), (34, 5.726839390263194e-06), (35, 3.969430963479681e-06), (36, 8.366010661120526e-06), (37, 5.976556622044882e-06), (38, 8.843990144669078e-06), (39, 6.7234736889076885e-06), (40, 5.850215075042797e-06), (41, 5.8104656091018114e-06), (42, 4.350487870397046e-06), (43, 6.546299118781462e-06), (44, 6.41900442133192e-06), (45, 6.236849003471434e-06), (46, 5.000908913643798e-06), (47, 6.893970294186147e-06), (48, 9.335280992672779e-06), (0, 5.924791366851423e-06), (1, 4.265980805939762e-06), (2, 5.4522374739462975e-06), (3, 7.528337391704554e-06), (4, 4.2130241126869805e-06), (5, 6.2160120251064654e-06), (6, 6.096632205299102e-06), (7, 5.570321718550986e-06), (8, 6.851811122032814e-06), (9, 6.948435384401819e-06), (10, 7.306547104235506e-06), (11, 5.462136414280394e-06), (12, 6.100804512243485e-06), (13, 6.96969937052927e-06), (14, 4.16811690229224e-06), (15, 6.125614618213149e-06), (16, 4.285354407329578e-06), (17, 6.186866812640801e-06), (18, 7.898563126218505e-06), (19, 5.0740436563501135e-06), (20, 7.809666385583114e-06), (21, 5.30485158378724e-06), (22, 5.246335604169872e-06), (23, 4.073330273968168e-06), (24, 4.082374289282598e-06), (25, 6.6432107814762276e-06), (26, 4.59424745713477e-06), (27, 4.475159585126676e-06), (28, 5.441807388706366e-06), (29, 4.763706328958506e-06), (30, 4.763037850352703e-06), (31, 7.483255103579722e-06), (32, 3.37744745593227e-06), (33, 4.599538897309685e-06), (34, 3.831192316283705e-06), (35, 4.167718998360215e-06), (36, 4.648760750569636e-06), (37, 5.529533154913224e-06), (38, 7.710921636316925e-06), (39, 6.418787961592898e-06), (40, 4.918125341646373e-06), (41, 5.468364633998135e-06), (42, 5.41706822332344e-06), (43, 5.304406386130722e-06), (44, 4.203280695946887e-06), (45, 5.0694216042757034e-06), (46, 3.241896592953708e-06), (47, 3.5655391457112273e-06), (48, 3.3213384540431434e-06), (0, 5.07342110722675e-06), (1, 2.8117931378801586e-06), (2, 4.8325350689992774e-06), (3, 3.8039754599594744e-06), (4, 3.0003086521901423e-06), (5, 5.3648213906853925e-06), (6, 4.003620688308729e-06), (7, 3.515534672260401e-06), (8, 3.5006191865250003e-06), (9, 5.109770427225158e-06), (10, 6.168914751469856e-06), (11, 4.407981123222271e-06), (12, 4.90399588670698e-06), (13, 4.532032562565291e-06), (14, 4.068561338499421e-06), (15, 4.326084763306426e-06), (16, 6.363804459397215e-06), (17, 7.583306796732359e-06), (18, 3.7821405385329854e-06), (19, 3.861390723614022e-06), (20, 4.953513780492358e-06), (21, 5.96596737523214e-06), (22, 5.42355246579973e-06), (23, 4.632644049706869e-06), (24, 3.770011289816466e-06), (25, 2.846671577572124e-06), (26, 5.646285899274517e-06), (27, 4.249292942404281e-06), (28, 3.808651172221289e-06), (29, 5.195511221245397e-06), (30, 5.733554189646384e-06), (31, 2.8787187602574704e-06), (32, 4.821801667276304e-06), (33, 7.006815394561272e-06), (34, 4.22800303567783e-06), (35, 3.3960125165322097e-06), (36, 5.669391612173058e-06), (37, 4.197382168058539e-06), (38, 6.503974873339757e-06), (39, 5.038413746660808e-06), (40, 6.341805601550732e-06), (41, 4.737141352961771e-06), (42, 5.286751729727257e-06), (43, 3.915647539542988e-06), (44, 4.406727384775877e-06), (45, 6.0280744946794584e-06), (46, 4.828225883102277e-06), (47, 7.706344149482902e-06), (48, 4.147440449742135e-06), (0, 4.5132746890885755e-06), (1, 4.2381416278658435e-06), (2, 3.3320040984108346e-06), (3, 4.324361725593917e-06), (4, 4.7653857109253295e-06), (5, 3.3884723507071612e-06), (6, 5.864760169060901e-06), (7, 4.5108877202437725e-06), (8, 3.637624331531697e-06), (9, 5.281441190163605e-06), (10, 2.900252866311348e-06), (11, 5.688195415132213e-06), (12, 3.1957354167388985e-06), (13, 3.5972482237411896e-06), (14, 5.627179234579671e-06), (15, 2.3470952328352723e-06), (16, 4.032819106214447e-06), (17, 6.121211754361866e-06), (18, 4.502714091358939e-06), (19, 5.465659796755062e-06), (20, 3.367917315699742e-06), (21, 3.0419819267990533e-06), (22, 5.283594873617403e-06), (23, 4.859100044996012e-06), (24, 3.1697888971393695e-06), (25, 4.381493909022538e-06), (26, 4.055932095070602e-06), (27, 5.213486929278588e-06), (28, 3.5748525988310575e-06), (29, 4.202646778139751e-06), (30, 3.930434559151763e-06), (31, 3.160173719152226e-06), (32, 4.054472810821608e-06), (33, 7.404827556456439e-06), (34, 4.628082479030127e-06), (35, 3.0869132388033904e-06), (36, 3.350765837240033e-06), (37, 3.136386794722057e-06), (38, 3.3163933039759286e-06), (39, 4.364105279819341e-06), (40, 4.164352958468953e-06), (41, 4.1961857277783565e-06), (42, 4.3595705392363016e-06), (43, 3.857782758132089e-06), (44, 4.283903308532899e-06), (45, 4.693927621701732e-06), (46, 4.4790053834731225e-06), (47, 4.722896846942604e-06), (48, 5.6262524594785646e-06), (0, 3.560712229955243e-06), (1, 5.682049504684983e-06), (2, 4.506342065724311e-06), (3, 3.942043804272544e-06), (4, 3.781488430831814e-06), (5, 5.09987103214371e-06), (6, 4.242794148012763e-06), (7, 3.438972044023103e-06), (8, 3.3825801892817253e-06), (9, 4.2661108636821155e-06), (10, 4.988523414795054e-06), (11, 2.386480900895549e-06), (12, 2.792057102851686e-06), (13, 4.111947419005446e-06), (14, 3.874151843774598e-06), (15, 3.923437361663673e-06), (16, 4.154672751610633e-06), (17, 3.3926676223927643e-06), (18, 4.493043434194988e-06), (19, 3.760098707061843e-06), (20, 3.749754341697553e-06), (21, 3.8360994949471205e-06), (22, 3.079775297010201e-06), (23, 4.537145287031308e-06), (24, 4.027436716569355e-06), (25, 4.32834394814563e-06), (26, 3.964649749832461e-06), (27, 3.902823209500639e-06), (28, 4.094761607120745e-06), (29, 3.725764372575213e-06), (30, 4.139220891374862e-06), (31, 3.0934804726712173e-06), (32, 5.501892246684292e-06), (33, 4.970086138200713e-06), (34, 4.428118700161576e-06), (35, 2.649678208399564e-06), (36, 4.0303657442564145e-06), (37, 3.7513900679186918e-06), (38, 2.320140993106179e-06), (39, 4.420429377205437e-06), (40, 3.7448817238328047e-06), (41, 4.006670678791124e-06), (42, 4.115374849789077e-06), (43, 3.4276322367077228e-06), (44, 3.3734947919583647e-06), (45, 2.8861059035989456e-06), (46, 3.0261342089943355e-06), (47, 2.9228995117591694e-06), (48, 3.3623998660914367e-06), (0, 4.63028982267133e-06), (1, 4.843123861064669e-06), (2, 3.999475211458048e-06), (3, 2.848547637768206e-06), (4, 4.225804786983645e-06), (5, 2.4248968202300603e-06), (6, 2.912443960667588e-06), (7, 3.0310316105897073e-06), (8, 2.3698910354141844e-06), (9, 3.1501829198532505e-06), (10, 4.347662070358638e-06), (11, 2.642759909576853e-06), (12, 3.1155493616097374e-06), (13, 3.6043049931322457e-06), (14, 4.273204467608593e-06), (15, 3.329247419969761e-06), (16, 3.6742192150995834e-06), (17, 2.6200928004982416e-06), (18, 2.9073939913359936e-06), (19, 3.17412400363537e-06), (20, 3.0929568310966715e-06), (21, 3.900227511621779e-06), (22, 4.249567155056866e-06), (23, 2.3216407498694025e-06), (24, 2.78417951449228e-06), (25, 4.673099738283781e-06), (26, 4.373835508886259e-06), (27, 4.5797992243024055e-06), (28, 3.2081845802167663e-06), (29, 3.31185151480895e-06), (30, 5.697854248865042e-06), (31, 2.4376479359489167e-06), (32, 2.1396119791461388e-06), (33, 4.677617653214838e-06), (34, 2.7743205919250613e-06), (35, 4.066187102580443e-06), (36, 4.392789833218558e-06), (37, 3.494099473755341e-06), (38, 3.4898566809715703e-06), (39, 3.452687224125839e-06), (40, 4.234849711792776e-06), (41, 2.9002849259995855e-06), (42, 1.5776838608871913e-06), (43, 1.605573515917058e-06), (44, 3.943419869756326e-06), (45, 3.858324362226995e-06), (46, 4.672204795497237e-06), (47, 3.371259936102433e-06), (48, 3.930294042220339e-06), (0, 2.5912272576533724e-06), (1, 3.4256859180459287e-06), (2, 2.1289754386089044e-06), (3, 2.48097171606787e-06), (4, 2.633631766002509e-06), (5, 3.1526499242318096e-06), (6, 2.6325003545935033e-06), (7, 2.516303766242345e-06), (8, 4.0938016354630236e-06), (9, 3.416662593735964e-06), (10, 1.9465476270852378e-06), (11, 3.495882538118167e-06), (12, 3.415867467992939e-06), (13, 2.8683220989478286e-06), (14, 3.54884014086565e-06), (15, 3.6280723634263268e-06), (16, 2.5434981125727063e-06), (17, 2.9585678475996247e-06), (18, 3.386128810234368e-06), (19, 3.911824933311436e-06), (20, 4.244773208483821e-06), (21, 3.8977696021902375e-06), (22, 3.97195935875061e-06), (23, 4.088558398507303e-06), (24, 2.8744675546477083e-06), (25, 3.4615554795891512e-06), (26, 1.8875927025874262e-06), (27, 2.831744495779276e-06), (28, 3.0255935143941315e-06), (29, 4.27374152422999e-06), (30, 3.107927113887854e-06), (31, 2.785424612739007e-06), (32, 3.2276307138090488e-06), (33, 1.8272776287631132e-06), (34, 5.1749211706919596e-06), (35, 2.8304439183557406e-06), (36, 2.4093615138554014e-06), (37, 3.5940552152169403e-06), (38, 5.759772648161743e-06), (39, 3.5250868677394465e-06), (40, 3.644755452114623e-06), (41, 3.888386800099397e-06), (42, 2.973432401631726e-06), (43, 2.4988946734083584e-06), (44, 2.5872764126688708e-06), (45, 2.53597181654186e-06), (46, 3.659338744910201e-06), (47, 2.242951950393035e-06), (48, 2.0481954834394855e-06), (0, 2.6103571144631132e-06), (1, 2.84784937321092e-06), (2, 2.288303903696942e-06), (3, 3.6159308365313336e-06), (4, 3.129223387077218e-06), (5, 3.876205482811201e-06), (6, 3.4191052691312507e-06), (7, 1.9059967826251523e-06), (8, 2.2692843231197912e-06), (9, 2.0921388568240218e-06), (10, 3.4094275633833604e-06), (11, 4.73365253128577e-06), (12, 2.818943357851822e-06), (13, 3.080331453020335e-06), (14, 3.402760512472014e-06), (15, 3.403990149308811e-06), (16, 2.523272314647329e-06), (17, 2.7891394438483985e-06), (18, 3.377221219125204e-06), (19, 2.3097102257452207e-06), (20, 3.600583340812591e-06), (21, 3.551770305421087e-06), (22, 2.7260073238721816e-06), (23, 3.509910357024637e-06), (24, 2.852792022167705e-06), (25, 3.306725602669758e-06), (26, 2.414431264696759e-06), (27, 1.5976303302522865e-06), (28, 2.219104089817847e-06), (29, 2.979525106638903e-06), (30, 2.5514748358546058e-06), (31, 3.2126636142493226e-06), (32, 2.144091467926046e-06), (33, 3.171594926243415e-06), (34, 1.5561834061372792e-06), (35, 4.3390473365434445e-06), (36, 2.584055437182542e-06), (37, 3.2385310078097973e-06), (38, 1.7435767176721129e-06), (39, 2.2081910628912738e-06), (40, 3.2517364161321893e-06), (41, 2.459982169966679e-06), (42, 3.3968808565987274e-06), (43, 3.237780447307159e-06), (44, 2.4716928237467073e-06), (45, 3.4895224416686688e-06), (46, 2.4954761101980694e-06), (47, 2.9965926842123736e-06), (48, 3.3056444408430252e-06), (0, 2.0267277704988373e-06), (1, 1.9243402675783727e-06), (2, 2.923655529230018e-06), (3, 2.7778296498581767e-06), (4, 2.7927601422561565e-06), (5, 2.2197962152858963e-06), (6, 3.1173797196970554e-06), (7, 4.598973646352533e-06), (8, 2.7147552827955224e-06), (9, 2.569292746557039e-06), (10, 2.81712118521682e-06), (11, 1.9146082195220515e-06), (12, 1.5713058019173332e-06), (13, 3.717200343089644e-06), (14, 3.032721679119277e-06), (15, 2.6659372451831587e-06), (16, 3.2573482258158037e-06), (17, 3.676679398267879e-06), (18, 2.1334462871891446e-06), (19, 4.048167738801567e-06), (20, 3.4394365684420336e-06), (21, 2.6244722448609537e-06), (22, 2.7735229650716064e-06), (23, 2.5246083623642335e-06), (24, 3.1021002087072702e-06), (25, 2.541264393585152e-06), (26, 1.885255642264383e-06), (27, 2.155516767743393e-06), (28, 1.5796663319633808e-06), (29, 2.936805458375602e-06), (30, 1.720347540867806e-06), (31, 4.187209469819209e-06), (32, 3.27106886288675e-06), (33, 2.2955305212235544e-06), (34, 3.16700106850476e-06), (35, 3.7289009924279526e-06), (36, 2.8036745334247826e-06), (37, 2.786869117699098e-06), (38, 1.924906655403902e-06), (39, 2.183619926654501e-06), (40, 1.570087647451146e-06), (41, 1.9227441043767612e-06), (42, 2.112826905431575e-06), (43, 2.0578750081767794e-06), (44, 1.928920937643852e-06), (45, 3.8081332149886293e-06), (46, 3.365518068676465e-06), (47, 1.5420483805428375e-06), (48, 2.1017240214860067e-06), (0, 3.891550022672163e-06), (1, 3.109676526946714e-06), (2, 2.145555527022225e-06), (3, 2.1620858206006233e-06), (4, 2.20671176975884e-06), (5, 2.4179039428418037e-06), (6, 2.5996291697083507e-06), (7, 1.3436922472465085e-06), (8, 2.1324221961549483e-06), (9, 2.7728663098969264e-06), (10, 3.2610996640869416e-06), (11, 2.749670784396585e-06), (12, 2.2657377485302277e-06), (13, 2.7274620606476674e-06), (14, 2.4654657408973435e-06), (15, 2.579771035016165e-06), (16, 2.3558559405501e-06), (17, 2.589444420664222e-06), (18, 2.481989895386505e-06), (19, 2.1794162421429064e-06), (20, 2.5867361728160176e-06), (21, 3.1366882922156947e-06), (22, 2.036933437921107e-06), (23, 1.9224034986109473e-06), (24, 1.6867608110260335e-06), (25, 2.4937833131843945e-06), (26, 1.8155160432797857e-06), (27, 2.874731535484898e-06), (28, 1.881677349047095e-06), (29, 2.5140325305983424e-06), (30, 2.6255647753714584e-06), (31, 2.299989773746347e-06), (32, 2.7271100861980813e-06), (33, 2.7829696591652464e-06), (34, 1.8523999187891604e-06), (35, 2.007682269322686e-06), (36, 3.575992195692379e-06), (37, 2.7760063403547974e-06), (38, 2.1827111140737543e-06), (39, 2.7632856927084504e-06), (40, 2.6948241611535195e-06), (41, 2.1305047539499355e-06), (42, 2.0387019503687043e-06), (43, 1.8138873656425858e-06), (44, 2.8148454020993086e-06), (45, 2.1790669961774256e-06), (46, 3.1937158837536117e-06), (47, 2.4488140297762584e-06), (48, 2.1997759631631197e-06), (0, 1.8498143390388577e-06), (1, 3.1403053526446456e-06), (2, 1.883962681858975e-06), (3, 2.201492634412716e-06), (4, 1.7242141439055558e-06), (5, 2.1441740045702318e-06), (6, 2.95264817395946e-06), (7, 3.533911694830749e-06), (8, 2.0832412701565772e-06), (9, 2.2118326796771726e-06), (10, 1.1644140158750815e-06), (11, 1.6974668142211158e-06), (12, 2.420342298137257e-06), (13, 2.5388644644408487e-06), (14, 3.7853221783734625e-06), (15, 1.588379859640554e-06), (16, 3.0363723908521933e-06), (17, 1.9033687976843794e-06), (18, 2.29702368415019e-06), (19, 2.272437541250838e-06), (20, 3.7210720620350912e-06), (21, 2.7386113288230263e-06), (22, 2.1175860638322774e-06), (23, 1.711151980998693e-06), (24, 2.448084387651761e-06), (25, 2.430160520816571e-06), (26, 2.6158825221500592e-06), (27, 2.1892153654334834e-06), (28, 1.4508618733088952e-06), (29, 2.199989921791712e-06), (30, 2.5638353235990508e-06), (31, 1.7376610230712686e-06), (32, 3.0201292702258797e-06), (33, 1.608652382856235e-06), (34, 2.027657046710374e-06), (35, 1.9206420347472886e-06), (36, 1.6566743852308718e-06), (37, 2.4855332867446123e-06), (38, 2.1176513200771296e-06), (39, 2.0018551367684267e-06), (40, 2.15886257137754e-06), (41, 2.366734861425357e-06), (42, 2.7396117729949765e-06), (43, 1.4131167063169414e-06), (44, 1.997095750994049e-06), (45, 2.6622594759828644e-06), (46, 2.557356992838322e-06), (47, 2.2787373836763436e-06), (48, 1.7965195411306922e-06), (0, 2.7517639864527155e-06), (1, 2.650047008501133e-06), (2, 1.5643004189769272e-06), (3, 1.8467948166289716e-06), (4, 1.9746998987102415e-06), (5, 2.1721471057389863e-06), (6, 2.009640866162954e-06), (7, 2.7404189495428e-06), (8, 2.0334655346232466e-06), (9, 2.2009489839547314e-06), (10, 1.7286391766901943e-06), (11, 1.627954475225124e-06), (12, 1.7467740462961956e-06), (13, 1.890145995275816e-06), (14, 1.78723712451756e-06), (15, 2.7128553483635187e-06), (16, 2.2809479105490027e-06), (17, 1.9447386421234114e-06), (18, 1.5140665254875785e-06), (19, 2.358909796384978e-06), (20, 1.9549056560208555e-06), (21, 2.0368752302601933e-06), (22, 2.033804776147008e-06), (23, 2.1862697394681163e-06), (24, 1.407605736858386e-06), (25, 1.5053599327075062e-06), (26, 1.4776826446905034e-06), (27, 2.4031851353356615e-06), (28, 1.962812120837043e-06), (29, 1.6921767382882535e-06), (30, 2.146154884030693e-06), (31, 2.033390273936675e-06), (32, 1.4654222013632534e-06), (33, 1.3189974197302945e-06), (34, 2.191871999457362e-06), (35, 3.5955122257291805e-06), (36, 2.784805474220775e-06), (37, 1.8412614508633851e-06), (38, 1.6396784303651657e-06), (39, 1.8863522655010456e-06), (40, 2.2336289475788362e-06), (41, 2.016326106968336e-06), (42, 1.1743702543753898e-06), (43, 2.3259508452611044e-06), (44, 3.4898614558187546e-06), (45, 2.9282973628141917e-06), (46, 1.9068143046752084e-06), (47, 2.7079479423264274e-06), (48, 2.987240122820367e-06), (0, 2.307873273821315e-06), (1, 1.5266964510374237e-06), (2, 1.3396197573456448e-06), (3, 2.593025556052453e-06), (4, 1.959020664799027e-06), (5, 1.718411340334569e-06), (6, 2.571264531070483e-06), (7, 1.7471719502282212e-06), (8, 2.55933355219895e-06), (9, 1.7688169009488774e-06), (10, 2.372546987317037e-06), (11, 2.540970399422804e-06), (12, 1.7053296232916182e-06), (13, 1.8578243725642096e-06), (14, 2.2898964289197465e-06), (15, 2.8554568416438997e-06), (16, 2.1313783236109884e-06), (17, 2.3897061964817112e-06), (18, 2.615416633489076e-06), (19, 1.8903805312220356e-06), (20, 1.9051685740123503e-06), (21, 2.1441937860799953e-06), (22, 1.6656086927469005e-06), (23, 1.6676841596563463e-06), (24, 1.8424049130771891e-06), (25, 1.7254985777981346e-06), (26, 1.57916190346441e-06), (27, 2.246740905320621e-06), (28, 1.4499713643090217e-06), (29, 1.6078645330708241e-06), (30, 1.986296183531522e-06), (31, 1.4699871826451272e-06), (32, 1.9507033357513137e-06), (33, 1.4062266018299852e-06), (34, 1.3332869457371999e-06), (35, 1.5850060890443274e-06), (36, 1.6411702290497487e-06), (37, 2.215663926108391e-06), (38, 1.5167278206718038e-06), (39, 1.5279346143870498e-06), (40, 2.330157258256804e-06), (41, 2.037153535638936e-06), (42, 1.7554806390762678e-06), (43, 1.2278856047487352e-06), (44, 2.7374530873203184e-06), (45, 2.2717570118402364e-06), (46, 2.2204374090506462e-06), (47, 2.255801291539683e-06), (48, 1.5484957884837058e-06), (0, 1.71659451098094e-06), (1, 1.999312416955945e-06), (2, 2.128026153513929e-06), (3, 2.6247389541822486e-06), (4, 1.6567104239584296e-06), (5, 2.170728976125247e-06), (6, 2.549532837292645e-06), (7, 2.0337290607130853e-06), (8, 1.9331732801219914e-06), (9, 1.6667349882482085e-06), (10, 1.8557747125669266e-06), (11, 1.4240858945413493e-06), (12, 1.7461062498114188e-06), (13, 1.5968865909599117e-06), (14, 1.9896426692866953e-06), (15, 1.9150129446643405e-06), (16, 2.261224608446355e-06), (17, 1.9451367734291125e-06), (18, 1.8689080434342031e-06), (19, 1.8497385099180974e-06), (20, 1.5015909866633592e-06), (21, 1.7199193962369463e-06), (22, 1.6387914456572616e-06), (23, 1.934529336722335e-06), (24, 2.1132811980351107e-06), (25, 9.990402531911968e-07), (26, 1.9927981611544965e-06), (27, 1.7947013475350104e-06), (28, 1.60134106863552e-06), (29, 1.6741328181524295e-06), (30, 1.689047167019453e-06), (31, 1.2656263379540178e-06), (32, 1.2193920611025533e-06), (33, 1.1355965625625686e-06), (34, 2.1672558432328515e-06), (35, 1.7012159787554992e-06), (36, 1.9285077996755717e-06), (37, 2.048593387371511e-06), (38, 2.107644604620873e-06), (39, 1.6632495771773392e-06), (40, 1.7702385548545863e-06), (41, 1.9610656636359636e-06), (42, 1.1874761867147754e-06), (43, 1.3276008985485532e-06), (44, 1.6119037127282354e-06), (45, 2.026925585596473e-06), (46, 2.1791165636386722e-06), (47, 2.1565419956459664e-06), (48, 2.0203933672746643e-06), (0, 1.0900262168433983e-06), (1, 1.3335977655515308e-06), (2, 1.9551016521290876e-06), (3, 1.100371036955039e-06), (4, 2.130241227860097e-06), (5, 2.3367692847386934e-06), (6, 1.6922236909522326e-06), (7, 1.693475610409223e-06), (8, 1.8965257595482399e-06), (9, 1.8616453871800331e-06), (10, 1.8107177766069071e-06), (11, 1.30206126414123e-06), (12, 1.241677978214284e-06), (13, 1.5487402151848073e-06), (14, 9.110374890042294e-07), (15, 2.3471295662602643e-06), (16, 1.8433987634125515e-06), (17, 1.7024042335833656e-06), (18, 2.217852852481883e-06), (19, 2.005499482038431e-06), (20, 2.327886704733828e-06), (21, 1.8237653875985416e-06), (22, 1.4912719734638813e-06), (23, 1.7636153870626003e-06), (24, 1.539093545943615e-06), (25, 2.1615112473227782e-06), (26, 1.2426604598658741e-06), (27, 1.6851628288350184e-06), (28, 1.2875761967734434e-06), (29, 1.8682700329009094e-06), (30, 2.0651086742873304e-06), (31, 1.7779879044610425e-06), (32, 1.6639911564197973e-06), (33, 1.94865970115643e-06), (34, 2.003446070375503e-06), (35, 1.5748340729260235e-06), (36, 1.402793031957117e-06), (37, 1.6914066236495273e-06), (38, 1.666760908847209e-06), (39, 1.2841605894209351e-06), (40, 1.7282789031014545e-06), (41, 1.7365960047754925e-06), (42, 1.3950509583082749e-06), (43, 1.9142610199196497e-06), (44, 1.798923335627478e-06), (45, 1.4143488442641683e-06), (46, 1.2021499742331798e-06), (47, 1.9013070868822979e-06), (48, 1.8844120859284885e-06), (0, 1.8485000055079581e-06), (1, 8.36032711504231e-07), (2, 1.80306926722551e-06), (3, 1.7458130514569348e-06), (4, 2.157561539206654e-06), (5, 1.6680839962646132e-06), (6, 1.0863270745176123e-06), (7, 1.7178023199448944e-06), (8, 1.5688393659729627e-06), (9, 2.1572373043454718e-06), (10, 1.909818138301489e-06), (11, 1.3190137906349264e-06), (12, 1.8883411030401476e-06), (13, 1.861209739217884e-06), (14, 1.2822774806409143e-06), (15, 1.7704646779748145e-06), (16, 1.8321971992918407e-06), (17, 1.7099245042118127e-06), (18, 2.0033221517223865e-06), (19, 1.0045107501355233e-06), (20, 1.8981940002049669e-06), (21, 1.9409148990234826e-06), (22, 1.7106904124375433e-06), (23, 1.491267198616697e-06), (24, 8.90133037501073e-07), (25, 1.440636083316349e-06), (26, 1.5699846471761703e-06), (27, 1.5821526631043525e-06), (28, 1.0969746426781057e-06), (29, 1.5179550700850086e-06), (30, 1.880600052572845e-06), (31, 1.4675481452286476e-06), (32, 1.5407186992888455e-06), (33, 1.3191959169489564e-06), (34, 1.558305484650191e-06), (35, 1.7423876670363825e-06), (36, 2.4578082502557663e-06), (37, 1.4630674058935256e-06), (38, 1.391939008499321e-06), (39, 1.3749685194852646e-06), (40, 1.1397328307793941e-06), (41, 1.6961973869911162e-06), (42, 1.967140178749105e-06), (43, 1.7076208678190596e-06), (44, 1.246548322342278e-06), (45, 9.893710739561357e-07), (46, 1.469927610742161e-06), (47, 1.3883869769415469e-06), (48, 1.9707251794898184e-06), (0, 1.45495027936704e-06), (1, 1.4961283341108356e-06), (2, 1.0715103826441918e-06), (3, 1.0440608093631454e-06), (4, 1.4745356793355313e-06), (5, 1.4126989071883145e-06), (6, 1.5486101574424538e-06), (7, 1.3182590237192926e-06), (8, 1.4186712178343441e-06), (9, 2.5051294869626872e-06), (10, 1.6349705447282759e-06), (11, 1.6261708424281096e-06), (12, 1.3444703199638752e-06), (13, 1.3346854075280135e-06), (14, 1.7423876670363825e-06), (15, 1.990658802242251e-06), (16, 1.785176436897018e-06), (17, 1.5249248690452077e-06), (18, 1.4698077848152025e-06), (19, 1.3325745840120362e-06), (20, 1.4626796200900571e-06), (21, 1.5695627553213853e-06), (22, 8.650131348986179e-07), (23, 1.3077766425340087e-06), (24, 1.2309756129980087e-06), (25, 1.1802836752394796e-06), (26, 1.2751684153045062e-06), (27, 1.5204116152744973e-06), (28, 1.2084605032214313e-06), (29, 1.156641928901081e-06), (30, 1.2958263369000633e-06), (31, 1.477931505178276e-06), (32, 1.2676713367909542e-06), (33, 1.0005009016822441e-06), (34, 7.672504125366686e-07), (35, 1.710632545837143e-06), (36, 1.0392938065706403e-06), (37, 1.1830721859951154e-06), (38, 1.0272364079355611e-06), (39, 1.6795305555206141e-06), (40, 8.728361535759177e-07), (41, 9.661994226917159e-07), (42, 9.71808503891225e-07), (43, 6.783373578400642e-07), (44, 1.257735902981949e-06), (45, 7.801219226166722e-07), (46, 1.261778493244492e-06), (47, 8.919701031118166e-07), (48, 8.790319157014892e-07), (0, 1.2418774986144854e-06), (1, 1.201508325721079e-06), (2, 5.502006956703553e-07), (3, 8.467459906569275e-07), (4, 8.546410299459239e-07), (5, 9.6429062068637e-07), (6, 1.5559023722744314e-06), (7, 6.353700996442058e-07), (8, 6.726250489919039e-07), (9, 4.1586713450669777e-07), (10, 9.655756230131374e-07), (11, 6.890205099807645e-07), (12, 6.418488851522852e-07), (13, 5.644317866426718e-07), (14, 4.975629508408019e-07), (15, 5.680485060111096e-07), (16, 5.789268584521778e-07), (17, 3.4894094369519735e-07), (18, 7.375863333436428e-07), (19, 4.3732802623708267e-07), (20, 4.65859045561956e-07), (21, 2.9350599106692243e-07), (22, 4.192331175545405e-07), (23, 5.025669906899566e-07), (24, 6.119239515101071e-07), (25, 3.750461416984763e-07), (26, 4.370616579763009e-07), (27, 3.3375948760294705e-07), (28, 5.16303941822116e-07), (29, 4.5609900212184584e-07), (30, 4.6485391180794977e-07), (31, 1.99329946326543e-07), (32, 7.319424639717909e-07), (33, 3.2054148846327735e-07), (34, 2.932966651769675e-07), (35, 4.994128630642081e-07), (36, 4.6533139652638056e-07), (37, 3.9481116687056783e-07), (38, 3.6065711128685507e-07), (39, 5.214445195633743e-07), (40, 4.141039369187638e-07), (41, 2.784182697723736e-07), (42, 5.520047920981597e-07), (43, 3.616841297571227e-07), (44, 6.606617262150394e-07), (45, 7.855763328734611e-07), (46, 2.878205123124644e-07), (47, 2.8876377200504066e-07), (48, 3.666240502298024e-07), (0, 4.3267792193546484e-07), (1, 2.138013286412388e-07), (2, 2.450442480039783e-07), (3, 3.124941940768622e-07), (4, 2.801560583520768e-07), (5, 3.6813625570175645e-07), (6, 4.495905159274116e-07), (7, 3.983922454153799e-07), (8, 1.8787119415719644e-07), (9, 2.321222183354621e-07), (10, 3.912909676273557e-07), (11, 2.5518841084704036e-07), (12, 3.2740865663072327e-07), (13, 4.2435334535184666e-07), (14, 3.4606532040015736e-07), (15, 3.974375317739032e-07), (16, 2.2694844403758907e-07), (17, 1.420023068021692e-07), (18, 2.5438177431169606e-07), (19, 4.064865493091929e-07), (20, 1.805405247523595e-07), (21, 3.646295851922332e-07), (22, 3.1400509215018246e-07), (23, 1.9926879701870348e-07), (24, 1.7247157302335836e-07), (25, 2.3038757035465096e-07), (26, 1.803722682325315e-07), (27, 3.1092079666450445e-07), (28, 2.0394776356624789e-07), (29, 3.5626453609438613e-07), (30, 2.703841914808436e-07), (31, 2.6471067826605577e-07), (32, 2.0847789983235998e-07), (33, 4.4071964566683164e-07), (34, 1.2828928674935014e-07), (35, 9.274046419704973e-08), (36, 2.976417192712688e-07), (37, 1.9569986875467293e-07), (38, 2.8612134883587714e-07), (39, 1.2822953010527272e-07), (40, 3.496521685519838e-07), (41, 2.0680363377323374e-07), (42, 2.695581144962489e-07), (43, 1.6986481909953e-07), (44, 1.7609380620342563e-07), (45, 2.3765542778164672e-07), (46, 1.7498550164418702e-07), (47, 2.9177334681662614e-07), (48, 1.1731407312254305e-07), (0, 1.5708306477790757e-07), (1, 2.3317029729241767e-07), (2, 3.185940897765249e-07), (3, 6.14154700429026e-08), (4, 3.023346835107077e-07), (5, 1.7128681406575197e-07), (6, 1.2316290565195231e-07), (7, 7.164459248087951e-08), (8, 7.011294655967504e-08), (9, 1.4593616981528612e-07), (10, 1.6459036089599977e-07), (11, 3.1968193070497364e-07), (12, 3.8755626974307233e-07), (13, 2.0065762385002017e-08), (14, 3.084131208197505e-07), (15, 1.6513558875885792e-07), (16, 9.338496909094829e-08), (17, 1.6279078351999487e-07), (18, 1.0031242680952346e-07), (19, 1.2896366285986005e-07), (20, 1.2631950596642127e-07), (21, 2.3184293240774423e-07), (22, 1.4935015713035682e-07), (23, 9.884774243573702e-08), (24, 2.6718581125351193e-07), (25, 2.3113709346489486e-07), (26, 1.4428228212182148e-07), (27, 1.6225136789671524e-07), (28, 2.3360495049473684e-07), (29, 6.764307869389086e-08), (30, 1.0558868979160252e-07), (31, 1.51189738062385e-07), (32, 1.959800073336737e-07), (33, 1.8699563497648342e-07), (34, 7.544808511283918e-08), (35, 2.2039779423721484e-07), (36, 1.4398020198314043e-07), (37, 5.3949676726006146e-08), (38, 1.5359707106199494e-07), (39, 2.459041752445046e-07), (40, 1.1175406910979291e-07), (41, 9.313843207792161e-08), (42, 5.537031100288914e-08), (43, 1.4920846069799154e-07), (44, 1.894378840461286e-07), (45, 8.297991627159718e-08), (46, 1.0814827078320377e-07), (47, 7.263022894221649e-08), (48, 1.2980267172224558e-07), (0, 1.3358139483443665e-07), (1, 1.2903575452583027e-07), (2, 1.8469818030553142e-07), (3, 1.5201689507193805e-07), (4, 2.3003531168797053e-07), (5, 1.68805684097606e-07), (6, 4.320893864928621e-08), (7, 1.2073003574641916e-07), (8, 1.2564555618155282e-07), (9, 1.6761272547682893e-07), (10, 1.2507236135661515e-07), (11, 1.1960180756886984e-07), (12, 1.3741427551394736e-07), (13, 4.105717721358815e-08), (14, 3.0946165452405694e-07), (15, 8.168920118123424e-08), (16, 1.4028707084889902e-07), (17, 2.1483103296304762e-07), (18, 1.60672357196745e-07), (19, 1.851375941441802e-08), (20, 4.8138925734519944e-08), (21, 2.5474372833400594e-08), (22, 1.8357161479798378e-07), (23, 8.334239964824519e-08), (24, 9.748711704560264e-08), (25, 1.512464677944081e-07), (26, 1.1457063209263652e-07), (27, 1.8207077800980187e-07), (28, -3.0804333306377885e-08), (29, 9.971205372494296e-08), (30, 1.0963582042222697e-07), (31, 5.8418287096628774e-08), (32, 1.7800762464048603e-07), (33, 1.7887515468828497e-07), (34, 2.289986724690607e-07), (35, 2.2742216287952033e-07), (36, 1.4627599398409075e-07), (37, 1.5855725621349848e-07), (38, 1.341607287486113e-07), (39, 1.1770062258165126e-07), (40, 8.512177629427242e-08), (41, 5.343197528873134e-08), (42, 6.057405244064284e-08), (43, 5.313749884550134e-09), (44, 7.976586857694201e-08), (45, 3.415267002537803e-08), (46, 6.256564688555954e-08), (47, 1.2359781464965636e-07), (48, 2.681730109088676e-07), (0, 5.946999337425041e-08), (1, 1.2354593081909115e-07), (2, 1.9515333349318098e-08), (3, 1.2512201408299006e-07), (4, 2.3633110401988233e-07), (5, 5.16679676820786e-08), (6, 1.2815452521408588e-07), (7, 6.441607780516279e-08), (8, 1.3270715726321214e-07), (9, 1.5665527541841584e-07), (10, 2.451868965636095e-07), (11, 1.623315313281637e-07), (12, 9.957381763570083e-08), (13, 1.0864535227028682e-07), (14, 1.9647849569537357e-08), (15, 7.611316732436535e-08), (16, 4.220150628952979e-08), (17, 8.654112804151737e-08), (18, 9.467298411891534e-08), (19, 1.2680423822075682e-07), (20, 1.7870779345230403e-07), (21, 2.9305319060313195e-08), (22, 4.822764410050695e-08), (23, 3.706257345470476e-08), (24, 8.873340107129479e-08), (25, 9.731154193559632e-08), (26, 8.779270643799464e-08), (27, 9.80280034923453e-08), (28, 1.5667174579903076e-07), (29, 1.8830124304258788e-07), (30, 7.776256438773999e-08), (31, 1.2266785631709354e-07), (32, 1.1292951995756084e-07), (33, 4.8910543171132304e-08), (34, 1.227913912771328e-07), (35, 4.727356994749243e-08), (36, 8.027602405036305e-08), (37, 1.197820012066586e-07), (38, 1.6173328276636312e-07), (39, -4.042482348864951e-09), (40, 9.718829119265138e-08), (41, 9.423243341188936e-08), (42, 1.1506546826467456e-07), (43, 5.48036460656931e-08), (44, 3.5872051995511356e-08), (45, 2.2333429328114107e-08), (46, 9.376972798236238e-08), (47, -1.2813496041985672e-08), (48, 1.0226591484752134e-07)]