Model Setup for Uniformvirtual {PATIENT_GROUPS} Trained Network:

{NETWORK_TYPE} Network Architecture Parameters
Input channels=22
Hidden channels=128
Output channels=1

Training hyperparameters
Optimizer=AdamW (
Parameter Group 0
    amsgrad: False
    betas: (0.9, 0.999)
    capturable: False
    differentiable: False
    eps: 1e-08
    foreach: None
    fused: None
    lr: 0.001
    maximize: False
    weight_decay: 1e-06
)Training Iterations=50
Learning rate=0.001
Weight decay=1e-06
Optimizer reset frequency=None

Dropout probability (after initial linear layer before NCDE): 0
Training Data Selection Parameters
(If not virtual, the only important params are the groups and whether data was normalized/standardized)
Patient groups=['Control', 'MDD']
Augmentation strategy=Uniform
Noise Magnitude=0.05
Normalized/standardized=StandardizeAll
Number of virtual patients per real patient=100
Label smoothing factor=0
Test Patient Combinations:
Control: (0, 6, 9, 24, 32)
MDD: (37, 24, 6, 54, 21)
Training batch size=200
Training Results:
Runtime=4.290971755981445
Loss over time=[(0, 0.6937857270240784), (1, 0.6865528225898743), (2, 0.6894124746322632), (3, 0.6545596122741699), (4, 0.6451750993728638), (5, 0.6450674533843994), (6, 0.6214302182197571), (7, 0.6088586449623108), (8, 0.5896594524383545), (9, 0.5931050777435303), (10, 0.5522446632385254), (11, 0.5457640290260315), (12, 0.5698307156562805), (13, 0.5118234157562256), (14, 0.487631618976593), (15, 0.5040919780731201), (16, 0.47564220428466797), (17, 0.45991799235343933), (18, 0.491668164730072), (19, 0.4199340343475342), (20, 0.4393092691898346), (21, 0.4948919713497162), (22, 0.39879071712493896), (23, 0.37857696413993835), (24, 0.35935699939727783), (25, 0.361897349357605), (26, 0.36250782012939453), (27, 0.3513415455818176), (28, 0.3351321816444397), (29, 0.3597334325313568), (30, 0.3376777172088623), (31, 0.3191872835159302), (32, 0.29669129848480225), (33, 0.29711294174194336), (34, 0.2680511474609375), (35, 0.3049466907978058), (36, 0.23485742509365082), (37, 0.300192266702652), (38, 0.27325499057769775), (39, 0.2991255223751068), (40, 0.17094770073890686), (41, 0.27128180861473083), (42, 0.24996069073677063), (43, 0.2434690147638321), (44, 0.18323968350887299), (45, 0.22040586173534393), (46, 0.17447027564048767), (47, 0.15112678706645966), (48, 0.15302231907844543), (0, 0.14347153902053833), (1, 0.1346885710954666), (2, 0.1408451944589615), (3, 0.15296007692813873), (4, 0.16132612526416779), (5, 0.11793052405118942), (6, 0.12985658645629883), (7, 0.13030657172203064), (8, 0.12027540802955627), (9, 0.10640773922204971), (10, 0.1062222495675087), (11, 0.13349786400794983), (12, 0.07475020736455917), (13, 0.08797737210988998), (14, 0.07809653133153915), (15, 0.12865889072418213), (16, 0.08657219260931015), (17, 0.09946039319038391), (18, 0.0813370868563652), (19, 0.09670578688383102), (20, 0.08966295421123505), (21, 0.05029673129320145), (22, 0.1116492822766304), (23, 0.07246088236570358), (24, 0.05827443301677704), (25, 0.09442104399204254), (26, 0.06705725938081741), (27, 0.05135081335902214), (28, 0.03823548182845116), (29, 0.058172475546598434), (30, 0.053369246423244476), (31, 0.0469496063888073), (32, 0.04316924139857292), (33, 0.041924528777599335), (34, 0.049089640378952026), (35, 0.0551978200674057), (36, 0.04054908826947212), (37, 0.04620276764035225), (38, 0.033976707607507706), (39, 0.04035031795501709), (40, 0.029062561690807343), (41, 0.020933007821440697), (42, 0.0174354650080204), (43, 0.02653552033007145), (44, 0.02328128181397915), (45, 0.04197922721505165), (46, 0.02687614969909191), (47, 0.025173749774694443), (48, 0.020970826968550682), (0, 0.0221503097563982), (1, 0.013897277414798737), (2, 0.0190212894231081), (3, 0.01865980587899685), (4, 0.016587750986218452), (5, 0.014741561375558376), (6, 0.014116443693637848), (7, 0.011776230297982693), (8, 0.019029946997761726), (9, 0.015841636806726456), (10, 0.016164498403668404), (11, 0.013056967407464981), (12, 0.008348558098077774), (13, 0.011588573455810547), (14, 0.011565105058252811), (15, 0.009153837338089943), (16, 0.010947750881314278), (17, 0.011322656646370888), (18, 0.00692844670265913), (19, 0.01089148037135601), (20, 0.009856014512479305), (21, 0.00619841180741787), (22, 0.009435154497623444), (23, 0.004639277700334787), (24, 0.0035979952663183212), (25, 0.009254719130694866), (26, 0.004562815651297569), (27, 0.005380833521485329), (28, 0.007467876188457012), (29, 0.005811559036374092), (30, 0.004949583206325769), (31, 0.005110474769026041), (32, 0.0042043281719088554), (33, 0.004653862211853266), (34, 0.004387271124869585), (35, 0.003531244583427906), (36, 0.0056066145189106464), (37, 0.004547529388219118), (38, 0.0034102543722838163), (39, 0.0031185585539788008), (40, 0.0025442198384553194), (41, 0.0035936329513788223), (42, 0.0024945009499788284), (43, 0.0024420644622296095), (44, 0.003401085501536727), (45, 0.0034041518811136484), (46, 0.0019874137360602617), (47, 0.002056508557870984), (48, 0.003585932543501258), (0, 0.0027268212288618088), (1, 0.0018893301021307707), (2, 0.0021858534310013056), (3, 0.0011496763909235597), (4, 0.0027623700443655252), (5, 0.003020200179889798), (6, 0.001696574385277927), (7, 0.0021150601096451283), (8, 0.001891696942038834), (9, 0.002733075525611639), (10, 0.0011131359497085214), (11, 0.0012534952256828547), (12, 0.0019021056359633803), (13, 0.001266478095203638), (14, 0.001625153236091137), (15, 0.0011361977085471153), (16, 0.001231681788340211), (17, 0.0013603043043985963), (18, 0.0011623002355918288), (19, 0.0015731902094557881), (20, 0.00102475646417588), (21, 0.0008273720741271973), (22, 0.001134771853685379), (23, 0.0015430301427841187), (24, 0.0011686738580465317), (25, 0.0008071176125667989), (26, 0.0012883278541266918), (27, 0.0008941240375861526), (28, 0.0007135558407753706), (29, 0.0013607837026938796), (30, 0.0010994663462042809), (31, 0.0013519307831302285), (32, 0.0009612435824237764), (33, 0.0012678310740739107), (34, 0.000831513898447156), (35, 0.0010434789583086967), (36, 0.0008437936194241047), (37, 0.0006625533569604158), (38, 0.00041373097337782383), (39, 0.0008142957813106477), (40, 0.0007655519875697792), (41, 0.0007637069211341441), (42, 0.0008049256284721196), (43, 0.001183635089546442), (44, 0.0005888835294172168), (45, 0.0007200466934591532), (46, 0.0006280606030486524), (47, 0.0004717117117252201), (48, 0.0006076155696064234), (0, 0.0006343676941469312), (1, 0.0007680983981117606), (2, 0.0006794772925786674), (3, 0.0007190042524598539), (4, 0.0009700701921246946), (5, 0.000476362940389663), (6, 0.0005982941947877407), (7, 0.000597116129938513), (8, 0.0008464144193567336), (9, 0.0004171027976553887), (10, 0.0006023780442774296), (11, 0.00044004281517118216), (12, 0.000813663296867162), (13, 0.0005214225966483355), (14, 0.0004494995519053191), (15, 0.0004637512902263552), (16, 0.00035328156081959605), (17, 0.0005206530331633985), (18, 0.0002646777720656246), (19, 0.0005671188118867576), (20, 0.0006236740155145526), (21, 0.0005194505793042481), (22, 0.000517645908985287), (23, 0.0005939836264587939), (24, 0.0004258214612491429), (25, 0.0005009493324905634), (26, 0.0002769998100120574), (27, 0.00047527826973237097), (28, 0.0004905892419628799), (29, 0.0005101136630401015), (30, 0.000557865365408361), (31, 0.0003115291765425354), (32, 0.00035154810757376254), (33, 0.00038652404327876866), (34, 0.0005906117730773985), (35, 0.0005452543264254928), (36, 0.000534886319655925), (37, 0.00046214426402002573), (38, 0.0002626987989060581), (39, 0.00041143372072838247), (40, 0.00031032433616928756), (41, 0.00039130166987888515), (42, 0.0004525317926891148), (43, 0.00040153402369469404), (44, 0.0005094250082038343), (45, 0.0003870513755828142), (46, 0.00029893594910390675), (47, 0.00036483255098573864), (48, 0.0005470178439281881), (0, 0.0002980152203235775), (1, 0.00030447874451056123), (2, 0.0002547425392549485), (3, 0.00026896659983322024), (4, 0.0003893473476637155), (5, 0.0002989731729030609), (6, 0.000252397294389084), (7, 0.00027758043142966926), (8, 0.00046437085256911814), (9, 0.00031538738403469324), (10, 0.0003294034395366907), (11, 0.0003408356860745698), (12, 0.0003035334520973265), (13, 0.00023506564320996404), (14, 0.000272135017439723), (15, 0.0002914880169555545), (16, 0.00025892979465425014), (17, 0.0003002102021127939), (18, 0.00015116031863726676), (19, 0.00027236214373260736), (20, 0.00023461533419322222), (21, 0.00020222859166096896), (22, 0.00022266648011282086), (23, 0.0002895474317483604), (24, 0.0002568867348600179), (25, 0.000326405162923038), (26, 0.0003228325513191521), (27, 0.00023291561228688806), (28, 0.00028086212114430964), (29, 0.00022638207883574069), (30, 0.00020980756380595267), (31, 0.0002197910798713565), (32, 0.00026835178141482174), (33, 0.00019475277804303914), (34, 0.00025644636480137706), (35, 0.00031962685170583427), (36, 0.00020159386622253805), (37, 0.00017478263180237263), (38, 0.0002647290821187198), (39, 0.0002165619662264362), (40, 0.00012971542309969664), (41, 0.00015543715562671423), (42, 0.0002701982157304883), (43, 0.00016138082719407976), (44, 0.00021949423535261303), (45, 0.00022826221538707614), (46, 0.00013487125397659838), (47, 0.00020188292546663433), (48, 0.00018989866657648236), (0, 0.00018532075046095997), (1, 0.00019770344079006463), (2, 0.00011331550194881856), (3, 0.0001588402665220201), (4, 0.0001413585850968957), (5, 0.0002530583878979087), (6, 0.0002060043188976124), (7, 0.0001641877752263099), (8, 0.0001700465363683179), (9, 0.00016123164095915854), (10, 0.00016275500820484012), (11, 0.00015654016169719398), (12, 0.00013297276746015996), (13, 0.0001758632279234007), (14, 0.000141503507620655), (15, 0.000148762424942106), (16, 0.00013060393393971026), (17, 0.00011712546256603673), (18, 0.00021866383031010628), (19, 0.00011421437375247478), (20, 0.00015346896543633193), (21, 0.00015099447045940906), (22, 0.00013889573165215552), (23, 0.00011317621101625264), (24, 0.00015671899018343538), (25, 0.00013839869643561542), (26, 0.00012273223546799272), (27, 0.00010232452041236684), (28, 9.345773287350312e-05), (29, 0.00014895804633852094), (30, 9.79791147983633e-05), (31, 7.389762322418392e-05), (32, 0.00013228059106040746), (33, 7.816100696800277e-05), (34, 8.93231263034977e-05), (35, 0.00013844056229572743), (36, 6.507747457362711e-05), (37, 7.353341061389074e-05), (38, 0.00010602568363538012), (39, 0.000127272549434565), (40, 0.00012565338693093508), (41, 9.546216460876167e-05), (42, 0.0001023647200781852), (43, 0.00010710283095249906), (44, 0.00012100065941922367), (45, 0.00010299697169102728), (46, 9.897245035972446e-05), (47, 0.00013350934023037553), (48, 9.71968038356863e-05), (0, 0.00012148052337579429), (1, 0.00010393233242211863), (2, 5.782597145298496e-05), (3, 7.7461103501264e-05), (4, 0.00010059733176603913), (5, 7.763261965010315e-05), (6, 5.9828817029483616e-05), (7, 0.00011194418766535819), (8, 9.412386134499684e-05), (9, 9.120460890699178e-05), (10, 9.373539069201797e-05), (11, 5.3347590437624604e-05), (12, 7.354937406489626e-05), (13, 0.00011207851639483124), (14, 8.654219709569588e-05), (15, 8.968772453954443e-05), (16, 4.851870107813738e-05), (17, 0.00010506265971343964), (18, 6.260239752009511e-05), (19, 0.00010048921103589237), (20, 6.7704742832575e-05), (21, 8.866134885465726e-05), (22, 9.587223030393943e-05), (23, 0.00010912626748904586), (24, 7.963101234054193e-05), (25, 0.00010202981502516195), (26, 8.347679249709472e-05), (27, 6.982651393627748e-05), (28, 9.800913539947942e-05), (29, 5.946179953753017e-05), (30, 6.72773749101907e-05), (31, 0.00010273482621414587), (32, 5.11354737682268e-05), (33, 5.11713806190528e-05), (34, 3.8129990571178496e-05), (35, 6.912840763106942e-05), (36, 6.950506212888286e-05), (37, 5.6614830100443214e-05), (38, 8.587431511841714e-05), (39, 6.272082100622356e-05), (40, 7.705951429670677e-05), (41, 7.255582022480667e-05), (42, 6.645465327892452e-05), (43, 5.749965930590406e-05), (44, 7.885196100687608e-05), (45, 5.0658389227464795e-05), (46, 6.668290006928146e-05), (47, 6.185100937727839e-05), (48, 9.126492659561336e-05), (0, 7.398926391033456e-05), (1, 7.137830107240006e-05), (2, 5.314248483045958e-05), (3, 4.8720645281719044e-05), (4, 5.220391904003918e-05), (5, 5.661633258569054e-05), (6, 6.549224781338125e-05), (7, 5.9684189182007685e-05), (8, 4.47162747150287e-05), (9, 3.1675179343437776e-05), (10, 5.220688399276696e-05), (11, 4.1275070543633774e-05), (12, 6.201049109222367e-05), (13, 4.946527042193338e-05), (14, 7.340734009630978e-05), (15, 5.048089224146679e-05), (16, 5.619723378913477e-05), (17, 5.460588727146387e-05), (18, 4.4552540202857926e-05), (19, 4.3446194467833266e-05), (20, 6.573425343958661e-05), (21, 7.463741349056363e-05), (22, 5.237831283011474e-05), (23, 4.868836549576372e-05), (24, 4.540914960671216e-05), (25, 3.6648285458795726e-05), (26, 4.573634942062199e-05), (27, 5.5581786000402644e-05), (28, 3.676001506391913e-05), (29, 5.898975723539479e-05), (30, 6.983916682656854e-05), (31, 5.048112871008925e-05), (32, 5.760970088886097e-05), (33, 4.576751962304115e-05), (34, 3.053510590689257e-05), (35, 4.0553775761509314e-05), (36, 5.097129906062037e-05), (37, 3.494829070405103e-05), (38, 3.667754936031997e-05), (39, 3.924952761735767e-05), (40, 7.211309275589883e-05), (41, 4.164201163803227e-05), (42, 4.994617847842164e-05), (43, 5.540109850699082e-05), (44, 3.4853608667617664e-05), (45, 4.9822097935248166e-05), (46, 4.576514766085893e-05), (47, 5.4161049774847925e-05), (48, 3.6722150980494916e-05), (0, 2.620613668113947e-05), (1, 4.016917591798119e-05), (2, 6.0218473663553596e-05), (3, 3.784657747019082e-05), (4, 4.127407373744063e-05), (5, 5.1271119446028024e-05), (6, 5.0848964747274294e-05), (7, 3.0462912036455236e-05), (8, 3.354822547407821e-05), (9, 3.4575183235574514e-05), (10, 3.486720015644096e-05), (11, 3.325377110741101e-05), (12, 4.7023197112139314e-05), (13, 2.2222868210519664e-05), (14, 3.334272332722321e-05), (15, 3.500283128232695e-05), (16, 3.507907968014479e-05), (17, 6.739579839631915e-05), (18, 3.178594124619849e-05), (19, 4.38106908404734e-05), (20, 3.173161167069338e-05), (21, 2.9194527087383904e-05), (22, 3.589191328501329e-05), (23, 2.7149193556397222e-05), (24, 4.2992654925910756e-05), (25, 2.2431779143516906e-05), (26, 3.385620948392898e-05), (27, 4.034550875076093e-05), (28, 4.275651735952124e-05), (29, 3.7862922908971086e-05), (30, 2.9214257665444165e-05), (31, 3.5990789911011234e-05), (32, 2.1212945284787565e-05), (33, 4.2730305722216144e-05), (34, 2.9073975383653305e-05), (35, 3.0041264835745096e-05), (36, 2.9315771826077253e-05), (37, 2.4843700884957798e-05), (38, 4.91024911752902e-05), (39, 2.8499518521130085e-05), (40, 3.760514300665818e-05), (41, 2.0872515960945748e-05), (42, 3.437349005253054e-05), (43, 3.3999731385847554e-05), (44, 3.129457763861865e-05), (45, 3.1007850338937715e-05), (46, 4.071302100783214e-05), (47, 3.0131093808449805e-05), (48, 3.3153133699670434e-05), (0, 1.92411316675134e-05), (1, 2.4582946934970096e-05), (2, 2.9319231543922797e-05), (3, 3.3621181501075625e-05), (4, 3.0605071515310556e-05), (5, 2.2079610062064603e-05), (6, 2.565261638665106e-05), (7, 3.38299541908782e-05), (8, 1.8320983144803904e-05), (9, 2.660762947925832e-05), (10, 3.015777110704221e-05), (11, 2.779149144771509e-05), (12, 2.7916634280700237e-05), (13, 3.333659697091207e-05), (14, 2.882670560211409e-05), (15, 3.157461833325215e-05), (16, 2.873427547456231e-05), (17, 3.457621642155573e-05), (18, 3.090481550316326e-05), (19, 2.769805178104434e-05), (20, 2.9711620300076902e-05), (21, 2.3638345737708732e-05), (22, 2.8740305424435064e-05), (23, 3.948375160689466e-05), (24, 2.846745337592438e-05), (25, 2.1474375898833387e-05), (26, 2.5768118575797416e-05), (27, 3.5035787732340395e-05), (28, 2.2025007638148963e-05), (29, 3.065990313189104e-05), (30, 2.3184211386251263e-05), (31, 2.990887514897622e-05), (32, 2.3515132852480747e-05), (33, 1.3685881640412845e-05), (34, 1.6745299944886938e-05), (35, 3.0508988857036456e-05), (36, 2.6397696274216287e-05), (37, 1.8725040717981756e-05), (38, 2.2294780137599446e-05), (39, 2.6479538064450026e-05), (40, 1.6623695046291687e-05), (41, 4.012405042885803e-05), (42, 2.2417127183871344e-05), (43, 1.9973344024037942e-05), (44, 3.065145210712217e-05), (45, 2.4100663722492754e-05), (46, 2.7382640837458894e-05), (47, 1.7792275684769265e-05), (48, 2.4017714167712256e-05), (0, 3.0527215130859986e-05), (1, 1.2286381206649821e-05), (2, 1.6828435036586598e-05), (3, 1.806591717468109e-05), (4, 3.083216506638564e-05), (5, 1.8602337149786763e-05), (6, 2.4344099074369296e-05), (7, 1.701367182249669e-05), (8, 2.7763762773247436e-05), (9, 2.029536699410528e-05), (10, 2.2750058633391745e-05), (11, 1.9326978872413747e-05), (12, 1.964356124517508e-05), (13, 3.181001738994382e-05), (14, 1.6100295397336595e-05), (15, 1.8101412933901884e-05), (16, 1.6862484699231572e-05), (17, 1.3923370715929195e-05), (18, 2.038838829321321e-05), (19, 1.4951394405215979e-05), (20, 2.297166247444693e-05), (21, 2.8324795493972488e-05), (22, 2.354626849410124e-05), (23, 2.4279519493575208e-05), (24, 2.0231755115673877e-05), (25, 1.827350388339255e-05), (26, 1.8813849237631075e-05), (27, 1.917467852763366e-05), (28, 1.8396553059574217e-05), (29, 1.3332702110346872e-05), (30, 2.2203636035555974e-05), (31, 2.040219260379672e-05), (32, 1.988346230064053e-05), (33, 2.8679964088951237e-05), (34, 1.7345348169328645e-05), (35, 2.6276460630469956e-05), (36, 1.8012620785157196e-05), (37, 2.589338691905141e-05), (38, 1.7392741938238032e-05), (39, 2.7148191293235868e-05), (40, 2.6665700715966523e-05), (41, 1.1310966328892391e-05), (42, 1.998869629460387e-05), (43, 2.161692282243166e-05), (44, 1.7974516595131718e-05), (45, 1.791238901205361e-05), (46, 1.2456875992938876e-05), (47, 1.907359910546802e-05), (48, 1.6272033462882973e-05), (0, 1.3913322618464008e-05), (1, 2.3917253201943822e-05), (2, 2.117245276167523e-05), (3, 1.9134628018946387e-05), (4, 1.0242614735034294e-05), (5, 2.309341471118387e-05), (6, 1.7473708794568665e-05), (7, 1.5729332517366856e-05), (8, 1.6734227756387554e-05), (9, 2.214851338067092e-05), (10, 1.8556800569058396e-05), (11, 1.807719308999367e-05), (12, 1.9803293980658054e-05), (13, 1.4135821402305737e-05), (14, 1.671551763138268e-05), (15, 2.0918427253491245e-05), (16, 1.4666929928353056e-05), (17, 1.6206351574510336e-05), (18, 1.5848372640903108e-05), (19, 1.3342833881324623e-05), (20, 1.8465678294887766e-05), (21, 1.8419774278299883e-05), (22, 1.4021996321389452e-05), (23, 1.5129673556657508e-05), (24, 1.276805778616108e-05), (25, 1.7136690075858496e-05), (26, 1.2288216566957999e-05), (27, 1.3502852198143955e-05), (28, 1.2972225704288576e-05), (29, 8.99490260053426e-06), (30, 1.7236912754015066e-05), (31, 1.630135375307873e-05), (32, 1.713176243356429e-05), (33, 1.6165364286280237e-05), (34, 1.6523908925591968e-05), (35, 2.127160769305192e-05), (36, 1.2189445442345459e-05), (37, 9.675504770711996e-06), (38, 1.194842752738623e-05), (39, 1.0718498742789961e-05), (40, 1.5841440472286195e-05), (41, 1.4435658158618025e-05), (42, 1.5193902981991414e-05), (43, 1.1189590622961987e-05), (44, 2.0256060452084057e-05), (45, 1.391459591104649e-05), (46, 1.7429145373171195e-05), (47, 1.0978954378515482e-05), (48, 1.65498313435819e-05), (0, 1.1411991181375924e-05), (1, 1.3305253560247365e-05), (2, 2.373406277911272e-05), (3, 1.3906302228861023e-05), (4, 1.846476698119659e-05), (5, 1.1112937500001863e-05), (6, 2.0561566998367198e-05), (7, 1.917388908623252e-05), (8, 1.555221388116479e-05), (9, 1.5366733350674622e-05), (10, 1.0361630302213598e-05), (11, 1.6636729924357496e-05), (12, 1.7300244508078322e-05), (13, 1.1150320460728835e-05), (14, 1.992171019082889e-05), (15, 1.1189608812856022e-05), (16, 1.443886685592588e-05), (17, 9.513588338450063e-06), (18, 1.2717496247205418e-05), (19, 1.055731627275236e-05), (20, 1.0831351573870052e-05), (21, 1.4318939065560699e-05), (22, 1.1813544915639795e-05), (23, 1.1896601790795103e-05), (24, 1.0983671927533578e-05), (25, 1.2743312254315242e-05), (26, 1.1787619769165758e-05), (27, 1.0815949281095527e-05), (28, 1.4776666830584873e-05), (29, 1.2690966286754701e-05), (30, 1.073048679245403e-05), (31, 9.965204299078323e-06), (32, 1.932120358105749e-05), (33, 1.1328149412292987e-05), (34, 1.816661279008258e-05), (35, 1.2462268387025688e-05), (36, 7.235942575789522e-06), (37, 9.986893019231502e-06), (38, 8.171719855454285e-06), (39, 6.989057510509156e-06), (40, 1.3268518159748055e-05), (41, 8.224656085076276e-06), (42, 1.2749337656714488e-05), (43, 8.43894940771861e-06), (44, 1.3451117411023006e-05), (45, 9.789157957129646e-06), (46, 1.2348382369964384e-05), (47, 7.5499510785448365e-06), (48, 1.1275115866737906e-05), (0, 8.63825152919162e-06), (1, 1.0024788934970275e-05), (2, 1.0466785170137882e-05), (3, 1.3666779523191508e-05), (4, 1.2827875252696685e-05), (5, 1.3872137060388923e-05), (6, 1.0612062396830879e-05), (7, 1.1269378774159122e-05), (8, 1.1574445125006605e-05), (9, 1.4274244676926173e-05), (10, 1.2045161383866798e-05), (11, 9.060962838702835e-06), (12, 1.1209006515855435e-05), (13, 1.0371522876084782e-05), (14, 9.254666110791732e-06), (15, 9.467786185268778e-06), (16, 1.3719255548494402e-05), (17, 9.33890351006994e-06), (18, 9.109882739721797e-06), (19, 1.1277268640697002e-05), (20, 1.1694663044181652e-05), (21, 9.097574547922704e-06), (22, 8.826409612083808e-06), (23, 1.105025421566097e-05), (24, 1.4131078387435991e-05), (25, 1.2104605957574677e-05), (26, 5.8186642490909435e-06), (27, 9.161791240330786e-06), (28, 1.2049588804075029e-05), (29, 8.111116585496347e-06), (30, 6.758555628039176e-06), (31, 8.322997018694878e-06), (32, 1.2470628462324385e-05), (33, 1.5948464351822622e-05), (34, 9.218486411555205e-06), (35, 9.549248716211878e-06), (36, 1.5015710232546553e-05), (37, 9.939872143149842e-06), (38, 7.388952781184344e-06), (39, 9.15821328817401e-06), (40, 1.1338107469782699e-05), (41, 1.0279331036144868e-05), (42, 1.0184619895881042e-05), (43, 1.1494465070427395e-05), (44, 1.0743205166363623e-05), (45, 1.0391106116003357e-05), (46, 1.1267055924690794e-05), (47, 8.86892212292878e-06), (48, 1.0558191206655465e-05), (0, 9.329992280981969e-06), (1, 1.6750105714891106e-05), (2, 8.93263040779857e-06), (3, 8.932024684327189e-06), (4, 8.507199709129054e-06), (5, 1.2401677849993575e-05), (6, 9.800052794162184e-06), (7, 7.112565072020516e-06), (8, 8.878605513018556e-06), (9, 1.1228934454265982e-05), (10, 7.64494325267151e-06), (11, 9.027919986692723e-06), (12, 8.425749001617078e-06), (13, 1.0265749551763292e-05), (14, 7.31772206563619e-06), (15, 7.639942850801162e-06), (16, 7.52702726458665e-06), (17, 7.337599527090788e-06), (18, 9.362027412862517e-06), (19, 8.748856089368928e-06), (20, 1.0816331268870272e-05), (21, 1.0504169949854258e-05), (22, 9.598284123057965e-06), (23, 6.210486390045844e-06), (24, 1.2489559594541788e-05), (25, 7.04332387613249e-06), (26, 1.05145027191611e-05), (27, 6.635498721152544e-06), (28, 1.0713015399232972e-05), (29, 1.0188253327214625e-05), (30, 7.248718702612678e-06), (31, 1.1898910997842904e-05), (32, 7.51298694012803e-06), (33, 1.1329198059684131e-05), (34, 7.7650802268181e-06), (35, 1.2424849046510644e-05), (36, 8.256200089817867e-06), (37, 9.661250260251109e-06), (38, 1.093149694497697e-05), (39, 7.2847587944124825e-06), (40, 9.535196113574784e-06), (41, 1.0886867130466271e-05), (42, 6.942549589439295e-06), (43, 7.998724868230056e-06), (44, 6.689918336633127e-06), (45, 7.188966264948249e-06), (46, 9.59316730586579e-06), (47, 6.381191724358359e-06), (48, 5.662045623466838e-06), (0, 6.528120593429776e-06), (1, 5.091531420475803e-06), (2, 5.6195758588728495e-06), (3, 1.0838947673619259e-05), (4, 5.760444764746353e-06), (5, 9.3608905444853e-06), (6, 1.2032566701236647e-05), (7, 8.224085831898265e-06), (8, 6.749793556082295e-06), (9, 8.919930223783012e-06), (10, 4.512065970629919e-06), (11, 8.424814041063655e-06), (12, 7.9069732237258e-06), (13, 7.841625119908713e-06), (14, 9.49209243117366e-06), (15, 5.307871106197126e-06), (16, 9.40890095080249e-06), (17, 7.797719263180625e-06), (18, 8.005716154002585e-06), (19, 7.110338174243225e-06), (20, 8.104635526251514e-06), (21, 1.038793197949417e-05), (22, 9.274859621655196e-06), (23, 6.581773050129414e-06), (24, 1.1142188668600284e-05), (25, 8.398063073400408e-06), (26, 8.174881259037647e-06), (27, 7.069925231917296e-06), (28, 8.970907401817385e-06), (29, 6.987120286794379e-06), (30, 8.214881745516323e-06), (31, 1.0609148375806399e-05), (32, 9.848462468653452e-06), (33, 1.4107503375271335e-05), (34, 4.860935860051541e-06), (35, 4.998056738259038e-06), (36, 9.311293069913518e-06), (37, 4.3709978854167275e-06), (38, 5.769345079897903e-06), (39, 6.345169367705239e-06), (40, 9.165089068119414e-06), (41, 7.136026852094801e-06), (42, 7.587346317450283e-06), (43, 4.42091322838678e-06), (44, 8.01664009486558e-06), (45, 7.296699550352059e-06), (46, 7.921890755824279e-06), (47, 5.660380793415243e-06), (48, 4.571517820295412e-06), (0, 6.429576842492679e-06), (1, 9.79701417236356e-06), (2, 6.086215762479696e-06), (3, 6.415591542463517e-06), (4, 6.349134309857618e-06), (5, 5.929930466663791e-06), (6, 9.403263902640902e-06), (7, 8.059691026574e-06), (8, 7.170371645770501e-06), (9, 5.747589057136793e-06), (10, 4.344108674558811e-06), (11, 7.851142072468065e-06), (12, 6.594207206944702e-06), (13, 6.490233772638021e-06), (14, 5.863804744876688e-06), (15, 6.558542281709379e-06), (16, 6.4682308220653795e-06), (17, 7.211580395960482e-06), (18, 5.797409812657861e-06), (19, 6.7516507442633156e-06), (20, 4.3610325519694015e-06), (21, 6.661978659394663e-06), (22, 6.199074050527997e-06), (23, 9.719901754579041e-06), (24, 5.875710485270247e-06), (25, 8.074617653619498e-06), (26, 6.1828236539440695e-06), (27, 7.60664352128515e-06), (28, 5.614524525299203e-06), (29, 6.20194305156474e-06), (30, 6.004465376463486e-06), (31, 6.608142939512618e-06), (32, 5.893026354897302e-06), (33, 8.731746675039176e-06), (34, 1.1923165402549785e-05), (35, 5.940942173765507e-06), (36, 5.187175702303648e-06), (37, 7.697428372921422e-06), (38, 7.2941793405334465e-06), (39, 5.767325092165265e-06), (40, 4.067503596161259e-06), (41, 5.2050813792448025e-06), (42, 7.221171017590677e-06), (43, 5.561576472246088e-06), (44, 9.23908100958215e-06), (45, 9.078891707758885e-06), (46, 5.265957497613272e-06), (47, 5.191683158045635e-06), (48, 6.636694706685375e-06), (0, 6.334783392958343e-06), (1, 5.383998541219626e-06), (2, 6.826242497481871e-06), (3, 4.068466296303086e-06), (4, 3.220944108761614e-06), (5, 8.199737749237102e-06), (6, 4.403971161082154e-06), (7, 6.247650162549689e-06), (8, 6.4158211898757145e-06), (9, 5.154964128450956e-06), (10, 8.519675247953273e-06), (11, 6.319434760371223e-06), (12, 7.464629106834764e-06), (13, 5.708603566745296e-06), (14, 4.32357319368748e-06), (15, 6.544006282638293e-06), (16, 4.297827672417043e-06), (17, 8.02340673544677e-06), (18, 5.521312232303899e-06), (19, 6.898298124724533e-06), (20, 7.74427371652564e-06), (21, 3.75111721950816e-06), (22, 7.146838925109478e-06), (23, 6.384396328940056e-06), (24, 5.377026354835834e-06), (25, 7.288613232958596e-06), (26, 4.409301254781894e-06), (27, 4.845396233577048e-06), (28, 4.860013632423943e-06), (29, 5.540797701542033e-06), (30, 6.840673904662253e-06), (31, 8.238680493377615e-06), (32, 5.416341537056724e-06), (33, 5.950473678240087e-06), (34, 6.342959750327282e-06), (35, 6.689103429380339e-06), (36, 5.324357061908813e-06), (37, 3.6010283110954333e-06), (38, 6.789505732740508e-06), (39, 5.560374120250344e-06), (40, 5.860376404598355e-06), (41, 5.221279934630729e-06), (42, 5.90330591876409e-06), (43, 3.852606823784299e-06), (44, 7.498217200918589e-06), (45, 7.3516102929716e-06), (46, 6.8760400608880445e-06), (47, 4.562806680041831e-06), (48, 4.527162673184648e-06), (0, 5.062554464529967e-06), (1, 4.788893875229405e-06), (2, 4.025518137495965e-06), (3, 6.167656920297304e-06), (4, 4.910483312414726e-06), (5, 4.487891146709444e-06), (6, 4.783022177434759e-06), (7, 4.377295226731803e-06), (8, 4.856012310483493e-06), (9, 4.801239811058622e-06), (10, 5.685432824975578e-06), (11, 6.438455784518737e-06), (12, 4.71794965051231e-06), (13, 4.696486939792521e-06), (14, 5.760042768088169e-06), (15, 5.326297923602397e-06), (16, 3.6941910366294906e-06), (17, 6.7213868533144705e-06), (18, 4.983701728633605e-06), (19, 5.525229425984435e-06), (20, 6.368116373778321e-06), (21, 5.191037416807376e-06), (22, 5.106957814859925e-06), (23, 4.02933756049606e-06), (24, 6.534107342304196e-06), (25, 3.6184628697810695e-06), (26, 7.4966765168937854e-06), (27, 5.993900231260341e-06), (28, 5.4413753787230235e-06), (29, 4.851604899158701e-06), (30, 8.389930371777155e-06), (31, 5.484427219926147e-06), (32, 4.032693595945602e-06), (33, 5.607521870842902e-06), (34, 6.653202945017256e-06), (35, 5.714688541047508e-06), (36, 6.45220507067279e-06), (37, 4.782556061400101e-06), (38, 5.46865976502886e-06), (39, 5.103491730551468e-06), (40, 5.347802016331116e-06), (41, 3.0115354547888273e-06), (42, 4.961438662576256e-06), (43, 4.169477051618742e-06), (44, 5.44837075722171e-06), (45, 4.330065621616086e-06), (46, 2.4812031824694714e-06), (47, 4.788543265021872e-06), (48, 5.423756647360278e-06), (0, 4.356249519332778e-06), (1, 4.372667262941832e-06), (2, 4.609962161339354e-06), (3, 4.192937012703624e-06), (4, 3.880460099026095e-06), (5, 4.318594619689975e-06), (6, 4.263408300175797e-06), (7, 5.561747457250021e-06), (8, 6.858297183498507e-06), (9, 7.563389772258233e-06), (10, 5.466067250381457e-06), (11, 6.27942517894553e-06), (12, 4.8869387683225796e-06), (13, 6.29323994871811e-06), (14, 6.487823611678323e-06), (15, 3.693215603561839e-06), (16, 4.164272013440495e-06), (17, 5.176534159545554e-06), (18, 5.129491910338402e-06), (19, 5.118427907291334e-06), (20, 4.609359621099429e-06), (21, 4.178270955890184e-06), (22, 4.959003035764908e-06), (23, 4.737557446787832e-06), (24, 6.042619133950211e-06), (25, 3.3156597964989487e-06), (26, 2.8869774268969195e-06), (27, 3.8493653846671805e-06), (28, 3.2876130262593506e-06), (29, 4.3972845560347196e-06), (30, 3.9673777791904286e-06), (31, 4.1037910705199465e-06), (32, 5.795920515083708e-06), (33, 5.775528279627906e-06), (34, 5.24126107848133e-06), (35, 3.3756241464288905e-06), (36, 3.7173545024415944e-06), (37, 4.289731805329211e-06), (38, 2.63243964582216e-06), (39, 2.5576860025466885e-06), (40, 4.7274511416617315e-06), (41, 6.429880613723071e-06), (42, 5.460345619212603e-06), (43, 2.4662758733029477e-06), (44, 4.897643066215096e-06), (45, 2.9534962777688634e-06), (46, 3.0670789783471264e-06), (47, 3.596753458623425e-06), (48, 6.148775355541147e-06), (0, 3.6350395475892583e-06), (1, 7.209962404886028e-06), (2, 2.405023906248971e-06), (3, 3.4959778076881776e-06), (4, 5.095137566968333e-06), (5, 3.9440633372578304e-06), (6, 4.649072252504993e-06), (7, 3.935153927159263e-06), (8, 4.701178568211617e-06), (9, 3.4823713122023037e-06), (10, 2.858798552551889e-06), (11, 3.662872131826589e-06), (12, 2.936122655228246e-06), (13, 3.261542588006705e-06), (14, 3.7448487546498654e-06), (15, 5.257768862065859e-06), (16, 4.242409431753913e-06), (17, 2.8040540200890973e-06), (18, 3.114563696726691e-06), (19, 4.410821929923259e-06), (20, 5.098922429169761e-06), (21, 3.5116054277750663e-06), (22, 3.93305435864022e-06), (23, 5.362480351323029e-06), (24, 6.374911208695266e-06), (25, 2.9124673801561585e-06), (26, 4.667454959417228e-06), (27, 3.247861059207935e-06), (28, 4.322987933846889e-06), (29, 3.7554405025730375e-06), (30, 3.2005918910726905e-06), (31, 3.857855972455582e-06), (32, 5.293994490784826e-06), (33, 6.141779067547759e-06), (34, 3.5907758046960225e-06), (35, 4.041104602947598e-06), (36, 4.006428753200453e-06), (37, 4.326013822719688e-06), (38, 4.394584721012507e-06), (39, 4.092439212399768e-06), (40, 3.6187163914291887e-06), (41, 4.774604803969851e-06), (42, 2.486879793650587e-06), (43, 3.7797858567500953e-06), (44, 2.962017333629774e-06), (45, 4.467724465939682e-06), (46, 5.986662017676281e-06), (47, 4.575324510369683e-06), (48, 3.7631066334142815e-06), (0, 2.945341066151741e-06), (1, 3.2868138077901676e-06), (2, 2.065636863335385e-06), (3, 3.3691758289933205e-06), (4, 3.367735189385712e-06), (5, 3.5749244489124976e-06), (6, 3.4573217817523982e-06), (7, 3.1394927191286115e-06), (8, 3.6450460356718395e-06), (9, 2.7855016924149822e-06), (10, 3.4052955015795305e-06), (11, 5.074454293207964e-06), (12, 3.4462009352864698e-06), (13, 3.230277798138559e-06), (14, 3.0157355013216147e-06), (15, 4.789162176166428e-06), (16, 3.140742137475172e-06), (17, 3.4048944144160487e-06), (18, 2.948191195173422e-06), (19, 4.307783001422649e-06), (20, 4.897870439890539e-06), (21, 2.6798072667588713e-06), (22, 5.6723779380263295e-06), (23, 3.2070536235551117e-06), (24, 3.3550634270795854e-06), (25, 2.5360279778396944e-06), (26, 3.3649046145001194e-06), (27, 4.054911187267862e-06), (28, 2.9547613848990295e-06), (29, 4.175853518972872e-06), (30, 4.111702764930669e-06), (31, 2.789441396089387e-06), (32, 5.393396804720396e-06), (33, 4.442275894689374e-06), (34, 1.9848955616907915e-06), (35, 3.455660134932259e-06), (36, 3.687874368552002e-06), (37, 4.498235284700058e-06), (38, 3.4243043955939356e-06), (39, 3.955725787818665e-06), (40, 3.692976406455273e-06), (41, 3.551075678842608e-06), (42, 2.2527271994476905e-06), (43, 4.679341600422049e-06), (44, 4.559747594612418e-06), (45, 3.7107945445313817e-06), (46, 5.380367383622797e-06), (47, 5.198034159548115e-06), (48, 4.569364136841614e-06), (0, 2.9426403216348263e-06), (1, 2.3678949219174683e-06), (2, 3.3336511933157453e-06), (3, 3.6730839383380953e-06), (4, 3.2441539588035084e-06), (5, 2.3594000140292337e-06), (6, 3.3247115425183438e-06), (7, 4.4256462388148066e-06), (8, 3.1482704798690975e-06), (9, 4.59299553767778e-06), (10, 2.7869109544553794e-06), (11, 5.078663434687769e-06), (12, 2.7024225346394815e-06), (13, 3.6122301025898196e-06), (14, 2.96592952508945e-06), (15, 4.0355644159717485e-06), (16, 2.794053671095753e-06), (17, 3.145504706481006e-06), (18, 2.0682493868662277e-06), (19, 3.879075393342646e-06), (20, 3.271510422564461e-06), (21, 4.1382086237717886e-06), (22, 4.071106559422333e-06), (23, 2.8751021545758704e-06), (24, 3.607571443353663e-06), (25, 3.3094352147600148e-06), (26, 4.050925326737342e-06), (27, 2.0336542547738645e-06), (28, 2.6513291686569573e-06), (29, 1.263646026927745e-06), (30, 3.770697503568954e-06), (31, 2.9237289709271863e-06), (32, 4.289508979127277e-06), (33, 3.6284652651374927e-06), (34, 3.837255462713074e-06), (35, 2.297881337653962e-06), (36, 5.1669430831680074e-06), (37, 3.2768248274805956e-06), (38, 2.952479917439632e-06), (39, 1.7655029296292923e-06), (40, 4.179117240710184e-06), (41, 3.213294803572353e-06), (42, 2.7767871415562695e-06), (43, 3.1857291560299927e-06), (44, 4.104264462512219e-06), (45, 2.860955191863468e-06), (46, 3.233916459066677e-06), (47, 2.8821159503422678e-06), (48, 4.673884632211411e-06), (0, 1.958803522938979e-06), (1, 3.5850232507073088e-06), (2, 3.506675966491457e-06), (3, 2.511942966521019e-06), (4, 2.228430275863502e-06), (5, 2.989556833199458e-06), (6, 3.2908649245655397e-06), (7, 3.520842255966272e-06), (8, 2.927689138232381e-06), (9, 5.1331899157958105e-06), (10, 4.920033461530693e-06), (11, 3.2397365430369973e-06), (12, 2.6617894945957232e-06), (13, 3.597541308408836e-06), (14, 2.3766208414599532e-06), (15, 3.328163984406274e-06), (16, 2.680263605725486e-06), (17, 2.7100563784188125e-06), (18, 2.1798775833303807e-06), (19, 2.697296395126614e-06), (20, 2.8539520826598164e-06), (21, 3.7939876165182795e-06), (22, 3.588595745895873e-06), (23, 3.9653591556998435e-06), (24, 2.956420075861388e-06), (25, 2.045793280558428e-06), (26, 3.988062871940201e-06), (27, 2.4081298306555254e-06), (28, 3.1164408937911503e-06), (29, 2.2905110199644696e-06), (30, 2.3530922135250876e-06), (31, 3.3120534226327436e-06), (32, 1.860288762145501e-06), (33, 3.3879862257890636e-06), (34, 3.472194748610491e-06), (35, 2.1637229110638145e-06), (36, 2.698220441743615e-06), (37, 3.1169161047728267e-06), (38, 3.260015319028753e-06), (39, 3.0083340334385866e-06), (40, 3.2745429052738473e-06), (41, 2.4595469767518807e-06), (42, 3.474775212453096e-06), (43, 2.810014393617166e-06), (44, 2.1265830127958907e-06), (45, 2.792952273011906e-06), (46, 3.311586851850734e-06), (47, 2.4040773496381007e-06), (48, 3.2888442547118757e-06), (0, 3.6532696867652703e-06), (1, 2.3699838038737653e-06), (2, 3.017293010998401e-06), (3, 3.682159103846061e-06), (4, 2.769299271676573e-06), (5, 3.3585019991733134e-06), (6, 3.646556024250458e-06), (7, 3.12718793793465e-06), (8, 1.9622602849267423e-06), (9, 3.226509534215438e-06), (10, 1.9588444502005586e-06), (11, 2.257270580230397e-06), (12, 2.2309584437607555e-06), (13, 4.327191163611133e-06), (14, 2.341150093343458e-06), (15, 2.5015601750055794e-06), (16, 2.3096890799934044e-06), (17, 2.9824504963471554e-06), (18, 3.655207592601073e-06), (19, 3.500522552712937e-06), (20, 2.7318881166138453e-06), (21, 2.6714778869063593e-06), (22, 2.5506333258817904e-06), (23, 3.172036485921126e-06), (24, 2.660366362761124e-06), (25, 1.2564140661197598e-06), (26, 3.420739403736661e-06), (27, 2.915240429501864e-06), (28, 3.0667952160001732e-06), (29, 1.9566932678571902e-06), (30, 2.7113173928228207e-06), (31, 3.0381652322830632e-06), (32, 1.8208306755695958e-06), (33, 2.156994241886423e-06), (34, 4.218125468469225e-06), (35, 1.6591825442446861e-06), (36, 2.5517167614452774e-06), (37, 1.6404360394517425e-06), (38, 2.522845079511171e-06), (39, 2.496805109331035e-06), (40, 3.6888307022309164e-06), (41, 3.075332870139391e-06), (42, 2.578786507001496e-06), (43, 2.334355485800188e-06), (44, 2.6020161385531537e-06), (45, 2.183457354476559e-06), (46, 3.482634156171116e-06), (47, 2.5652050226199208e-06), (48, 2.7295623112877365e-06), (0, 3.1701804346084828e-06), (1, 3.7766983496112516e-06), (2, 2.7800897441920824e-06), (3, 2.441381184326019e-06), (4, 2.6473796879145084e-06), (5, 2.278629835927859e-06), (6, 1.974048700503772e-06), (7, 1.8082278074871283e-06), (8, 2.727037099248264e-06), (9, 2.9823529530403903e-06), (10, 1.186496206173615e-06), (11, 2.7655132726067677e-06), (12, 3.263260623498354e-06), (13, 2.4436478724965127e-06), (14, 3.486918103590142e-06), (15, 2.628502443258185e-06), (16, 1.9077458546234993e-06), (17, 1.7454734688726603e-06), (18, 2.072392362606479e-06), (19, 3.4121808312193025e-06), (20, 1.742786821523623e-06), (21, 2.216359007434221e-06), (22, 2.225086973339785e-06), (23, 2.8119209218857577e-06), (24, 2.2097549390309723e-06), (25, 3.44859154211008e-06), (26, 2.4136136289598653e-06), (27, 2.240973344669328e-06), (28, 2.1380719772423618e-06), (29, 2.7441087695478927e-06), (30, 3.289419964858098e-06), (31, 1.3737392237089807e-06), (32, 2.3381728624372045e-06), (33, 2.29512806981802e-06), (34, 2.589693849586183e-06), (35, 2.5631729840824846e-06), (36, 2.623466343720793e-06), (37, 2.008953515542089e-06), (38, 4.45238492829958e-06), (39, 2.3844568204367533e-06), (40, 2.950322823380702e-06), (41, 2.7867956760019297e-06), (42, 2.080438207485713e-06), (43, 1.6497868955411832e-06), (44, 2.050402144959662e-06), (45, 2.2558369892067276e-06), (46, 2.449492967571132e-06), (47, 3.2331790862372145e-06), (48, 2.34886124417244e-06), (0, 2.7221640266361646e-06), (1, 1.969249524336192e-06), (2, 2.6050565793411806e-06), (3, 2.0623533600883093e-06), (4, 2.249927092634607e-06), (5, 1.4230059832698316e-06), (6, 2.4728446987865027e-06), (7, 2.1907117115915753e-06), (8, 2.2361464289133437e-06), (9, 2.0498673620750196e-06), (10, 1.8684712586036767e-06), (11, 2.3804284410289256e-06), (12, 2.8548734007927123e-06), (13, 2.4435360046481946e-06), (14, 3.6467383779381635e-06), (15, 1.1774590120694484e-06), (16, 2.5523750082356855e-06), (17, 2.2225567590794526e-06), (18, 2.035490524576744e-06), (19, 2.4684145500941668e-06), (20, 2.0788650090253213e-06), (21, 1.5039063328003976e-06), (22, 2.490190581738716e-06), (23, 2.5905628717737272e-06), (24, 1.7254558315471513e-06), (25, 1.9195961158402497e-06), (26, 2.3801908355380874e-06), (27, 2.9902296319050947e-06), (28, 2.558031383159687e-06), (29, 1.9604669887485215e-06), (30, 2.6814750526682474e-06), (31, 3.222968871341436e-06), (32, 2.2284782517090207e-06), (33, 3.0257997423177585e-06), (34, 2.896646037697792e-06), (35, 2.2449960397352697e-06), (36, 2.3880575099610724e-06), (37, 1.859024450823199e-06), (38, 1.712275889076409e-06), (39, 2.4660382678121096e-06), (40, 2.320888370377361e-06), (41, 2.225828893642756e-06), (42, 3.146016751998104e-06), (43, 1.355700533167692e-06), (44, 2.335203362235916e-06), (45, 2.004864882110269e-06), (46, 2.486707444404601e-06), (47, 3.013857167388778e-06), (48, 1.5391636907224893e-06), (0, 2.758718892437173e-06), (1, 2.2310673557512928e-06), (2, 3.131965286229388e-06), (3, 2.711494516915991e-06), (4, 2.2691433514410164e-06), (5, 2.512448645575205e-06), (6, 1.2465847021303489e-06), (7, 2.2170008833199972e-06), (8, 1.9047497517021839e-06), (9, 2.2749215986550553e-06), (10, 2.2456870283349417e-06), (11, 1.919977421493968e-06), (12, 2.1595431007881416e-06), (13, 2.312037850060733e-06), (14, 1.6092500345621374e-06), (15, 1.7170827959489543e-06), (16, 2.441076503600925e-06), (17, 1.7868384247776703e-06), (18, 3.2732727959228214e-06), (19, 2.1607875169138424e-06), (20, 2.748344059000374e-06), (21, 2.4366536308662035e-06), (22, 2.3176189642981626e-06), (23, 2.1552436919591855e-06), (24, 2.716705012062448e-06), (25, 2.4317762381542707e-06), (26, 1.9064030993831693e-06), (27, 2.1200874016358284e-06), (28, 1.682207539488445e-06), (29, 2.1000812466809293e-06), (30, 2.62566049968882e-06), (31, 1.65828419085301e-06), (32, 1.6163510281330673e-06), (33, 2.0223310457367916e-06), (34, 1.995230604734388e-06), (35, 1.5701123174949316e-06), (36, 1.60871650223271e-06), (37, 1.7871242334877024e-06), (38, 1.5416927681144443e-06), (39, 2.704545522647095e-06), (40, 2.409786475254805e-06), (41, 1.1093623015767662e-06), (42, 1.8043502905129571e-06), (43, 2.5664776330813766e-06), (44, 1.8994785477843834e-06), (45, 1.9099989003734663e-06), (46, 1.404142722094548e-06), (47, 2.1135838323971257e-06), (48, 2.272530991831445e-06), (0, 2.043438826149213e-06), (1, 1.4616022099289694e-06), (2, 1.4390475371328648e-06), (3, 2.8077511160518043e-06), (4, 1.7187942376040155e-06), (5, 1.911964545797673e-06), (6, 2.64327400145703e-06), (7, 1.7274743413508986e-06), (8, 1.9019912542717066e-06), (9, 2.9263046599226072e-06), (10, 2.6015775347332237e-06), (11, 2.020643478317652e-06), (12, 1.8904303260569577e-06), (13, 2.5513145374134183e-06), (14, 2.4370526716666063e-06), (15, 1.666456682869466e-06), (16, 1.8384400846116478e-06), (17, 1.8609165408633999e-06), (18, 1.492197498009773e-06), (19, 2.0545189727272373e-06), (20, 2.120686303896946e-06), (21, 2.1321247913874686e-06), (22, 2.5343556444568094e-06), (23, 1.5053370816531242e-06), (24, 1.7786139778763754e-06), (25, 2.2791955416323617e-06), (26, 1.7508610881122877e-06), (27, 1.7094019995056442e-06), (28, 1.7887941794469953e-06), (29, 1.5535953252765466e-06), (30, 2.4857517928467132e-06), (31, 2.5684325919428375e-06), (32, 1.3143877595211961e-06), (33, 1.6586196807111264e-06), (34, 1.2208769248900353e-06), (35, 2.6091404379258165e-06), (36, 1.1030635960196378e-06), (37, 1.3670221505890368e-06), (38, 1.7839897736848798e-06), (39, 2.2893284494784893e-06), (40, 2.176834186684573e-06), (41, 1.448187049390981e-06), (42, 2.795592081383802e-06), (43, 1.8591944126455928e-06), (44, 1.9542444533726666e-06), (45, 2.0861295979557326e-06), (46, 1.2426826287992299e-06), (47, 2.237038643215783e-06), (48, 2.005703663598979e-06), (0, 1.4984896097303135e-06), (1, 2.134662281605415e-06), (2, 1.5147890053412993e-06), (3, 1.5327372011597618e-06), (4, 1.0883750292123295e-06), (5, 1.9608096408774145e-06), (6, 2.7148985282110516e-06), (7, 1.5772928918522666e-06), (8, 1.6270781770799658e-06), (9, 2.449799239911954e-06), (10, 1.5445219787579845e-06), (11, 1.9009002016900922e-06), (12, 2.081780166918179e-06), (13, 2.029308916462469e-06), (14, 1.9907440673705423e-06), (15, 1.80460313004005e-06), (16, 2.155057700292673e-06), (17, 2.2894444100529654e-06), (18, 1.5656521554774372e-06), (19, 2.003091594815487e-06), (20, 1.737305524329713e-06), (21, 1.4317248542283778e-06), (22, 2.68126086666598e-06), (23, 2.1586572529486148e-06), (24, 8.694735811332066e-07), (25, 1.5908389059404726e-06), (26, 1.9604203771450557e-06), (27, 1.5909222383925226e-06), (28, 1.4641888128608116e-06), (29, 1.366003175462538e-06), (30, 1.62178878326813e-06), (31, 1.247955992766947e-06), (32, 2.3622897060704418e-06), (33, 1.51655535773898e-06), (34, 1.23870574952889e-06), (35, 2.008777073569945e-06), (36, 1.796709966583876e-06), (37, 1.8163509594160132e-06), (38, 1.9513850020302925e-06), (39, 1.862588419498934e-06), (40, 2.4670016500749625e-06), (41, 1.7210066971529159e-06), (42, 2.286896688019624e-06), (43, 2.2381752842193237e-06), (44, 1.2068179557900294e-06), (45, 2.3135257833928335e-06), (46, 1.5283708307833876e-06), (47, 1.4718799548063544e-06), (48, 2.579380634415429e-06), (0, 1.217340468429029e-06), (1, 1.7031528614097624e-06), (2, 1.7916914885063306e-06), (3, 9.50543267208559e-07), (4, 1.3628584838443203e-06), (5, 1.6809810858831042e-06), (6, 2.891979420382995e-06), (7, 2.2994081518845633e-06), (8, 1.8611391396916588e-06), (9, 1.5930801282593166e-06), (10, 1.3277358448249288e-06), (11, 1.9178062302671606e-06), (12, 1.7609094129511504e-06), (13, 1.7001951846395968e-06), (14, 1.621829142095521e-06), (15, 1.8959475482915877e-06), (16, 1.439924290025374e-06), (17, 1.9622402760433033e-06), (18, 2.1047464997536736e-06), (19, 1.7228026081284042e-06), (20, 2.1300816115399357e-06), (21, 1.542642394269933e-06), (22, 1.4692143395222956e-06), (23, 1.855707978393184e-06), (24, 1.934639612954925e-06), (25, 1.0577881539575174e-06), (26, 1.3422934443951817e-06), (27, 2.497498599041137e-06), (28, 1.5365433227998437e-06), (29, 1.4276986348704668e-06), (30, 1.1727187256838079e-06), (31, 1.615505425434094e-06), (32, 1.4752954484720249e-06), (33, 1.2175710253359284e-06), (34, 1.4543443285219837e-06), (35, 1.4742395251232665e-06), (36, 1.772853920556372e-06), (37, 1.587684437254211e-06), (38, 2.4511589344911044e-06), (39, 1.4635338629886974e-06), (40, 2.650127044034889e-06), (41, 1.6399353626184165e-06), (42, 1.9038919845115743e-06), (43, 2.1274497612466803e-06), (44, 1.6680403405189281e-06), (45, 1.6142638514793362e-06), (46, 1.3489085404216894e-06), (47, 1.8492170283934684e-06), (48, 1.257656663256057e-06), (0, 1.1675218729578773e-06), (1, 1.3851075664206292e-06), (2, 1.2786106253770413e-06), (3, 2.0000236418127315e-06), (4, 1.3542183978643152e-06), (5, 1.7123261386586819e-06), (6, 2.32949332712451e-06), (7, 1.884200742097164e-06), (8, 1.6799750710561057e-06), (9, 1.3098167528369231e-06), (10, 1.937089791681501e-06), (11, 1.6561767779421643e-06), (12, 1.7955582052309182e-06), (13, 1.951227204699535e-06), (14, 2.186260871894774e-06), (15, 1.563889213684888e-06), (16, 1.0890266821661498e-06), (17, 1.2829523257096298e-06), (18, 1.6353358205378754e-06), (19, 2.1205712528171716e-06), (20, 1.3550568382925121e-06), (21, 1.7908164409163874e-06), (22, 1.7718693925417028e-06), (23, 9.352053211841849e-07), (24, 1.3616165688290494e-06), (25, 1.0331503972338396e-06), (26, 1.3373672800298664e-06), (27, 1.1300923006274388e-06), (28, 1.572899350321677e-06), (29, 1.0563494470261503e-06), (30, 2.4342230062757153e-06), (31, 1.6401152151956921e-06), (32, 1.55670579715661e-06), (33, 1.5133769011299592e-06), (34, 2.192547526647104e-06), (35, 1.6534160067749326e-06), (36, 1.5063571936480002e-06), (37, 1.2525554211606504e-06), (38, 1.6796957424958237e-06), (39, 1.5116853546714992e-06), (40, 1.5642814332750277e-06), (41, 1.4263735010899836e-06), (42, 2.228829771411256e-06), (43, 1.5783460867169197e-06), (44, 8.943506486502883e-07), (45, 2.0419395241333405e-06), (46, 1.2564922826641123e-06), (47, 1.6945932657108642e-06), (48, 1.2472108892325195e-06), (0, 8.591624123255315e-07), (1, 1.1418959502407233e-06), (2, 2.1106036456330912e-06), (3, 1.0771801726150443e-06), (4, 1.8852224457077682e-06), (5, 9.631064585846616e-07), (6, 1.1134198985018884e-06), (7, 1.2065555665685679e-06), (8, 1.4130596355244052e-06), (9, 1.645194288357743e-06), (10, 1.1621968951658346e-06), (11, 2.1209148144407663e-06), (12, 1.7268433794015436e-06), (13, 1.6688977666490246e-06), (14, 1.2239345323905582e-06), (15, 1.884242806227121e-06), (16, 1.3310435633684392e-06), (17, 1.431781583960401e-06), (18, 9.250726975551515e-07), (19, 1.7940338921107468e-06), (20, 1.1777810868807137e-06), (21, 1.51187941810349e-06), (22, 1.6732251424400602e-06), (23, 1.5950350871207775e-06), (24, 1.5986630614861497e-06), (25, 2.3010334189166315e-06), (26, 1.2974347782801487e-06), (27, 1.110901166612166e-06), (28, 1.5845944290049374e-06), (29, 1.8279996538694832e-06), (30, 2.267505578856799e-06), (31, 1.3845279909219244e-06), (32, 1.2281988119866583e-06), (33, 1.4235633898351807e-06), (34, 1.4241016970117926e-06), (35, 1.8348879393670359e-06), (36, 8.900253192223317e-07), (37, 1.1020473493772442e-06), (38, 1.1964677923970157e-06), (39, 1.7088045751734171e-06), (40, 1.6889187008928275e-06), (41, 1.0157261840504361e-06), (42, 1.2323012015258428e-06), (43, 1.3581106941273902e-06), (44, 1.3697906524612335e-06), (45, 1.356329789814481e-06), (46, 1.5774490975672961e-06), (47, 1.5687095356042846e-06), (48, 2.0212928575347178e-06), (0, 1.7546030903758947e-06), (1, 1.1526288972163456e-06), (2, 1.1841830200864933e-06), (3, 1.508749164713663e-06), (4, 1.4613169696531259e-06), (5, 1.0690287126635667e-06), (6, 1.13904843601631e-06), (7, 1.0898979780904483e-06), (8, 1.6116762253659545e-06), (9, 1.187444468087051e-06), (10, 1.9448573311819928e-06), (11, 1.3925460962127545e-06), (12, 1.4683702147522126e-06), (13, 1.5606046872562729e-06), (14, 2.217316705355188e-06), (15, 1.9009894458577037e-06), (16, 7.210409762592462e-07), (17, 2.265557441205601e-06), (18, 1.5044013252918376e-06), (19, 1.3915083627580316e-06), (20, 1.4059437489777338e-06), (21, 1.2993281188755645e-06), (22, 1.2801900766135077e-06), (23, 9.114276053878712e-07), (24, 1.954366780410055e-06), (25, 1.9801884718617657e-06), (26, 1.2893449365947163e-06), (27, 1.2618204436876113e-06), (28, 1.2898833574581658e-06), (29, 1.2176354857729166e-06), (30, 1.2334202210695366e-06), (31, 9.16536521344824e-07), (32, 1.0330140867154114e-06), (33, 1.2711047929769848e-06), (34, 1.7745619516063016e-06), (35, 1.6446002746306476e-06), (36, 1.0293950936102192e-06), (37, 9.899008546199184e-07), (38, 1.7532710216983105e-06), (39, 1.2925836472277297e-06), (40, 1.545822897242033e-06), (41, 1.1831386927951826e-06), (42, 1.5371573454103782e-06), (43, 1.1384386198187713e-06), (44, 1.2333402992226183e-06), (45, 1.2247853646840667e-06), (46, 9.619243428460322e-07), (47, 1.6480584008604637e-06), (48, 8.36562378481176e-07), (0, 1.5410996638820507e-06), (1, 1.10870894332038e-06), (2, 1.0515692565604695e-06), (3, 1.0363628462073393e-06), (4, 1.6146935877259239e-06), (5, 1.3781376537735923e-06), (6, 1.3572912394010928e-06), (7, 1.0487282224858063e-06), (8, 1.1170357083756244e-06), (9, 1.0998168136211461e-06), (10, 1.3035336223765626e-06), (11, 1.4042956308912835e-06), (12, 1.1559601489352644e-06), (13, 1.071134192898171e-06), (14, 1.354464302494307e-06), (15, 1.335610591013392e-06), (16, 1.063562422132236e-06), (17, 1.2397836144373287e-06), (18, 1.5798077583895065e-06), (19, 1.5490827536268625e-06), (20, 1.0877521390284528e-06), (21, 2.5496606212982442e-06), (22, 1.0239276662105112e-06), (23, 1.298189772569458e-06), (24, 1.2101518223062158e-06), (25, 1.4223702464732924e-06), (26, 1.3590536127594532e-06), (27, 1.7015892126437393e-06), (28, 1.4235633898351807e-06), (29, 1.5391860870295204e-06), (30, 1.5381970115413424e-06), (31, 1.2180695421193377e-06), (32, 9.433872492081719e-07), (33, 1.2619796052604215e-06), (34, 4.4464132997745764e-07), (35, 1.2517704135461827e-06), (36, 1.6515897414137726e-06), (37, 1.313352981924254e-06), (38, 8.867482392815873e-07), (39, 1.0659537110768724e-06), (40, 8.169869261109852e-07), (41, 1.644468170525215e-06), (42, 1.3758685781795066e-06), (43, 7.535059580732195e-07), (44, 1.0150305342904176e-06), (45, 1.53682992731774e-06), (46, 1.187945599667728e-06), (47, 1.6886519915715326e-06), (48, 1.5416792393807555e-06), (0, 2.0255911294952966e-06), (1, 1.568113930261461e-06), (2, 1.2759977607856854e-06), (3, 1.062591309164418e-06), (4, 9.275244678974559e-07), (5, 1.575648980178812e-06), (6, 1.387439510835975e-06), (7, 1.2953115628988598e-06), (8, 8.842235388328845e-07), (9, 1.1423046544223325e-06), (10, 1.74627484739176e-06), (11, 1.5004511624283623e-06), (12, 1.512358835498162e-06), (13, 1.27861119381123e-06), (14, 1.0093457376569859e-06), (15, 1.6060585039667785e-06), (16, 1.1413767424528487e-06), (17, 6.139488846201857e-07), (18, 9.799408644539653e-07), (19, 6.347893872771238e-07), (20, 1.3101130207360256e-06), (21, 1.0655303412931971e-06), (22, 1.031685769703472e-06), (23, 9.461678018851671e-07), (24, 9.190335390485416e-07), (25, 7.73080728322384e-07), (26, 9.014114539240836e-07), (27, 1.3392908613241161e-06), (28, 9.589272167431773e-07), (29, 1.134186277340632e-06), (30, 1.6970735714494367e-06), (31, 1.2968382634426234e-06), (32, 1.2696591511485167e-06), (33, 1.198945369651483e-06), (34, 1.3862577361578587e-06), (35, 9.128897886512277e-07), (36, 8.517729952473019e-07), (37, 1.5084340247994987e-06), (38, 1.1962276857957477e-06), (39, 1.7386463468938018e-06), (40, 1.1035544957849197e-06), (41, 1.0882926062549814e-06), (42, 9.271109320252435e-07), (43, 8.730193030714872e-07), (44, 1.2664110045079724e-06), (45, 1.4037266282684868e-06), (46, 1.0996139963026508e-06), (47, 1.4365882634592708e-06), (48, 1.1120637282147072e-06), (0, 8.286649517685873e-07), (1, 8.928874990488112e-07), (2, 8.49295304305997e-07), (3, 1.160432930191746e-06), (4, 1.344553311355412e-06), (5, 1.4105690979704377e-06), (6, 1.363695332656789e-06), (7, 1.5895192291282e-06), (8, 1.2547745882329764e-06), (9, 1.12801399154705e-06), (10, 1.025082269734412e-06), (11, 8.128814101837634e-07), (12, 1.7082564909287612e-06), (13, 1.0889011718973052e-06), (14, 9.268347866964177e-07), (15, 1.3680920574188349e-06), (16, 1.2632501693587983e-06), (17, 9.043992008628265e-07), (18, 6.154813263492542e-07), (19, 1.1337647265463602e-06), (20, 1.1188041071363841e-06), (21, 1.6353947103198152e-06), (22, 1.2902826256322442e-06), (23, 7.160955419749371e-07), (24, 9.522332220512908e-07), (25, 1.4914506891727797e-06), (26, 1.069912286766339e-06), (27, 1.7402159073753865e-06), (28, 1.0751376748885377e-06), (29, 9.049031177710276e-07), (30, 9.770199085323839e-07), (31, 1.0913943242485402e-06), (32, 7.228112508528284e-07), (33, 1.1464268254712806e-06), (34, 1.1516381164256018e-06), (35, 1.1931525705222157e-06), (36, 6.634594456045306e-07), (37, 1.0147184639208717e-06), (38, 1.4820066098764073e-06), (39, 7.093271392477618e-07), (40, 7.286913614734658e-07), (41, 9.473304771745461e-07), (42, 1.3478774008035543e-06), (43, 1.5835269095987314e-06), (44, 1.6382945204895805e-06), (45, 1.2833392020183965e-06), (46, 1.3114724879415007e-06), (47, 1.2932988511238364e-06), (48, 1.0559753036432085e-06), (0, 1.0413567679279367e-06), (1, 1.02889407571638e-06), (2, 1.1965175872319378e-06), (3, 8.91323452378856e-07), (4, 1.0461326382937841e-06), (5, 7.424167165481776e-07), (6, 7.365654823843215e-07), (7, 1.2898548220618977e-06), (8, 1.2368967645670637e-06), (9, 1.0280482456437312e-06), (10, 9.036889991875796e-07), (11, 1.3675603440788109e-06), (12, 1.1667059425235493e-06), (13, 1.4693572438773117e-06), (14, 1.1457150321803056e-06), (15, 1.1108094213341246e-06), (16, 6.72141879931587e-07), (17, 1.7613873524169321e-06), (18, 1.2216630693728803e-06), (19, 1.0176953537666122e-06), (20, 1.0993130672432017e-06), (21, 8.814411671664857e-07), (22, 1.529415726508887e-06), (23, 9.194577614834998e-07), (24, 1.0210693517365144e-06), (25, 1.425147388545156e-06), (26, 1.0968186643367517e-06), (27, 9.757163752510678e-07), (28, 9.539015763948555e-07), (29, 9.238112284037925e-07), (30, 1.0845492397493217e-06), (31, 1.024674247673829e-06), (32, 9.531190130473988e-07), (33, 1.1945762707910035e-06), (34, 8.65358970258967e-07), (35, 1.3623431414089282e-06), (36, 1.4306589264379e-06), (37, 1.5455017319254694e-06), (38, 9.099285875890928e-07), (39, 8.099980846054677e-07), (40, 7.242986725941591e-07), (41, 1.0461940291861538e-06), (42, 8.277931442535191e-07), (43, 5.818695285597641e-07), (44, 1.142206428994541e-06), (45, 7.523518661400885e-07), (46, 1.5867869933572365e-06), (47, 8.56533461046638e-07), (48, 7.391751637442212e-07), (0, 1.2956198816027609e-06), (1, 1.0026926702266792e-06), (2, 9.626678547647316e-07), (3, 8.469806402899849e-07), (4, 9.165138408206985e-07), (5, 6.568436106135778e-07), (6, 9.584859981259797e-07), (7, 9.308039352617925e-07), (8, 1.2546355492304428e-06), (9, 9.27065400446736e-07), (10, 9.853015399130527e-07), (11, 1.0070966709463391e-06), (12, 1.396302991452103e-06), (13, 7.728864943601366e-07), (14, 9.94434458334581e-07), (15, 9.229459010384744e-07), (16, 1.3851263247488532e-06), (17, 7.65647769185307e-07), (18, 1.3190673371354933e-06), (19, 1.0302102282366832e-06), (20, 1.1198993661309942e-06), (21, 8.646525202493649e-07), (22, 7.715784704487305e-07), (23, 9.458490239921957e-07), (24, 1.0346385579396156e-06), (25, 8.871137993082812e-07), (26, 1.0665770560081e-06), (27, 1.2019490895909257e-06), (28, 5.678205639014777e-07), (29, 9.442350688004808e-07), (30, 1.0992384886776563e-06), (31, 8.16141664472525e-07), (32, 1.1158831512148026e-06), (33, 6.778024044251652e-07), (34, 1.2726674185614684e-06), (35, 1.0163264505536063e-06), (36, 1.212107463288703e-06), (37, 7.81822109274799e-07), (38, 1.0626617950038053e-06), (39, 1.160611418526969e-06), (40, 1.1174873861818924e-06), (41, 6.935726446499757e-07), (42, 1.1098167078671395e-06), (43, 1.0023328513852903e-06), (44, 1.397127903146611e-06), (45, 7.183784873632248e-07), (46, 8.268286251222889e-07), (47, 1.1187934205736383e-06), (48, 1.3875365993953892e-06), (0, 1.2762003507305053e-06), (1, 1.062466708390275e-06), (2, 8.245431217801524e-07), (3, 9.788611805561231e-07), (4, 1.1378681392670842e-06), (5, 7.253983653754403e-07), (6, 1.5242926565406378e-06), (7, 1.307048364651564e-06), (8, 1.0519629540794995e-06), (9, 7.971226523295627e-07), (10, 9.135339382737584e-07), (11, 1.0579786930975388e-06), (12, 1.135380330197222e-06), (13, 1.3041862985119224e-06), (14, 9.214745659846812e-07), (15, 1.0207663763139863e-06), (16, 9.139589565165807e-07), (17, 1.0123711717824335e-06), (18, 9.377318974657101e-07), (19, 7.288682581929606e-07), (20, 1.0247713362332433e-06), (21, 8.572481533519749e-07), (22, 1.0880602303586784e-06), (23, 1.1026996844520909e-06), (24, 1.3008780115342233e-06), (25, 1.0071737506223144e-06), (26, 6.877757527945505e-07), (27, 1.0638210596880526e-06), (28, 1.0421151728223776e-06), (29, 8.933791946219571e-07), (30, 8.995768894237699e-07), (31, 9.214201668328315e-07), (32, 7.913224067124247e-07), (33, 8.100814739009365e-07), (34, 5.750242166868702e-07), (35, 9.362465220874583e-07), (36, 8.30308408694691e-07), (37, 7.460951110260794e-07), (38, 1.3186144087740104e-06), (39, 1.1935176189581398e-06), (40, 6.018580620548164e-07), (41, 5.388564545683039e-07), (42, 9.914894008034025e-07), (43, 1.034249976328283e-06), (44, 9.332905506198585e-07), (45, 6.525630169562646e-07), (46, 7.256616640916036e-07), (47, 6.400085226232477e-07), (48, 8.395641657443775e-07), (0, 8.764838526076346e-07), (1, 1.1109484603366582e-06), (2, 9.326567464995605e-07), (3, 1.0047618843600503e-06), (4, 9.581111726220115e-07), (5, 7.023405714789988e-07), (6, 8.326181841766811e-07), (7, 9.638519031796022e-07), (8, 9.850872402239474e-07), (9, 1.1104573331977008e-06), (10, 6.569144375134783e-07), (11, 9.280203130401787e-07), (12, 1.2561223456941661e-06), (13, 1.3759861303697107e-06), (14, 1.0723113064159406e-06), (15, 7.344270329667779e-07), (16, 1.1487632036732975e-06), (17, 6.641296295128996e-07), (18, 7.241683306347113e-07), (19, 8.378854090551613e-07), (20, 8.686708952154731e-07), (21, 8.067838734859833e-07), (22, 9.937122058545356e-07), (23, 1.0218600436928682e-06), (24, 1.1046420240745647e-06), (25, 8.879799224814633e-07), (26, 6.868413606753165e-07), (27, 1.3431548495645984e-06), (28, 8.125558110805287e-07), (29, 9.044906619237736e-07), (30, 1.086249199033773e-06), (31, 9.151434596788022e-07), (32, 8.565748998989875e-07), (33, 6.913758738846809e-07), (34, 6.582043852176866e-07), (35, 1.0409951300971443e-06), (36, 3.3981129377025354e-07), (37, 9.031633112499549e-07), (38, 1.2507663313954254e-06), (39, 9.27413339013583e-07), (40, 7.369680474766938e-07), (41, 5.964341767139558e-07), (42, 1.182245000563853e-06), (43, 8.141636271830066e-07), (44, 9.068196504813386e-07), (45, 7.677988378418377e-07), (46, 5.506997808879532e-07), (47, 8.424551651842194e-07), (48, 7.449509098478302e-07), (0, 6.787935831198411e-07), (1, 7.167234912230924e-07), (2, 8.415343017986743e-07), (3, 1.0952157936117146e-06), (4, 5.69655298932048e-07), (5, 1.331710109298001e-06), (6, 9.823903610595153e-07), (7, 9.31047111407679e-07), (8, 7.050999784041778e-07), (9, 6.950101578695467e-07), (10, 1.2015430002065841e-06), (11, 7.129918344617181e-07), (12, 6.939256991245202e-07), (13, 9.19445028557675e-07), (14, 8.9168202066503e-07), (15, 1.1851201406898326e-06), (16, 8.668670261613443e-07), (17, 9.701894896352314e-07), (18, 1.1933992709600716e-06), (19, 8.238506552515901e-07), (20, 6.023146283951064e-07), (21, 5.474964837048901e-07), (22, 7.228737217701564e-07), (23, 9.565890195517568e-07), (24, 6.134341106189822e-07), (25, 1.039926473822561e-06), (26, 1.0194627293458325e-06), (27, 8.833519018480729e-07), (28, 7.329329037020216e-07), (29, 8.858464752847794e-07), (30, 1.2042775097143021e-06), (31, 4.239410316131398e-07), (32, 8.686721457706881e-07), (33, 7.051450552353344e-07), (34, 1.0224738389297272e-06), (35, 9.728811392051284e-07), (36, 4.5827803774045606e-07), (37, 4.921425329484919e-07), (38, 7.228143203974469e-07), (39, 8.70893757110025e-07), (40, 8.140340810314228e-07), (41, 6.340749791888811e-07), (42, 9.859026022240869e-07), (43, 6.539743253597408e-07), (44, 8.616975719633047e-07), (45, 6.186832024468458e-07), (46, 7.855827561797923e-07), (47, 1.3112309034113423e-06), (48, 7.378483246611722e-07), (0, 6.112624646448239e-07), (1, 4.7087908683352e-07), (2, 8.890622211765731e-07), (3, 5.727505936192756e-07), (4, 1.0843484687939053e-06), (5, 6.611360845454328e-07), (6, 9.593522918294184e-07), (7, 1.1996442026429577e-06), (8, 8.159128697116103e-07), (9, 7.240690251819615e-07), (10, 9.414771398041921e-07), (11, 7.120420946193917e-07), (12, 6.089108524065523e-07), (13, 5.134618277224945e-07), (14, 1.4456834378506755e-06), (15, 9.407040693076851e-07), (16, 6.261607836677285e-07), (17, 7.442833975801477e-07), (18, 9.496197890257463e-07), (19, 5.899455572944134e-07), (20, 7.327672051360423e-07), (21, 6.139323431852972e-07), (22, 1.060570980371267e-06), (23, 7.237850354613329e-07), (24, 1.0215075008090935e-06), (25, 7.645631399100239e-07), (26, 6.07617209880118e-07), (27, 7.46972887100128e-07), (28, 9.985226370190503e-07), (29, 4.996934990231239e-07), (30, 1.1250372153881472e-06), (31, 8.866500138537958e-07), (32, 6.88988052388595e-07), (33, 5.103772195980127e-07), (34, 6.008301625115564e-07), (35, 8.681190024617536e-07), (36, 8.338412840203091e-07), (37, 8.925078418542398e-07), (38, 9.021936193676083e-07), (39, 8.846385526339873e-07), (40, 1.1090680800407426e-06), (41, 7.52938944970083e-07), (42, 7.577930318802828e-07), (43, 6.7898923816756e-07), (44, 4.57282027355177e-07), (45, 7.463507927241153e-07), (46, 8.598612453170063e-07), (47, 9.819400474953e-07), (48, 5.823652600156493e-07), (0, 5.979399020361598e-07), (1, 7.703065989517199e-07), (2, 4.7503780820079555e-07), (3, 1.1021791124221636e-06), (4, 1.1761534324250533e-06), (5, 8.560220408071473e-07), (6, 7.030275241959316e-07), (7, 5.726046765630599e-07), (8, 9.121143307311286e-07), (9, 7.74798365910101e-07), (10, 8.746036428419757e-07), (11, 9.66303900895582e-07), (12, 7.909184205345809e-07), (13, 1.167402388091432e-06), (14, 9.333109005638107e-07), (15, 1.0020045237979502e-06), (16, 5.895730055271997e-07), (17, 7.130038284230977e-07), (18, 1.0027126791101182e-06), (19, 1.0971521078317892e-06), (20, 4.7091151600398007e-07), (21, 9.855357347987592e-07), (22, 7.862610118536395e-07), (23, 7.163112627495138e-07), (24, 8.699382192389749e-07), (25, 7.76947274516715e-07), (26, 5.787571808468783e-07), (27, 6.262972647164133e-07), (28, 7.66989273870422e-07), (29, 4.1074656564887846e-07), (30, 7.739303669040964e-07), (31, 7.532551649092056e-07), (32, 5.300253747009265e-07), (33, 5.176053718969342e-07), (34, 7.220680799946422e-07), (35, 9.359970363220782e-07), (36, 6.45237321350578e-07), (37, 6.641967047471553e-07), (38, 6.061270596546819e-07), (39, 7.564535167148279e-07), (40, 9.411147630089545e-07), (41, 6.155231062621169e-07), (42, 7.421261329909612e-07), (43, 4.440608734057605e-07), (44, 8.809169003143325e-07), (45, 4.6788471763647976e-07), (46, 3.608806480315252e-07), (47, 9.009970654005883e-07), (48, 6.939148420315178e-07), (0, 9.199832220474491e-07), (1, 4.6550806587219995e-07), (2, 8.93381297828455e-07), (3, 7.257271477101312e-07), (4, 3.4010793115157867e-07), (5, 9.718216915644007e-07), (6, 5.855051199432637e-07), (7, 8.894569987205614e-07), (8, 5.677767944689549e-07), (9, 8.922344818529382e-07), (10, 6.799175480409758e-07), (11, 1.0318374279449927e-06), (12, 4.788904561792151e-07), (13, 1.040536631080613e-06), (14, 8.128083095471084e-07), (15, 8.679256779942079e-07), (16, 5.537013976208982e-07), (17, 6.701558845634281e-07), (18, 8.278946665996045e-07), (19, 8.681305985192012e-07), (20, 1.0163599881707341e-06), (21, 8.461304901175026e-07), (22, 6.589007739421504e-07), (23, 4.893012146567344e-07), (24, 8.785445402281766e-07), (25, 6.17994601270766e-07), (26, 8.578398364988971e-07), (27, 5.749790830122947e-07), (28, 6.248989734558563e-07), (29, 6.901557298988337e-07), (30, 7.496898888348369e-07), (31, 1.1269066817476414e-06), (32, 7.604538154737384e-07), (33, 5.647729608426744e-07), (34, 6.553678986165323e-07), (35, 4.860071385337505e-07), (36, 5.960258135928598e-07), (37, 5.215386522650078e-07), (38, 6.333617648124346e-07), (39, 5.820246542498353e-07), (40, 6.805707357671054e-07), (41, 4.704052400938963e-07), (42, 7.135387818379968e-07), (43, 8.881410167305148e-07), (44, 4.6645490670016443e-07), (45, 7.917575430838042e-07), (46, 7.908140560175525e-07), (47, 5.466476977744605e-07), (48, 6.700686867588956e-07), (0, 9.166514587377605e-07), (1, 3.569703039829619e-07), (2, 3.9481659541706904e-07), (3, 8.920676464185817e-07), (4, 5.275352350508911e-07), (5, 5.799952873530856e-07), (6, 5.857329483660578e-07), (7, 6.037273578840541e-07), (8, 5.959226996310463e-07), (9, 8.377794529224047e-07), (10, 6.677781243524805e-07), (11, 8.125557542371098e-07), (12, 8.017647701308306e-07), (13, 1.0176426030739094e-06), (14, 7.926419698378595e-07), (15, 3.4281751482012623e-07), (16, 9.636584081818e-07), (17, 5.491970114235301e-07), (18, 7.158630523917964e-07), (19, 6.56197471471387e-07), (20, 8.764899348534527e-07), (21, 3.5273220078124723e-07), (22, 6.038771971361712e-07), (23, 6.809616479586111e-07), (24, 6.701557140331715e-07), (25, 4.141816987157654e-07), (26, 6.814192374804406e-07), (27, 7.769336889396072e-07), (28, 4.43443809672317e-07), (29, 5.475470743476762e-07), (30, 6.565870762642589e-07), (31, 8.095321959444846e-07), (32, 6.418512157324585e-07), (33, 9.374821274832357e-07), (34, 7.766477665427374e-07), (35, 9.311359576713585e-07), (36, 9.04878845631174e-07), (37, 7.570797038169985e-07), (38, 6.581306593034242e-07), (39, 6.78809954024473e-07), (40, 4.710864516255242e-07), (41, 1.0555089602348744e-06), (42, 6.608289595533279e-07), (43, 2.754200920662697e-07), (44, 6.143916380096925e-07), (45, 6.221276294127165e-07), (46, 8.207348400901537e-07), (47, 6.5517241409907e-07), (48, 5.542933081414958e-07), (0, 5.230027682046057e-07), (1, 8.057704690145329e-07), (2, 7.081196713443205e-07), (3, 7.371994570348761e-07), (4, 6.210045171428646e-07), (5, 4.329963587679231e-07), (6, 6.340110303426627e-07), (7, 3.792061420426762e-07), (8, 9.119820560954395e-07), (9, 5.794779553980334e-07), (10, 8.083048896878609e-07), (11, 5.698606173609733e-07), (12, 8.765213124206639e-07), (13, 9.907804496833705e-07), (14, 8.612104807070864e-07), (15, 4.816093337467464e-07), (16, 5.766083859271021e-07), (17, 5.598252528216108e-07), (18, 4.941597921970242e-07), (19, 6.340345635180711e-07), (20, 6.52100993647764e-07), (21, 4.4057895820515114e-07), (22, 7.409044542328047e-07), (23, 8.159726689882518e-07), (24, 2.362388045185071e-07), (25, 7.207179919532791e-07), (26, 7.563803023913351e-07), (27, 4.072472847838071e-07), (28, 5.621203627015348e-07), (29, 5.29131227722246e-07), (30, 6.981744036238524e-07), (31, 6.86277587647055e-07), (32, 9.576008324074792e-07), (33, 6.964262411202071e-07), (34, 6.754391392860271e-07), (35, 4.401484261506994e-07), (36, 5.342978965927614e-07), (37, 8.424360089520633e-07), (38, 5.285105544317048e-07), (39, 4.7555204218951985e-07), (40, 1.1246899020989076e-06), (41, 8.906889661375317e-07), (42, 4.309624159759551e-07), (43, 5.138055598763458e-07), (44, 7.371475589934562e-07), (45, 4.956443717674119e-07), (46, 1.7342485136850883e-07), (47, 7.332822065109212e-07), (48, 7.185961408140429e-07), (0, 4.3530172888495144e-07), (1, 4.6964268562987854e-07), (2, 3.5093620454063057e-07), (3, 4.67908108703341e-07), (4, 5.86859187023947e-07), (5, 6.521514137602935e-07), (6, 5.939904781371297e-07), (7, 4.448744448382058e-07), (8, 5.507497462531319e-07), (9, 3.879333121403761e-07), (10, 5.871187909178843e-07), (11, 4.462810068162071e-07), (12, 4.41511957660623e-07), (13, 5.521853836398805e-07), (14, 5.57650139398902e-07), (15, 6.492071520369791e-07), (16, 4.868226710641466e-07), (17, 7.683279363845941e-07), (18, 7.088689244483248e-07), (19, 7.570886282337597e-07), (20, 5.311881068337243e-07), (21, 4.7148554926934594e-07), (22, 8.034965048864251e-07), (23, 6.429927452700213e-07), (24, 4.6246947249528603e-07), (25, 7.514981348322181e-07), (26, 7.662037546651845e-07), (27, 7.426117463182891e-07), (28, 6.582376954611391e-07), (29, 5.29436704255204e-07), (30, 4.934919388688286e-07), (31, 5.216109002503799e-07), (32, 7.65696768212365e-07), (33, 6.423873628591537e-07), (34, 6.61579122152034e-07), (35, 9.178535265164101e-07), (36, 6.702484256493335e-07), (37, 4.4769095097763056e-07), (38, 2.787562891626294e-07), (39, 7.890805591159733e-07), (40, 7.651597115909681e-07), (41, 5.067981874162797e-07), (42, 6.906422527208633e-07), (43, 1.0186370218434604e-06), (44, 6.814893822593149e-07), (45, 6.982257900745026e-07), (46, 5.651683636642701e-07), (47, 8.358074410352856e-07), (48, 5.11891414589627e-07), (0, 5.984995823382633e-07), (1, 8.339620194419695e-07), (2, 5.609518325400131e-07), (3, 2.666852765287331e-07), (4, 6.370165124280902e-07), (5, 7.221746614050062e-07), (6, 7.714107823630911e-07), (7, 3.770316823192843e-07), (8, 4.5985262886460987e-07), (9, 6.877946816530311e-07), (10, 5.332516366252094e-07), (11, 5.114114856041851e-07), (12, 6.066638889024034e-07), (13, 8.129521233968262e-07), (14, 3.846387244266225e-07), (15, 4.902506134385476e-07), (16, 3.870360103519488e-07), (17, 4.636636674604233e-07), (18, 4.7583162654518674e-07), (19, 6.026728556207672e-07), (20, 7.581001568723877e-07), (21, 8.505999176122714e-07), (22, 7.815500566721312e-07), (23, 4.974450575900846e-07), (24, 5.400927989285265e-07), (25, 7.980135592333681e-07), (26, 4.0802768808134715e-07), (27, 5.476255182657042e-07), (28, 3.5993758729091496e-07), (29, 5.231536874816811e-07), (30, 6.302977340055804e-07), (31, 7.071588470353163e-07), (32, 8.224791940847354e-07), (33, 8.629311878394219e-07), (34, 4.569378404539748e-07), (35, 5.829909355270502e-07), (36, 6.112014148129674e-07), (37, 3.553644774001441e-07), (38, 4.902926775685046e-07), (39, 6.9692657689302e-07), (40, 6.180382001730322e-07), (41, 3.513958688472485e-07), (42, 6.239395133889047e-07), (43, 6.679237571916019e-07), (44, 4.0262611378238944e-07), (45, 8.177541417353495e-07), (46, 6.112646815381595e-07), (47, 7.244099720082886e-07), (48, 6.237584670998331e-07)]