Model Setup for {PATIENT_GROUPS} Trained Network:

NODE Network Architecture Parameters
Input channels=2
Hidden channels=11
Output channels=2

Training hyperparameters
Optimizer=AdamW (
Parameter Group 0
    amsgrad: False
    betas: (0.9, 0.999)
    capturable: False
    differentiable: False
    eps: 1e-08
    foreach: None
    fused: None
    lr: 0.001
    maximize: False
    weight_decay: 1e-06
)Training Iterations=100
Learning rate=0.001
Weight decay=1e-06
Optimizer reset frequency=None

Dropout probability (after initial linear layer before NCDE): 0.0
Training Data Selection Parameters
(If not virtual, the only important params are the groups and whether data was normalized/standardized)
Patient groups=['Control', 'MDD']
Augmentation strategy=Uniform
Noise Magnitude=0.05
Normalized/standardized=StandardizeAll
Number of virtual patients per real patient=100
Label smoothing factor=0
Test Patient Combinations:
Control: (16, 22, 47, 15, 7)
MDD: (36, 10, 39, 14, 18)
Training batch size=5
Training Results:
Runtime=24.618957042694092
Loss over time=[(0, 51.47272872924805), (1, 20.054349899291992), (2, 14.664312362670898), (3, 19.237457275390625), (4, 27.852985382080078), (5, 27.661701202392578), (6, 13.275270462036133), (7, 17.723628997802734), (8, 63.73949432373047), (9, 26.349346160888672), (10, 36.57882308959961), (11, 36.0726432800293), (12, 23.17827033996582), (13, 22.409170150756836), (14, 44.51342010498047), (15, 21.241411209106445), (16, 22.628507614135742), (17, 41.30840301513672), (18, 0.0), (19, 24.067956924438477), (0, 38.73125457763672), (1, 9.523063659667969), (2, 0.0), (3, 19.729082107543945), (4, 19.510387420654297), (5, 19.298601150512695), (6, 16.66193199157715), (7, 16.452102661132812), (8, 18.306459426879883), (9, 8.120209693908691), (10, 23.302616119384766), (11, 17.1069278717041), (12, 29.642297744750977), (13, 14.379400253295898), (14, 15.97123908996582), (15, 20.657529830932617), (16, 15.070257186889648), (17, 10.261816024780273), (18, 14.240534782409668), (19, 30.138704299926758), (0, 23.17431640625), (1, 8.69941234588623), (2, 4.171125411987305), (3, 20.751028060913086), (4, 15.572039604187012), (5, 14.295976638793945), (6, 17.616390228271484), (7, 9.03271484375), (8, 6.9066338539123535), (9, 16.55712890625), (10, 9.502859115600586), (11, 7.798819541931152), (12, 7.543200492858887), (13, 2.8732714653015137), (14, 14.227264404296875), (15, 2.7836549282073975), (16, 5.234086036682129), (17, 3.2990851402282715), (18, 7.702130317687988), (19, 4.468191623687744), (0, 9.69491958618164), (1, 11.985214233398438), (2, 7.135468482971191), (3, 2.408862590789795), (4, 5.554134368896484), (5, 4.7406005859375), (6, 4.519741535186768), (7, 6.298254489898682), (8, 5.0051045417785645), (9, 10.279069900512695), (10, 7.313260555267334), (11, 5.9934186935424805), (12, 6.960766792297363), (13, 6.7144904136657715), (14, 3.860574245452881), (15, 6.3786725997924805), (16, 6.94313907623291), (17, 1.7435013055801392), (18, 4.887441173195839e-05), (19, 3.3416872024536133), (0, 5.667130470275879), (1, 3.201206922531128), (2, 1.6017725467681885), (3, 5.650813579559326), (4, 5.357940673828125), (5, 3.017143964767456), (6, 5.178971290588379), (7, 2.7590434551239014), (8, 1.474921464920044), (9, 2.800520896911621), (10, 3.247899293899536), (11, 4.140196800231934), (12, 3.974616527557373), (13, 5.872738361358643), (14, 4.065343379974365), (15, 4.405524253845215), (16, 3.606748104095459), (17, 2.2919375896453857), (18, 4.7828755378723145), (19, 4.0364227294921875), (0, 2.7305657863616943), (1, 2.488344430923462), (2, 2.4883062839508057), (3, 3.707158327102661), (4, 4.110788345336914), (5, 1.877161979675293), (6, 3.4753870964050293), (7, 4.329195976257324), (8, 2.067103147506714), (9, 1.9886014461517334), (10, 2.0463643074035645), (11, 1.779801368713379), (12, 4.729125022888184), (13, 3.5502161979675293), (14, 3.5490593910217285), (15, 2.5531818866729736), (16, 0.028327856212854385), (17, 1.7155420780181885), (18, 1.2051305770874023), (19, 1.4604099988937378), (0, 2.8533453941345215), (1, 1.5645661354064941), (2, 2.1126201152801514), (3, 1.3285373449325562), (4, 1.3183553218841553), (5, 1.3489727973937988), (6, 1.882019281387329), (7, 1.3859877586364746), (8, 1.684711217880249), (9, 1.9504806995391846), (10, 1.5411183834075928), (11, 1.4679763317108154), (12, 0.8942311406135559), (13, 0.7234823107719421), (14, 0.38119521737098694), (15, 1.046681523323059), (16, 0.6235827803611755), (17, 0.7612425684928894), (18, 0.5096128582954407), (19, 0.7163448929786682), (0, 0.7770867347717285), (1, 0.5144280195236206), (2, 0.8129348754882812), (3, 0.5810157656669617), (4, 0.8755305409431458), (5, 0.5764356851577759), (6, 0.6442528367042542), (7, 1.0834327936172485), (8, 0.9017082452774048), (9, 0.6043577194213867), (10, 0.3992673456668854), (11, 0.8223949670791626), (12, 0.7814697623252869), (13, 0.8421988487243652), (14, 1.1198633909225464), (15, 0.6346423029899597), (16, 0.6556968688964844), (17, 1.045837163925171), (18, 1.0393917560577393), (19, 0.628545343875885), (0, 1.0556275844573975), (1, 0.7650774717330933), (2, 0.8089990615844727), (3, 0.8467274904251099), (4, 0.5498552322387695), (5, 0.9177231788635254), (6, 0.6568286418914795), (7, 0.6182506084442139), (8, 0.8535369634628296), (9, 0.7843655347824097), (10, 0.594709575176239), (11, 0.5753961801528931), (12, 0.730063259601593), (13, 1.370120644569397), (14, 0.7398958802223206), (15, 0.45622068643569946), (16, 0.6910834908485413), (17, 0.7246336340904236), (18, 0.6486738920211792), (19, 0.6673381924629211), (0, 0.6028889417648315), (1, 0.5188726186752319), (2, 1.0242748260498047), (3, 0.6460520625114441), (4, 0.831571102142334), (5, 0.4103303551673889), (6, 0.4522658884525299), (7, 0.7931039333343506), (8, 0.7161757946014404), (9, 0.889748215675354), (10, 0.7911134362220764), (11, 0.9672113656997681), (12, 0.8825420141220093), (13, 1.2356500625610352), (14, 0.6039916276931763), (15, 0.6319109201431274), (16, 0.6050990223884583), (17, 0.7124781012535095), (18, 0.6844576597213745), (19, 0.7037225365638733), (0, 0.7115921974182129), (1, 0.6718862652778625), (2, 0.8814789652824402), (3, 0.6036244630813599), (4, 0.888217568397522), (5, 0.9922757148742676), (6, 0.8230868577957153), (7, 0.49662941694259644), (8, 0.7848571538925171), (9, 0.8386610746383667), (10, 0.7012554407119751), (11, 0.6086100339889526), (12, 0.49541378021240234), (13, 0.7346275448799133), (14, 0.5198127627372742), (15, 0.6153432130813599), (16, 0.6646558046340942), (17, 0.8446334004402161), (18, 0.8186084032058716), (19, 1.0579808950424194), (0, 0.7769545316696167), (1, 0.63676917552948), (2, 0.6292983889579773), (3, 0.9724124670028687), (4, 0.8927682042121887), (5, 0.5176618099212646), (6, 0.7940179705619812), (7, 0.5927485227584839), (8, 0.6450750827789307), (9, 0.7053860425949097), (10, 0.48737937211990356), (11, 0.7325626611709595), (12, 0.40712088346481323), (13, 0.9128894805908203), (14, 0.7655752301216125), (15, 0.7431937456130981), (16, 0.8673657178878784), (17, 1.034684181213379), (18, 0.8104789853096008), (19, 0.4920540153980255), (0, 0.8366115689277649), (1, 1.0162537097930908), (2, 0.7829166650772095), (3, 0.5052984952926636), (4, 0.8519496917724609), (5, 0.43013519048690796), (6, 0.7175003886222839), (7, 0.6864903569221497), (8, 0.589270830154419), (9, 1.0962717533111572), (10, 0.6206798553466797), (11, 0.5568239092826843), (12, 0.8741247057914734), (13, 0.6765791773796082), (14, 0.8637866973876953), (15, 0.5943686962127686), (16, 0.705867350101471), (17, 0.6119192838668823), (18, 0.7088963389396667), (19, 0.5760964751243591), (0, 0.5192431807518005), (1, 0.45085567235946655), (2, 0.6180742979049683), (3, 0.5818788409233093), (4, 0.5417917966842651), (5, 0.721776008605957), (6, 0.6379729509353638), (7, 0.6711387634277344), (8, 0.9827076196670532), (9, 0.6387737989425659), (10, 0.6798269748687744), (11, 0.6833721399307251), (12, 0.7117661237716675), (13, 0.6677071452140808), (14, 1.0959631204605103), (15, 0.9061731100082397), (16, 0.8293558955192566), (17, 0.9041569828987122), (18, 0.7228201627731323), (19, 0.7657181620597839), (0, 0.6848233342170715), (1, 0.6913019418716431), (2, 0.6481930017471313), (3, 0.8897779583930969), (4, 0.5761240720748901), (5, 0.5146522521972656), (6, 0.4577118456363678), (7, 0.8037517666816711), (8, 0.5907887816429138), (9, 0.6761091351509094), (10, 1.0131398439407349), (11, 0.77543044090271), (12, 0.6445209383964539), (13, 0.9793461561203003), (14, 0.5911921262741089), (15, 0.7794816493988037), (16, 0.8585325479507446), (17, 0.6662564277648926), (18, 0.6112030744552612), (19, 0.7406937479972839), (0, 0.5134249925613403), (1, 0.7845838069915771), (2, 0.6407678127288818), (3, 0.7445403933525085), (4, 0.7273958921432495), (5, 0.5721175074577332), (6, 0.5483914613723755), (7, 0.8090883493423462), (8, 0.7671014070510864), (9, 0.9353494644165039), (10, 0.6380144953727722), (11, 0.7213696241378784), (12, 0.6992815732955933), (13, 0.6511224508285522), (14, 0.9570210576057434), (15, 0.6021870970726013), (16, 0.7374123930931091), (17, 0.5970443487167358), (18, 0.7489736080169678), (19, 0.8341493606567383), (0, 0.7455941438674927), (1, 0.7627358436584473), (2, 0.5918518900871277), (3, 0.6041441559791565), (4, 0.7970391511917114), (5, 0.690872073173523), (6, 0.6757498979568481), (7, 0.6907306909561157), (8, 0.5105122923851013), (9, 0.9256271123886108), (10, 0.9162634015083313), (11, 0.6584007740020752), (12, 0.8235486149787903), (13, 0.5848559141159058), (14, 0.7682738304138184), (15, 0.4976334571838379), (16, 0.7722197771072388), (17, 0.6315947771072388), (18, 0.7801621556282043), (19, 0.6212572455406189), (0, 0.5558003187179565), (1, 0.6880521178245544), (2, 0.5498522520065308), (3, 0.6868129968643188), (4, 0.8085740208625793), (5, 0.813071608543396), (6, 0.7272502183914185), (7, 0.6548455357551575), (8, 0.7069719433784485), (9, 0.5111969113349915), (10, 0.5160216093063354), (11, 0.8065816164016724), (12, 0.6448304057121277), (13, 1.028434157371521), (14, 0.6327196359634399), (15, 0.7426870465278625), (16, 0.6063291430473328), (17, 0.7613881826400757), (18, 0.7567823529243469), (19, 0.7804868221282959), (0, 0.6507226228713989), (1, 0.7858908176422119), (2, 0.8763203620910645), (3, 0.5126120448112488), (4, 0.5060304999351501), (5, 0.5732965469360352), (6, 0.7025520205497742), (7, 0.795482337474823), (8, 0.8241180181503296), (9, 0.813622772693634), (10, 0.5121306777000427), (11, 0.891640841960907), (12, 0.6417907476425171), (13, 0.7339450120925903), (14, 0.6694780588150024), (15, 0.7214012145996094), (16, 0.8085289001464844), (17, 0.7852851748466492), (18, 0.6695414781570435), (19, 0.3434792459011078), (0, 0.6590161919593811), (1, 0.8510068655014038), (2, 0.6560062170028687), (3, 0.5206927061080933), (4, 0.7493292689323425), (5, 0.6484602093696594), (6, 0.5762872099876404), (7, 0.794527530670166), (8, 0.8971652984619141), (9, 0.6188440322875977), (10, 0.8018511533737183), (11, 0.6433430910110474), (12, 0.6985865831375122), (13, 0.7709797620773315), (14, 0.7407039403915405), (15, 0.808192253112793), (16, 0.5486136674880981), (17, 0.5974429845809937), (18, 0.637905478477478), (19, 0.7959310412406921), (0, 0.7238807678222656), (1, 0.6464313268661499), (2, 0.6709305047988892), (3, 0.5851151347160339), (4, 0.6571670174598694), (5, 0.652289092540741), (6, 0.6850886940956116), (7, 0.6414216756820679), (8, 0.7027897834777832), (9, 0.6928634643554688), (10, 0.6433063745498657), (11, 0.8678138852119446), (12, 0.8198428153991699), (13, 0.6871439218521118), (14, 0.6371545195579529), (15, 0.8438084721565247), (16, 0.632287323474884), (17, 0.8768418431282043), (18, 0.5919100046157837), (19, 0.6917029023170471), (0, 0.7005660533905029), (1, 0.6270245313644409), (2, 0.691796600818634), (3, 0.6021817326545715), (4, 0.6441521048545837), (5, 0.7917400598526001), (6, 0.5208102464675903), (7, 0.7396562099456787), (8, 0.6760646104812622), (9, 0.6434279084205627), (10, 0.5957170724868774), (11, 0.5838176012039185), (12, 0.7412476539611816), (13, 0.7618693709373474), (14, 0.5971727967262268), (15, 0.818487823009491), (16, 1.0594185590744019), (17, 0.7204378247261047), (18, 0.6313138008117676), (19, 0.7382022738456726), (0, 0.6390472054481506), (1, 0.8091973066329956), (2, 0.7677948474884033), (3, 0.9312288165092468), (4, 0.5653605461120605), (5, 0.7470680475234985), (6, 0.78243088722229), (7, 0.6471225023269653), (8, 0.5560568571090698), (9, 0.6759259700775146), (10, 0.7070854306221008), (11, 0.6733644008636475), (12, 0.6529837250709534), (13, 0.5985366106033325), (14, 0.777071475982666), (15, 0.589957058429718), (16, 0.6724048852920532), (17, 0.5962697863578796), (18, 0.8237786293029785), (19, 0.6684718132019043), (0, 0.4831921458244324), (1, 0.8807737231254578), (2, 0.8283149600028992), (3, 0.5837613940238953), (4, 0.5392613410949707), (5, 0.6581659317016602), (6, 0.8339923024177551), (7, 0.7321809530258179), (8, 0.8452385067939758), (9, 0.6414351463317871), (10, 0.6888865828514099), (11, 0.8061314821243286), (12, 0.6653212904930115), (13, 0.7054603099822998), (14, 0.6148802042007446), (15, 0.6378213167190552), (16, 0.6552131772041321), (17, 0.5987959504127502), (18, 0.6728814244270325), (19, 0.6799835562705994), (0, 0.7882487177848816), (1, 0.7902545928955078), (2, 0.7527617812156677), (3, 0.676612138748169), (4, 0.8007014393806458), (5, 0.8961895704269409), (6, 0.6465694308280945), (7, 0.6130348443984985), (8, 0.5987130999565125), (9, 0.7909553647041321), (10, 0.6811503171920776), (11, 0.7001644372940063), (12, 0.7563351988792419), (13, 0.6591383218765259), (14, 0.5653508305549622), (15, 0.6262528300285339), (16, 0.6092883348464966), (17, 0.6473191976547241), (18, 0.5397853255271912), (19, 0.6929711699485779), (0, 0.6740795373916626), (1, 1.0877037048339844), (2, 0.686056911945343), (3, 0.5241484045982361), (4, 0.4965139329433441), (5, 0.6462126970291138), (6, 0.7027784585952759), (7, 0.7047006487846375), (8, 0.7372756600379944), (9, 0.7104342579841614), (10, 0.765574038028717), (11, 0.671265721321106), (12, 0.7031252384185791), (13, 0.8795455098152161), (14, 0.708969235420227), (15, 0.623681902885437), (16, 0.4297730326652527), (17, 0.7300140261650085), (18, 0.7563222050666809), (19, 0.4654001295566559), (0, 0.703529953956604), (1, 0.7123128175735474), (2, 0.6332964897155762), (3, 0.6967710256576538), (4, 0.7090445756912231), (5, 0.4595654010772705), (6, 0.975477397441864), (7, 0.7510416507720947), (8, 0.585027813911438), (9, 0.7310656309127808), (10, 0.5372039675712585), (11, 0.6753141283988953), (12, 0.7422993779182434), (13, 0.7367450594902039), (14, 0.7018357515335083), (15, 0.7125710248947144), (16, 0.6443286538124084), (17, 0.7698162794113159), (18, 0.6796134114265442), (19, 0.680969774723053), (0, 0.7448624968528748), (1, 0.6029683351516724), (2, 0.49428948760032654), (3, 0.7479730844497681), (4, 0.7684085965156555), (5, 0.6823128461837769), (6, 0.5675830841064453), (7, 0.8544309735298157), (8, 0.6934515237808228), (9, 0.9091761708259583), (10, 0.6770681142807007), (11, 0.6662696599960327), (12, 0.5673806071281433), (13, 0.6214710474014282), (14, 0.6965867280960083), (15, 0.8198760151863098), (16, 0.7475529313087463), (17, 0.6674591302871704), (18, 0.7066413760185242), (19, 0.5533198118209839), (0, 0.6668733358383179), (1, 0.7108954191207886), (2, 0.6922069787979126), (3, 0.689877450466156), (4, 0.617033839225769), (5, 0.6553658246994019), (6, 0.971993088722229), (7, 0.6847463250160217), (8, 0.7022219300270081), (9, 0.7556899785995483), (10, 0.6450400948524475), (11, 0.6727042198181152), (12, 0.6734043955802917), (13, 0.7566113471984863), (14, 0.6800276637077332), (15, 0.5323290824890137), (16, 0.6207550764083862), (17, 0.6818410754203796), (18, 0.7264900207519531), (19, 0.6727268099784851), (0, 0.7344467043876648), (1, 0.6944597959518433), (2, 0.6092813611030579), (3, 0.7052198648452759), (4, 0.6240149140357971), (5, 0.628572940826416), (6, 0.48994922637939453), (7, 0.4832480549812317), (8, 0.5966770648956299), (9, 0.6781265735626221), (10, 0.654179573059082), (11, 0.8187497854232788), (12, 1.0280201435089111), (13, 0.9595339894294739), (14, 0.6638699769973755), (15, 0.6872532963752747), (16, 0.700448215007782), (17, 0.8144640922546387), (18, 0.7884771227836609), (19, 0.7942306995391846), (0, 0.5938024520874023), (1, 0.6664837598800659), (2, 0.634186863899231), (3, 0.6828124523162842), (4, 0.6989379525184631), (5, 0.7757514715194702), (6, 0.6549089550971985), (7, 0.664659857749939), (8, 0.7933480739593506), (9, 0.591133713722229), (10, 0.6900619268417358), (11, 0.8364095687866211), (12, 0.7728587985038757), (13, 0.8536845445632935), (14, 0.5567969083786011), (15, 0.513010561466217), (16, 0.5302070379257202), (17, 0.9240070581436157), (18, 0.7260341048240662), (19, 0.7056686878204346), (0, 0.767259418964386), (1, 0.5210001468658447), (2, 0.644109308719635), (3, 0.6340001821517944), (4, 0.6498819589614868), (5, 0.7048652768135071), (6, 0.7325911521911621), (7, 0.5978935360908508), (8, 0.7044134140014648), (9, 0.7335227131843567), (10, 0.7767136693000793), (11, 0.5718687772750854), (12, 0.6463796496391296), (13, 0.7033237218856812), (14, 0.9336196184158325), (15, 0.7370081543922424), (16, 0.6077951192855835), (17, 0.8042875528335571), (18, 0.6699941754341125), (19, 0.6738348007202148), (0, 0.6240774393081665), (1, 0.7802751660346985), (2, 0.7137558460235596), (3, 0.7485660910606384), (4, 0.592907726764679), (5, 0.7759745121002197), (6, 0.49725341796875), (7, 0.725665271282196), (8, 0.673763632774353), (9, 0.796432614326477), (10, 0.6573772430419922), (11, 0.9258776903152466), (12, 0.5021912455558777), (13, 0.7306224703788757), (14, 0.6464850902557373), (15, 0.6809275150299072), (16, 0.6352928876876831), (17, 0.7417680621147156), (18, 0.629248857498169), (19, 0.7538419365882874), (0, 0.7185333371162415), (1, 0.6504427194595337), (2, 0.5611786246299744), (3, 0.7589048147201538), (4, 0.6883236765861511), (5, 0.8478813171386719), (6, 0.808160126209259), (7, 0.7086631655693054), (8, 0.5931277871131897), (9, 0.6312066316604614), (10, 0.651687502861023), (11, 0.7019117474555969), (12, 0.9300451278686523), (13, 0.5829957723617554), (14, 0.7130082845687866), (15, 0.6245802640914917), (16, 0.6932694315910339), (17, 0.6890882253646851), (18, 0.5949212312698364), (19, 0.6483193635940552), (0, 0.689937949180603), (1, 0.5543392896652222), (2, 0.6861587762832642), (3, 0.7515624761581421), (4, 0.6718910336494446), (5, 0.7928204536437988), (6, 0.726970911026001), (7, 0.9036427736282349), (8, 0.6639533042907715), (9, 0.6914629936218262), (10, 0.5539283752441406), (11, 0.7042140364646912), (12, 0.6590493321418762), (13, 0.7091757655143738), (14, 0.7460625767707825), (15, 0.7686718702316284), (16, 0.7820888757705688), (17, 0.5346626043319702), (18, 0.5072652697563171), (19, 0.7712389826774597), (0, 0.6668609380722046), (1, 0.4803447723388672), (2, 0.7794238924980164), (3, 0.8106467127799988), (4, 0.6304510831832886), (5, 0.6750758290290833), (6, 0.6611064076423645), (7, 0.7272279262542725), (8, 0.7895513772964478), (9, 0.6076885461807251), (10, 0.6888086199760437), (11, 0.6479182839393616), (12, 0.7827247381210327), (13, 0.6637527942657471), (14, 0.6957678198814392), (15, 0.7012760639190674), (16, 0.9166108965873718), (17, 0.5646886825561523), (18, 0.5712200403213501), (19, 0.882009744644165), (0, 0.716995358467102), (1, 0.6848478317260742), (2, 0.7235866189002991), (3, 0.6944137811660767), (4, 0.8195105791091919), (5, 0.7556910514831543), (6, 0.6957604289054871), (7, 0.6477267146110535), (8, 0.6967027187347412), (9, 0.7021466493606567), (10, 0.655504047870636), (11, 0.7857982516288757), (12, 0.6214690208435059), (13, 0.7613167762756348), (14, 0.5078991651535034), (15, 0.5921275019645691), (16, 0.5950945615768433), (17, 0.7633296251296997), (18, 0.7065784931182861), (19, 0.6271366477012634), (0, 0.7072673439979553), (1, 0.6279447674751282), (2, 0.7990084886550903), (3, 0.5101844668388367), (4, 0.7128785848617554), (5, 0.657512903213501), (6, 0.6836553812026978), (7, 0.9086771011352539), (8, 0.7048777341842651), (9, 0.7178555727005005), (10, 0.7332480549812317), (11, 0.7077058553695679), (12, 0.6149548292160034), (13, 0.5857565999031067), (14, 0.7520180344581604), (15, 0.7884688377380371), (16, 0.6636484861373901), (17, 0.5433062314987183), (18, 0.7008491158485413), (19, 0.7361635565757751), (0, 0.7535743713378906), (1, 0.4909995198249817), (2, 0.6460044384002686), (3, 0.6366614699363708), (4, 0.8673638105392456), (5, 0.6267971992492676), (6, 0.6697708964347839), (7, 0.727887749671936), (8, 0.8302218317985535), (9, 0.6864738464355469), (10, 0.8070489764213562), (11, 0.6661152839660645), (12, 0.7347628474235535), (13, 0.6738542318344116), (14, 0.6473219394683838), (15, 0.5651086568832397), (16, 0.6799609661102295), (17, 0.6754518747329712), (18, 0.6601573824882507), (19, 0.8834081292152405), (0, 0.6994868516921997), (1, 0.8515785932540894), (2, 0.6610094904899597), (3, 0.6647912859916687), (4, 0.6469912528991699), (5, 0.8173382878303528), (6, 0.7473982572555542), (7, 0.7192672491073608), (8, 0.731206476688385), (9, 1.002227783203125), (10, 0.5895043611526489), (11, 0.5929357409477234), (12, 0.5852295756340027), (13, 0.6263670921325684), (14, 0.6217488050460815), (15, 0.7457297444343567), (16, 0.7039302587509155), (17, 0.6550246477127075), (18, 0.5799555778503418), (19, 0.6266366839408875), (0, 0.6184954047203064), (1, 0.6774501800537109), (2, 0.7450031042098999), (3, 0.7480828166007996), (4, 0.6729938387870789), (5, 0.6907424330711365), (6, 0.6495010256767273), (7, 0.545711874961853), (8, 0.8617228269577026), (9, 0.6158765554428101), (10, 0.6402115225791931), (11, 0.7109915018081665), (12, 0.7745155096054077), (13, 0.6587692499160767), (14, 0.6058632731437683), (15, 0.6662041544914246), (16, 0.7902796268463135), (17, 0.6884492039680481), (18, 0.817483127117157), (19, 0.6565950512886047), (0, 0.6802817583084106), (1, 0.831261157989502), (2, 0.612985372543335), (3, 0.8697570562362671), (4, 0.6597034335136414), (5, 0.7370003461837769), (6, 0.6793637275695801), (7, 0.7015315890312195), (8, 0.7243629097938538), (9, 0.6069921255111694), (10, 0.7143508195877075), (11, 0.617937445640564), (12, 0.7520999908447266), (13, 0.6460245847702026), (14, 0.7265928983688354), (15, 0.5803424715995789), (16, 0.6507072448730469), (17, 0.6044440865516663), (18, 0.7091430425643921), (19, 0.6570767760276794), (0, 0.6688723564147949), (1, 0.7251093983650208), (2, 0.4836677610874176), (3, 0.6849479675292969), (4, 0.7759048342704773), (5, 0.6311933994293213), (6, 0.7665185332298279), (7, 0.7226395606994629), (8, 0.6101030707359314), (9, 0.5058099031448364), (10, 0.6980220079421997), (11, 0.6998773813247681), (12, 0.7638777494430542), (13, 0.6009745597839355), (14, 0.8751330375671387), (15, 0.6466683149337769), (16, 0.7519630789756775), (17, 0.716645359992981), (18, 0.8089271783828735), (19, 0.824817955493927), (0, 0.8057297468185425), (1, 0.533785343170166), (2, 0.671890377998352), (3, 0.7413470149040222), (4, 0.5833842158317566), (5, 0.6911767721176147), (6, 0.6882205009460449), (7, 0.74376380443573), (8, 0.6958640813827515), (9, 0.6751296520233154), (10, 0.6188296675682068), (11, 0.7167328000068665), (12, 0.6525917053222656), (13, 0.8686295747756958), (14, 0.8667205572128296), (15, 0.6835862398147583), (16, 0.6489512920379639), (17, 0.628791093826294), (18, 0.7135142087936401), (19, 0.6051301956176758), (0, 0.683111310005188), (1, 0.6825448274612427), (2, 0.5818354487419128), (3, 0.7089807391166687), (4, 0.7176100611686707), (5, 0.633222758769989), (6, 0.785002589225769), (7, 0.6291996240615845), (8, 0.5261890292167664), (9, 0.6410499811172485), (10, 0.6178871393203735), (11, 0.7415472269058228), (12, 0.7038381695747375), (13, 0.6780646443367004), (14, 0.907699704170227), (15, 0.7509507536888123), (16, 0.7713190317153931), (17, 0.6265354752540588), (18, 0.8039340972900391), (19, 0.5507561564445496), (0, 0.7677062153816223), (1, 0.5819512009620667), (2, 0.7637441158294678), (3, 0.9292236566543579), (4, 0.6569205522537231), (5, 0.6298044919967651), (6, 0.6072392463684082), (7, 0.700616180896759), (8, 0.7236778736114502), (9, 0.6232123970985413), (10, 0.49896177649497986), (11, 0.6549090147018433), (12, 0.7797772288322449), (13, 0.7066121101379395), (14, 0.7412158250808716), (15, 0.6387523412704468), (16, 0.7579982876777649), (17, 0.6687464118003845), (18, 0.7350467443466187), (19, 0.6412106156349182), (0, 0.6135528683662415), (1, 0.7708573341369629), (2, 0.9091399908065796), (3, 0.6816374063491821), (4, 0.7068031430244446), (5, 0.6728888154029846), (6, 0.5997028946876526), (7, 0.7150225639343262), (8, 0.6219397187232971), (9, 0.760631799697876), (10, 0.5853420495986938), (11, 0.7109857797622681), (12, 0.9612784385681152), (13, 0.6718287467956543), (14, 0.5948600769042969), (15, 0.5591715574264526), (16, 0.6940568089485168), (17, 0.6239244341850281), (18, 0.7525066137313843), (19, 0.4792730510234833), (0, 0.681896984577179), (1, 0.7684323787689209), (2, 0.6882659196853638), (3, 0.583742618560791), (4, 0.7582902908325195), (5, 0.8087455630302429), (6, 0.8830920457839966), (7, 0.6501506567001343), (8, 0.7437065839767456), (9, 0.4595649242401123), (10, 0.6126242876052856), (11, 0.528285562992096), (12, 0.6613405346870422), (13, 0.6264192461967468), (14, 0.8026828765869141), (15, 0.6938456296920776), (16, 0.709018349647522), (17, 0.7608520984649658), (18, 0.8133537173271179), (19, 0.6625624299049377), (0, 0.758845329284668), (1, 0.6230184435844421), (2, 0.6013600826263428), (3, 0.7402833104133606), (4, 0.7522977590560913), (5, 0.7203758358955383), (6, 0.6976494193077087), (7, 0.8263219594955444), (8, 0.7254197597503662), (9, 0.7214131355285645), (10, 0.6942221522331238), (11, 0.6787134408950806), (12, 0.8967930674552917), (13, 0.6316658854484558), (14, 0.5372539162635803), (15, 0.6244943737983704), (16, 0.6419508457183838), (17, 0.7170861959457397), (18, 0.5513443946838379), (19, 0.6473520398139954), (0, 0.6183985471725464), (1, 0.5610412359237671), (2, 0.6947175860404968), (3, 0.6746581792831421), (4, 0.6602703928947449), (5, 0.89729243516922), (6, 0.5646075010299683), (7, 0.6038399338722229), (8, 0.7073981165885925), (9, 0.7051661610603333), (10, 0.8920192718505859), (11, 0.6408680081367493), (12, 0.7471063137054443), (13, 0.7375857830047607), (14, 0.7378146648406982), (15, 0.9010754823684692), (16, 0.5982192158699036), (17, 0.6344626545906067), (18, 0.678613007068634), (19, 0.5197476744651794), (0, 0.4584794044494629), (1, 0.7520712614059448), (2, 0.7043782472610474), (3, 0.605623722076416), (4, 0.7071687579154968), (5, 0.7800235748291016), (6, 0.5928729772567749), (7, 0.7228823900222778), (8, 0.7504627704620361), (9, 0.7031241655349731), (10, 0.600072979927063), (11, 0.7753152847290039), (12, 0.7212597727775574), (13, 0.690538763999939), (14, 0.6996161937713623), (15, 0.7103782892227173), (16, 0.6702466607093811), (17, 0.6780046224594116), (18, 0.6421553492546082), (19, 1.0456756353378296), (0, 0.7210827469825745), (1, 0.4939378798007965), (2, 0.7042171359062195), (3, 0.6021060943603516), (4, 0.7640526294708252), (5, 0.6603995561599731), (6, 0.676535964012146), (7, 0.5756499171257019), (8, 0.6856451034545898), (9, 0.6291710734367371), (10, 0.7948192954063416), (11, 0.5703097581863403), (12, 0.6899384260177612), (13, 0.6824295520782471), (14, 0.7251793146133423), (15, 0.8620861172676086), (16, 0.7292385101318359), (17, 0.652926504611969), (18, 0.7746753096580505), (19, 0.8698487281799316), (0, 0.6876746416091919), (1, 0.6089394688606262), (2, 0.9096744656562805), (3, 0.7204834818840027), (4, 0.6992665529251099), (5, 0.6049140691757202), (6, 0.6632179617881775), (7, 0.6080106496810913), (8, 0.7016792893409729), (9, 0.7052111625671387), (10, 0.8130685091018677), (11, 0.5732086896896362), (12, 0.7692130208015442), (13, 0.7621561288833618), (14, 0.7688891291618347), (15, 0.7759007215499878), (16, 0.8711287379264832), (17, 0.6697171330451965), (18, 0.6510036587715149), (19, 0.6898338198661804), (0, 0.728258490562439), (1, 0.695356547832489), (2, 0.7017275094985962), (3, 0.6263585686683655), (4, 0.6478637456893921), (5, 0.7147430181503296), (6, 0.7733345627784729), (7, 0.6297210454940796), (8, 0.6287419199943542), (9, 0.6554232835769653), (10, 0.6410835981369019), (11, 0.7613204121589661), (12, 0.672238826751709), (13, 0.6817808747291565), (14, 0.5060787796974182), (15, 0.5756555795669556), (16, 0.6510503888130188), (17, 1.063704252243042), (18, 0.7824117541313171), (19, 0.7890036702156067), (0, 0.6963977217674255), (1, 0.8128675222396851), (2, 0.6250380277633667), (3, 0.873855710029602), (4, 0.5877896547317505), (5, 0.9281247854232788), (6, 0.8079236149787903), (7, 0.5185544490814209), (8, 0.5885603427886963), (9, 0.6212612390518188), (10, 0.6243640780448914), (11, 0.871724009513855), (12, 0.8399926424026489), (13, 0.5579052567481995), (14, 0.571796178817749), (15, 0.5230851769447327), (16, 0.7579489946365356), (17, 0.7080641984939575), (18, 0.7366561889648438), (19, 0.5898327231407166), (0, 0.7912792563438416), (1, 0.7792825698852539), (2, 0.7522900104522705), (3, 0.5770091414451599), (4, 0.9095734357833862), (5, 0.6779545545578003), (6, 0.7961201071739197), (7, 0.6320854425430298), (8, 0.7753430604934692), (9, 0.6597477197647095), (10, 0.7574433088302612), (11, 0.7068873047828674), (12, 0.6905887722969055), (13, 0.8235907554626465), (14, 0.6280328631401062), (15, 0.46917372941970825), (16, 0.5433789491653442), (17, 0.6221486330032349), (18, 0.656153678894043), (19, 0.6054753661155701), (0, 0.6796250343322754), (1, 0.632051944732666), (2, 0.7321563959121704), (3, 0.8420745730400085), (4, 0.7293452620506287), (5, 0.8372989892959595), (6, 0.7320552468299866), (7, 0.5794669389724731), (8, 0.7031975388526917), (9, 0.647551417350769), (10, 0.3214779794216156), (11, 0.6419720649719238), (12, 0.7388669848442078), (13, 0.6753008961677551), (14, 0.7501307129859924), (15, 0.7831136584281921), (16, 0.7339504361152649), (17, 0.6923080682754517), (18, 0.7093707919120789), (19, 0.6996501088142395), (0, 0.6102575063705444), (1, 0.4731546938419342), (2, 0.6094199419021606), (3, 0.7123143076896667), (4, 0.7428157925605774), (5, 0.7771176695823669), (6, 0.7121723294258118), (7, 0.6622675657272339), (8, 0.9679563641548157), (9, 0.6222720742225647), (10, 0.7256441712379456), (11, 0.7094459533691406), (12, 0.8257161378860474), (13, 0.7123039960861206), (14, 0.502278208732605), (15, 0.6484164595603943), (16, 0.7927542328834534), (17, 0.5968940854072571), (18, 0.7225824594497681), (19, 0.8272194862365723), (0, 0.7169597744941711), (1, 0.6947120428085327), (2, 0.6784822940826416), (3, 0.6331421136856079), (4, 0.7856480479240417), (5, 0.593486487865448), (6, 0.6829086542129517), (7, 0.5982322692871094), (8, 0.650711715221405), (9, 0.7536913156509399), (10, 0.8937246203422546), (11, 0.8171537518501282), (12, 0.7028518915176392), (13, 0.6845471858978271), (14, 0.6036495566368103), (15, 0.7259378433227539), (16, 0.6216006875038147), (17, 0.5811107158660889), (18, 0.5971664190292358), (19, 0.9269590973854065), (0, 0.7393415570259094), (1, 0.699402391910553), (2, 0.775617778301239), (3, 0.6087413430213928), (4, 0.5323945879936218), (5, 0.7190337181091309), (6, 0.6947799921035767), (7, 0.5528255701065063), (8, 0.5989428162574768), (9, 0.7307466268539429), (10, 0.6308014988899231), (11, 0.8516969680786133), (12, 0.6670735478401184), (13, 0.6224234104156494), (14, 0.79747074842453), (15, 0.7101813554763794), (16, 0.8462318181991577), (17, 0.7991803884506226), (18, 0.6869767904281616), (19, 0.5634808540344238), (0, 0.5240452885627747), (1, 0.5949598550796509), (2, 0.7379836440086365), (3, 0.552498459815979), (4, 0.7033706903457642), (5, 0.7368103861808777), (6, 0.6873243451118469), (7, 0.6506069898605347), (8, 0.6439223885536194), (9, 0.7565075159072876), (10, 0.554302990436554), (11, 0.6698528528213501), (12, 0.6821646690368652), (13, 0.7912076115608215), (14, 0.7678481340408325), (15, 0.7455758452415466), (16, 0.6195076107978821), (17, 0.7505658864974976), (18, 0.8979989886283875), (19, 0.838776171207428), (0, 0.6819320321083069), (1, 0.6828879117965698), (2, 0.6222290396690369), (3, 0.621219277381897), (4, 0.7145376205444336), (5, 0.5316609144210815), (6, 0.7861313819885254), (7, 0.5930595993995667), (8, 0.7845761775970459), (9, 0.6482844352722168), (10, 0.7682487368583679), (11, 0.7053353190422058), (12, 0.6943687200546265), (13, 0.6804380416870117), (14, 0.9016008377075195), (15, 0.6733072996139526), (16, 0.7215231657028198), (17, 0.5932002663612366), (18, 0.7539588212966919), (19, 0.8621451258659363), (0, 0.5650230646133423), (1, 0.5434320569038391), (2, 0.6132360100746155), (3, 0.6804853677749634), (4, 0.7332040071487427), (5, 0.5971152186393738), (6, 0.737339437007904), (7, 0.7364752292633057), (8, 0.7083179950714111), (9, 0.688048779964447), (10, 0.9320042729377747), (11, 0.6539581418037415), (12, 0.7229236364364624), (13, 0.7859486937522888), (14, 0.7452942132949829), (15, 0.7442118525505066), (16, 0.5869004130363464), (17, 0.6956887245178223), (18, 0.6039108037948608), (19, 0.8021268844604492), (0, 0.7131084203720093), (1, 0.6949009895324707), (2, 0.7495609521865845), (3, 0.721240758895874), (4, 0.7839411497116089), (5, 0.7014403343200684), (6, 0.6845169067382812), (7, 0.7298250198364258), (8, 0.5637468695640564), (9, 0.6982311606407166), (10, 0.741460382938385), (11, 0.6359319090843201), (12, 0.8031346201896667), (13, 0.6125370264053345), (14, 0.6630507707595825), (15, 0.679140031337738), (16, 0.5551421642303467), (17, 0.723192572593689), (18, 0.7165085077285767), (19, 0.6770440936088562), (0, 0.7790988683700562), (1, 0.6193229556083679), (2, 0.7433707118034363), (3, 0.6500324010848999), (4, 0.679740309715271), (5, 0.5821599960327148), (6, 0.711270809173584), (7, 0.801688551902771), (8, 0.7123748660087585), (9, 0.5722271800041199), (10, 0.6583670377731323), (11, 0.6383548378944397), (12, 0.5783233046531677), (13, 0.6829641461372375), (14, 0.6526411771774292), (15, 0.7410290837287903), (16, 0.8130062222480774), (17, 0.5968412756919861), (18, 0.7955562472343445), (19, 0.979306161403656), (0, 0.7235347628593445), (1, 0.8522559404373169), (2, 0.6356273889541626), (3, 0.5747811794281006), (4, 0.7217179536819458), (5, 0.8670899271965027), (6, 0.6624733209609985), (7, 0.6976179480552673), (8, 0.7468168139457703), (9, 0.748256266117096), (10, 0.6066263914108276), (11, 0.7114216089248657), (12, 0.7461460828781128), (13, 0.6382900476455688), (14, 0.582501232624054), (15, 0.8113441467285156), (16, 0.5368426442146301), (17, 0.5810933113098145), (18, 0.7860931158065796), (19, 0.5488566756248474), (0, 0.8628343343734741), (1, 0.7128646969795227), (2, 0.737217903137207), (3, 0.5937374830245972), (4, 0.7252217531204224), (5, 0.6174977421760559), (6, 0.6748455762863159), (7, 0.7363408207893372), (8, 0.8970978856086731), (9, 0.6243589520454407), (10, 0.6377611756324768), (11, 0.5677404999732971), (12, 0.6853755712509155), (13, 0.6579939723014832), (14, 0.548590362071991), (15, 0.6372639536857605), (16, 0.8110135793685913), (17, 0.6716572046279907), (18, 0.7253514528274536), (19, 0.7295582890510559), (0, 0.8991631269454956), (1, 0.737836480140686), (2, 0.7907711267471313), (3, 0.6654956340789795), (4, 0.666553795337677), (5, 0.7056965231895447), (6, 0.5896357297897339), (7, 0.6502171754837036), (8, 0.7494608163833618), (9, 0.6533381938934326), (10, 0.7368820905685425), (11, 0.6608262658119202), (12, 0.5896304845809937), (13, 0.7018769383430481), (14, 0.6746319532394409), (15, 0.7072842717170715), (16, 0.6880384683609009), (17, 0.7771419286727905), (18, 0.5150011777877808), (19, 0.8112120032310486), (0, 0.8778833150863647), (1, 0.7117513418197632), (2, 0.5043699145317078), (3, 0.7453951835632324), (4, 0.6019588112831116), (5, 0.5590299963951111), (6, 0.6828858256340027), (7, 0.7929313778877258), (8, 0.7399373054504395), (9, 0.5911300778388977), (10, 0.7580673098564148), (11, 0.6117879748344421), (12, 0.749474048614502), (13, 0.49804314970970154), (14, 0.5852434039115906), (15, 0.75892174243927), (16, 0.7029381990432739), (17, 0.780335545539856), (18, 0.7687965631484985), (19, 0.831444263458252), (0, 0.6540989875793457), (1, 0.5763934850692749), (2, 0.9827100038528442), (3, 0.7240359783172607), (4, 0.7154079675674438), (5, 0.7087705731391907), (6, 0.7001166343688965), (7, 0.6435090899467468), (8, 0.7343313694000244), (9, 0.6300901174545288), (10, 0.6303593516349792), (11, 0.7273153066635132), (12, 0.7550103664398193), (13, 0.6017113327980042), (14, 0.7199231386184692), (15, 0.5672338008880615), (16, 0.6444295048713684), (17, 0.6662079095840454), (18, 0.8607862591743469), (19, 0.6931836009025574), (0, 0.614282488822937), (1, 0.7949810028076172), (2, 0.6392248272895813), (3, 0.7599932551383972), (4, 0.7042799592018127), (5, 0.534070611000061), (6, 0.8323820233345032), (7, 0.6952915191650391), (8, 0.5897423028945923), (9, 0.8875130414962769), (10, 0.546413004398346), (11, 0.5543193221092224), (12, 0.6973252296447754), (13, 0.6986269950866699), (14, 0.6865533590316772), (15, 0.6779077053070068), (16, 0.7515535354614258), (17, 0.6731573343276978), (18, 0.7179564237594604), (19, 0.7739176750183105), (0, 0.675468921661377), (1, 0.7480071187019348), (2, 0.6165820956230164), (3, 0.7908043265342712), (4, 0.7110123634338379), (5, 0.7876310348510742), (6, 0.6755276322364807), (7, 0.8204030990600586), (8, 0.48209238052368164), (9, 0.7525980472564697), (10, 0.7403642535209656), (11, 0.6259419918060303), (12, 0.6267917156219482), (13, 0.6613309979438782), (14, 0.7635756134986877), (15, 0.7293056845664978), (16, 0.5720314979553223), (17, 0.6867351531982422), (18, 0.6641795635223389), (19, 0.6632015705108643), (0, 0.7316858172416687), (1, 0.724960446357727), (2, 0.6057448387145996), (3, 0.6515915989875793), (4, 0.6716223955154419), (5, 0.6162028312683105), (6, 0.7695342898368835), (7, 0.7445306181907654), (8, 0.6662541627883911), (9, 0.7590690851211548), (10, 0.8709295988082886), (11, 0.808746337890625), (12, 0.5859278440475464), (13, 0.5329827070236206), (14, 0.6141055822372437), (15, 0.5842876434326172), (16, 0.7235341668128967), (17, 0.7322060465812683), (18, 0.7330847382545471), (19, 0.7923067212104797), (0, 0.6293258666992188), (1, 0.6696110963821411), (2, 0.8388938903808594), (3, 0.5351797342300415), (4, 0.8209668397903442), (5, 0.6387421488761902), (6, 0.6444863080978394), (7, 0.7430174946784973), (8, 0.7301269769668579), (9, 0.7072964906692505), (10, 0.4698716998100281), (11, 0.7526138424873352), (12, 0.6952124834060669), (13, 0.6940053701400757), (14, 0.6660693883895874), (15, 0.7806294560432434), (16, 0.66801518201828), (17, 0.6672126054763794), (18, 0.7801482677459717), (19, 0.7688164114952087), (0, 0.615009605884552), (1, 0.587561845779419), (2, 0.6939588785171509), (3, 0.6446636319160461), (4, 0.6043967008590698), (5, 0.6953381299972534), (6, 0.6837117075920105), (7, 0.9265702962875366), (8, 0.5989493131637573), (9, 0.8282930254936218), (10, 0.6270748376846313), (11, 0.7346072793006897), (12, 0.6764737963676453), (13, 0.7717958688735962), (14, 0.7034633755683899), (15, 0.7209162712097168), (16, 0.6878763437271118), (17, 0.5094072818756104), (18, 0.7217958569526672), (19, 0.7521656155586243), (0, 0.7832702398300171), (1, 0.7687746286392212), (2, 0.6897537112236023), (3, 0.758217453956604), (4, 0.8025590777397156), (5, 0.7157301902770996), (6, 0.6651837229728699), (7, 0.755515456199646), (8, 0.5154250264167786), (9, 0.6038156747817993), (10, 0.6738659739494324), (11, 0.7172197103500366), (12, 0.5807468295097351), (13, 0.8905525207519531), (14, 0.7204321026802063), (15, 0.7455332279205322), (16, 0.6435791850090027), (17, 0.6205233335494995), (18, 0.6677035689353943), (19, 0.5790979266166687), (0, 0.6244304776191711), (1, 0.6900021433830261), (2, 0.8794371485710144), (3, 0.5948755145072937), (4, 0.6814075112342834), (5, 0.6599524617195129), (6, 0.625436007976532), (7, 0.5823189616203308), (8, 0.758971095085144), (9, 0.6564590334892273), (10, 0.663456916809082), (11, 0.6332244277000427), (12, 0.6869950890541077), (13, 1.0981930494308472), (14, 0.5673415064811707), (15, 0.7275396585464478), (16, 0.7360407114028931), (17, 0.5782037973403931), (18, 0.6712568998336792), (19, 0.7968029379844666), (0, 0.7235163450241089), (1, 0.7783875465393066), (2, 0.5176080465316772), (3, 0.6450129747390747), (4, 0.6225131750106812), (5, 0.6840861439704895), (6, 0.8888386487960815), (7, 0.706485390663147), (8, 0.6310820579528809), (9, 0.8278471231460571), (10, 0.7287269830703735), (11, 0.7648769617080688), (12, 0.7215133905410767), (13, 0.7104644775390625), (14, 0.6335424184799194), (15, 0.6563135981559753), (16, 0.8083734512329102), (17, 0.5868919491767883), (18, 0.7023665308952332), (19, 0.42242980003356934), (0, 0.6832416653633118), (1, 0.7000535726547241), (2, 0.6225380301475525), (3, 0.7088237404823303), (4, 0.5726929903030396), (5, 0.5566132068634033), (6, 0.6249879598617554), (7, 0.6389228105545044), (8, 0.8050073385238647), (9, 0.7136646509170532), (10, 0.7999845743179321), (11, 0.7002737522125244), (12, 0.7148146033287048), (13, 0.5862683057785034), (14, 0.6246975064277649), (15, 0.938305675983429), (16, 0.7582018375396729), (17, 0.6863528490066528), (18, 0.7625241279602051), (19, 0.4748052656650543), (0, 0.86017906665802), (1, 0.7215961813926697), (2, 0.5949717164039612), (3, 0.6728289723396301), (4, 0.7546253800392151), (5, 0.7096512913703918), (6, 0.6679860353469849), (7, 0.6794654726982117), (8, 0.5223105549812317), (9, 0.6979488134384155), (10, 0.6358104944229126), (11, 0.6653445363044739), (12, 0.6772812604904175), (13, 0.7095149159431458), (14, 0.6998680830001831), (15, 0.686095118522644), (16, 0.8138704299926758), (17, 0.7612240314483643), (18, 0.5954719185829163), (19, 0.6937293410301208), (0, 0.6782069802284241), (1, 0.7327153086662292), (2, 0.5747169852256775), (3, 0.6766535639762878), (4, 0.6202265620231628), (5, 0.7771040797233582), (6, 0.6855133771896362), (7, 0.7601414918899536), (8, 0.6290143132209778), (9, 0.6002368330955505), (10, 0.7475096583366394), (11, 0.8915719985961914), (12, 0.45051684975624084), (13, 0.8284109830856323), (14, 0.4650419354438782), (15, 0.6806288361549377), (16, 0.6944770812988281), (17, 0.8222599029541016), (18, 0.777145266532898), (19, 0.7889748215675354), (0, 0.57464998960495), (1, 0.5237833261489868), (2, 0.6316665410995483), (3, 0.674634575843811), (4, 0.6562700271606445), (5, 0.6904609203338623), (6, 0.7396547198295593), (7, 0.6631407141685486), (8, 0.653309166431427), (9, 0.5699813961982727), (10, 0.695783793926239), (11, 0.7479114532470703), (12, 0.8074458837509155), (13, 0.6365069150924683), (14, 0.8292400240898132), (15, 0.608014702796936), (16, 0.6670217514038086), (17, 0.7852261066436768), (18, 0.6912997364997864), (19, 1.1100958585739136), (0, 0.7741198539733887), (1, 0.6899594068527222), (2, 0.5567914843559265), (3, 0.6903007626533508), (4, 0.6767722964286804), (5, 0.6360095739364624), (6, 0.7046536207199097), (7, 0.7211019396781921), (8, 0.5978151559829712), (9, 0.668025553226471), (10, 0.8166230320930481), (11, 0.7063028216362), (12, 0.7153169512748718), (13, 0.5674394369125366), (14, 0.6938654184341431), (15, 0.6977791786193848), (16, 0.6748518347740173), (17, 0.6997479200363159), (18, 0.9358762502670288), (19, 0.6069992184638977), (0, 0.6633751392364502), (1, 0.712153434753418), (2, 0.6629619598388672), (3, 0.4032498002052307), (4, 0.7453187704086304), (5, 0.6797279119491577), (6, 0.5603214502334595), (7, 0.9693462252616882), (8, 0.7309615612030029), (9, 0.6006983518600464), (10, 0.55059814453125), (11, 0.6518499255180359), (12, 0.9210895299911499), (13, 0.667365550994873), (14, 0.6118818521499634), (15, 0.7025348544120789), (16, 0.6492637395858765), (17, 0.8601377606391907), (18, 0.6752616167068481), (19, 0.8479158282279968), (0, 0.5668798685073853), (1, 0.8154638409614563), (2, 0.6576744914054871), (3, 0.7608326077461243), (4, 0.613146185874939), (5, 0.7391408085823059), (6, 0.7078109979629517), (7, 0.7705589532852173), (8, 0.7184450030326843), (9, 0.6810532212257385), (10, 0.5418169498443604), (11, 0.6930866241455078), (12, 0.8831197619438171), (13, 0.6191495656967163), (14, 0.7072030305862427), (15, 0.5664823055267334), (16, 0.6190896034240723), (17, 0.7752648591995239), (18, 0.6962376832962036), (19, 0.7719573974609375), (0, 0.6588560342788696), (1, 0.7112226486206055), (2, 0.6177950501441956), (3, 0.6197125315666199), (4, 0.6584793329238892), (5, 0.6804015636444092), (6, 0.8550489544868469), (7, 0.5456691980361938), (8, 0.7002701163291931), (9, 0.8874624967575073), (10, 0.7450608015060425), (11, 0.7531226873397827), (12, 0.7250180840492249), (13, 0.815852165222168), (14, 0.6296716928482056), (15, 0.6703527569770813), (16, 0.6875334978103638), (17, 0.6073924899101257), (18, 0.6253458857536316), (19, 0.6881430745124817), (0, 0.6663314700126648), (1, 0.7623794078826904), (2, 0.5517399907112122), (3, 0.7803046703338623), (4, 0.6426892280578613), (5, 0.6694740056991577), (6, 0.6678787469863892), (7, 0.6560940146446228), (8, 0.7130672335624695), (9, 0.6321074962615967), (10, 0.7529589533805847), (11, 0.5521272420883179), (12, 0.6938599944114685), (13, 0.5243924260139465), (14, 0.725048303604126), (15, 0.693712592124939), (16, 0.7030550837516785), (17, 0.9808002710342407), (18, 0.6692785024642944), (19, 0.8189838528633118), (0, 0.6754193902015686), (1, 0.5853044986724854), (2, 0.688697338104248), (3, 0.6927517056465149), (4, 1.0104167461395264), (5, 0.7218708992004395), (6, 0.5029447078704834), (7, 0.6159636378288269), (8, 0.5543344020843506), (9, 0.7234004735946655), (10, 0.7772456407546997), (11, 0.6947838664054871), (12, 0.677446186542511), (13, 0.7057715654373169), (14, 0.7457039952278137), (15, 0.5684592127799988), (16, 0.6282163858413696), (17, 0.6742517352104187), (18, 0.8312236070632935), (19, 0.7777065634727478), (0, 0.6891003847122192), (1, 0.7295677065849304), (2, 0.6802514791488647), (3, 0.6514160633087158), (4, 0.6081723570823669), (5, 0.890892505645752), (6, 0.8401137590408325), (7, 0.6539875268936157), (8, 0.6983059048652649), (9, 0.7030746340751648), (10, 0.6704754829406738), (11, 0.6307997107505798), (12, 0.7695602178573608), (13, 0.5611662864685059), (14, 0.7120059728622437), (15, 0.6796064972877502), (16, 0.5918794870376587), (17, 0.6828645467758179), (18, 0.6317322254180908), (19, 0.8514875769615173), (0, 0.746024489402771), (1, 0.7011326551437378), (2, 0.641440749168396), (3, 0.6629191637039185), (4, 0.6939525008201599), (5, 0.7657304406166077), (6, 0.7596384286880493), (7, 0.7400805950164795), (8, 0.9832954406738281), (9, 0.7431350350379944), (10, 0.7748170495033264), (11, 0.3749571442604065), (12, 0.6581804156303406), (13, 0.6763967275619507), (14, 0.7308980226516724), (15, 0.7666351199150085), (16, 0.5765703320503235), (17, 0.6453638076782227), (18, 0.6376510858535767), (19, 0.5831008553504944), (0, 0.5829035639762878), (1, 0.6997001767158508), (2, 0.7394124269485474), (3, 0.6752578616142273), (4, 0.44734492897987366), (5, 0.6440030336380005), (6, 0.6236726641654968), (7, 0.7146133780479431), (8, 0.8593406677246094), (9, 0.6239673495292664), (10, 0.672375500202179), (11, 0.7559525966644287), (12, 0.6959326267242432), (13, 0.8802216649055481), (14, 0.6957330703735352), (15, 0.7897008657455444), (16, 0.7591859102249146), (17, 0.6289660334587097), (18, 0.677293598651886), (19, 0.6291174292564392), (0, 0.5790340900421143), (1, 0.6811568737030029), (2, 0.6020780801773071), (3, 0.7306085824966431), (4, 0.7043725252151489), (5, 0.7032955288887024), (6, 0.5587259531021118), (7, 0.7025346159934998), (8, 0.9373737573623657), (9, 0.6481698155403137), (10, 0.4506203532218933), (11, 0.7149420380592346), (12, 0.6383876800537109), (13, 0.7593985795974731), (14, 0.5977083444595337), (15, 0.7256661653518677), (16, 0.7989562749862671), (17, 0.7935438752174377), (18, 0.8641983866691589), (19, 0.6708877086639404), (0, 0.6647198796272278), (1, 0.6482858657836914), (2, 0.8105278015136719), (3, 0.7751260995864868), (4, 0.8579557538032532), (5, 0.6414422392845154), (6, 0.7920056581497192), (7, 0.7007287740707397), (8, 0.5718753933906555), (9, 0.5777692198753357), (10, 0.6492410898208618), (11, 0.5088217258453369), (12, 0.6445075273513794), (13, 0.6782417297363281), (14, 0.8342586755752563), (15, 0.6694269776344299), (16, 0.6755527257919312), (17, 0.6176074743270874), (18, 0.7174213528633118), (19, 1.037171721458435), (0, 0.5598235130310059), (1, 0.6313751935958862), (2, 0.7818096876144409), (3, 0.8772748708724976), (4, 0.6844004392623901), (5, 0.5912528038024902), (6, 0.7899704575538635), (7, 0.714470624923706), (8, 0.7355076670646667), (9, 0.5549764633178711), (10, 0.6935288906097412), (11, 0.6975733041763306), (12, 0.6662095785140991), (13, 0.6691893339157104), (14, 0.5509029626846313), (15, 0.7132512331008911), (16, 0.7278342843055725), (17, 0.8191823959350586), (18, 0.635886549949646), (19, 0.7491717338562012), (0, 0.7924068570137024), (1, 0.7796478867530823), (2, 0.6930137872695923), (3, 0.7320562601089478), (4, 0.6454410552978516), (5, 0.5667502880096436), (6, 0.5709951519966125), (7, 0.49825435876846313), (8, 0.6131712198257446), (9, 0.7605955004692078), (10, 0.5846220254898071), (11, 0.8174638748168945), (12, 0.8261081576347351), (13, 0.754504919052124), (14, 0.7792059779167175), (15, 0.6974772214889526), (16, 0.6478930115699768), (17, 0.7930765748023987), (18, 0.7071769833564758), (19, 0.768086850643158), (0, 0.8541919589042664), (1, 0.7339925765991211), (2, 0.6555207371711731), (3, 0.7684952020645142), (4, 0.6911604404449463), (5, 0.6234521865844727), (6, 0.6946769952774048), (7, 0.5417720079421997), (8, 0.7563713192939758), (9, 0.6688305139541626), (10, 0.36526554822921753), (11, 0.7869912981987), (12, 0.7307704091072083), (13, 0.7098597884178162), (14, 0.6620578169822693), (15, 0.7277328968048096), (16, 0.7150455117225647), (17, 0.602753758430481), (18, 0.7961992025375366), (19, 0.7449290156364441), (0, 0.6274967193603516), (1, 0.7697745561599731), (2, 0.7177063822746277), (3, 0.7294235229492188), (4, 0.663479208946228), (5, 0.5827809572219849), (6, 0.6509488821029663), (7, 0.6735429763793945), (8, 0.8360078930854797), (9, 0.6928716897964478), (10, 0.7425172328948975), (11, 0.6665270924568176), (12, 0.6529356241226196), (13, 0.6177574992179871), (14, 0.5719098448753357), (15, 0.6886919140815735), (16, 0.559836208820343), (17, 0.7494407892227173), (18, 0.9603117108345032), (19, 0.6858230233192444), (0, 0.6765039563179016), (1, 0.6086949110031128), (2, 0.716804027557373), (3, 0.7291679382324219), (4, 0.7419654130935669), (5, 0.8212004899978638), (6, 0.6385034322738647), (7, 0.705199658870697), (8, 0.656547486782074), (9, 0.5853626728057861), (10, 0.6331769824028015), (11, 0.5777401328086853), (12, 0.6113122701644897), (13, 0.6836318373680115), (14, 0.7238057255744934), (15, 0.7195714712142944), (16, 0.7000628113746643), (17, 0.6740877032279968), (18, 0.7077730894088745), (19, 1.0291966199874878), (0, 0.6497782468795776), (1, 0.6682038307189941), (2, 0.7566071152687073), (3, 0.8821355104446411), (4, 0.6864851713180542), (5, 0.689658522605896), (6, 0.696670413017273), (7, 0.48023462295532227), (8, 0.7208399772644043), (9, 0.6637104153633118), (10, 0.724943995475769), (11, 0.48047274351119995), (12, 0.6242314577102661), (13, 0.6680323481559753), (14, 0.8688036203384399), (15, 0.786060094833374), (16, 0.6866225004196167), (17, 0.71403568983078), (18, 0.7142944931983948), (19, 0.6463741660118103), (0, 0.5103388428688049), (1, 0.6011456251144409), (2, 0.54414963722229), (3, 0.79231196641922), (4, 0.62233567237854), (5, 0.6368109583854675), (6, 0.6196027398109436), (7, 0.9191800951957703), (8, 0.5771346688270569), (9, 0.7354549169540405), (10, 0.6387302875518799), (11, 0.6591955423355103), (12, 0.6377503871917725), (13, 0.6878446936607361), (14, 0.8492814302444458), (15, 0.6840663552284241), (16, 0.833936333656311), (17, 0.710469126701355), (18, 0.8421398997306824), (19, 0.7440147399902344)]