Model Setup for {PATIENT_GROUPS} Trained Network:

NODE Network Architecture Parameters
Input channels=2
Hidden channels=11
Output channels=2

Training hyperparameters
Optimizer=AdamW (
Parameter Group 0
    amsgrad: False
    betas: (0.9, 0.999)
    capturable: False
    differentiable: False
    eps: 1e-08
    foreach: None
    fused: None
    lr: 0.001
    maximize: False
    weight_decay: 0
)Training Iterations=2000
Learning rate=0.001
Weight decay=0
Optimizer reset frequency=500

Dropout probability (after initial linear layer before NCDE): 0.0
Training Data Selection Parameters
(If not virtual, the only important params are the groups and whether data was normalized/standardized)
Patient groups=['Atypical']
Augmentation strategy=Uniform
Noise Magnitude=0.05
Normalized/standardized=None
Number of virtual patients per real patient=100
Label smoothing factor=0
Test Patient Combinations:
Control: None
MDD: None
Training batch size=1
Training Results:
Runtime=134.19669890403748
Loss over time=[(0, 18.812401543420496), (0, 18.166226055559047), (0, 17.91113673871887), (0, 17.72931003774085), (0, 17.519998989318445), (0, 17.26261089168904), (0, 16.971392864885512), (0, 16.65565359786953), (0, 16.354494112244943), (0, 16.047423722467762), (0, 15.750555673632691), (0, 15.489031236171682), (0, 15.201782800296268), (0, 14.89153939476879), (0, 14.56572910315037), (0, 14.27698016164623), (0, 13.981307121052891), (0, 13.677153704003796), (0, 13.36483501552757), (0, 13.044624561114553), (0, 12.716793885591006), (0, 12.381641367350431), (0, 12.03949596412943), (0, 11.707854848294481), (0, 11.375474589023161), (0, 11.025143021754431), (0, 10.691987196903854), (0, 10.350120870750967), (0, 9.999352241522878), (0, 9.639505042632091), (0, 9.270433147652438), (0, 8.892027146257654), (0, 8.504216873557203), (0, 8.164690006094611), (0, 7.738378151169891), (0, 7.357832612831675), (0, 6.96452059750898), (0, 6.557918097555355), (0, 6.137812248201069), (0, 5.706515532388452), (0, 5.281805741114871), (0, 4.846357975214594), (0, 4.400767523364182), (0, 3.947444802121237), (0, 3.4864927878293828), (0, 3.0860089497836714), (0, 2.6866824725788345), (0, 2.2816450998239555), (0, 1.8958549461029186), (0, 1.6289031920303094), (0, 1.510818895575287), (0, 1.6645213158972612), (0, 1.9771175167664545), (0, 2.199517517068258), (0, 2.343347051848409), (0, 2.4159580866593755), (0, 2.4253944743573324), (0, 2.37914616395029), (0, 2.2836790494003854), (0, 2.1520170505927534), (0, 1.97782590821077), (0, 1.7648350034485247), (0, 1.536151945128296), (0, 1.5043358080819482), (0, 1.5572735936894333), (0, 1.6025773890609527), (0, 1.6761251776166122), (0, 1.7383051874597266), (0, 1.7799481349448825), (0, 1.8021617938506116), (0, 1.8045889409560687), (0, 1.789124156505295), (0, 1.7583938574248525), (0, 1.716524274336529), (0, 1.6633456247317249), (0, 1.6074320538265858), (0, 1.575306375357146), (0, 1.5446047415578619), (0, 1.5129289945763356), (0, 1.506926360485481), (0, 1.521965864113332), (0, 1.5934484595141718), (0, 1.6205863727797314), (0, 1.5835211930809565), (0, 1.5194424838172131), (0, 1.5113316368587), (0, 1.5108427051182185), (0, 1.5129783109494341), (0, 1.5267777429749456), (0, 1.5361225086812433), (0, 1.54139562850687), (0, 1.5429506864026152), (0, 1.5450795656305254), (0, 1.5357323681258679), (0, 1.527593896100868), (0, 1.516951610287739), (0, 1.5040366646011285), (0, 1.5034118937272687), (0, 1.5065223747544711), (0, 1.5049399902989022), (0, 1.5133946513304137), (0, 1.5198891561385814), (0, 1.5198202328284631), (0, 1.513801507736453), (0, 1.504780541280171), (0, 1.503872003846576), (0, 1.5029629663541626), (0, 1.5020529952800368), (0, 1.5045946793586105), (0, 1.501200210871528), (0, 1.501648845137248), (0, 1.5034355062123126), (0, 1.5017092341567044), (0, 1.5019260293650845), (0, 1.5020209362048471), (0, 1.502004084901045), (0, 1.5018851521938315), (0, 1.5016733172607226), (0, 1.5013772379253878), (0, 1.5010050417658738), (0, 1.5005643280945606), (0, 1.500062177778006), (0, 1.4995051686054033), (0, 1.4988993944666313), (0, 1.498250487019516), (0, 1.5043798825435082), (0, 1.4982040572542936), (0, 1.498685176437249), (0, 1.4990179871029596), (0, 1.4992134963123194), (0, 1.499282522900782), (0, 1.4992355568334275), (0, 1.4990826651309859), (0, 1.4988334318685852), (0, 1.498496923146927), (0, 1.49808167034476), (0, 1.4975956666895427), (0, 1.4970463734397983), (0, 1.4964407328960372), (0, 1.5020449495543162), (0, 1.4962683212932257), (0, 1.4966058278320822), (0, 1.4968059715231663), (0, 1.4968776325403441), (0, 1.4968299670571406), (0, 1.496860711860883), (0, 1.496661448464627), (0, 1.4965312144618421), (0, 1.4962927990434955), (0, 1.4959568320898915), (0, 1.4955332453091978), (0, 1.4950312890764692), (0, 1.4944595556593527), (0, 1.5003803794845594), (0, 1.4944203666596132), (0, 1.4948483206369614), (0, 1.4951199804324273), (0, 1.495245997380485), (0, 1.4952372063357364), (0, 1.4951043754819482), (0, 1.4948580326499323), (0, 1.494508347285352), (0, 1.494065053047005), (0, 1.4935374001119888), (0, 1.4929341291721594), (0, 1.4922634611947865), (0, 1.49760874793264), (0, 1.4921374232595108), (0, 1.4934428694545516), (0, 1.493056056036739), (0, 1.4933655610444083), (0, 1.493510646914858), (0, 1.493505073424116), (0, 1.4933621118459492), (0, 1.4930944451550203), (0, 1.4927141087342464), (0, 1.4922324600837913), (0, 1.4916601692233618), (0, 1.491007223731707), (0, 1.4955858601695937), (0, 1.490974905602416), (0, 1.4914730617173626), (0, 1.4917894044950915), (0, 1.4919365847553003), (0, 1.4919274720385687), (0, 1.4917748504146018), (0, 1.4914912108981915), (0, 1.491088613055548), (0, 1.4905785963600484), (0, 1.489972127364364), (0, 1.4892795726069565), (0, 1.492396835467516), (0, 1.489251451370172), (0, 1.4897857093256766), (0, 1.4901259575024945), (0, 1.4902855269596378), (0, 1.4902780720908224), (0, 1.490117216858071), (0, 1.4904118530903157), (0, 1.489566452420348), (0, 1.489182426030189), (0, 1.4886781449283684), (0, 1.488066646615792), (0, 1.489302456266619), (0, 1.488234872566082), (0, 1.4888765876958423), (0, 1.4893007284425188), (0, 1.489523310028568), (0, 1.4895604082294382), (0, 1.4894278316467668), (0, 1.4891409061435446), (0, 1.4887143379306815), (0, 1.4881621320034695), (0, 1.4874975495314382), (0, 1.4867330925404496), (0, 1.4902009872549022), (0, 1.48669733411544), (0, 1.4872788812468194), (0, 1.4876405297518445), (0, 1.4877983539226385), (0, 1.4877685861567587), (0, 1.48756725755797), (0, 1.487209960938831), (0, 1.4867116994971938), (0, 1.4860867956556822), (0, 1.4853488421404675), (0, 1.4881780761340442), (0, 1.4854148954276767), (0, 1.4860668373547676), (0, 1.4864828318895507), (0, 1.4866800377621752), (0, 1.4866758366611774), (0, 1.4864874252767164), (0, 1.4861315482594597), (0, 1.4856243290136952), (0, 1.4849811686536276), (0, 1.484216692443705), (0, 1.4851182232295452), (0, 1.4842928391070345), (0, 1.484973619039235), (0, 1.4854048819473624), (0, 1.4856052025894115), (0, 1.4855932913552516), (0, 1.4853875826450087), (0, 1.485005970031134), (0, 1.4844656424795823), (0, 1.4845612720940258), (0, 1.4830836049755722), (0, 1.484378000104988), (0, 1.4833149289181138), (0, 1.4840784214277492), (0, 1.4845718987878789), (0, 1.4848165219541536), (0, 1.484833286754074), (0, 1.4846426558007122), (0, 1.4842643309543264), (0, 1.48371712111473), (0, 1.483018874798024), (0, 1.4821864565914815), (0, 1.4856225428668905), (0, 1.4822276174412539), (0, 1.482927772434448), (0, 1.4833567657357796), (0, 1.4835357165471357), (0, 1.483485688538299), (0, 1.4832272875831025), (0, 1.482780411259338), (0, 1.4821641013928997), (0, 1.4813964666686295), (0, 1.4820694663690817), (0, 1.4815884274434823), (0, 1.482372922726119), (0, 1.4828694702309255), (0, 1.4831001793720338), (0, 1.4830872077179118), (0, 1.4828522944185252), (0, 1.4824164700629296), (0, 1.4817998855871168), (0, 1.4810217216801989), (0, 1.4801001524572361), (0, 1.4837515370111305), (0, 1.4800703478178825), (0, 1.4807766142310321), (0, 1.481193493616005), (0, 1.481343904378813), (0, 1.481250660622544), (0, 1.4809360466824621), (0, 1.4804215576613848), (0, 1.479727751512906), (0, 1.478874176112059), (0, 1.4841199910883842), (0, 1.478994321209462), (0, 1.4797808939172483), (0, 1.4802623242327342), (0, 1.4804625868236423), (0, 1.4804056136048884), (0, 1.480114817480635), (0, 1.4796128030486388), (0, 1.4789212021259304), (0, 1.4780605926838988), (0, 1.4814765020828369), (0, 1.4782033338282203), (0, 1.4790148225856354), (0, 1.4795094017873422), (0, 1.4797122097501074), (0, 1.479648282439792), (0, 1.4793420693242174), (0, 1.4788171434465525), (0, 1.4780960403428027), (0, 1.4772001824736152), (0, 1.4795460765134811), (0, 1.477314528944624), (0, 1.478127481541013), (0, 1.4786143131981213), (0, 1.478801216506652), (0, 1.4787142011281886), (0, 1.4783786137696262), (0, 1.4778188552186506), (0, 1.4770582273576813), (0, 1.4761188658895066), (0, 1.4794198507628806), (0, 1.4761870669216857), (0, 1.476992242807463), (0, 1.4779600500338275), (0, 1.4776375398039427), (0, 1.4775378364616927), (0, 1.4771889315133715), (0, 1.4766145243438566), (0, 1.4758374994269197), (0, 1.4752100670296657), (0, 1.4765683637457039), (0, 1.4771392912305892), (0, 1.4776989595751686), (0, 1.477932445060275), (0, 1.4778682947815527), (0, 1.4775342287181308), (0, 1.4769568501551888), (0, 1.4761614991685057), (0, 1.4751721983246968), (0, 1.474011657346059), (0, 1.4813097195020477), (0, 1.473755232105612), (0, 1.474442095777617), (0, 1.4747902229701366), (0, 1.4748281486550558), (0, 1.4745839263704987), (0, 1.474084714012384), (0, 1.473356544029349), (0, 1.4749980000495293), (0, 1.4739227167653501), (0, 1.4750147617972045), (0, 1.4757278252603265), (0, 1.4760908056158784), (0, 1.4761328650740146), (0, 1.4758827144921591), (0, 1.4753681859988617), (0, 1.4746159938445702), (0, 1.474501878027137), (0, 1.472386954200161), (0, 1.4799842167347073), (0, 1.4719977304320706), (0, 1.4726463103689178), (0, 1.4729420374812234), (0, 1.4729149873970981), (0, 1.4725946662231635), (0, 1.4720095909495325), (0, 1.4711870644224163), (0, 1.4740260049429659), (0, 1.4716896617788515), (0, 1.4727982691848263), (0, 1.473508516397385), (0, 1.4738512994895543), (0, 1.4738576353986723), (0, 1.4735579571026596), (0, 1.4729816996566265), (0, 1.472157075198246), (0, 1.4711109710192432), (0, 1.4709319430734298), (0, 1.471141001292238), (0, 1.4719918834412449), (0, 1.4724535114702482), (0, 1.472558208494471), (0, 1.4723378206152633), (0, 1.4718232119376784), (0, 1.4710439880956274), (0, 1.4700283664496816), (0, 1.469842687517554), (0, 1.470120408387704), (0, 1.4710022441547226), (0, 1.4714813767282116), (0, 1.4715910427470333), (0, 1.4713640425434855), (0, 1.470832189527347), (0, 1.470026008684446), (0, 1.4689745937792835), (0, 1.4677055655804792), (0, 1.474843267469941), (0, 1.46737356551035), (0, 1.46807499219127), (0, 1.468382159809942), (0, 1.4683281944109097), (0, 1.4679457049360045), (0, 1.4672662861377745), (0, 1.466320249778593), (0, 1.4673288031843656), (0, 1.4668711869595574), (0, 1.4677881082118802), (0, 1.4685872371828834), (0, 1.468974066394501), (0, 1.4689825789415203), (0, 1.4686462995100653), (0, 1.4679978077281766), (0, 1.4670684656619413), (0, 1.4658882849712342), (0, 1.4695781129400232), (0, 1.4657424540266428), (0, 1.466982467319489), (0, 1.466559865865863), (0, 1.4662189344818335), (0, 1.4655487425662528), (0, 1.4645815309123995), (0, 1.4633481767941168), (0, 1.4690501939171567), (0, 1.473174487551402), (0, 1.4623767356266442), (0, 1.4636655992712044), (0, 1.464491065399808), (0, 1.4697173892225803), (0, 1.4679162934447056), (0, 1.4633004851095606), (0, 1.4618728083442454), (0, 1.4649228409550032), (0, 1.461281681319071), (0, 1.4688918101967765), (0, 1.4664273452827437), (0, 1.4632037436241028), (0, 1.4634671314155014), (0, 1.463331635442347), (0, 1.4628317127978272), (0, 1.4683790140606952), (0, 1.4628816122662196), (0, 1.4697368070254662), (0, 1.4585192241133789), (0, 1.45856346339476), (0, 1.4670203148065433), (0, 1.4661819090781534), (0, 1.4580730808297167), (0, 1.4577221822565094), (0, 1.4594622776409125), (0, 1.4590384995206533), (0, 1.4604818545186242), (0, 1.4613828126476376), (0, 1.466885575043213), (0, 1.4584310802095288), (0, 1.4641877691986003), (0, 1.4613446752665775), (0, 1.4568206505186168), (0, 1.4618029603060094), (0, 1.4567818115021884), (0, 1.4619213023103308), (0, 1.4544285898009106), (0, 1.4581890673394833), (0, 1.4542705974818984), (0, 1.4560968053455392), (0, 1.455591009972273), (0, 1.4542801719508283), (0, 1.4527286314945735), (0, 1.4508664015994264), (0, 1.4599227019771432), (0, 1.4524576999831245), (0, 1.4521175892044633), (0, 1.4533566554996835), (0, 1.4540293738686942), (0, 1.454769952851003), (0, 1.452967900246085), (0, 1.4513797785189373), (0, 1.4494480890118453), (0, 1.4524241626044956), (0, 1.447886423900332), (0, 1.4479930149826832), (0, 1.4475702880185417), (0, 1.4524205487798896), (0, 1.4463860391974437), (0, 1.4456246723892354), (0, 1.4444161081732145), (0, 1.4485094421209768), (0, 1.4440879669483322), (0, 1.4447225889237263), (0, 1.4447435966382232), (0, 1.4441932989970747), (0, 1.4431153986786922), (0, 1.4415539227935896), (0, 1.4439716160705065), (0, 1.4404962350151878), (0, 1.4403301572623524), (0, 1.4414450793523412), (0, 1.441858772926866), (0, 1.4416124273991924), (0, 1.4407506302866906), (0, 1.439319929954278), (0, 1.4373677811041365), (0, 1.9605048661945366), (0, 1.4586519134693097), (0, 1.5114876008119829), (0, 1.6118522942854987), (0, 1.6564570999469443), (0, 1.658957606650364), (0, 1.6285872160892643), (0, 1.5719723621736508), (0, 1.4940954837119917), (0, 1.4585479750710058), (0, 1.472180590051181), (0, 1.594010406690449), (0, 1.5328132597265265), (0, 1.4595118070631072), (0, 1.4478769305544545), (0, 1.4722832853151149), (0, 1.5042079302117564), (0, 1.5119339397311926), (0, 1.4980174778899944), (0, 1.464777672045429), (0, 1.4353090566711473), (0, 1.4410000050289928), (0, 1.455301253222798), (0, 1.4884980704661286), (0, 1.4431690941251853), (0, 1.4304333365444961), (0, 1.4337761353367922), (0, 1.4427332342577748), (0, 1.4497388082647078), (0, 1.439185587730905), (0, 1.4320353259505116), (0, 1.4278974483420603), (0, 1.4353656811110247), (0, 1.4420769654103187), (0, 1.4303490560867742), (0, 1.4267918346280213), (0, 1.4295494717895443), (0, 1.4377326132619996), (0, 1.435393664763832), (0, 1.430850185490656), (0, 1.42665460607438), (0, 1.4333864748460583), (0, 1.4332410977530907), (0, 1.4216212594621478), (0, 1.4217403253829994), (0, 1.4408520451678926), (0, 1.4322453543061793), (0, 1.4292890455525362), (0, 1.4385130645922175), (0, 1.4348263157902474), (0, 1.431272303661046), (0, 1.4268997363970908), (0, 1.4175242041021288), (0, 1.450644174641917), (0, 1.4158864985784363), (0, 1.4192535183698753), (0, 1.435362950680099), (0, 1.4414727499559965), (0, 1.4343160653194909), (0, 1.4163308034168665), (0, 1.4120928243422333), (0, 1.4091404984053646), (0, 1.4390293839275428), (0, 1.4081144892721569), (0, 1.4105858861885467), (0, 1.4144297527583083), (0, 1.4150236071138158), (0, 1.4081151936834115), (0, 1.4111476500473328), (0, 1.4023805191103564), (0, 1.4044526187450435), (0, 1.401293493389513), (0, 1.401956772439381), (0, 1.4017980138922945), (0, 1.4008523761592386), (0, 1.4044178808908347), (0, 1.3990504972012388), (0, 1.398058234453466), (0, 1.3962174860554153), (0, 1.3935687050636774), (0, 1.3915277259508878), (0, 1.3887808832701611), (0, 1.388647587683343), (0, 1.3882443260241937), (0, 1.3907336956908856), (0, 1.3974371919387671), (0, 1.3993373239432287), (0, 1.3891881657715721), (0, 1.3838226332188122), (0, 1.3776627305311744), (0, 1.442592790354973), (0, 1.377670138823282), (0, 1.385632867338199), (0, 1.4028909461475172), (0, 1.389030901361692), (0, 1.3768631005134155), (0, 1.3754993102688038), (0, 1.4104748324614815), (0, 1.3710830145799202), (0, 1.3892020806829593), (0, 1.3974076493711953), (0, 1.3847457043558455), (0, 1.3668894447189406), (0, 1.38400806330709), (0, 1.3612350626254939), (0, 1.3682083438434767), (0, 1.3749552203194524), (0, 1.3671600242943627), (0, 1.3561437729973438), (0, 1.3841776621413922), (0, 1.3522734378075718), (0, 1.3591780257246235), (0, 1.37234110867196), (0, 1.365483994010451), (0, 1.3490939845070042), (0, 1.3644144616659848), (0, 1.3452250773014243), (0, 1.3530726979234486), (0, 1.3508368868886407), (0, 1.3388337979225051), (0, 1.3494671357942774), (0, 1.3390851227312315), (0, 1.3579659992671187), (0, 1.3561618307716472), (0, 1.3345139920605709), (0, 1.3248361799885693), (0, 1.3836999935309986), (0, 1.323463458560564), (0, 1.3289576809441792), (0, 1.3401101395750132), (0, 1.32434374099266), (0, 1.3253060619458021), (0, 1.3122214213024006), (0, 1.3122312950522506), (0, 1.3086547955516679), (0, 1.311151532324593), (0, 1.3035316598187339), (0, 1.3167432323029997), (0, 1.3169223963459535), (0, 1.2996972753739644), (0, 1.3536675629878259), (0, 1.2947352010112512), (0, 1.3036259165772135), (0, 1.2928721267953989), (0, 1.2934155754007983), (0, 1.284802618185035), (0, 1.2852543610629792), (0, 1.297430710310011), (0, 1.2918728070634211), (0, 1.2754942391187554), (0, 1.284912888306578), (0, 1.2883265559671544), (0, 1.274543938541556), (0, 1.2626422377115796), (0, 1.2986895430190482), (0, 1.2784658504505182), (0, 1.2576004452713716), (0, 1.2869690098237003), (0, 1.2529515096009072), (0, 1.2669013613291347), (0, 1.2417092623753634), (0, 1.28808815089738), (0, 1.2547766018765114), (0, 1.2390763519792618), (0, 1.2964934887493702), (0, 1.2517143311883876), (0, 1.2530880653215168), (0, 1.223398313064298), (0, 1.2262587606672093), (0, 1.2210002211358517), (0, 1.213892983102446), (0, 1.2892347466073553), (0, 1.2388421312720375), (0, 1.2721431491589377), (0, 1.2069796911319213), (0, 1.2800083977813115), (0, 1.2117678998714756), (0, 1.2093325836986497), (0, 1.2129064121889004), (0, 1.212612116880232), (0, 1.2121705187507934), (0, 1.1888220521830333), (0, 1.200121492255702), (0, 1.196871345515679), (0, 1.1791677042995075), (0, 1.178316842234499), (0, 1.180176588534335), (0, 1.1703060689113287), (0, 1.188046966131936), (0, 1.2213995039031114), (0, 1.2219359284832552), (0, 1.1738371353754906), (0, 1.2338360222642244), (0, 1.1857677112974843), (0, 1.1822860725956046), (0, 1.1714027482417082), (0, 1.1608539379135898), (0, 1.1709844794939301), (0, 1.2186350424618517), (0, 1.1513715377356797), (0, 1.4087975788596194), (0, 1.1830826222129893), (0, 1.2687747850635334), (0, 1.278797409645874), (0, 1.167635513921355), (0, 1.2272773578930976), (0, 1.1530095831725256), (0, 1.2277112132046957), (0, 1.1430856223272465), (0, 1.2623876425717955), (0, 1.184366191751105), (0, 1.2168544226814282), (0, 1.1843127018668618), (0, 1.2120208742858962), (0, 1.1281325388032917), (0, 1.1333876665770868), (0, 1.1708928187687426), (0, 1.171529023633857), (0, 1.1081315828625695), (0, 1.208970186923777), (0, 1.2127682481397373), (0, 1.2909595358591457), (0, 1.1823667123866128), (0, 1.2224601032781024), (0, 1.1934501077751778), (0, 1.2550432902530668), (0, 1.377324152739064), (0, 1.2498302359077331), (0, 1.1753934779336774), (0, 1.0968291471128238), (0, 1.2090984541783247), (0, 1.231159893365203), (0, 1.1460218739290093), (0, 1.1780394974885162), (0, 1.175922289205797), (0, 1.2635699423131992), (0, 1.4090934486980145), (0, 1.2974334960085931), (0, 1.0769506932880006), (0, 1.286145906668934), (0, 1.0998571537817983), (0, 1.1451299235939603), (0, 1.1523681075979952), (0, 1.124974854796423), (0, 1.1298623004159276), (0, 1.1582095392439944), (0, 1.2316600413019954), (0, 1.344427767324477), (0, 1.2370909227159463), (0, 1.1127529077102791), (0, 1.1636845306681025), (0, 1.175399890043483), (0, 1.244891826807965), (0, 1.211499369808095), (0, 1.2319686295449295), (0, 1.1916056894903793), (0, 1.0991262886753885), (0, 1.109541887455751), (0, 1.1980992399908412), (0, 1.175859617733422), (0, 1.2162831153790945), (0, 1.1214220266235078), (0, 1.2366249923480483), (0, 1.090038395860714), (0, 1.1102070972768956), (0, 1.1389900164061648), (0, 1.1024629700949482), (0, 1.0905873699492075), (0, 1.064682493002968), (0, 1.0686466998839281), (0, 1.1097868484233238), (0, 1.138134162055987), (0, 1.057352356523464), (0, 1.2986476946152448), (0, 1.1038853592119544), (0, 1.194703892238049), (0, 1.2477512006241798), (0, 1.1192726867951153), (0, 1.2100895795263322), (0, 1.2001425263061611), (0, 1.1259942968889038), (0, 1.2698979891478266), (0, 1.1894649165804478), (0, 1.0711047881146785), (0, 1.1182542225629197), (0, 1.1000173072059385), (0, 1.1162580731640455), (0, 1.0428053812067877), (0, 1.0768670996989014), (0, 1.0443544722181821), (0, 1.0889542884247436), (0, 1.0426396489398904), (0, 1.1652015257283965), (0, 1.0377076601950457), (0, 1.1256552752969453), (0, 1.0894105106705674), (0, 1.0947008451484714), (0, 1.0450225684738674), (0, 1.0787521313032344), (0, 1.0673941697303126), (0, 1.0566969984163728), (0, 1.074721486109557), (0, 1.1276720654264971), (0, 1.1660209660617342), (0, 1.035457948357238), (0, 1.144560441849406), (0, 1.0297133063503898), (0, 1.1386728427775452), (0, 1.0715593243681), (0, 1.1051139326770996), (0, 1.0531217240150705), (0, 1.0742839335642016), (0, 1.0852041109213746), (0, 1.0683003336620542), (0, 1.0427879733210716), (0, 1.0554848127997651), (0, 1.0246096576727017), (0, 1.031282000710866), (0, 1.0261883003383032), (0, 1.0533525409224098), (0, 1.0159099107883398), (0, 1.0267188922624824), (0, 1.0162730746390323), (0, 1.0304517553800339), (0, 1.030560507361546), (0, 1.01864608289608), (0, 1.0309913201447427), (0, 1.0184987805598462), (0, 1.019871430835056), (0, 1.0175208307983243), (0, 1.0162144992374627), (0, 1.0150125472873797), (0, 1.0487797822067104), (0, 1.0146694285725426), (0, 1.0480836368535), (0, 1.0302529624539056), (0, 1.0149720141235121), (0, 1.0258126268816006), (0, 1.0123156172224048), (0, 1.0260459818093044), (0, 1.0141101264925891), (0, 1.0138730406639946), (0, 1.021205313819993), (0, 1.0109598569843679), (0, 1.0175210448715226), (0, 1.0212315056238497), (0, 1.0063427717603846), (0, 1.0096375532959099), (0, 1.0052739271948306), (0, 1.0225958537546407), (0, 1.01530476941617), (0, 1.0025425457508879), (0, 1.0551432980564897), (0, 1.0066060121876932), (0, 1.0530125343098862), (0, 1.0312262137728718), (0, 1.0754567152782102), (0, 1.0296798397333466), (0, 1.0073814288776413), (0, 1.0236604427010871), (0, 1.0237990922498297), (0, 1.0075654452800558), (0, 1.0033605138898911), (0, 1.0130826434757543), (0, 1.0123990269846412), (0, 1.0769786983829925), (0, 1.0147451437342128), (0, 1.0668434310991712), (0, 1.0526417084361503), (0, 1.0245954182089159), (0, 1.061278937415439), (0, 1.0257269724944433), (0, 1.1089503584508071), (0, 1.0909257940514274), (0, 1.04529026923254), (0, 1.062314197228744), (0, 1.066036676142854), (0, 1.051951123939842), (0, 1.0730981693844965), (0, 0.996644010216249), (0, 1.0372817298190424), (0, 0.995395182252481), (0, 0.9995903616433701), (0, 1.0058090423128938), (0, 1.0125113779011583), (0, 1.0171224452445096), (0, 1.0004874977703628), (0, 1.0053844473365028), (0, 1.0064518050587665), (0, 0.9996485518582918), (0, 1.020739349339561), (0, 1.0076431421553915), (0, 1.0103239621674034), (0, 0.9940993169164145), (0, 1.0509779715953778), (0, 1.0077397233835603), (0, 1.0641044106148987), (0, 1.0280220704327772), (0, 1.0669117575434952), (0, 1.0266919995746133), (0, 1.0810190793168761), (0, 1.0598948091776181), (0, 1.0878448796371696), (0, 1.0795661702035908), (0, 1.0463855430051534), (0, 1.0270019476422738), (0, 0.9966121198980755), (0, 1.0427843104209344), (0, 1.0038297999375558), (0, 1.0532326808797245), (0, 1.0096211117884792), (0, 1.0114919264734359), (0, 1.0063616452372035), (0, 1.0038047526310523), (0, 1.0023348147791273), (0, 1.0372324850568142), (0, 1.0092711838666681), (0, 1.0848623355568239), (0, 1.0131523634450248), (0, 1.0486348711679208), (0, 1.0005034261630934), (0, 1.014153398217163), (0, 1.0063557690112077), (0, 1.0095514054356187), (0, 1.065582537661348), (0, 1.0083124935326278), (0, 1.0957210730395668), (0, 1.0068430396577759), (0, 1.0572514645064854), (0, 1.0105742472661285), (0, 1.0143786245214668), (0, 1.0095012086397568), (0, 0.997658839083589), (0, 1.0283961211395232), (0, 0.9992119724866054), (0, 0.995150767653501), (0, 1.0065038890366238), (0, 0.9933630721437818), (0, 0.9999697894051532), (0, 0.9976871327041803), (0, 0.987370122497845), (0, 1.0248129124360408), (0, 0.9885156309549454), (0, 1.0237329119978664), (0, 0.988013960142398), (0, 1.0924923285408459), (0, 0.9967272312976422), (0, 1.0775407039165124), (0, 1.0001176587964247), (0, 1.0311478649882975), (0, 1.0078764365713453), (0, 1.0026683829806187), (0, 1.0656621425610908), (0, 0.9864764469434277), (0, 1.1375289537070585), (0, 0.9938938387111502), (0, 1.0720629674405606), (0, 1.0197917302232575), (0, 1.0007813501828702), (0, 1.0204861156996023), (0, 0.9931736939005664), (0, 1.0163661857056885), (0, 0.9984440112482384), (0, 0.9840272912518754), (0, 0.9936774588805538), (0, 0.9970212035670475), (0, 1.0045964468414164), (0, 1.003202478571622), (0, 0.9937089706592594), (0, 0.99883940261041), (0, 0.9824359087182767), (0, 0.9876813769639764), (0, 0.9970738083216649), (0, 1.0232785691037316), (0, 0.9917637528219232), (0, 0.9988653298539772), (0, 1.0210722902217952), (0, 0.9942332596061024), (0, 1.0581232206169173), (0, 0.9867057490933977), (0, 1.0860375520541619), (0, 0.9867345055660439), (0, 1.0184767522627622), (0, 0.9852925472692425), (0, 1.0368506111191795), (0, 0.9934685534020352), (0, 1.024108161438206), (0, 1.067430819426422), (0, 0.9895156186079319), (0, 1.0689423544928836), (0, 0.9858816234322801), (0, 1.024325660396094), (0, 0.982318929822534), (0, 1.093160678964185), (0, 0.9882935272046415), (0, 1.0890144221222362), (0, 1.0602604647333989), (0, 1.0179546741656282), (0, 1.0783289650822756), (0, 0.9913963550457819), (0, 2.770583717437143), (0, 1.4445788594327114), (0, 1.6012121987025205), (0, 2.1007482660096994), (0, 2.011046162421628), (0, 1.58130356141179), (0, 1.085020265288047), (0, 1.3429658472845634), (0, 1.698394936852187), (0, 1.6320341368723903), (0, 1.287034250152971), (0, 1.073914277653259), (0, 1.2745430407714273), (0, 1.4315501207969696), (0, 1.4443425568503832), (0, 1.3326086597820075), (0, 1.119814099375478), (0, 1.050240218385713), (0, 1.2129678954991348), (0, 1.21135973645638), (0, 1.0398416631858274), (0, 1.0327811328587344), (0, 1.131424260224601), (0, 1.1197278741514602), (0, 1.0197504372849202), (0, 0.9952554027322591), (0, 1.0920019249683077), (0, 1.0509076243825843), (0, 0.9852830071206359), (0, 1.0367403246686608), (0, 1.0235970137374908), (0, 0.9840609050639851), (0, 1.0532428747284077), (0, 1.0650405104312866), (0, 0.999481391814487), (0, 1.0026434899265917), (0, 1.0779432460818823), (0, 1.0474113256541167), (0, 0.9786072664409553), (0, 1.0498395675586174), (0, 1.0381414318220452), (0, 0.9796171399203973), (0, 1.0360685301592722), (0, 1.0293209365007057), (0, 0.9794268827193702), (0, 1.0259951421206315), (0, 1.0544945036027924), (0, 0.9891189079223264), (0, 1.0106121150874972), (0, 1.0840988581169027), (0, 1.0515145796959227), (0, 0.9755280885997631), (0, 1.0502901704194354), (0, 1.0669119070501734), (0, 0.9789407018790026), (0, 1.0233507578266645), (0, 1.0421842283220955), (0, 0.9842484282215327), (0, 0.9993889192176123), (0, 1.012204004070627), (0, 0.9738949141870532), (0, 0.9821368304719988), (0, 1.0008806552752798), (0, 0.9935903725996329), (0, 0.9739087323986205), (0, 0.9813527849273928), (0, 0.9770988056773015), (0, 0.9746552577917131), (0, 0.9783240220754629), (0, 0.9785124161208351), (0, 0.9761174073357217), (0, 0.9737155046854853), (0, 0.9713744566274454), (0, 0.9738120346793601), (0, 0.9699846685401325), (0, 0.9852870853689507), (0, 0.9778353369633659), (0, 0.975928076891647), (0, 0.9930693255861981), (0, 0.9721574589750389), (0, 0.9797584650054906), (0, 0.9816401760508646), (0, 0.9779871351471793), (0, 0.9699165024071668), (0, 0.9959599764359137), (0, 0.9691448581476924), (0, 0.9780905844235606), (0, 0.9971393561257529), (0, 0.9842049439818699), (0, 0.9669771060298383), (0, 0.9933364388694695), (0, 0.9698047024880705), (0, 0.9820814305990698), (0, 0.9923915291386138), (0, 0.9804759056410599), (0, 0.9680563655172556), (0, 1.0061696616824911), (0, 0.9878202481743226), (0, 0.9808034732372742), (0, 1.0016177336200007), (0, 0.987071879387053), (0, 0.965861436448126), (0, 0.9954701367565022), (0, 0.9666851246142549), (0, 0.9752037616937738), (0, 0.9789266736260509), (0, 0.9761275016973175), (0, 0.9673799927930276), (0, 0.9758163874586228), (0, 0.9715884405447792), (0, 0.9664968676605095), (0, 0.9741133002990933), (0, 0.9670573042657942), (0, 0.9667231133678329), (0, 0.9639958223343644), (0, 0.9635512656386438), (0, 0.975804258760769), (0, 0.9715513315647943), (0, 0.9784822589609974), (0, 0.9781559902869923), (0, 0.9712271811583786), (0, 0.9619069866288945), (0, 0.98941910442101), (0, 0.9627590486187529), (0, 0.9962154043480518), (0, 1.0032200147988086), (0, 0.972255677714281), (0, 0.9949869997746587), (0, 1.0007242550948048), (0, 0.9610638249055449), (0, 0.9803579645885208), (0, 0.9695144536478275), (0, 0.9662367403846903), (0, 0.9722102765191927), (0, 0.9723807156249392), (0, 0.9948268445779921), (0, 0.9626427387829456), (0, 1.0223056888275162), (0, 0.9980230177238796), (0, 0.9670778662922479), (0, 0.9916120630068455), (0, 0.9755718823370639), (0, 0.9682247972689837), (0, 1.0046998988544242), (0, 0.9644364597702618), (0, 0.97979287649692), (0, 1.004106088017967), (0, 0.9608423154038195), (0, 1.0140932278030304), (0, 0.9760067257308613), (0, 0.9795926291835758), (0, 1.013505442097221), (0, 0.9586082278926742), (0, 1.0073509568159749), (0, 1.0215541089853102), (0, 0.9595071393543155), (0, 0.9896552972592303), (0, 0.9779524879951509), (0, 0.9562069246002679), (0, 0.9769347013867172), (0, 0.9544908454365355), (0, 0.9676260489950735), (0, 0.9724772940672065), (0, 0.9692771129555072), (0, 0.9587680826377319), (0, 0.9647518473105194), (0, 0.9488330980053656), (0, 0.9476958197730861), (0, 0.9590045464907877), (0, 0.9572713078734165), (0, 0.9511404535622656), (0, 0.9529853393678797), (0, 0.946806482431914), (0, 0.9671897282731624), (0, 0.9497229249353485), (0, 0.9757097479669014), (0, 0.9738937066319173), (0, 0.9491017547720776), (0, 0.994652414361246), (0, 0.9809675178483123), (0, 0.9593793466988558), (0, 0.9896242089832353), (0, 0.9527679903530332), (0, 0.9992179564673048), (0, 0.9735556948662499), (0, 0.9629375966901609), (0, 0.9874978206210261), (0, 0.9658057040209748), (0, 0.9561309955596172), (0, 0.9725342083950796), (0, 0.9440515024136967), (0, 0.9527323326560894), (0, 0.9523722290892326), (0, 0.9438153106698355), (0, 0.9557553874731958), (0, 0.9506770124154241), (0, 0.9441148686015484), (0, 0.9483580958200477), (0, 0.9435245019703412), (0, 0.9491375578730648), (0, 0.9517723420072989), (0, 0.9660432466055603), (0, 0.9546067535904186), (0, 0.9508067134685898), (0, 0.9545275086584589), (0, 0.9475245250705497), (0, 0.9546244680088791), (0, 0.9514869465774488), (0, 0.9393777046054275), (0, 0.9574653124036016), (0, 0.9449164102839261), (0, 0.9541664116799734), (0, 0.9458398073954161), (0, 0.9512131676410713), (0, 0.9533201440147026), (0, 0.9431761778462864), (0, 0.9479365497978898), (0, 0.933366178107457), (0, 0.9618206919453228), (0, 0.9355305520980881), (0, 0.942159732626175), (0, 0.9435515875596974), (0, 0.9348060887962683), (0, 0.9419358809078926), (0, 0.936792929690789), (0, 0.937831912020257), (0, 0.9292145688388431), (0, 0.9462488132310143), (0, 0.9262870848070922), (0, 0.9281084486461979), (0, 0.9312628901387687), (0, 0.9250041723124898), (0, 0.9387922977541041), (0, 0.9415499573167313), (0, 0.9331969061707599), (0, 0.937762166233372), (0, 0.9269046494867063), (0, 0.9273093950514588), (0, 0.9241959236813528), (0, 0.9232830818769588), (0, 0.9411943238902957), (0, 0.9367792980819751), (0, 0.9336295152572153), (0, 0.9351800217697072), (0, 0.9393589376033457), (0, 0.9434528568039359), (0, 0.9184480536077154), (0, 0.9800906978109988), (0, 0.9426691216915188), (0, 0.9498402986713472), (0, 0.9892878173448151), (0, 0.9147159333062262), (0, 1.054925409046051), (0, 1.0031906022692838), (0, 0.9258828299226747), (0, 0.9698027942061667), (0, 0.9635599603500654), (0, 0.9166620110612727), (0, 0.9686207826365508), (0, 0.9719315374928178), (0, 0.9114292520943603), (0, 0.9656336462795271), (0, 0.9724183707711678), (0, 0.9180855822866166), (0, 0.966089252527556), (0, 0.9511995392608594), (0, 0.9210604391453194), (0, 0.9371824492209665), (0, 0.9100278513899671), (0, 0.9430252338899443), (0, 0.9259256860290499), (0, 0.9393426430363313), (0, 0.9555779218917294), (0, 0.9255555249361186), (0, 0.9385051105218697), (0, 0.945365065304945), (0, 0.9133642482907635), (0, 0.9192544695280748), (0, 0.9012659028431907), (0, 0.9053488586703573), (0, 0.9042756916994588), (0, 0.9006862520360192), (0, 0.9239674007522019), (0, 0.9011801759818066), (0, 0.9034694385788099), (0, 0.9049323252556799), (0, 0.9013400489137705), (0, 0.9101620688299055), (0, 0.899014138690401), (0, 0.9361441972691406), (0, 0.9153690226468353), (0, 0.9383602160368905), (0, 0.955362907068379), (0, 0.9005249383802583), (0, 0.941400826596661), (0, 0.9380620856640104), (0, 0.9216766243673052), (0, 0.9560122504180445), (0, 0.9555414540672075), (0, 0.9119258368712869), (0, 0.9543127527307841), (0, 0.9830127456994657), (0, 0.9060056068566733), (0, 0.9896774036144013), (0, 1.0709281740176368), (0, 0.9403202521255664), (0, 0.9683956188776347), (0, 1.0632549870797539), (0, 0.9321792915338277), (0, 0.9522652450025525), (0, 0.9972235569255878), (0, 0.9955518373216588), (0, 0.9406053400497235), (0, 0.9342723878586345), (0, 1.019892419973228), (0, 0.9192535109015602), (0, 0.9425254528444925), (0, 0.9765049014334418), (0, 0.935316145871191), (0, 0.918002905176608), (0, 0.9457491115005664), (0, 0.9077931379653307), (0, 0.9165598105136573), (0, 0.9182020685329454), (0, 0.8990045693503146), (0, 0.9093957240996161), (0, 0.8936847564509546), (0, 0.88953550707352), (0, 0.9023623525388708), (0, 0.8894131341709778), (0, 0.917730247050265), (0, 0.8956160981118241), (0, 0.925589328349071), (0, 0.9204812605029642), (0, 0.8899179613096462), (0, 0.948978849308309), (0, 0.9350492160115867), (0, 0.8915250182188607), (0, 0.9134340904704543), (0, 0.8906457118134073), (0, 0.8921554156369801), (0, 0.8876331684686737), (0, 0.8877707077107387), (0, 0.8935845790977094), (0, 0.8836674480764752), (0, 0.8802531377365376), (0, 0.8856232298098186), (0, 0.8875380926373594), (0, 0.8808424593261254), (0, 0.8862397155672084), (0, 0.8921610023392027), (0, 0.8911492578477183), (0, 0.8983072457957068), (0, 0.8817717192867817), (0, 0.8896140758475521), (0, 0.8926342019103353), (0, 0.9088539059724514), (0, 0.8894623789984618), (0, 0.898417038297564), (0, 0.8781419440986298), (0, 0.9148423703753447), (0, 0.8929987587282423), (0, 0.9256325933170019), (0, 0.9176360887425844), (0, 0.8803953145980394), (0, 0.9236060380912557), (0, 0.8958215456483913), (0, 0.9167517525564097), (0, 0.9322494481828548), (0, 0.90587766550121), (0, 0.9028656155168148), (0, 0.914705707934318), (0, 0.8843953420069091), (0, 0.9352553885382036), (0, 0.9379715254866855), (0, 0.8741777168812616), (0, 0.9239510235490929), (0, 0.9065267348337523), (0, 0.8965283088905057), (0, 0.9047585216086561), (0, 0.8859125364559003), (0, 0.915814250512651), (0, 0.8934921732047382), (0, 0.9104052104889775), (0, 0.9236407003120174), (0, 0.882591542927489), (0, 0.925301845134858), (0, 0.9345407110252382), (0, 0.882039362541882), (0, 0.8905911411381237), (0, 0.8794521116222562), (0, 0.8956028662526138), (0, 0.8789180069234349), (0, 0.9249447444123023), (0, 0.9111126814851146), (0, 0.8972615366331277), (0, 0.9128228258333501), (0, 0.8784382304558919), (0, 0.8934952732297373), (0, 0.8799314188775049), (0, 0.8949063402494282), (0, 0.882103181933612), (0, 0.9026226808819935), (0, 0.907956280427772), (0, 0.8773162352842552), (0, 0.9037591927555638), (0, 0.8840190270187638), (0, 0.9062700970079312), (0, 0.9197566269392066), (0, 0.869662532994074), (0, 0.9183317081506451), (0, 0.9083964007862154), (0, 0.8797024118826627), (0, 0.9143072168808654), (0, 0.8982616421571857), (0, 0.8790534639476604), (0, 0.8835214380644875), (0, 0.8823369211801484), (0, 0.911234476624199), (0, 0.8855460784108954), (0, 0.8976596284780246), (0, 0.9086616754277311), (0, 0.8714863803129834), (0, 0.8931573282400694), (0, 0.880843039213757), (0, 0.8920436642565686), (0, 0.8928000043821437), (0, 0.8769595588567686), (0, 0.883921208762154), (0, 0.8713894428446806), (0, 0.8793508263074927), (0, 0.8799386997231519), (0, 0.8807682003969259), (0, 0.9122750487308303), (0, 0.8898220708954034), (0, 0.8821352864119095), (0, 0.8907825433087836), (0, 0.8681219060442427), (0, 0.8899457580426936), (0, 0.8705420502875434), (0, 0.8750470081972666), (0, 0.8660479322750586), (0, 0.8687023034488383), (0, 0.8665496779187165), (0, 0.8678672503164099), (0, 0.8695381471336585), (0, 0.8658744341245385), (0, 0.864700771005485), (0, 0.8653267129497308), (0, 0.8631573551564159), (0, 0.8729656717776554), (0, 0.8810979191526097), (0, 0.8788748319586013), (0, 0.863195700515445), (0, 0.882552259417411), (0, 0.8790681956017017), (0, 0.8823272030983201), (0, 0.8822543335691027), (0, 0.8669968881418678), (0, 0.8655236475988045), (0, 0.8702060458160134), (0, 0.866996787207631), (0, 0.8645603650613141), (0, 0.8589121315084867), (0, 0.8648358773428526), (0, 0.8732789214950283), (0, 0.8692616132267155), (0, 0.8633335680984712), (0, 0.8632004732485469), (0, 0.8680204330916155), (0, 0.8664612121952581), (0, 0.8620866161156298), (0, 0.8797028920864832), (0, 0.8640028209889256), (0, 0.8721752751189136), (0, 0.862642903426535), (0, 0.8713903667028482), (0, 0.855757854246222), (0, 0.8615145294904025), (0, 0.8607130805526473), (0, 0.8629575609732455), (0, 0.8572291007653656), (0, 0.8550553214096673), (0, 0.8580627435921074), (0, 0.8554138810676055), (0, 0.8568353700676891), (0, 0.8536018115250458), (0, 0.8585692538329368), (0, 0.8561952469999086), (0, 0.8657716003200057), (0, 0.8567096439403471), (0, 0.8627715615490796), (0, 0.860377552232901), (0, 0.8612411338627802), (0, 0.8622335182742003), (0, 0.8612480924686662), (0, 0.8511006312778652), (0, 0.8582049174234), (0, 0.8632045185876205), (0, 0.8601879843394203), (0, 1.9872699941068142), (0, 1.2146138771316919), (0, 1.1014302852191553), (0, 1.5015171240763174), (0, 1.2909625521556916), (0, 0.9130374571104909), (0, 1.056275858929992), (0, 1.2345025834161039), (0, 1.224091111094687), (0, 1.0654635635204903), (0, 0.863848216529232), (0, 1.0214753689728064), (0, 1.1456147633537148), (0, 1.1192816950405722), (0, 0.965338051191442), (0, 0.8684451920256947), (0, 0.9833695840487383), (0, 1.0272476738508018), (0, 0.9551132906198613), (0, 0.8558530940848473), (0, 0.9357160149379397), (0, 1.0125481971681294), (0, 0.9622325631336719), (0, 0.891046494675475), (0, 0.9008463591609605), (0, 0.9424867069836242), (0, 0.9579159869956133), (0, 0.9116675631636455), (0, 0.8775776004172631), (0, 0.8838775044412038), (0, 0.9283856846204415), (0, 0.8827323798998866), (0, 0.8537458070807357), (0, 0.8855920262673803), (0, 0.8998374126893277), (0, 0.8824926407488647), (0, 0.8515935261408274), (0, 0.8970301150602122), (0, 0.9116290638838258), (0, 0.868988379752026), (0, 0.8537276150557477), (0, 0.8944063849855772), (0, 0.9123161466028603), (0, 0.9029335717640119), (0, 0.8992299577464308), (0, 0.8944387941455682), (0, 0.9018570970183158), (0, 0.8806019856209921), (0, 0.8500951055598935), (0, 0.847177341197779), (0, 0.8737041955489988), (0, 0.896649461671487), (0, 0.9049099360344321), (0, 0.9029784143972477), (0, 0.8902797615585794), (0, 0.8695669116027837), (0, 0.8474027588761165), (0, 0.8469594063555573), (0, 0.8489672421283466), (0, 0.8606717852921545), (0, 0.8688617880087364), (0, 0.8705534363281963), (0, 0.8637991308549239), (0, 0.8496602058501669), (0, 0.8475806861268725), (0, 0.8475000304168777), (0, 0.8429653503193308), (0, 0.8599191780188732), (0, 0.8458382595843665), (0, 0.8698713105480962), (0, 0.8782147057876334), (0, 0.8498479655649259), (0, 0.8474894997445358), (0, 0.8561597954664516), (0, 0.8523299870361792), (0, 0.8554650724734407), (0, 0.8581351188711853), (0, 0.86361562099647), (0, 0.8753950590431349), (0, 0.8522554464088548), (0, 0.8423180106687002), (0, 0.8394267767193717), (0, 0.8684794866420287), (0, 0.8473537980274607), (0, 0.8483372516813111), (0, 0.8781210247347647), (0, 0.8583527310557322), (0, 0.8381718234125999), (0, 0.8690949865846183), (0, 0.8368787477206294), (0, 0.8379455689854939), (0, 0.8386939094930933), (0, 0.8391402560539241), (0, 0.8419898394182801), (0, 0.8387430484942183), (0, 0.836220263756042), (0, 0.8340746802308451), (0, 0.8428788225111835), (0, 0.8331911577981295), (0, 0.8341574390593823), (0, 0.837288483363846), (0, 0.8337224528481942), (0, 0.8324918452135853), (0, 0.8311037957266518), (0, 0.8393475962533877), (0, 0.8316751132290912), (0, 0.8333327866331007), (0, 0.8381061001141845), (0, 0.8384793286449072), (0, 0.8329520594791411), (0, 0.8313403415366878), (0, 0.830028771904988), (0, 0.8278319638962436), (0, 0.8324888685451487), (0, 0.8267804455190987), (0, 0.8272754974327559), (0, 0.8274209395095325), (0, 0.8341484798034507), (0, 0.8251235979704855), (0, 0.8264480933012641), (0, 0.8236466869090818), (0, 0.8239944785877125), (0, 0.8239650920045741), (0, 0.823587495101276), (0, 0.8228885827368123), (0, 0.8218933204582609), (0, 0.8206248513156056), (0, 0.82803241910369), (0, 0.8207037644606306), (0, 0.8218103113540319), (0, 0.8259347222764633), (0, 0.8196079691717713), (0, 0.8362315550641433), (0, 0.8185814535930717), (0, 0.8201222033651386), (0, 0.8209626203582586), (0, 0.8239165978952966), (0, 0.8208135880720285), (0, 0.8176411757298773), (0, 0.8187493494841114), (0, 0.8153474872781341), (0, 0.8154962721054279), (0, 0.8152124012743436), (0, 0.8145247159615985), (0, 0.8134615769530039), (0, 0.8120500447086466), (0, 0.8192249568899824), (0, 0.8151870311550918), (0, 0.8115093316014533), (0, 0.8106151112295062), (0, 0.8110062094851912), (0, 0.8111041368880317), (0, 0.8107248728065514), (0, 0.8099095390950581), (0, 0.8104297703141305), (0, 0.8112620969980838), (0, 0.8175025753626848), (0, 0.8172608416967876), (0, 0.8105137304026445), (0, 0.80793212254741), (0, 0.8208621184418766), (0, 0.8081217094848174), (0, 0.8130145424365857), (0, 0.8144733594874508), (0, 0.808270905766853), (0, 0.805836851000662), (0, 0.8137642524058536), (0, 0.8045726574069334), (0, 0.8053756463912843), (0, 0.80557402997098), (0, 0.8052099471597363), (0, 0.8043249790615071), (0, 0.8029596154312504), (0, 0.8011528123818624), (0, 0.8101504612784559), (0, 0.8011491989360159), (0, 0.8185350813071826), (0, 0.7998860376631352), (0, 0.8080119452518842), (0, 0.8010412977173949), (0, 0.8063451319844788), (0, 0.804923024112094), (0, 0.8025845291346975), (0, 0.799121127289747), (0, 0.7980108881196895), (0, 0.7999172742337083), (0, 0.8065813819099884), (0, 0.7954986045552304), (0, 0.8253659147509386), (0, 0.79644722877125), (0, 0.8402977471195527), (0, 0.8323080272537708), (0, 0.8071114682128772), (0, 0.8552715890336483), (0, 0.8348142564136901), (0, 0.8290390956915733), (0, 0.8832583290491833), (0, 0.8269936582072841), (0, 0.8210004351621781), (0, 0.8364800568988581), (0, 0.7966052826730601), (0, 0.8077111525647971), (0, 0.8139609420624067), (0, 0.7957506669954573), (0, 0.8288501337998574), (0, 0.7951822694786685), (0, 0.8035897694819307), (0, 0.8048925609746487), (0, 0.7936320577845833), (0, 0.8027291081805165), (0, 0.8045196703860985), (0, 0.7968060701855982), (0, 0.7934461070753962), (0, 0.7910608720110447), (0, 0.7954187536048765), (0, 0.7902189016927195), (0, 0.7915546743287518), (0, 0.789881484741442), (0, 0.7878704718309805), (0, 0.7915195860646126), (0, 0.7931713533238116), (0, 0.7864321664942918), (0, 0.7911801342603695), (0, 0.7875098028862646), (0, 0.800587822593481), (0, 0.785844279952433), (0, 0.8259192385621238), (0, 0.7878951055913799), (0, 0.8434440226959677), (0, 0.8326619078739033), (0, 0.7848603729139423), (0, 0.8593888920564269), (0, 0.7920499061150015), (0, 0.8295417482857445), (0, 0.8479011780171786), (0, 0.7931306856069351), (0, 0.8539128706701614), (0, 0.817536601086773), (0, 0.8360156102065452), (0, 0.9132853327148536), (0, 0.829982344407243), (0, 0.8003930979828069), (0, 0.8774721334319101), (0, 0.7842770264601437), (0, 0.8063451644060564), (0, 0.8024694454683018), (0, 0.7905379983834545), (0, 0.790597658336337), (0, 0.7810209339657809), (0, 0.7801725252886219), (0, 0.7793022066972988), (0, 0.7778768312716118), (0, 0.7807218070965848), (0, 0.8053270720123894), (0, 0.7847427066423812), (0, 0.8317309322224119), (0, 0.8197955054528296), (0, 0.7844224933663991), (0, 0.8025136439087999), (0, 0.7797476432159993), (0, 0.7870781534073785), (0, 0.781877135109903), (0, 0.798436028178504), (0, 0.8099087820416067), (0, 0.7816055682687849), (0, 0.7900650554812659), (0, 0.7768858217097694), (0, 0.7763426043865711), (0, 0.775200921551573), (0, 0.7734960995711684), (0, 0.7734212210871064), (0, 0.7741188096664199), (0, 0.7887723840429767), (0, 0.7747974636134539), (0, 0.8204053655463664), (0, 0.806815599679796), (0, 0.7820461063584176), (0, 0.7961091046592128), (0, 0.7742348057419928), (0, 0.7878563613413818), (0, 0.7931545376717679), (0, 0.7866096266658326), (0, 0.7906569675001648), (0, 0.7756240393146758), (0, 0.7745611439817334), (0, 0.77378959450958), (0, 0.7689250826331466), (0, 0.7788213924824945), (0, 0.7684003089095742), (0, 0.7729597979929745), (0, 0.7916473333244789), (0, 0.7650628735780093), (0, 0.8082752035795376), (0, 0.7814004945905201), (0, 0.7996235929223549), (0, 0.8060222584176375), (0, 0.779115219818951), (0, 0.8258521179089758), (0, 0.8075809788058053), (0, 0.7820206817700086), (0, 0.7965447864290951), (0, 0.7705116079909978), (0, 0.7695487173123348), (0, 0.7690400084118708), (0, 0.7638323376611372), (0, 0.7740863547514305), (0, 0.760810427220986), (0, 0.8036643889722154), (0, 0.7667567817175154), (0, 0.8251168930780526), (0, 0.8243923837263067), (0, 0.7668666948088826), (0, 0.8202611745779571), (0, 0.8046085389171563), (0, 0.7666522711301595), (0, 0.846520809899607), (0, 0.7822101188207995), (0, 0.7895417730864002), (0, 0.8515960954722231), (0, 0.8354867968143683), (0, 0.7650667445219455), (0, 0.830153972419287), (0, 0.8116491953744909), (0, 0.7758879634644537), (0, 0.8124926659818758), (0, 0.7740173182869028), (0, 0.7957340503452918), (0, 0.8257550417832239), (0, 0.7599562155718029), (0, 0.7973859710580048), (0, 0.7902993010930288), (0, 0.7613387702579661), (0, 0.8162394424313281), (0, 0.7603186906182569), (0, 0.7663956540153578), (0, 0.7709478314151792), (0, 0.7639272495993161), (0, 0.757149444370329), (0, 0.7795913883947239), (0, 0.754691657292166), (0, 0.7589233736963298), (0, 0.7693746603213586), (0, 0.7545210463304337), (0, 0.8089931938854161), (0, 0.7543343395998376), (0, 0.7577715030384401), (0, 0.7676692101067611), (0, 0.7671361688361839), (0, 0.7536256703132026), (0, 0.8280197988427354), (0, 0.7638914950560121), (0, 0.781873494852664), (0, 0.8095602808898152), (0, 0.7705981182563651), (0, 0.7558548717794522), (0, 0.8101720693419804), (0, 0.7617100470393836), (0, 0.7658037415059408), (0, 0.787267020813013), (0, 0.7641129434551115), (0, 0.7524988092455082), (0, 0.808375058429867), (0, 0.749869337878602), (0, 0.7545876687209385), (0, 0.7625944374858761), (0, 0.7556605466159813), (0, 0.7503950355191692), (0, 0.782525678143671), (0, 0.7529695500301993), (0, 0.7674674395174486), (0, 0.7847382514066304), (0, 0.7552398214988743), (0, 0.7640990878029602), (0, 0.7514932357109391), (0, 0.7535403031212524), (0, 0.7593007537360428), (0, 0.7545589075464499), (0, 0.7488124776587344), (0, 0.7582720209840027), (0, 0.7489675352274131), (0, 0.7507156500685119), (0, 0.7504039225465189), (0, 0.7509526739839738), (0, 0.7506775912525349), (0, 0.749659064987807), (0, 0.7479731811803741), (0, 0.7493311523773817), (0, 0.747689978266757), (0, 0.74958110870847), (0, 0.7482814486023632), (0, 0.7457207962452395), (0, 0.7444514480514838), (0, 0.744830601825969), (0, 0.7448517768980977), (0, 0.7455193290237756), (0, 0.745303514055257), (0, 0.7442781739315134), (0, 0.742516033053007), (0, 0.7448194880333969), (0, 0.746314863955943), (0, 0.7479182815194331), (0, 0.7440128292606928), (0, 0.7425226251623034), (0, 0.751919906874803), (0, 0.7457400055524125), (0, 0.7727186621226416), (0, 0.7531595585869709), (0, 0.7418524593844189), (0, 0.7959553690937501), (0, 0.7409595800879584), (0, 0.7491371284732239), (0, 0.760591791837103), (0, 0.7388149315066402), (0, 0.8119947787515103), (0, 0.7414866298229257), (0, 0.767673172039235), (0, 0.7796344806031063), (0, 0.7439017751361718), (0, 0.7551026465839459), (0, 0.7525791647226648), (0, 0.7435778168751788), (0, 0.7519918833581631), (0, 0.747058768800549), (0, 0.7398443633875025), (0, 0.7573586434157572), (0, 0.7356621347841297), (0, 0.7379978319057205), (0, 0.7391937602585585), (0, 0.7393453142337698), (0, 0.738546059563063), (0, 0.7368864866072183), (0, 0.7344533733130444), (0, 0.7486883274087613), (0, 0.7402867665081817), (0, 0.7584040829555154), (0, 0.7379621802918148), (0, 0.7498212715042808), (0, 0.7430531115149918), (0, 0.7409044685210311), (0, 0.7436533887068184), (0, 0.7365143361239294), (0, 0.7324310383474555), (0, 0.7583799242383258), (0, 0.753102893615038), (0, 0.7505856744459334), (0, 0.7361842909723176), (0, 0.7619724363866452), (0, 0.7358854961190353), (0, 0.750631145413042), (0, 0.750564140696732), (0, 0.7371313859524053), (0, 0.7424876014514731), (0, 0.7321895539822482), (0, 0.7352793985164716), (0, 0.7319805525085873), (0, 0.7295783189272342), (0, 0.7591039769137038), (0, 0.7408057050124299), (0, 0.786646773634359), (0, 0.7454897316492601), (0, 0.7308167606851979), (0, 0.8163666598110372), (0, 0.7303995177521265), (0, 0.7475578049106407), (0, 0.7328959817443876), (0, 0.7368085546186287), (0, 0.7346345565381753), (0, 0.7338311697261186), (0, 0.7412183095672902), (0, 0.7343599188642962), (0, 0.7279952224034306), (0, 0.7885459318137215), (0, 0.7284051305494483), (0, 0.7635592975581215), (0, 0.7357043483004297), (0, 0.7347174441965347), (0, 0.742666550449216), (0, 0.7434914167503938), (0, 0.7774817860133187), (0, 0.7488676760969235), (0, 0.7331284869086836), (0, 0.7414856008650929), (0, 0.7298999655037999), (0, 0.7316194544170812), (0, 0.7305385156934435), (0, 0.7291805758327755), (0, 0.7454948321559859), (0, 0.7262585596351676), (0, 0.7356361616687469), (0, 0.7351652437454345), (0, 0.7276764976113235), (0, 0.7394625128030604), (0, 0.7386839670506088), (0, 0.7776347335367625), (0, 0.738289316429639), (0, 0.728325316789554), (0, 0.7319315043067736), (0, 0.7441426271415394), (0, 0.7470223174862481)]