Model Setup for {PATIENT_GROUPS} Trained Network:

RNN Network Architecture Parameters
Input channels=1
Hidden channels=128
Output channels=4

Training hyperparameters
Optimizer=AdamW (
Parameter Group 0
    amsgrad: False
    betas: (0.9, 0.999)
    capturable: False
    differentiable: False
    eps: 1e-08
    foreach: None
    fused: None
    lr: 0.0005
    maximize: False
    weight_decay: 1e-06
)Training Iterations=1500
Learning rate=0.0005
Weight decay=1e-06
Optimizer reset frequency=500

Dropout probability (after initial linear layer before NCDE): 0.0
Training Data Selection Parameters
(If not virtual, the only important params are the groups and whether data was normalized/standardized)
Patient groups=['Atypical']
Augmentation strategy=Uniform
Noise Magnitude=0.0
Normalized/standardized=None
Number of virtual patients per real patient=1
Label smoothing factor=0
Test Patient Combinations:
Control: None
MDD: None
Training batch size=1
Training Results:
Runtime=625.144250869751
Loss over time=[(0, 117.72452246995206), (0, 114.83658190684723), (0, 113.69204744252119), (0, 111.93055428086461), (0, 109.60081103914389), (0, 106.76434135177733), (0, 103.54685493426416), (0, 100.13368768284481), (0, 96.69898938459586), (0, 93.36496068908522), (0, 90.19738577735015), (0, 87.22669383957448), (0, 84.46110385767452), (0, 81.89063066874782), (0, 79.49812817896225), (0, 77.26405372112696), (0, 75.16871503924958), (0, 73.1927215370372), (0, 71.31755926055581), (0, 69.526518619633), (0, 67.80516297575359), (0, 66.14188256677383), (0, 64.5293909340507), (0, 62.967081663979215), (0, 61.46193488595849), (0, 60.02466373508235), (0, 58.66298715923268), (0, 57.378469472794706), (0, 56.167891484389024), (0, 55.02560528443889), (0, 53.94511403996913), (0, 52.919887725602315), (0, 51.94375333202166), (0, 51.011083240344114), (0, 50.11688164964736), (0, 49.256806622665884), (0, 48.42714463942314), (0, 47.62475123022852), (0, 46.84697214235725), (0, 46.091559911447405), (0, 45.356598679163156), (0, 44.64044480897461), (0, 43.94168464024543), (0, 43.25910541709844), (0, 42.591673465556205), (0, 41.938514433129164), (0, 41.29889280069201), (0, 40.672190181016965), (0, 40.057883438735885), (0, 39.4555241441393), (0, 38.864720708382045), (0, 38.28512388230159), (0, 37.71641577580402), (0, 37.15830203663053), (0, 36.610506531480276), (0, 36.07276790429117), (0, 35.54483733980471), (0, 35.02647710001195), (0, 34.51745949495907), (0, 34.01756606431759), (0, 33.526586903097474), (0, 33.0443200214892), (0, 32.570570770949296), (0, 32.10515128021918), (0, 31.64787996626556), (0, 31.198581052446524), (0, 30.757084179188666), (0, 30.323224025210063), (0, 29.89683999125127), (0, 29.47777590895179), (0, 29.065879812916116), (0, 28.661003706677203), (0, 28.26300338555035), (0, 27.871738251662194), (0, 27.487071173840423), (0, 27.10886836434682), (0, 26.73699923038052), (0, 26.37133629304897), (0, 26.01175505664997), (0, 25.65813395175904), (0, 25.310354214501448), (0, 24.96829983954737), (0, 24.63185748426648), (0, 24.30091640654122), (0, 23.97536840445869), (0, 23.65510774772951), (0, 23.340031117857365), (0, 23.03003756014932), (0, 22.72502841819196), (0, 22.424907284428045), (0, 22.129579950522537), (0, 21.838954349132067), (0, 21.552940517189533), (0, 21.27145053246973), (0, 20.99439848105256), (0, 20.721700401103963), (0, 20.45327424003417), (0, 20.18903980965237), (0, 19.928918744486353), (0, 19.6728344596407), (0, 19.420712101750684), (0, 19.1724785138599), (0, 18.928062202692015), (0, 18.68739328945197), (0, 18.450403475880698), (0, 18.217026008252812), (0, 17.98719563786185), (0, 17.760848591563896), (0, 17.53792253617982), (0, 17.31835654592774), (0, 17.10209106552115), (0, 16.88906789319984), (0, 16.679230124321485), (0, 16.47252214927454), (0, 16.268889607957373), (0, 16.06827937056731), (0, 15.870639500462909), (0, 15.67591923044541), (0, 15.484068940823233), (0, 15.295040128691488), (0, 15.108785379994288), (0, 14.925258349117867), (0, 14.744413726026936), (0, 14.566207224144488), (0, 14.390595542716389), (0, 14.21753634985037), (0, 14.046988252272316), (0, 13.878910783187546), (0, 13.713264364529712), (0, 13.550010296435143), (0, 13.389110727175625), (0, 13.23052863351425), (0, 13.074227801376933), (0, 12.920172800423208), (0, 12.768328964080148), (0, 12.61866237103804), (0, 12.471139824026196), (0, 12.325728832331391), (0, 12.182397587306294), (0, 12.041114949749208), (0, 11.901850429307776), (0, 11.764574167680085), (0, 11.629256920922925), (0, 11.495870044456648), (0, 11.36438546943298), (0, 11.234775696620618), (0, 11.107013778174437), (0, 10.98107329754638), (0, 10.856928360016871), (0, 10.734553575032773), (0, 10.61392404510313), (0, 10.4950153522392), (0, 10.377803538035389), (0, 10.262265097170207), (0, 10.148376965974876), (0, 10.036116502084301), (0, 9.925461481692087), (0, 9.816390078581849), (0, 9.708880859892254), (0, 9.602912770434719), (0, 9.49846512466364), (0, 9.39551759189222), (0, 9.294050191359498), (0, 9.194043277881832), (0, 9.095477533972801), (0, 8.99833396094666), (0, 8.902593865652708), (0, 8.808238859216539), (0, 8.715250840834132), (0, 8.62361199396047), (0, 8.533304776991754), (0, 8.444311915794108), (0, 8.356616395209805), (0, 8.270201453788388), (0, 8.185050576711234), (0, 8.10114748586262), (0, 8.01847613825236), (0, 7.937020715248377), (0, 7.856765620970724), (0, 7.77769547296842), (0, 7.699795098798246), (0, 7.623049529375001), (0, 7.5474439940337845), (0, 7.472963917789603), (0, 7.399594913710736), (0, 7.3273227800609355), (0, 7.256133494475071), (0, 7.186013211621612), (0, 7.116948257423142), (0, 7.048925126808728), (0, 6.981930479094815), (0, 6.915951133569884), (0, 6.850974068275874), (0, 6.7869864143584735), (0, 6.723975454873444), (0, 6.661928620684453), (0, 6.600833487850968), (0, 6.540677774758), (0, 6.481449339799103), (0, 6.423136178693806), (0, 6.365726421778588), (0, 6.3092083321737), (0, 6.253570303226468), (0, 6.198800856546542), (0, 6.144888639960438), (0, 6.091822425313782), (0, 6.039591107001952), (0, 5.988183700102454), (0, 5.937589338205693), (0, 5.887797272270356), (0, 5.8387968684926355), (0, 5.7905776076565045), (0, 5.743129083279923), (0, 5.696440999396295), (0, 5.650503170617537), (0, 5.6053055195956905), (0, 5.560838076576425), (0, 5.5170909779179915), (0, 5.47405446498211), (0, 5.431718882951619), (0, 5.390074679788417), (0, 5.349112405227584), (0, 5.308822709692925), (0, 5.269196343389143), (0, 5.230224155341745), (0, 5.191897091948824), (0, 5.15420619816429), (0, 5.117142613585794), (0, 5.080697574781738), (0, 5.044862410622559), (0, 5.009628545976105), (0, 4.97498749691149), (0, 4.940930872886383), (0, 4.907450374285982), (0, 4.8745377921382325), (0, 4.842185008906414), (0, 4.810383994418772), (0, 4.779126808475883), (0, 4.748405598205556), (0, 4.718212598763701), (0, 4.688540130561215), (0, 4.65938060227727), (0, 4.630726507276195), (0, 4.602570422197534), (0, 4.574905009348924), (0, 4.547723013830228), (0, 4.52101726535966), (0, 4.494780674384506), (0, 4.469006233997922), (0, 4.443687017572285), (0, 4.418816179898522), (0, 4.394386954923673), (0, 4.370392656950335), (0, 4.346826680035817), (0, 4.32368249371851), (0, 4.300953647145171), (0, 4.2786337675223365), (0, 4.25671655674115), (0, 4.235195792655744), (0, 4.214065330494123), (0, 4.193319097459171), (0, 4.172951098901277), (0, 4.152955410039876), (0, 4.133326182212945), (0, 4.114057637351878), (0, 4.095144069408136), (0, 4.0765798469776655), (0, 4.058359405332168), (0, 4.040477252275974), (0, 4.022927966429241), (0, 4.0057061935367955), (0, 3.988806649137769), (0, 3.9722241157471765), (0, 3.955953445591458), (0, 3.9399895557265303), (0, 3.9243274318216983), (0, 3.908962123357928), (0, 3.8938887470742403), (0, 3.8791024813268717), (0, 3.864598570863991), (0, 3.8503723251238493), (0, 3.836419115432658), (0, 3.822734373495106), (0, 3.8093135974789702), (0, 3.7961523422716175), (0, 3.7832462259857174), (0, 3.770590928082558), (0, 3.7581821866677316), (0, 3.7460157965509207), (0, 3.734087615878124), (0, 3.7223935562307933), (0, 3.7109295888204707), (0, 3.699691743019264), (0, 3.6886761011712914), (0, 3.6778788048389495), (0, 3.6672960497704534), (0, 3.6569240850276112), (0, 3.64675921539156), (0, 3.636797798943201), (0, 3.6270362468284927), (0, 3.617471021783878), (0, 3.608098639449896), (0, 3.598915667055035), (0, 3.5899187214694326), (0, 3.5811044699084174), (0, 3.572469631736085), (0, 3.5640109744994866), (0, 3.555725311980235), (0, 3.5476095110010686), (0, 3.539660481219419), (0, 3.531875181935009), (0, 3.524250617814328), (0, 3.5167838408632335), (0, 3.509471948481523), (0, 3.5023120820372826), (0, 3.4953014286711004), (0, 3.48843721829182), (0, 3.48171672537452), (0, 3.4751372664860227), (0, 3.468696201561663), (0, 3.4623909325037356), (0, 3.4562189005645645), (0, 3.450177591312196), (0, 3.4442645274437473), (0, 3.4384772737386333), (0, 3.4328134344515804), (0, 3.4272706519582905), (0, 3.4218466080073875), (0, 3.4165390201175825), (0, 3.4113456457814517), (0, 3.406264278345031), (0, 3.401292748950053), (0, 3.396428923476308), (0, 3.3916707038143827), (0, 3.3870160266937015), (0, 3.3824628649355617), (0, 3.3780092254412084), (0, 3.3736531457438588), (0, 3.3693927011055407), (0, 3.3652259965288556), (0, 3.3611511714785984), (0, 3.357166396455501), (0, 3.353269873380854), (0, 3.3494598356907375), (0, 3.345734548342961), (0, 3.3420923046572186), (0, 3.33853142863641), (0, 3.3350502750471724), (0, 3.331647225438549), (0, 3.3283206911285954), (0, 3.3250691125967937), (0, 3.3218909562567074), (0, 3.318784717813821), (0, 3.3157489190507765), (0, 3.3127821063683176), (0, 3.309882857347933), (0, 3.3070497704782635), (0, 3.3042814706587635), (0, 3.3015766100283943), (0, 3.2989338641838515), (0, 3.296351932344791), (0, 3.2938295394828203), (0, 3.291365432236372), (0, 3.288958381549245), (0, 3.2866071812529305), (0, 3.2843106466905674), (0, 3.2820676164336557), (0, 3.279876950893483), (0, 3.277737531817158), (0, 3.2756482614406397), (0, 3.2736080645097467), (0, 3.2716158836077844), (0, 3.2696706831734543), (0, 3.2677714476529656), (0, 3.265917181018432), (0, 3.2641069054931484), (0, 3.262339663177093), (0, 3.260614513813895), (0, 3.2589305363984895), (0, 3.2572868269765434), (0, 3.2556824993060482), (0, 3.2541166862526025), (0, 3.2525885362382825), (0, 3.251097214221713), (0, 3.249641902925813), (0, 3.248221800130854), (0, 3.2468361199229343), (0, 3.2454840935817977), (0, 3.2441649653259437), (0, 3.242877996333458), (0, 3.2416224619761107), (0, 3.2403976528655325), (0, 3.239202873309346), (0, 3.2380374417856945), (0, 3.236900690696087), (0, 3.235791966947093), (0, 3.234710630034353), (0, 3.233656053466452), (0, 3.232627622074061), (0, 3.2316247350476104), (0, 3.2306468039187886), (0, 3.229693251169931), (0, 3.228763512790136), (0, 3.227857035805413), (0, 3.2269732780962936), (0, 3.226111711131304), (0, 3.225271815526461), (0, 3.2244530842810617), (0, 3.22365502028916), (0, 3.2228771372931555), (0, 3.2221189585698777), (0, 3.2213800196608537), (0, 3.220659864168983), (0, 3.219958046123182), (0, 3.219274129765991), (0, 3.218607687618296), (0, 3.217958302062498), (0, 3.2173255658211697), (0, 3.216709078017817), (0, 3.216108447793637), (0, 3.2155232940798344), (0, 3.2149532417722635), (0, 3.214397925787932), (0, 3.213856988690604), (0, 3.2133300802183338), (0, 3.212816859061294), (0, 3.212316991102594), (0, 3.2118301489609355), (0, 3.211356013721124), (0, 3.210894273228644), (0, 3.210444621648421), (0, 3.2100067606565177), (0, 3.2095803991671894), (0, 3.2091652517284777), (0, 3.208761039866254), (0, 3.2083674914568796), (0, 3.2079843405975104), (0, 3.207611327940479), (0, 3.2072481986192622), (0, 3.2068947052062664), (0, 3.2065506048887986), (0, 3.2062156615596162), (0, 3.20588964351447), (0, 3.2055723249741614), (0, 3.2052634854232047), (0, 3.2049629094991148), (0, 3.2046703868842212), (0, 3.2043857116948384), (0, 3.2041086839012136), (0, 3.203839106790195), (0, 3.2035767896090603), (0, 3.2033215457221256), (0, 3.2030731929285787), (0, 3.2028315528944575), (0, 3.202596452103904), (0, 3.2023677210254435), (0, 3.202145193902816), (0, 3.2019287097131874), (0, 3.201718110939745), (0, 3.201513243066111), (0, 3.201313956485853), (0, 3.20112010493871), (0, 3.2009315452158558), (0, 3.2007481379538234), (0, 3.200569747345653), (0, 3.200396240421499), (0, 3.2002274882245145), (0, 3.20006336430244), (0, 3.1999037456534243), (0, 3.199748511921077), (0, 3.1995975461264012), (0, 3.199450734193287), (0, 3.1993079648828053), (0, 3.1991691297288254), (0, 3.1990341226039805), (0, 3.1989028404125137), (0, 3.1987751826453645), (0, 3.198651050963454), (0, 3.1985303499312803), (0, 3.1984129863952155), (0, 3.1982988692789154), (0, 3.198187910226426), (0, 3.1980800230039566), (0, 3.1979751236967267), (0, 3.197873130083381), (0, 3.197773962497068), (0, 3.19767754319541), (0, 3.197583796234127), (0, 3.197492648140552), (0, 3.197404026827832), (0, 3.1973178620235583), (0, 3.197234085583804), (0, 3.197152631133921), (0, 3.197073434026225), (0, 3.1969964310095214), (0, 3.196921560777683), (0, 3.1968487636296623), (0, 3.1967779811525663), (0, 3.196709156750596), (0, 3.1966422353189237), (0, 3.1965771632073388), (0, 3.1937983944836983), (0, 3.193131660398664), (0, 3.1931043544859574), (0, 3.1921077706034042), (0, 3.1911866750061177), (0, 3.190314907706396), (0, 3.1897061398876594), (0, 3.1894220289232953), (0, 3.189038305455372), (0, 3.1883292810371002), (0, 3.187494466971087), (0, 3.18672657166996), (0, 3.1860248256931714), (0, 3.18535804264491), (0, 3.1847308708465407), (0, 3.1841192825012388), (0, 3.1834947093246373), (0, 3.18290594720708), (0, 3.1824104667694715), (0, 3.181958550375123), (0, 3.18142684161794), (0, 3.180733759366967), (0, 3.1798870818120406), (0, 3.178915253227771), (0, 3.177794868492682), (0, 3.1764537924470995), (0, 3.174796750686613), (0, 3.172703454261205), (0, 3.1700369655584275), (0, 3.166736183986061), (0, 3.163195712479199), (0, 3.160201546728568), (0, 3.154729781465769), (0, 3.1507896247681466), (0, 3.1468557914518662), (0, 3.141883559575986), (0, 3.1380170182748555), (0, 3.1344602129439316), (0, 3.1307074847579153), (0, 3.127938461712861), (0, 3.1242371824708037), (0, 3.122503162552833), (0, 3.1200375263388533), (0, 3.117618001212255), (0, 3.116211269889095), (0, 3.1134422616153694), (0, 3.11316017017961), (0, 3.110958905895904), (0, 3.111129310072994), (0, 3.1098929608736485), (0, 3.109163527447072), (0, 3.1092148918919893), (0, 3.107903817102268), (0, 3.1083896449238626), (0, 3.1073730079065713), (0, 3.10738291706809), (0, 3.106642447226324), (0, 3.1050215337677862), (0, 3.1027222976904074), (0, 3.095822356725271), (0, 3.083104877341903), (0, 3.077990441528448), (0, 3.0709489015293223), (0, 3.0685889569283296), (0, 3.063014827492268), (0, 3.047590957194716), (0, 3.02457973167706), (0, 2.965583690706249), (0, 2.848914725326234), (0, 2.5449018359825213), (0, 2.397072645020819), (0, 2.338636637807305), (0, 2.3222255642956973), (0, 2.3278854865165934), (0, 2.3208641556717486), (0, 2.3076289308976206), (0, 2.2993393374901325), (0, 2.2991807528337636), (0, 2.303036015285736), (0, 2.3046378747955574), (0, 2.299775270573136), (0, 2.292902583257946), (0, 2.290468592634939), (0, 2.2926555650739573), (0, 2.2951711227947227), (0, 2.2950727145525285), (0, 2.292840780018585), (0, 2.290830692610554), (0, 2.290647923529346), (0, 2.291545066170874), (0, 2.2919963643472214), (0, 2.2916356404733818), (0, 2.29095736774824), (0, 2.290409865750929), (0, 2.2900429228072463), (0, 2.289718813369137), (0, 2.2893318915777603), (0, 2.2888892681366437), (0, 2.2884900404414616), (0, 2.288243841072853), (0, 2.2881797792545107), (0, 2.288212135718394), (0, 2.2882016131453295), (0, 2.288065337993448), (0, 2.2878344295366), (0, 2.2876133957460976), (0, 2.287492316608307), (0, 2.28748891464492), (0, 2.287551173766044), (0, 2.2876012241617065), (0, 2.2875847406708183), (0, 2.2874984093928106), (0, 2.28738455903167), (0, 2.287299561118622), (0, 2.287276501829154), (0, 2.287305899627023), (0, 2.2873464530607466), (0, 2.2873563938027055), (0, 2.28732087475382), (0, 2.2872561590616605), (0, 2.2871923012080835), (0, 2.2871514865500315), (0, 2.28713722243366), (0, 2.287137572041243), (0, 2.2871360848254305), (0, 2.287121986000864), (0, 2.287094435588852), (0, 2.2870603124959477), (0, 2.287028371034287), (0, 2.287003764333505), (0, 2.2869859214684634), (0, 2.286970334675723), (0, 2.2869523126275313), (0, 2.2869297990126065), (0, 2.2869036081239864), (0, 2.286875682802805), (0, 2.28684722740707), (0, 2.2868180474356086), (0, 2.286787079302063), (0, 2.286753253307473), (0, 2.2867159368797267), (0, 2.286674806155832), (0, 2.2866294630744624), (0, 2.286579176135404), (0, 2.2865228883002637), (0, 2.2864593688881465), (0, 2.286387281349039), (0, 2.28630503466948), (0, 2.286210484128371), (0, 2.286100688884102), (0, 2.2859718902776036), (0, 2.2858196717423844), (0, 2.2856390796905397), (0, 2.2854244532774874), (0, 2.285168763690196), (0, 2.2848622617545677), (0, 2.284490315603996), (0, 2.2840309463392394), (0, 2.283453485552961), (0, 2.2827186841273357), (0, 2.2817769893486988), (0, 2.280563655197762), (0, 2.2790007309324123), (0, 2.2770152451127), (0, 2.274557058756767), (0, 2.271647040517721), (0, 2.268450490871223), (0, 2.265247417150369), (0, 2.2623827397986918), (0, 2.260190676809816), (0, 2.25862499742107), (0, 2.257314612241215), (0, 2.2559654478310525), (0, 2.254535098422326), (0, 2.2531806405119554), (0, 2.251894626103745), (0, 2.2505319857921413), (0, 2.2492002423839845), (0, 2.2481203402611483), (0, 2.247104505654091), (0, 2.245866575855049), (0, 2.244593698906745), (0, 2.243496887919059), (0, 2.2423783652942846), (0, 2.2411948790988045), (0, 2.2401099307868644), (0, 2.2390505429732284), (0, 2.237890963577607), (0, 2.236695590084142), (0, 2.2354998102427732), (0, 2.234206415418473), (0, 2.2328117731742814), (0, 2.2313871118566286), (0, 2.2298758707623225), (0, 2.228210543816836), (0, 2.2264328977947416), (0, 2.2245954475700214), (0, 2.2226951887595883), (0, 2.220724756040405), (0, 2.218674247330323), (0, 2.216494553016675), (0, 2.214084811548949), (0, 2.211276538176878), (0, 2.207882116353446), (0, 2.2038577573681604), (0, 2.1995165051936483), (0, 2.1948946555100752), (0, 2.1896249137865698), (0, 2.1845114670567045), (0, 2.180094544740845), (0, 2.17645800523644), (0, 2.173720026844154), (0, 2.1717741039091454), (0, 2.1702643146113845), (0, 2.1688891781499144), (0, 2.167418649789065), (0, 2.16574752528022), (0, 2.1637863241827993), (0, 2.161350329552743), (0, 2.158339370335683), (0, 2.154484542558411), (0, 2.148982267041213), (0, 2.1411266979257673), (0, 2.1307657363113077), (0, 2.1164829438455186), (0, 2.094920379476812), (0, 2.059750091325685), (0, 2.01467775779811), (0, 2.002808678385321), (0, 1.8343065558179366), (0, 1.8757992180551133), (0, 1.9543456586483268), (0, 1.8252659138775478), (0, 1.6337269640274286), (0, 1.7093333734495384), (0, 2.1316037657135305), (0, 2.1160619283335778), (0, 1.6841859584074703), (0, 1.6973836213680602), (0, 1.6633031338427549), (0, 1.453460602538944), (0, 1.4178539421333949), (0, 1.507315957880077), (0, 1.5332294783365903), (0, 1.3574110508806756), (0, 1.1826885097062243), (0, 1.2423368549052276), (0, 1.25565020312206), (0, 1.1310545027391103), (0, 1.1185886066790036), (0, 1.1585054786358027), (0, 1.1001657935204823), (0, 1.0188469490793457), (0, 1.0426229190130105), (0, 1.0113465649081497), (0, 0.9178263438652815), (0, 0.9416859074436064), (0, 0.919198895522713), (0, 0.8440022910660656), (0, 0.8550714645504693), (0, 0.815461793125613), (0, 0.7578971588069938), (0, 0.7685203543597917), (0, 0.7304936176037292), (0, 0.6956700615115867), (0, 0.6921167571837402), (0, 0.6382794222118768), (0, 0.627673249140114), (0, 0.598533541390176), (0, 0.5775275698698784), (0, 0.5413910852547344), (0, 0.5192553465096231), (0, 0.4925069552515906), (0, 0.4794672648920884), (0, 0.4519402447401794), (0, 0.41737647609345885), (0, 0.3899861694043985), (0, 0.3740530308092167), (0, 0.34008744193612656), (0, 0.31112090324833985), (0, 0.298568911049086), (0, 0.27529147455152403), (0, 0.24752685963757715), (0, 0.23207512742449596), (0, 0.2189531281986355), (0, 0.204670956297056), (0, 0.19345318322255062), (0, 0.1805714414140151), (0, 0.17304162653652347), (0, 0.16220033031489062), (0, 0.1533848135989178), (0, 0.14737429126219986), (0, 0.14172469877755173), (0, 0.1348014513232949), (0, 0.12954668589691232), (0, 0.12625430524867903), (0, 0.12113164555576597), (0, 0.11553580565379563), (0, 0.11227860268255375), (0, 0.10977049055909845), (0, 0.10444312376934815), (0, 0.10087569096832179), (0, 0.09823354135242315), (0, 0.09481642787164099), (0, 0.09065368806634506), (0, 0.08848314788261614), (0, 0.08576758630103093), (0, 0.08231464078532387), (0, 0.07905580698120986), (0, 0.07643761186717088), (0, 0.07331435311224184), (0, 0.07050783689039636), (0, 0.06840484086840029), (0, 0.06642489014105986), (0, 0.06434109314183244), (0, 0.06283253391653182), (0, 0.06121407938150521), (0, 0.059450928026421844), (0, 0.05781211864472636), (0, 0.056432318289379134), (0, 0.05470083847795285), (0, 0.05321856405783341), (0, 0.0518199433839856), (0, 0.05032312648674157), (0, 0.04895133322455368), (0, 0.04767892868115192), (0, 0.04632470266543277), (0, 0.0450059655926844), (0, 0.04389153814633672), (0, 0.04266556520369916), (0, 0.041515028967680265), (0, 0.04050646646790422), (0, 0.03944164293607292), (0, 0.038378851646928114), (0, 0.03739323347448988), (0, 0.03644342717174063), (0, 0.03549137973967582), (0, 0.03461686337955292), (0, 0.03374314416560767), (0, 0.032860666460749186), (0, 0.0320620155589147), (0, 0.031276841685650605), (0, 0.030506771611734214), (0, 0.029797855397710453), (0, 0.029106233200953752), (0, 0.02843894615000099), (0, 0.02782340949434823), (0, 0.027228721296193414), (0, 0.026628057364546043), (0, 0.026053599725799556), (0, 0.025496765673668494), (0, 0.02495762992449401), (0, 0.024442939243929318), (0, 0.02394734463340103), (0, 0.023480338384104883), (0, 0.023041904085962468), (0, 0.02261051006322061), (0, 0.02219686141286406), (0, 0.021803145447305255), (0, 0.02141223216963689), (0, 0.021038604649206358), (0, 0.02068130373490939), (0, 0.02032892131807766), (0, 0.019993969486681577), (0, 0.019670287764263293), (0, 0.019348978721315614), (0, 0.01904035599483263), (0, 0.018738418716742238), (0, 0.01844067411743269), (0, 0.01815292691702712), (0, 0.01787196503560798), (0, 0.01759675558127253), (0, 0.017327199203514245), (0, 0.017063752073162262), (0, 0.01680718664898409), (0, 0.01655260352747568), (0, 0.016302262610619872), (0, 0.01605512321756018), (0, 0.015805733775820962), (0, 0.015556417766465953), (0, 0.015302890827123893), (0, 0.01504336045843109), (0, 0.014782579330564828), (0, 0.014526561779770795), (0, 0.01428361079462049), (0, 0.014055921119553625), (0, 0.013842177157819671), (0, 0.01363445706697125), (0, 0.013433578313801858), (0, 0.013264980304898633), (0, 0.013140511246336757), (0, 0.013140907651674671), (0, 0.01308811902883067), (0, 0.013158693492852633), (0, 0.01274474863800096), (0, 0.012342816128747013), (0, 0.011866254725213868), (0, 0.011630629034822832), (0, 0.011603754054707226), (0, 0.011581779486800685), (0, 0.011513747379383243), (0, 0.011207662141979385), (0, 0.010910239129683164), (0, 0.010678539837787056), (0, 0.010550448203940228), (0, 0.010485596184994627), (0, 0.010397520584142003), (0, 0.010281766503975154), (0, 0.010107657456521552), (0, 0.009917376524424702), (0, 0.00975018612636842), (0, 0.009628409564844134), (0, 0.009546458229473363), (0, 0.009478626985802641), (0, 0.00939475155005515), (0, 0.009280246496303293), (0, 0.009141078089129489), (0, 0.009004710247502115), (0, 0.00888697010417578), (0, 0.008792197812376707), (0, 0.008714375506137923), (0, 0.00864285502442217), (0, 0.00857020686942063), (0, 0.008492499429740487), (0, 0.008408953976007053), (0, 0.008319598684523024), (0, 0.008224692098733428), (0, 0.008128265613878114), (0, 0.00803180236674886), (0, 0.007937763647045746), (0, 0.0078412589375936), (0, 0.007744591332539826), (0, 0.007640326715155736), (0, 0.007539176182341495), (0, 0.007438795098495508), (0, 0.007366454947250172), (0, 0.00739657445972464), (0, 0.007610731535502565), (0, 0.008297286137803554), (0, 0.009083678854950837), (0, 0.009774038153518235), (0, 0.00879887364699214), (0, 0.007248860363646168), (0, 0.0067338298686707345), (0, 0.007730581240795555), (0, 0.009111806217700497), (0, 0.009174809066796701), (0, 0.00755769083123937), (0, 0.0065997276280767864), (0, 0.008235045170768718), (0, 0.009866236144574238), (0, 0.009496429529185845), (0, 0.0074578153747427295), (0, 0.006996098245743815), (0, 0.008698904136596195), (0, 0.00827182757201177), (0, 0.00656446283506186), (0, 0.006566299481262128), (0, 0.0068206647466393985), (0, 0.006341282707357555), (0, 0.006149464641128663), (0, 0.0061970923799958754), (0, 0.00637623023494931), (0, 0.005939826838161874), (0, 0.0058019673512360245), (0, 0.006175893724420914), (0, 0.0057456294026773085), (0, 0.005476455903774384), (0, 0.005808298054665332), (0, 0.005505060902832631), (0, 0.005351235981150528), (0, 0.005577896765703484), (0, 0.005352489522172681), (0, 0.005245207969699802), (0, 0.00533242733538598), (0, 0.005164386008768772), (0, 0.0051230641066480195), (0, 0.005137015404053032), (0, 0.005035412267582605), (0, 0.005001518893519595), (0, 0.004971073707190269), (0, 0.004922330708418367), (0, 0.00487986768475551), (0, 0.00481872344428105), (0, 0.004816701015293542), (0, 0.004768801750525364), (0, 0.0047002388271071074), (0, 0.0047148671844119226), (0, 0.004669321785507255), (0, 0.00459771575529586), (0, 0.004602642328916124), (0, 0.00456367377111191), (0, 0.004505819137029553), (0, 0.004492126039340454), (0, 0.004456816924574673), (0, 0.004411578484739294), (0, 0.004374006035504863), (0, 0.004343348729059698), (0, 0.004311606802608275), (0, 0.004260845433273406), (0, 0.8974418499548308), (0, 0.3352347396565922), (0, 0.32164544771524967), (0, 0.3022740055846316), (0, 0.2654912017274675), (0, 0.3660197833450023), (0, 0.40466317508351457), (0, 0.3099678717800289), (0, 0.20201246132454737), (0, 0.15930654158361235), (0, 0.16819159358070446), (0, 0.17685984729637413), (0, 0.15785800566546318), (0, 0.12816906837687048), (0, 0.11587712249185524), (0, 0.12313271070084794), (0, 0.1285139416213487), (0, 0.11659162343276461), (0, 0.09363678790904904), (0, 0.07732280766227309), (0, 0.07572271414138934), (0, 0.07993993458852144), (0, 0.07853015260506067), (0, 0.07029175859778437), (0, 0.0613218658714762), (0, 0.05581427534326329), (0, 0.051779576504708914), (0, 0.04521813454554104), (0, 0.03728106941487875), (0, 0.03479752473937777), (0, 0.038450014366517266), (0, 0.03526130819149304), (0, 0.023901392162067072), (0, 0.018139396878253184), (0, 0.019503932980374238), (0, 0.020332380154672872), (0, 0.017153380647482307), (0, 0.012868963131889028), (0, 0.012402418362738962), (0, 0.014652145185673635), (0, 0.01194512053861048), (0, 0.008224821226958182), (0, 0.010322678585719775), (0, 0.012448975879258126), (0, 0.010448577291972756), (0, 0.008967112475369483), (0, 0.009956638788948537), (0, 0.009029992953430703), (0, 0.00734433256344744), (0, 0.007772573258150195), (0, 0.008754976489506192), (0, 0.008477642619851823), (0, 0.007352412130577344), (0, 0.00673248184987809), (0, 0.006777448782015839), (0, 0.006469679500925344), (0, 0.005892267322421414), (0, 0.005924272423795049), (0, 0.006119874354972393), (0, 0.005683235002188755), (0, 0.0051491542148698576), (0, 0.005196383959550077), (0, 0.005259860910664931), (0, 0.004953894611510569), (0, 0.004776547776789143), (0, 0.004777270686024255), (0, 0.004611559822262909), (0, 0.004407488255172907), (0, 0.004475911649715826), (0, 0.004616783207081002), (0, 0.004533893174482595), (0, 0.004412028483142176), (0, 0.004400492225830977), (0, 0.004339959974348177), (0, 0.0042050101089494436), (0, 0.004147123121468274), (0, 0.004132666755555656), (0, 0.004031455873544463), (0, 0.003928816616783169), (0, 0.003922629780529177), (0, 0.003917221236373626), (0, 0.003863250138530394), (0, 0.0038385144219977166), (0, 0.003830501940956174), (0, 0.003780841075107804), (0, 0.003743001118917951), (0, 0.0037455254674306233), (0, 0.0037292532441657662), (0, 0.0036878127547408813), (0, 0.003663456190971466), (0, 0.0036436558312328026), (0, 0.0036068094529432128), (0, 0.0035804308659341294), (0, 0.00356885336461112), (0, 0.0035438387127771716), (0, 0.003514332577219631), (0, 0.0034990782620194115), (0, 0.003481589350750255), (0, 0.0034567223966992552), (0, 0.00343971171682334), (0, 0.0034240561199442962), (0, 0.0034015009475395364), (0, 0.003383787856581515), (0, 0.0033717861607723584), (0, 0.0033548699469459924), (0, 0.003337376109543507), (0, 0.0033236547057335455), (0, 0.0033072174186699584), (0, 0.0032899186969000504), (0, 0.00327704572774959), (0, 0.003263741400785263), (0, 0.003248156310143932), (0, 0.003234534781822944), (0, 0.0032209764544946806), (0, 0.0032055736242197017), (0, 0.0031917250907566885), (0, 0.0031788274430679885), (0, 0.0031645937510445324), (0, 0.003151307344153845), (0, 0.0031392933670031284), (0, 0.0031265462522304054), (0, 0.003114135845968475), (0, 0.00310247134516445), (0, 0.0030900519141599655), (0, 0.0030777686040122185), (0, 0.003066444775738075), (0, 0.0030548905917379405), (0, 0.0030432883439827194), (0, 0.0030321909494486904), (0, 0.003020842377261245), (0, 0.003009518195960062), (0, 0.0029987920762086333), (0, 0.002988021231344014), (0, 0.0029771983748437723), (0, 0.0029667629925174666), (0, 0.002956357350280746), (0, 0.002946000096315986), (0, 0.0029359678782351563), (0, 0.0029259133250170316), (0, 0.0029158465544199363), (0, 0.002906061595269534), (0, 0.002896349191569679), (0, 0.002886668973225915), (0, 0.0028771594064484485), (0, 0.0028676583956646217), (0, 0.002858216491693118), (0, 0.0028489888345812737), (0, 0.0028398272450464593), (0, 0.002830714115801306), (0, 0.002821727846841348), (0, 0.002812784893853444), (0, 0.002803920324061369), (0, 0.0027951828831515174), (0, 0.002786480920814596), (0, 0.0027778438370286407), (0, 0.002769318526387165), (0, 0.00276085119036736), (0, 0.002752458533192236), (0, 0.0027441428163554327), (0, 0.0027358621592410352), (0, 0.002727657263868423), (0, 0.0027195368087181496), (0, 0.0027114651734319963), (0, 0.002703457885996648), (0, 0.002695510124104056), (0, 0.0026876106662166626), (0, 0.0026797819408450265), (0, 0.0026720111016390333), (0, 0.002664285613825943), (0, 0.0026566216524802886), (0, 0.0026490115796464647), (0, 0.0026414526705422405), (0, 0.00263394986338341), (0, 0.0026264899012562806), (0, 0.002619076784722052), (0, 0.0026117171737518046), (0, 0.002604402483020858), (0, 0.002597133947787999), (0, 0.002589911062140182), (0, 0.0025827296268970683), (0, 0.0025755951663717753), (0, 0.0025685050519870106), (0, 0.0025614546301950102), (0, 0.0025544467508926793), (0, 0.002547478979318411), (0, 0.0025405510990272467), (0, 0.0025336637648778193), (0, 0.002526813498870009), (0, 0.0025200007611887562), (0, 0.0025132265285480494), (0, 0.0025064886786848426), (0, 0.0024997870515090677), (0, 0.0024931207219928775), (0, 0.0024864886682793652), (0, 0.0024798917951291905), (0, 0.002473328983107377), (0, 0.0024667990203057787), (0, 0.0024603020609253803), (0, 0.002453837356058875), (0, 0.002447404720990614), (0, 0.0024410036619209267), (0, 0.0024346330518459475), (0, 0.0024282931014013346), (0, 0.002421983306144768), (0, 0.002415703349373483), (0, 0.002409452705503816), (0, 0.002403230561727854), (0, 0.0023970367988389784), (0, 0.0023908712472386923), (0, 0.0023847332453695957), (0, 0.002378622596176828), (0, 0.0023725388932542787), (0, 0.0023664818141309538), (0, 0.0023604512082143715), (0, 0.0023544465359019865), (0, 0.0023484675199898315), (0, 0.0023425136394797106), (0, 0.0023365847950019523), (0, 0.002330680762138777), (0, 0.002324801162288487), (0, 0.0023189457115827005), (0, 0.002313114242561726), (0, 0.0023073061436127457), (0, 0.002301521463561956), (0, 0.0022957596582427915), (0, 0.002290020745540823), (0, 0.0022843045471840203), (0, 0.002278610498451233), (0, 0.002272938641359913), (0, 0.002267288483202452), (0, 0.0022616600570537194), (0, 0.0022560528876210315), (0, 0.0022504670221469452), (0, 0.0022449019683286322), (0, 0.0022393575509410363), (0, 0.0022338338392430155), (0, 0.0022283303678261365), (0, 0.0022228469454652192), (0, 0.0022173836587283395), (0, 0.0022119400651827202), (0, 0.0022065159724092304), (0, 0.0022011112052936817), (0, 0.002195725593898613), (0, 0.0021903589626936365), (0, 0.002185011428528804), (0, 0.0021796825452949265), (0, 0.002174372155161685), (0, 0.0021690801109237184), (0, 0.0021638062585704844), (0, 0.0021585504536955863), (0, 0.0021533125478731324), (0, 0.0021480923995782514), (0, 0.002142889869793527), (0, 0.0021377048171957636), (0, 0.0021325368336159367), (0, 0.0021273860555766273), (0, 0.00212225235136804), (0, 0.002117135594491541), (0, 0.00211203565808907), (0, 0.0021069521472982878), (0, 0.002101885214976025), (0, 0.0020968347415118863), (0, 0.0020918003410592616), (0, 0.002086782167358986), (0, 0.0020817801093855216), (0, 0.0020767937831878865), (0, 0.002071823348346203), (0, 0.002066868428408596), (0, 0.0020619291839176794), (0, 0.002057005241502946), (0, 0.0020520967674746075), (0, 0.0020472033930654856), (0, 0.0020423252861701555), (0, 0.002037462082877114), (0, 0.00203261395486326), (0, 0.0020277805390431633), (0, 0.002022961743698572), (0, 0.002018157740710271), (0, 0.0020133681723078054), (0, 0.0020085929505181534), (0, 0.0020038319857457686), (0, 0.0019990854536460797), (0, 0.001994353005410844), (0, 0.0019896345562542173), (0, 0.0019849300242880063), (0, 0.0019802393257095366), (0, 0.0019755623805391876), (0, 0.001970899109644535), (0, 0.0019662496924504093), (0, 0.001961613789888935), (0, 0.001956991323225254), (0, 0.0019523822157941776), (0, 0.0019477863933717926), (0, 0.0019432037799375311), (0, 0.0019386340423053802), (0, 0.001934077367337314), (0, 0.001929533681708722), (0, 0.0019250029164832136), (0, 0.0019204849998061557), (0, 0.0019159798617574945), (0, 0.0019114874345433396), (0, 0.0019070073927813101), (0, 0.0019025399264801684), (0, 0.0018980849674158455), (0, 0.00189364244942488), (0, 0.001889212051115955), (0, 0.0018847939640861413), (0, 0.0018803881242685898), (0, 0.0018759942132987974), (0, 0.0018716124239227083), (0, 0.0018672426939598588), (0, 0.0018628847081080433), (0, 0.0018585386613580127), (0, 0.0018542042390485597), (0, 0.0018498816370422413), (0, 0.001845570542674091), (0, 0.0018412711512987045), (0, 0.001836983154715385), (0, 0.0018327067466789907), (0, 0.0018284416212283887), (0, 0.0018241877241940681), (0, 0.0018199452529156033), (0, 0.00181571390354152), (0, 0.0018114938756064805), (0, 0.001807284866164715), (0, 0.001803086825309517), (0, 0.0017988999530395024), (0, 0.0017947239525681214), (0, 0.001790558775336136), (0, 0.0017864043750928885), (0, 0.0017822609532726135), (0, 0.0017781282182536312), (0, 0.0017740061280783288), (0, 0.001769894639516945), (0, 0.001765793711616834), (0, 0.0017617035507964238), (0, 0.0017576238715673622), (0, 0.0017535546364552468), (0, 0.0017494958092040115), (0, 0.0017454473547463326), (0, 0.0017414092392917264), (0, 0.0017373814303050313), (0, 0.0017333638951130118), (0, 0.0017293566047501027), (0, 0.0017253595301865547), (0, 0.0017213726434701726), (0, 0.0017173959177551243), (0, 0.0017134293261445816), (0, 0.0017094728450324909), (0, 0.001705526449308818), (0, 0.001701590116005512), (0, 0.0016976638239029295), (0, 0.001693747551417445), (0, 0.0016898410364184987), (0, 0.0016859444987698123), (0, 0.0016820579181291604), (0, 0.0016781812743144012), (0, 0.0016743145463770392), (0, 0.0016704577153463418), (0, 0.0016666105220669999), (0, 0.0016627731858507868), (0, 0.0016589456860089775), (0, 0.0016551280013256066), (0, 0.0016513198733346202), (0, 0.0016475215160099963), (0, 0.0016437329062704302), (0, 0.0016399537833436141), (0, 0.0016361843600729926), (0, 0.00163242461200547), (0, 0.0016286742755206509), (0, 0.001624933559854078), (0, 0.0016212022011503615), (0, 0.0016174804061663748), (0, 0.0016137681457372296), (0, 0.0016100651529978058), (0, 0.0016063716311117973), (0, 0.0016026873131088806), (0, 0.00159901239996054), (0, 0.0015953466236624401), (0, 0.0015916901821996096), (0, 0.0015880428078313311), (0, 0.0015844044640968048), (0, 0.0015807753483455668), (0, 0.0015771551913249214), (0, 0.001573544187901796), (0, 0.0015699420686996648), (0, 0.0015663487973234622), (0, 0.0015627645651379327), (0, 0.0015591891029816977), (0, 0.0015556223741163778), (0, 0.0015520645699534387), (0, 0.0015485154230863972), (0, 0.001544974895979601), (0, 0.0015414429510987031), (0, 0.0015379197790279344), (0, 0.0015344051142100073), (0, 0.001530898919750708), (0, 0.001527401158980036), (0, 0.0015239117956197864), (0, 0.0015204310210857788), (0, 0.001516958571620102), (0, 0.0015134944109296531), (0, 0.001510038504917519), (0, 0.0015065908179763916), (0, 0.001503151316884797), (0, 0.0014997199667045982), (0, 0.0014962967358894735), (0, 0.001492881590403845), (0, 0.00148947449746488), (0, 0.001486075424725573), (0, 0.0014826843392980447), (0, 0.0014793012105784346), (0, 0.001475926007290063), (0, 0.0014725586976801744), (0, 0.0014691992532881338), (0, 0.0014658476429525473), (0, 0.0014625038369785559), (0, 0.0014591678059505879), (0, 0.0014558395208313169), (0, 0.0014525189528842575), (0, 0.0014492060736899033), (0, 0.0014459008551800205), (0, 0.001442603269632023), (0, 0.001439313289547422), (0, 0.0014360306671079189), (0, 0.0014327555965988703), (0, 0.0014294880514782481), (0, 0.0014262280053788609), (0, 0.0014229754322174013), (0, 0.0014197303062062664), (0, 0.0014164923827119469), (0, 0.0014132618560605851), (0, 0.0014100387011655399), (0, 0.0014068228931503736), (0, 0.0014036141894484644), (0, 0.0014004127841849242), (0, 0.0013972186531511451), (0, 0.0013940317732671612), (0, 0.0013908519029716129), (0, 0.0013876792360884905), (0, 0.001384513748364455), (0, 0.0013813554174706216), (0, 0.0013782040054851532), (0, 0.0013750597050338903), (0, 0.0013719224934828143), (0, 0.0013687921333141262), (0, 0.0013656688177942162), (0, 0.00136255231021926), (0, 0.0013594428036944062), (0, 0.001356340277307926), (0, 0.0013532444947878639), (0, 0.001350155647986324), (0, 0.0013470737164764093), (0, 0.001343998466093047), (0, 0.001340930090192173), (0, 0.0013378683545435593), (0, 0.0013348134514244608), (0, 0.0013317651492013526), (0, 0.001328723639003905), (0, 0.001325688899670569), (0, 0.0013226607007706648), (0, 0.0013196392340866171), (0, 0.001316624269100799), (0, 0.001313615997281805), (0, 0.0013106141898497827), (0, 0.0013076190380671988), (0, 0.0013046303122035458), (0, 0.0013016482033656235), (0, 0.0012986724826570852), (0, 0.0012957033417969853), (0, 0.0012927405536072604), (0, 0.0012897843087476182), (0, 0.0012868343817071357), (0, 0.0012838907543354194), (0, 0.0012809536169972498), (0, 0.0012780227446137816), (0, 0.001275098327383484), (0, 0.0012721801419534784), (0, 0.0012692683766975029), (0, 0.0012663628091108923), (0, 0.0012634634238973255), (0, 0.0012605704100897613), (0, 0.001257683544761699), (0, 0.0012548030185219692), (0, 0.0012519286110152838), (0, 0.0012490603062891368), (0, 0.0012461982947190896), (0, 0.0012433423556129722), (0, 0.0012404924735638072), (0, 0.0012376488388512307), (0, 0.0012348112330028901), (0, 0.0012319796412328422), (0, 0.0012291542545279095), (0, 0.001226334854894827), (0, 0.0012235214298210086), (0, 0.0012207141676617381), (0, 0.001217912852632442), (0, 0.001215117472001544), (0, 0.001212328214812657)]