Model Setup for {PATIENT_GROUPS} Trained Network:

RNN Network Architecture Parameters
Input channels=1
Hidden channels=128
Output channels=4

Training hyperparameters
Optimizer=AdamW (
Parameter Group 0
    amsgrad: False
    betas: (0.9, 0.999)
    capturable: False
    differentiable: False
    eps: 1e-08
    foreach: None
    fused: None
    lr: 0.001
    maximize: False
    weight_decay: 1e-06
)Training Iterations=3000
Learning rate=0.001
Weight decay=1e-06
Optimizer reset frequency=1000

Dropout probability (after initial linear layer before NCDE): 0.0
Training Data Selection Parameters
(If not virtual, the only important params are the groups and whether data was normalized/standardized)
Patient groups=['Atypical']
Augmentation strategy=Uniform
Noise Magnitude=0.05
Normalized/standardized=None
Number of virtual patients per real patient=1
Label smoothing factor=0
Test Patient Combinations:
Control: None
MDD: None
Training batch size=1
Training Results:
Runtime=13.402715921401978
Loss over time=[(0, 4.407542780420165), (0, 4.057778441049435), (0, 3.99017668350419), (0, 3.9403867703373883), (0, 3.9103377310182617), (0, 3.8856815073200814), (0, 3.8608958435179694), (0, 3.8351062372461975), (0, 3.8083155343666464), (0, 3.780666963739913), (0, 3.752309432437064), (0, 3.723370622895491), (0, 3.6939523314354985), (0, 3.6641318879733555), (0, 3.6339656560357234), (0, 3.603493013926384), (0, 3.5727400230607524), (0, 3.54172239361535), (0, 3.5104475977984886), (0, 3.4789161809044225), (0, 3.447122408816879), (0, 3.415054354472003), (0, 3.382693517321854), (0, 3.3500141175796467), (0, 3.316982156034951), (0, 3.2835548575021782), (0, 3.249682188673951), (0, 3.2153134730228152), (0, 3.1804134231421815), (0, 3.1449900556952124), (0, 3.1091418111082585), (0, 3.073492753185835), (0, 3.0378517262272458), (0, 3.0024358277235694), (0, 2.967358132610361), (0, 2.932609044884686), (0, 2.8981040343057174), (0, 2.8637434311370957), (0, 2.8294477206759376), (0, 2.795160888023406), (0, 2.760960406240555), (0, 2.726798752266887), (0, 2.6953741031576075), (0, 2.666149233935985), (0, 2.6386337743989956), (0, 2.6116240487371036), (0, 2.5856588399132727), (0, 2.5637859071844824), (0, 2.5348132104257846), (0, 2.5092660910830986), (0, 2.4781401116026065), (0, 2.4534282861285313), (0, 2.4289254502061413), (0, 2.405711196578801), (0, 2.3845892732488334), (0, 2.3637568084968246), (0, 2.344914600861397), (0, 2.327651351575897), (0, 2.3115692383881523), (0, 2.2964259714097217), (0, 2.2811395288900043), (0, 2.265729971641873), (0, 2.2509102729918675), (0, 2.236360172472475), (0, 2.221931351485364), (0, 2.2076247085368634), (0, 2.194242572473432), (0, 2.181602162706509), (0, 2.16895545968607), (0, 2.1567820977792085), (0, 2.144585762054867), (0, 2.1323629491196296), (0, 2.120110001110566), (0, 2.10782296964463), (0, 2.0946808063678444), (0, 2.083990758780565), (0, 2.0746316688466115), (0, 2.0656607334178005), (0, 2.056629786302912), (0, 2.0474147572736365), (0, 2.0382745291024915), (0, 2.02943249071429), (0, 2.020694715571009), (0, 2.012542218201016), (0, 2.004433331231451), (0, 1.996303850622685), (0, 1.9882368873982794), (0, 1.9805275019190554), (0, 1.9730175707032005), (0, 1.9652647255426068), (0, 1.9572602987625103), (0, 1.9490861825457653), (0, 1.9412698040331782), (0, 1.9334220824064574), (0, 1.9254617232276405), (0, 1.9174122088698453), (0, 1.909298275612846), (0, 1.901207259523503), (0, 1.8933361304576368), (0, 1.8854715693249045), (0, 1.8774502631637988), (0, 1.8692857789214141), (0, 1.8614340948595367), (0, 1.8538168352986113), (0, 1.8459834897637912), (0, 1.8380330448747377), (0, 1.8302238667231834), (0, 1.8223663669667236), (0, 1.814390424052485), (0, 1.806353165984309), (0, 1.7983045387374665), (0, 1.7902949961487966), (0, 1.7822106620027984), (0, 1.7741251324018372), (0, 1.7661362122449873), (0, 1.7603820921850988), (0, 1.7547226882141056), (0, 1.7490979833320066), (0, 1.7435669904573494), (0, 1.7381040027105041), (0, 1.7328952511804177), (0, 1.7277766031186215), (0, 1.7227279413015564), (0, 1.717732262647901), (0, 1.7127299007188193), (0, 1.7077490147945849), (0, 1.7027749474595124), (0, 1.6978218577953554), (0, 1.6929501073127822), (0, 1.688109558850983), (0, 1.6832288458498545), (0, 1.678293398370186), (0, 1.6733045712816632), (0, 1.6683130997287756), (0, 1.6634778489810116), (0, 1.6585796793844307), (0, 1.653703042326672), (0, 1.6488292767863206), (0, 1.6439194671953021), (0, 1.6389312222347685), (0, 1.6340779389344016), (0, 1.6291357107073665), (0, 1.624298754911446), (0, 1.6195661690126455), (0, 1.6147550307327099), (0, 1.609847671931229), (0, 1.6049071278082063), (0, 1.5999222779634397), (0, 1.5949274976475576), (0, 1.5899527175043109), (0, 1.5850469375197331), (0, 1.5800590756866564), (0, 1.575127753280198), (0, 1.570276974483569), (0, 1.5654178317698766), (0, 1.5605595257862084), (0, 1.5556775974928083), (0, 1.5508605514109035), (0, 1.5464170657388692), (0, 1.5417867659923619), (0, 1.537436066279025), (0, 1.5329768734946367), (0, 1.5284469235772216), (0, 1.5238896998174123), (0, 1.5192977868261934), (0, 1.516402542773875), (0, 1.5135849480055434), (0, 1.5108806851056422), (0, 1.5082836017324832), (0, 1.5059040491848363), (0, 1.5032601081407082), (0, 1.5009941541136436), (0, 1.4989468856963322), (0, 1.496738498228229), (0, 1.4947723179725396), (0, 1.4926979171712287), (0, 1.490621051486827), (0, 1.4887279444020818), (0, 1.4867130621383302), (0, 1.4848957944249686), (0, 1.483135338357256), (0, 1.4813253754550966), (0, 1.4797915352597402), (0, 1.478457281051356), (0, 1.4770081008380764), (0, 1.4754253375078528), (0, 1.4737309896111803), (0, 1.4724615226514666), (0, 1.4704977669737997), (0, 1.4690165753379805), (0, 1.4676757417606763), (0, 1.46618536905945), (0, 1.4649611520368775), (0, 1.4638893505559116), (0, 1.4624221059243325), (0, 1.460850495327942), (0, 1.4591707165544163), (0, 1.4577987506450336), (0, 1.4561688581421572), (0, 1.4546891317673707), (0, 1.4534929045758411), (0, 1.4520464128374997), (0, 1.4508961216747331), (0, 1.4493135564471777), (0, 1.4480234788333397), (0, 1.4464947510893311), (0, 1.445576191410396), (0, 1.4440415140301945), (0, 1.4430613045700855), (0, 1.4420548556237596), (0, 1.441014860377725), (0, 1.439787671565253), (0, 1.4384623607333091), (0, 1.43788874921613), (0, 1.4367978630848357), (0, 1.435409424343299), (0, 1.4344225421480938), (0, 1.4333493959949626), (0, 1.4323816448476567), (0, 1.4309610206032346), (0, 1.4299025280275162), (0, 1.4291749190238403), (0, 1.4279829267362734), (0, 1.4270145571491235), (0, 1.4256463070737486), (0, 1.425085361793697), (0, 1.4240087082491772), (0, 1.4225625814028762), (0, 1.421487429589984), (0, 1.4203945719423225), (0, 1.4190668784029379), (0, 1.4181985863654976), (0, 1.416960792398532), (0, 1.4160794264488734), (0, 1.4151181190980975), (0, 1.4138507646430984), (0, 1.4123910775644823), (0, 1.4118435171224315), (0, 1.410728259594388), (0, 1.4090589901435224), (0, 1.408029358441923), (0, 1.406781532053768), (0, 1.4058453847139627), (0, 1.4045305469722593), (0, 1.4034101332145705), (0, 1.4022345285890128), (0, 1.4011615475068322), (0, 1.3998441399410309), (0, 1.3989714609150872), (0, 1.397775874806196), (0, 1.3963044355501268), (0, 1.3953862994888024), (0, 1.3940594564681468), (0, 1.3925846274547404), (0, 1.391359443238722), (0, 1.390405981825277), (0, 1.3890439077020378), (0, 1.3878648967608627), (0, 1.3867697693850207), (0, 1.3852953095266962), (0, 1.384382977910407), (0, 1.3833204523002414), (0, 1.381982025168574), (0, 1.380436189373285), (0, 1.3803575844366474), (0, 1.3780256424548263), (0, 1.377023243052886), (0, 1.375800540359874), (0, 1.3741448697011929), (0, 1.373481691513366), (0, 1.3723271609814145), (0, 1.3706370523305416), (0, 1.36914745478976), (0, 1.368054692795909), (0, 1.3665733384118959), (0, 1.365186881062766), (0, 1.36377276146482), (0, 1.3627020608709213), (0, 1.3613776422033643), (0, 1.3597508648454177), (0, 1.3596458062607863), (0, 1.3569718027474014), (0, 1.3563796876925678), (0, 1.3553006086358552), (0, 1.3539630052085632), (0, 1.3522074102933344), (0, 1.3507209266809648), (0, 1.3494795505729869), (0, 1.3478077773285657), (0, 1.3463350624534993), (0, 1.3450970349455245), (0, 1.3434608195416429), (0, 1.3428338962101622), (0, 1.3407943770109467), (0, 1.339524238318437), (0, 1.3377843164349703), (0, 1.3370879748302735), (0, 1.3349628962512383), (0, 1.3341178761491812), (0, 1.3330320410926106), (0, 1.3315177928506172), (0, 1.329662970346784), (0, 1.3278413129674833), (0, 1.3265123081207164), (0, 1.3249149156983033), (0, 1.3232662771610282), (0, 1.3219200824235446), (0, 1.3202459569616047), (0, 1.3185973677902603), (0, 1.3169636693991877), (0, 1.3157781920272789), (0, 1.3144085692487313), (0, 1.3127304247534926), (0, 1.3109927225838427), (0, 1.3093405939841378), (0, 1.307886083219581), (0, 1.3065293876479966), (0, 1.3054763121668542), (0, 1.304486225479268), (0, 1.3034677074883976), (0, 1.3028989842247236), (0, 1.302050945260512), (0, 1.300917258638139), (0, 1.3001161550382228), (0, 1.299061117307921), (0, 1.2981425514169405), (0, 1.297091553883267), (0, 1.2960357585139444), (0, 1.2948974312425703), (0, 1.293919553743553), (0, 1.2931128665019598), (0, 1.2924191576750557), (0, 1.2916147270184768), (0, 1.2903768668746747), (0, 1.2891981333585523), (0, 1.2879937823189798), (0, 1.2864542975761009), (0, 1.2841551139754943), (0, 1.2802993820834558), (0, 1.2734525125421328), (0, 1.2697253232770802), (0, 1.2669855819242317), (0, 1.266370440292733), (0, 1.2649510167687075), (0, 1.2622892457264805), (0, 1.2582740302761906), (0, 1.2536188357108085), (0, 1.2489991248004066), (0, 1.2468919412469641), (0, 1.2453282004577755), (0, 1.240040694931018), (0, 1.2315550350039466), (0, 1.2250807450300383), (0, 1.2230145682644697), (0, 1.222952168591315), (0, 1.2221860024340832), (0, 1.2198371456759993), (0, 1.2161189309605132), (0, 1.2122524509713883), (0, 1.2093584873579657), (0, 1.2068450253558327), (0, 1.2050066611554164), (0, 1.2040107519594565), (0, 1.2027108370051103), (0, 1.2007429427176717), (0, 1.1983523689818205), (0, 1.1961473633648678), (0, 1.1936335950213492), (0, 1.1916215764569218), (0, 1.1899500887929684), (0, 1.188310914041192), (0, 1.1864516087457957), (0, 1.184688640980668), (0, 1.1823546648851126), (0, 1.179104367329582), (0, 1.174173590864053), (0, 1.1688986115631201), (0, 1.1657621569283791), (0, 1.164927956042613), (0, 1.1635181226436422), (0, 1.161013489970656), (0, 1.157059337284715), (0, 1.1500999266638519), (0, 1.1419204984107834), (0, 1.1367558661702482), (0, 1.1359279346568922), (0, 1.1352912625621399), (0, 1.1327674893974344), (0, 1.1299068685499039), (0, 1.1261588618574951), (0, 1.1222047638813388), (0, 1.1173007314805656), (0, 1.1103930339738617), (0, 1.1039128901643258), (0, 1.1004888631866165), (0, 1.099538180415762), (0, 1.0984275822331986), (0, 1.09583192450273), (0, 1.0916962224536173), (0, 1.08672325457269), (0, 1.0807845704239907), (0, 1.0756413434465881), (0, 1.073501052399874), (0, 1.072005728329564), (0, 1.0704962806752418), (0, 1.0675288039673798), (0, 1.0628753149918448), (0, 1.0568757879303872), (0, 1.0502810959902609), (0, 1.0455313249738087), (0, 1.0450757140552926), (0, 1.0412885725471392), (0, 1.0371327487688968), (0, 1.0325515279004762), (0, 1.02902439684951), (0, 1.0258071956483723), (0, 1.0224480230887414), (0, 1.0195163157624996), (0, 1.0157311284979724), (0, 1.0119232036424655), (0, 1.0083888377149433), (0, 1.004773567977565), (0, 0.9995819320086503), (0, 0.9922881138503112), (0, 0.9869810509138187), (0, 0.9844847566403219), (0, 0.9815830885797435), (0, 0.9782583759343003), (0, 0.9741862994702812), (0, 0.9709816782953199), (0, 0.96740112349023), (0, 0.9643592682682405), (0, 0.9613837150421065), (0, 0.9589503775260824), (0, 0.9564035161469481), (0, 0.9533483149561625), (0, 0.9496659505355827), (0, 0.9448429929805386), (0, 0.9391799287304315), (0, 0.933592674939987), (0, 0.9303997264024759), (0, 0.9274852067470613), (0, 0.9254234110456127), (0, 0.9229872275250908), (0, 0.9195717216217096), (0, 0.915791440669848), (0, 0.9108693391130092), (0, 0.9061199326670187), (0, 0.9030605280461789), (0, 0.9001699630449407), (0, 0.9010866494388798), (0, 0.893962735524397), (0, 0.888873074811324), (0, 0.8803824564226002), (0, 0.8747853435900841), (0, 0.868894681055804), (0, 0.8642167706494792), (0, 0.8607682155556501), (0, 0.8585098237310265), (0, 0.8613619407932641), (0, 0.864288893331333), (0, 0.8572352684037199), (0, 0.8517775144015372), (0, 0.8569919933788349), (0, 0.8474531848989753), (0, 0.8446679917323722), (0, 0.8498697197729121), (0, 0.8443081108991937), (0, 0.8332129042350146), (0, 0.8356055921933836), (0, 0.8308915917715557), (0, 0.8143930600967939), (0, 0.8186582541788353), (0, 0.827412698934682), (0, 0.8228925704622803), (0, 0.8091578633372252), (0, 0.8028808886932534), (0, 0.796468923921861), (0, 0.7798556078971779), (0, 0.7848059202089724), (0, 0.7811515089076528), (0, 0.7762920178014074), (0, 0.7866584639828578), (0, 0.7730468654975116), (0, 0.7722373769830121), (0, 0.7772630299302139), (0, 0.7683744878517029), (0, 0.7570528399858341), (0, 0.759519816112547), (0, 0.749942723730253), (0, 0.7444012377420779), (0, 0.7422413612297615), (0, 0.7340087194549456), (0, 0.7334574899671706), (0, 0.7343940308155538), (0, 0.7338985020954522), (0, 0.7360811741391529), (0, 0.7293496004962556), (0, 0.7196630519224048), (0, 0.7232245174489711), (0, 0.7140758980145823), (0, 0.7173108015312878), (0, 0.7212161092953382), (0, 0.7136336347016943), (0, 0.70093898722088), (0, 0.7072031539190432), (0, 0.6996293178651246), (0, 0.6932107084476063), (0, 0.6955300788205475), (0, 0.6924612094019652), (0, 0.6831946580293442), (0, 0.686153802167303), (0, 0.6835835952430236), (0, 0.6731026791963886), (0, 0.6833305231948407), (0, 0.6724006135240418), (0, 0.66820266289127), (0, 0.6739842605764942), (0, 0.6590228362636248), (0, 0.6600553880871408), (0, 0.6576236308807349), (0, 0.6524328404618993), (0, 0.6545476018774722), (0, 0.6469394763861556), (0, 0.6447960031144034), (0, 0.6433083863815356), (0, 0.6393172445494117), (0, 0.6354728486821093), (0, 0.6354034905010215), (0, 0.630793968110894), (0, 0.6288032051852768), (0, 0.6230419960495959), (0, 0.6208545995667516), (0, 0.6181444249517268), (0, 0.6158023269710028), (0, 0.6149567559516278), (0, 0.6105421104880114), (0, 0.6098398725743526), (0, 0.6060807279831901), (0, 0.602957977136681), (0, 0.6018957316994225), (0, 0.5998669367899724), (0, 0.605563092508408), (0, 0.5959333676229248), (0, 0.594165634366137), (0, 0.6007894482523427), (0, 0.5882715172055937), (0, 0.6098285134990027), (0, 0.6079569905608762), (0, 0.5835483753225139), (0, 0.6147930137465881), (0, 0.6230447186108676), (0, 0.6025491050973347), (0, 0.5793223345128575), (0, 0.5976010178121355), (0, 0.5952592776626855), (0, 0.5724640264437005), (0, 0.5876057329808008), (0, 0.5933414292948371), (0, 0.5766616176895488), (0, 0.5703362993954983), (0, 0.5739577185481983), (0, 0.5601125707412566), (0, 0.5647186580489593), (0, 0.555980265013754), (0, 0.5693100779054856), (0, 0.5651897074479784), (0, 0.5550857344724837), (0, 0.5628025121732588), (0, 0.5485549294756846), (0, 0.5610544133924905), (0, 0.5590840587223401), (0, 0.5495059993501514), (0, 0.5522817744503419), (0, 0.5457820087816226), (0, 0.5406914294121794), (0, 0.5390117635217776), (0, 0.5398216491412797), (0, 0.5369045915775262), (0, 0.5350296693620208), (0, 0.5327010440080444), (0, 0.5307360049837562), (0, 0.5285896647491046), (0, 0.5369619850433914), (0, 0.5291296920588707), (0, 0.5374842596323425), (0, 0.5328346088414763), (0, 0.5288105649599976), (0, 0.5286979128362072), (0, 0.5212271148379741), (0, 0.5183036599162796), (0, 0.5160373949749151), (0, 0.512654825926236), (0, 0.5135233672410355), (0, 0.5094941264051931), (0, 0.5138583199312915), (0, 0.5103191050968463), (0, 0.515585428746242), (0, 0.5063260116970192), (0, 0.5152230061545838), (0, 0.511619069331616), (0, 0.505186214158457), (0, 0.5047724906013705), (0, 0.5026547138234654), (0, 0.5049084542015639), (0, 0.4987308366872068), (0, 0.5020551620669645), (0, 0.494723647851672), (0, 0.5050173805862187), (0, 0.50249991420326), (0, 0.4930259964644056), (0, 0.4993144346482608), (0, 0.4894826857738938), (0, 0.49016392367397565), (0, 0.49387766142836936), (0, 0.48514471800738895), (0, 0.4965556746485491), (0, 0.48761879254858176), (0, 0.49115290849783944), (0, 0.4867141603552179), (0, 0.48438005843205423), (0, 0.4861640518368506), (0, 0.4781334300319282), (0, 0.4829225538633108), (0, 0.477766557812331), (0, 0.48078855725602654), (0, 0.47840860111442535), (0, 0.4755801260606325), (0, 0.4717764543652158), (0, 0.472534717070609), (0, 0.4723256307936548), (0, 0.4696118774035201), (0, 0.4707456506689205), (0, 0.47094153797398575), (0, 0.46913781232228285), (0, 0.46616925852713276), (0, 0.4666895041784197), (0, 0.4679950281555425), (0, 0.4647965612705887), (0, 0.4660601499062638), (0, 0.469422035901755), (0, 0.464727411636119), (0, 0.4621319017322752), (0, 0.46722020600367625), (0, 0.4637952715604402), (0, 0.46619212256113324), (0, 0.46280015391226453), (0, 0.4616717036986296), (0, 0.46260784376199304), (0, 0.45917450549365535), (0, 0.4657944476250877), (0, 0.4585011002932556), (0, 0.4565382691483768), (0, 0.45533671295903855), (0, 0.45507569642357065), (0, 0.45316978815189374), (0, 0.45000505141666663), (0, 0.44988481416417164), (0, 0.4550433889958729), (0, 0.45163992185594215), (0, 0.4499731917255428), (0, 0.4510690414765306), (0, 0.4500128079242743), (0, 0.4473993201748652), (0, 0.4427431290850335), (0, 0.4448210047819344), (0, 0.4433354238588444), (0, 0.4424153046887949), (0, 0.4465716374346751), (0, 0.4396940869944972), (0, 0.4488840922772585), (0, 0.43593374572881954), (0, 0.448794459831179), (0, 0.43427377590938515), (0, 0.448575925025991), (0, 0.44479294650675877), (0, 0.4350671143111401), (0, 0.4298897537371871), (0, 0.4378438050600427), (0, 0.4307043008709094), (0, 0.4415796223216477), (0, 0.42577144383919274), (0, 0.4396858187467852), (0, 0.42881693679695937), (0, 0.4447584139509514), (0, 0.4334830536579887), (0, 0.44162323330162345), (0, 0.4451788587742353), (0, 0.4233960761023893), (0, 0.44101533329130266), (0, 0.4244901434314836), (0, 0.4357854323756322), (0, 0.4332536547705176), (0, 0.4198437827171353), (0, 0.432531186582537), (0, 0.4173451682819952), (0, 0.43521919922008956), (0, 0.4291140085137555), (0, 0.4203065656406052), (0, 0.425461473356046), (0, 0.41410647709999676), (0, 0.4249784086815193), (0, 0.4159301280241319), (0, 0.41351780039285346), (0, 0.408704425199617), (0, 0.4182497441786319), (0, 0.40910729536904933), (0, 0.4197216491345993), (0, 0.4089367320874373), (0, 0.42430788676719), (0, 0.43132562824515536), (0, 0.4029310476516257), (0, 0.42685270858552493), (0, 0.420200026092505), (0, 0.4059729768624832), (0, 0.431772814568465), (0, 0.420952338783047), (0, 0.4017426392000106), (0, 0.4271624443162205), (0, 0.40040062059217746), (0, 0.41636647033078045), (0, 0.4197547200689668), (0, 0.3914750497834563), (0, 0.4163189125173159), (0, 0.405907255630769), (0, 0.40019155108570154), (0, 0.4113462673043196), (0, 0.3880746495241595), (0, 0.41292908973502046), (0, 0.4050840559582912), (0, 0.39246588889633593), (0, 0.39517725622494765), (0, 0.3951476184128133), (0, 0.4001980788717368), (0, 0.3890523531359873), (0, 0.392121852564389), (0, 0.38643137933948235), (0, 0.39044233874156015), (0, 0.3845374599761794), (0, 0.38941407767765407), (0, 0.38568157297697236), (0, 0.38334592668113376), (0, 0.37831999967909224), (0, 0.39379373432324705), (0, 0.3882161959610332), (0, 0.3881053408186911), (0, 0.3952732560752617), (0, 0.37076534174290865), (0, 0.38384841376673107), (0, 0.37938174046263273), (0, 0.3777355613024385), (0, 0.37334539142365797), (0, 0.3712355112336089), (0, 0.37067765043304046), (0, 0.3669018928975888), (0, 0.37300438080573795), (0, 0.36874392544635104), (0, 0.3717320289162772), (0, 0.36768705282741576), (0, 0.3722775872094259), (0, 0.3628870512980128), (0, 0.3712530334589359), (0, 0.36485905189777407), (0, 0.3676269036180854), (0, 0.3581312933153336), (0, 0.37111661221756376), (0, 0.3690047744693681), (0, 0.3706771043378591), (0, 0.3601209875147405), (0, 0.35674290161440825), (0, 0.3633809082708466), (0, 0.3613421018791182), (0, 0.35569465342281953), (0, 0.356488695021272), (0, 0.363012120019471), (0, 0.35195354631631903), (0, 0.3585105928564543), (0, 0.3554079115354003), (0, 0.3574431248801307), (0, 0.34975050913065114), (0, 0.34910568635960804), (0, 0.34452042392600957), (0, 0.34893678846976073), (0, 0.3470510108615013), (0, 0.33976618419264704), (0, 0.3701564118595103), (0, 0.3606178623447993), (0, 0.3591227454752526), (0, 0.36450487963068273), (0, 0.3452279310905147), (0, 0.36106048993074974), (0, 0.35601893460804884), (0, 0.3505295269334046), (0, 0.3468111508670421), (0, 0.3371041865905762), (0, 0.33640335825165857), (0, 0.33649889200538424), (0, 0.3391250541367685), (0, 0.337905075090377), (0, 0.33362859332955486), (0, 0.3294461577190732), (0, 0.3321494441590144), (0, 0.32933916393183926), (0, 0.3273336990561611), (0, 0.32436363233857396), (0, 0.3289841234740188), (0, 0.32971927708468846), (0, 0.329751198002327), (0, 0.33289923502352203), (0, 0.3239270072229171), (0, 0.3402797735310193), (0, 0.3366390577251764), (0, 0.3317883846800844), (0, 0.3236123940451036), (0, 0.3225265898400608), (0, 0.3264235888959979), (0, 0.3204813690758833), (0, 0.32101069530001725), (0, 0.3204794938865727), (0, 0.31405386205899805), (0, 0.3159478415824957), (0, 0.31607570339319097), (0, 0.30779374704320994), (0, 0.32585564867458927), (0, 0.32197027846874343), (0, 0.31619990427216776), (0, 0.3160365088058371), (0, 0.3232086935690527), (0, 0.31222362897568257), (0, 0.3099264742700215), (0, 0.3160029634990783), (0, 0.31422391454651166), (0, 0.3047032073709746), (0, 0.31180057615618073), (0, 0.3121572778408669), (0, 0.31424522672269606), (0, 0.30459728691752574), (0, 0.30956004988785546), (0, 0.31504907119699666), (0, 0.31554895087485896), (0, 0.30631619798891063), (0, 0.30946658183409936), (0, 0.3109554872919601), (0, 0.3110720431192416), (0, 0.31759611342939614), (0, 0.30269045229199965), (0, 0.310173724366349), (0, 0.29711090387681965), (0, 0.32097715829765794), (0, 0.313276322491699), (0, 0.3076987876561827), (0, 0.3043798334828993), (0, 0.3018456908926332), (0, 0.30599280869879597), (0, 0.3004682453552314), (0, 0.3092849360455639), (0, 0.2958718838384497), (0, 0.301783221454093), (0, 0.29789538344588384), (0, 0.2922353956588511), (0, 0.28974725595196144), (0, 0.2940115086217163), (0, 0.2834004558563699), (0, 0.2899202860126695), (0, 0.2806537777395655), (0, 0.29486465525170935), (0, 0.2845924810795504), (0, 0.2911293389268277), (0, 0.28442922354382927), (0, 0.28407430204586104), (0, 0.287676776244028), (0, 0.2762334197010067), (0, 0.28595485075731386), (0, 0.2717437303582263), (0, 0.2797781852429086), (0, 0.2685991288157713), (0, 0.2776450829708427), (0, 0.2699133598741037), (0, 0.2812838745858313), (0, 0.2746921742008444), (0, 0.27891096213209327), (0, 0.2690025407534264), (0, 0.2655248547423071), (0, 0.26401236804330314), (0, 0.2670127114517451), (0, 0.2673128333925499), (0, 0.26201937972344674), (0, 0.2585899383430438), (0, 0.2593910521151043), (0, 0.25884524211280574), (0, 0.26061507851460775), (0, 0.2527707458673908), (0, 0.2530906065430279), (0, 0.27134320589396027), (0, 0.2609898789356174), (0, 0.27317310445965676), (0, 0.269502745652233), (0, 0.2668285261723718), (0, 0.2688877177137769), (0, 0.25830503589277165), (0, 0.2664921032576828), (0, 0.26052590238822465), (0, 0.26060879543315507), (0, 0.25630889395380396), (0, 0.25776540573522416), (0, 0.25631560983575585), (0, 0.25469863582269536), (0, 0.2551348508983771), (0, 0.26099368545006546), (0, 0.25998839555481296), (0, 0.24741093818106452), (0, 0.25186853917858876), (0, 0.24669858481442442), (0, 0.24281792664415192), (0, 0.2458066834465529), (0, 0.24474398467207376), (0, 0.23739543773369698), (0, 0.2405589297799078), (0, 0.23965586984983853), (0, 0.2363728035470121), (0, 0.23534456391455466), (0, 0.24108620826942534), (0, 0.23390102979342373), (0, 0.22894038259163085), (0, 0.23067121162650556), (0, 0.23776169167558034), (0, 0.23151221938728314), (0, 0.23152258190983743), (0, 0.23547560594427755), (0, 0.23270288335549494), (0, 0.22907956714050393), (0, 0.22691037233924177), (0, 0.2237822630037668), (0, 0.22730228171013256), (0, 0.22513896618869644), (0, 0.2235037586742403), (0, 0.22712529777740995), (0, 0.2244442491910483), (0, 0.22651323750674576), (0, 0.23753003261413858), (0, 0.2288018377171653), (0, 0.22758866648903334), (0, 0.23072294105734184), (0, 0.2274467978643696), (0, 0.22266430968064915), (0, 0.23989629757887562), (0, 0.2255098966514763), (0, 0.21959059404704429), (0, 0.2249686332605271), (0, 0.2250300610112967), (0, 0.22094966458109558), (0, 0.2180056741663419), (0, 0.21407587355834187), (0, 0.21947060370373506), (0, 0.21648666839600503), (0, 0.21036843534938005), (0, 0.21774504202639533), (0, 0.21681916046049365), (0, 0.2160791878751634), (0, 0.21599450669928572), (0, 0.21095875363869912), (0, 0.23357418513048617), (0, 0.2129896899188997), (0, 0.22555274856108953), (0, 0.2081071837514647), (0, 0.20997035710091685), (0, 0.21127894710098322), (0, 0.21133252436305777), (0, 0.20866003970613634), (0, 0.21575259218188805), (0, 0.20962667421972442), (0, 0.20421881944505274), (0, 0.2074430347493575), (0, 0.20433055463773964), (0, 0.2044133774214333), (0, 0.2135989529864599), (0, 0.21037662895094003), (0, 0.20764225300078532), (0, 0.19895389821876264), (0, 0.2043269476350697), (0, 0.2053583741525976), (0, 0.2020033888988663), (0, 0.19353216366987872), (0, 0.21391582751277438), (0, 0.21099538782295735), (0, 0.22057239645534868), (0, 0.21349911407811528), (0, 0.2087919904377111), (0, 0.20602541547992925), (0, 0.20257733744731862), (0, 0.20535249577473108), (0, 0.21093759147831076), (0, 0.20076807909871133), (0, 0.19576703536941353), (0, 0.1983748005816804), (0, 0.20403237732687762), (0, 0.20939257359393407), (0, 0.20160971350621443), (0, 0.1880096221861109), (0, 0.1945486274729432), (0, 0.2000968826396475), (0, 0.2637352212162526), (0, 0.2761797781473211), (0, 0.2309667946658485), (0, 0.21338026966343593), (0, 0.2161603184624011), (0, 0.20836971464871348), (0, 0.20559632407373263), (0, 0.2038337762171649), (0, 0.20300014850677353), (0, 0.20110163007623674), (0, 0.190700118107158), (0, 0.20577650934487696), (0, 0.2013463060208817), (0, 0.19674825587890293), (0, 0.18569626365587272), (0, 0.19290999412336576), (0, 0.18890026902955742), (0, 0.200019250362856), (0, 0.19351282191785707), (0, 0.18867816205701984), (0, 0.18819562724042846), (0, 0.1851191027283914), (0, 0.1919284163909108), (0, 0.17941839812212104), (0, 0.18460408336478393), (0, 0.1813506089330459), (0, 0.1836185660751191), (0, 0.17658374916470504), (0, 0.17419587539430012), (0, 0.17502873174587116), (0, 0.18241352080446488), (0, 0.17901234759704526), (0, 0.17769627493855783), (0, 0.17217942498752975), (0, 0.17402317923045996), (0, 0.17404962108341926), (0, 0.16975497240808252), (0, 0.1681455732539768), (0, 0.16768529688003075), (0, 0.16433170304909672), (0, 0.1677901011356181), (0, 0.16476808705662885), (0, 0.1634398339869452), (0, 0.171341325412549), (0, 0.1620174823692607), (0, 0.16497185703175782), (0, 0.16792931933358266), (0, 0.16850219224183605), (0, 0.1618412796288296), (0, 0.16783567081654666), (0, 0.1660344314357563), (0, 0.15911913266701344), (0, 0.15763911747369383), (0, 0.16052120782382326), (0, 0.15753728036060877), (0, 0.15815387259200506), (0, 0.16158744198946687), (0, 0.16070569482648878), (0, 0.1574024760565351), (0, 0.16253738172487064), (0, 0.15730682040259691), (0, 0.16477783290499826), (0, 0.15755710449058186), (0, 0.1640974437441517), (0, 0.15505699946090856), (0, 0.1538229970932885), (0, 0.1550711057369763), (0, 0.1511424949132295), (0, 0.16397088583138425), (0, 0.15833400069470172), (0, 0.15890958700483587), (0, 0.16423023265750913), (0, 0.15581602943756548), (0, 0.16796959778496773), (0, 0.15706715303725383), (0, 0.16117741480683628), (0, 0.15698702909245865), (0, 0.15840907683240202), (0, 0.15892537067092835), (0, 0.15787601764821393), (0, 0.15245313457960663), (0, 0.15169601425721843), (0, 0.1541934651587723), (0, 0.14905062151726925), (0, 0.1461365093432092), (0, 0.14906409282578983), (0, 0.14813216481773642), (0, 0.14237479904145495), (0, 0.15429116790086944), (0, 0.14280738753608524), (0, 0.1473922787851568), (0, 0.13879607662939553), (0, 0.14287058810168649), (0, 0.1464832405016612), (0, 0.14328107099251663), (0, 0.15318011155522226), (0, 0.1423201116130407), (0, 0.15243265006639), (0, 0.1527548587734608), (0, 0.14854712069884807), (0, 0.15485630582232426), (0, 0.1366677681080747), (0, 0.14538879771062235), (0, 0.1382890770449166), (0, 0.14635081299817085), (0, 0.13573213387751307), (0, 0.14053067763732513), (0, 0.13642914717294444), (0, 0.13145757731269683), (0, 0.13573738942011077), (0, 0.1330446849413206), (0, 0.13455517315708818), (0, 0.13780961293463637), (0, 0.1323556688703), (0, 0.1305298242288679), (0, 0.13207697236657157), (0, 0.13226179148347558), (0, 0.13492906902214677), (0, 0.12746976103632426), (0, 0.14597550481596222), (0, 0.13940201899187832), (0, 0.14104795488222888), (0, 0.13461618431189049), (0, 0.1439263577812919), (0, 0.14431684320741456), (0, 0.12847705720229446), (0, 0.1315518159681056), (0, 0.13548675611854838), (0, 0.13393434932026999), (0, 0.129828195054811), (0, 0.1232669922908623), (0, 0.13698124503367368), (0, 0.12955219074624058), (0, 0.14005043761064112), (0, 0.13750297249262727), (0, 0.12693458073708508), (0, 0.13541690186740346), (0, 0.1286046450700555), (0, 0.1318744649329595), (0, 0.13212339958028174), (0, 0.12884753406543376), (0, 0.13243125479078602), (0, 0.12353200437989528), (0, 0.12936953538916732), (0, 0.12085061002886177), (0, 0.12975867801744362), (0, 0.11574235675333042), (0, 0.13621425390287462), (0, 0.12835008360002176), (0, 0.127692248582626), (0, 0.13037535271872033), (0, 0.1159544831416669), (0, 0.12425077856311967), (0, 0.11631561513384883), (0, 0.13542002981336118), (0, 0.12903763841741453), (0, 0.11924895540478042), (0, 0.13385998728864856), (0, 0.11684208165680798), (0, 0.12522102421502476), (0, 0.12685825929991845), (0, 0.11055461167982669), (0, 0.1363098726956189), (0, 0.1270524146465507), (0, 0.12062369039389467), (0, 0.1258957915606392), (0, 0.1152703926780195), (0, 0.12348077069880906), (0, 0.11871434937949228), (0, 0.112750640683492), (0, 0.1100318602151444), (0, 0.1186920859239814), (0, 0.11425020534818195), (0, 0.11614237348054665), (0, 0.11610930582181113), (0, 0.10611296574749474), (0, 0.1115121090730439), (0, 0.1116260840192454), (0, 0.10733372107798991), (0, 0.10929566780138211), (0, 0.10529210379428192), (0, 0.10724818387486648), (0, 0.10735400192498823), (0, 0.10730049995092), (0, 0.103155486946512), (0, 0.10084978705263234), (0, 0.10279271106447085), (0, 0.10119093667630337), (0, 0.10632109123372732), (0, 0.10478354009107907), (0, 0.10186767784925924), (0, 0.09516059480535832), (0, 0.11087906802032448), (0, 0.10955409327564147), (0, 0.10143630192448128), (0, 0.10339035413442495), (0, 0.1066519937717518), (0, 0.10591722753912775), (0, 0.09822384711611834), (0, 0.10565551138212292), (0, 0.10294823880775897), (0, 0.10307892459884577), (0, 0.10671344206188252), (0, 0.09907579634908908), (0, 0.10839918477497243), (0, 0.10219674185839692), (0, 0.09878549667833701), (0, 0.10088562461585883), (0, 0.09550030389401), (0, 0.0923853145009351), (0, 0.08974856354387162), (0, 0.08955728724605921), (0, 0.0947878408549651), (0, 0.09069508026587622), (0, 0.08797733974842564), (0, 0.08735672254104807), (0, 0.08627911819335306), (0, 0.08787386668445529), (0, 0.09054280537614547), (0, 0.08673980215240237), (0, 0.09016039818755095), (0, 0.08894889920820567), (0, 0.0824199604105946), (0, 0.09811265652225165), (0, 0.09827336758085738), (0, 0.09262560565763986), (0, 0.09249942951956186), (0, 0.08633701974601454), (0, 0.09083078798122274), (0, 0.08816985722882831), (0, 0.0898241611244503), (0, 0.08864992336080156), (0, 0.1001081111860431), (0, 0.0883044124221716), (0, 0.09918882991609965), (0, 0.09715930823070074), (0, 0.0920767578672369), (0, 0.10012780873610647), (0, 0.09297442752458701), (0, 0.09868045619985553), (0, 0.09915304004486938), (0, 0.09309946098468924), (0, 0.09367835594723409), (0, 0.0854224507471312), (0, 0.09352619238679374), (0, 0.09117150529330603), (0, 0.08701024545468877), (0, 0.09413787706355867), (0, 0.08635066831443103), (0, 0.08633530216644159), (0, 0.07931602175068797), (0, 0.08908066083301024), (0, 0.0875645605862122), (0, 0.08241998459654504), (0, 0.07636295845273115), (0, 0.08413140328241081), (0, 0.08358207078500712), (0, 0.08204731885019144), (0, 0.07960674815314625), (0, 0.08095347556436419), (0, 0.08338956462220765), (0, 0.08295756583505354), (0, 0.07673298742621446), (0, 0.07953003349029278), (0, 0.08092808884485314), (0, 0.0776522089325103), (0, 0.07942233123969496), (0, 0.07371173578401304), (0, 0.07366811762447842), (0, 0.08093883069679889), (0, 0.07979614531400722), (0, 0.0776606504306821), (0, 0.07187948270906552), (0, 0.07530425519351576), (0, 0.07697153831314918), (0, 0.07678097212020735), (0, 0.07162644823290798), (0, 0.07928631741566944), (0, 0.07641800826320266), (0, 0.07232786232888927), (0, 0.07656129183299842), (0, 0.07861659880002742), (0, 0.07706573316837287), (0, 0.07602871360569025), (0, 0.07974919808139913), (0, 0.0835777700572568), (0, 0.07132502749119436), (0, 0.07898103803825793), (0, 0.07524264039026327), (0, 0.08115349973895881), (0, 0.07877856086477461), (0, 0.07383307390569599), (0, 0.08241142129391286), (0, 0.07167544446628105), (0, 0.08064930995605885), (0, 0.07064566888051037), (0, 0.07548763151460783), (0, 0.06863018238629673), (0, 0.07014070954330856), (0, 0.06957924667875494), (0, 0.06911663045047088), (0, 0.07585968759659906), (0, 0.07209621964448015), (0, 0.07238293191157846), (0, 0.06593173274284636), (0, 0.06675273014791216), (0, 0.0775431136321297), (0, 0.0713466314535507), (0, 0.06902510068600066), (0, 0.07071214124547318), (0, 0.06930175903642244), (0, 0.07579602382214234), (0, 0.07575321654563541), (0, 0.07415046423900645), (0, 0.06731703727521685), (0, 0.07988967854789544), (0, 0.08150246778600477), (0, 0.07386776597917401), (0, 0.07490761154397937), (0, 0.07110617920134506), (0, 0.07179780132371533), (0, 0.06687704651666694), (0, 0.07246378315759565), (0, 0.06291223564309786), (0, 0.07319087354167936), (0, 0.06279966709082663), (0, 0.07130094839687484), (0, 0.06597324491847925), (0, 0.06528536277513824), (0, 0.06714676765815561), (0, 0.0662936090365896), (0, 0.06702421854920601), (0, 0.06542443531997609), (0, 0.0652711458419547), (0, 0.06515692508659524), (0, 0.06494221757434179), (0, 0.06604731780932888), (0, 0.06105625097456728), (0, 0.07229708832546419), (0, 0.06301543511376873), (0, 0.07957802197954753), (0, 0.07501490000894367), (0, 0.0722857715738564), (0, 0.07556965827332379), (0, 0.06422727395045381), (0, 0.07045573327567817), (0, 0.05795525268471758), (0, 0.06007050694020909), (0, 0.06705747325793115), (0, 0.05618223714896853), (0, 0.05665078125042511), (0, 0.0638934358336708), (0, 0.061308132027138695), (0, 0.06475008492562442), (0, 0.060555041307814625), (0, 0.05945287558558018), (0, 0.0648879049119567), (0, 0.05971436998601481), (0, 0.06467928985158414), (0, 0.0604326890020918), (0, 0.0683169103688957), (0, 0.05826090311483202), (0, 0.07509371205608578), (0, 0.06611455763398494), (0, 0.07032452878559303), (0, 0.07879620147646535), (0, 0.060445953746935815), (0, 0.07668123831670397), (0, 0.07710949199519282), (0, 0.05976758905046227), (0, 0.0736507722671513), (0, 0.06296635472054879), (0, 0.074502753119541), (0, 0.08162740542531643), (0, 0.06440716590961201), (0, 0.07165279261628586), (0, 0.07224611665343303), (0, 0.0603971305065243), (0, 0.06763927412567358), (0, 0.056546820779143955), (0, 0.06499854437957385), (0, 0.06654342668640956), (0, 0.061668720844029606), (0, 0.07124165975188769), (0, 0.06361928689182084), (0, 0.06479349953094776), (0, 0.06989730171354332), (0, 0.058732689352562574), (0, 0.06218884138482787), (0, 0.05926747155710456), (0, 0.05737052215951925), (0, 0.05383200360765625), (0, 0.05475591880053375), (0, 0.05250451300085388), (0, 0.05226404686789343), (0, 0.05386585162223419), (0, 0.05231250114224576), (0, 0.050608311180691465), (0, 0.0508973020125571), (0, 0.049428670213748), (0, 0.049313585738183965), (0, 0.052871869683881446), (0, 0.051375149753231986), (0, 0.04614812560616681), (0, 0.050847257893317774), (0, 0.051631821162393045), (0, 0.05177987029809532), (0, 0.0532530276216126), (0, 0.053854414985508206), (0, 0.053641587346266534), (0, 0.04905009523115292), (0, 0.060989910118458515), (0, 0.05128030379256539), (0, 0.06878471929325122), (0, 0.07030592054892545), (0, 0.05371702741784584), (0, 0.06287829415325365), (0, 0.05563284698838382), (0, 0.06283440618566358), (0, 0.06639436924488129), (0, 0.05003633368568671), (0, 0.06724466949100105), (0, 0.06241844100021626), (0, 0.046709798263747736), (0, 0.06546542361822348), (0, 0.0518610614231332), (0, 0.06439275258862456), (0, 0.06902717212336851), (0, 0.05491969714899171), (0, 0.055692397493278284), (0, 0.048464635954795526), (0, 0.058527604201272024), (0, 0.05649185635120945), (0, 0.04952070301880586), (0, 0.05785894761407574), (0, 0.05136694966140879), (0, 0.0674484793648174), (0, 0.06727315296597265), (0, 0.04789846939470171), (0, 0.06783950385677974), (0, 0.0684735180663677), (0, 0.043057583136503694), (0, 0.06644689559414385), (0, 0.06834038939755385), (0, 0.04986474835120365), (0, 0.05835540926110941), (0, 0.053512783969343024), (0, 0.05377021958634168), (0, 0.05702575417189969), (0, 0.04231033071720435), (0, 0.05368082171373723), (0, 0.045250791138250306), (0, 0.05396344285661479), (0, 0.050978351286790485), (0, 0.0450053540274717), (0, 0.04703859931622383), (0, 0.0461503309873045), (0, 0.05389947589783826), (0, 0.04066851998242901), (0, 0.05227591980069955), (0, 0.042421000579124124), (0, 0.05457693162495485), (0, 0.056805969741462514), (0, 0.04523520115522887), (0, 0.06765026827445614), (0, 0.06681091317863465), (0, 0.04445884949545167), (0, 0.0609360464630786), (0, 0.05617881935035338), (0, 0.04469502812364452), (0, 0.048424038662706816), (0, 0.03924204542500111), (0, 0.04406063202796263), (0, 0.04307122391853043), (0, 0.04036721606177507), (0, 0.04264978095537594), (0, 0.04023520857435035), (0, 0.04819198818086888), (0, 0.040332316685084926), (0, 0.04227737463900753), (0, 0.03799055106448579), (0, 0.039511251412882725), (0, 0.043293840524304426), (0, 0.041445392223557545), (0, 0.04580015648454429), (0, 0.04682581574346557), (0, 0.043664242862432666), (0, 0.0436915473229733), (0, 0.04088750117037178), (0, 0.03970224116083344), (0, 0.03924227124136196), (0, 0.04067513678937631), (0, 0.039616099420987726), (0, 0.03833108300942492), (0, 0.04607026613297814), (0, 0.03960512434579625), (0, 0.049938626577849005), (0, 0.04461431758752586), (0, 0.04750599257103473), (0, 0.04218967510190971), (0, 0.05141725972301984), (0, 0.04758687480642745), (0, 0.041999847904436026), (0, 0.04421587998785029), (0, 0.04295698803051777), (0, 0.04578491676532474), (0, 0.04382359705452243), (0, 0.04001016214457959), (0, 0.044083568449302044), (0, 0.03868478278868487), (0, 0.04247279618825141), (0, 0.0431089630797479), (0, 0.04406312243755053), (0, 0.03752402402659683), (0, 0.03820385285496564), (0, 0.03886976914059042), (0, 0.040034586191655785), (0, 0.0379161789938646), (0, 0.03966476119173454), (0, 0.039464162032871425), (0, 0.038703330262691224), (0, 0.04540688458043525), (0, 0.04384672872796033), (0, 0.04375446256232477), (0, 0.0487862808419937), (0, 0.04880606198232597), (0, 0.04605904164157841), (0, 0.04247991353070707), (0, 0.04470292756219722), (0, 0.04996818444681551), (0, 0.04452267274942741), (0, 0.046003862665902284), (0, 0.04683796168900641), (0, 0.046052028965510715), (0, 0.04714234675847461), (0, 0.041626089847260184), (0, 0.0466474288724763), (0, 0.040715579344114475), (0, 0.044414544043060625), (0, 0.045680356546262874), (0, 0.047348646007984135), (0, 0.03795234387308587), (0, 0.04376947896584739), (0, 0.043018374214411285), (0, 0.03693288054617807), (0, 0.03935633580639401), (0, 0.03874216974445503), (0, 0.04050337828427301), (0, 0.04507835685490257), (0, 0.045860979901678395), (0, 0.03751010835993596), (0, 0.047314268481609495), (0, 0.044507424158484445), (0, 0.04377048404662765), (0, 0.03844664206096133), (0, 0.04352931766167448), (0, 0.039653457060947445), (0, 0.036883577311418614), (0, 0.04275123073074262), (0, 0.04517149833850678), (0, 0.04054029690144309), (0, 0.03415933103035244), (0, 0.03806001008094424), (0, 0.03628542343892625), (0, 0.04722435923795025), (0, 0.04346179909944568), (0, 0.04740208103110975), (0, 0.04542031483060307), (0, 0.042488146118788955), (0, 0.04772765445974775), (0, 0.034475550138775624), (0, 0.050591896674388265), (0, 0.04495343851778561), (0, 0.048983209027417894), (0, 0.04854008623866689), (0, 0.04752822834653632), (0, 0.049520511267161074), (0, 0.04013402898786247), (0, 0.04696047166559143), (0, 0.04772040036131645), (0, 0.04636535149978985), (0, 0.03693785309179972), (0, 0.04322549908139161), (0, 0.04885455924371178), (0, 0.04608319350205807), (0, 0.037748844578515184), (0, 0.04969004216156523), (0, 0.05152826040010241), (0, 0.039579031851437935), (0, 0.045936311283362216), (0, 0.045059010135092344), (0, 0.041619295503960006), (0, 0.03754217832643799), (0, 0.049738701090077865), (0, 0.04329164456542958), (0, 0.04813361838981116), (0, 0.04615253025328507), (0, 0.047368343976728934), (0, 0.050225845498591354), (0, 0.03958295687220036), (0, 0.047998209952890544), (0, 0.036814140409602576), (0, 0.05093956624009059), (0, 0.048133461705776565), (0, 0.04660362943642981), (0, 0.0448006521272078), (0, 0.04271521282418344), (0, 0.0465201906086775), (0, 0.03615684300235412), (0, 0.03579046183509339), (0, 0.04691549889789565), (0, 0.04377284749908725), (0, 0.04260660472487278), (0, 0.03976377437973727), (0, 0.04268906502204642), (0, 0.04096759542381229), (0, 0.041581859837404714), (0, 0.04569859015221348), (0, 0.03767757269678812), (0, 0.03956079866136944), (0, 0.04138845207460949), (0, 0.03756966480901558), (0, 0.03969152239242246), (0, 0.037992107538084886), (0, 0.04005642145402609), (0, 0.035898209358637745), (0, 0.03867753567845976), (0, 0.038686257058626494), (0, 0.03732035881513007), (0, 0.04410842613679018), (0, 0.04067565822522893), (0, 0.04125664427323435), (0, 0.046926600669000826), (0, 0.042898240042924064), (0, 0.047361609539070273), (0, 0.04056734537150144), (0, 0.04895604718672518), (0, 0.043088839467603), (0, 0.05185910612912974), (0, 0.04937685994773608), (0, 0.043899572131532255), (0, 0.04544729923785606), (0, 0.03771877575855046), (0, 0.0402321561662595), (0, 0.03648953886985518), (0, 0.03624211813253867), (0, 0.041901831565879316), (0, 0.03851620625123909), (0, 0.03666972652521865), (0, 0.04271226999856378), (0, 0.038952638833947124), (0, 0.04433892251495011), (0, 0.041730468019841066), (0, 0.04424484665801904), (0, 0.045242652630413924), (0, 0.03818053882499975), (0, 0.041637862489222), (0, 0.035934168543550485), (0, 0.03758295975505869), (0, 0.043824763321264545), (0, 0.04613448149527632), (0, 0.03896079738198155), (0, 0.038164246850721784), (0, 0.03753790213444504), (0, 0.04384192310164382), (0, 0.0350671275440672), (0, 0.04245154507193926), (0, 0.03908992877385531), (0, 0.04323821432820147), (0, 0.037329842747456425), (0, 0.039829397127138), (0, 0.03626001206638853), (0, 0.03250468510573689), (0, 0.04394678198329605), (0, 0.040542487389341145), (0, 0.04248636657719613), (0, 0.04135948638647326), (0, 0.04103079414437598), (0, 0.03891529665113095), (0, 0.04166375816890633), (0, 0.038586149574236325), (0, 0.04011558347945169), (0, 0.032741619010447746), (0, 0.03762990234651082), (0, 0.038575158170574435), (0, 0.0347111109259866), (0, 0.04153426724894688), (0, 0.03480548587188133), (0, 0.03575985231726644), (0, 0.03488849601818526), (0, 0.033710913798232975), (0, 0.03610010517547951), (0, 0.03838220853410042), (0, 0.035236535959121025), (0, 0.03698866669671145), (0, 0.037894924840717895), (0, 0.038618269814941215), (0, 0.040033626206952354), (0, 0.035361778020996534), (0, 0.03990928260019595), (0, 0.03800612108435049), (0, 0.03553030958832081), (0, 0.04177098869964471), (0, 0.04250902125771516), (0, 0.039546464883521246), (0, 0.03607112694943946), (0, 0.034718067794991064), (0, 0.04292053464227131), (0, 0.043874345897487496), (0, 0.03737418473457445), (0, 0.03621380189280472), (0, 0.041318383304715475), (0, 0.03581263730144456), (0, 0.041473790282002175), (0, 0.03956607062177918), (0, 0.04550593794708761), (0, 0.036548264407933476), (0, 0.046669930722661075), (0, 0.045369985245959026), (0, 0.03936515475795669), (0, 0.041448996779585516), (0, 0.03749225908143942), (0, 0.03920194844954869), (0, 0.038677902704270566), (0, 0.03722707630382075), (0, 0.0353189924093361), (0, 0.03540083660286536), (0, 0.035200796937446266), (0, 0.03574473288662501), (0, 0.039165354103051615), (0, 0.03557935761757184), (0, 0.03649517639820035), (0, 0.03354979546142327), (0, 0.038309871908884845), (0, 0.03943744726904393), (0, 0.03665323645932403), (0, 0.04274620784030678), (0, 0.04165878661574031), (0, 0.04000073404938573), (0, 0.041237079541192816), (0, 0.036385222839162096), (0, 0.03654975803105257), (0, 0.040143969827223375), (0, 0.03629988016485432), (0, 0.04733124686620793), (0, 0.043944948309509305), (0, 0.041579761924553725), (0, 0.04178379055696252), (0, 0.04192141714222676), (0, 0.04775661095840446), (0, 0.03720900776240394), (0, 0.043144475183515836), (0, 0.038164639755413586), (0, 0.03918635970998292), (0, 0.03869682721124866), (0, 0.048002502224414975), (0, 0.04356659823032113), (0, 0.04120337270422014), (0, 0.038513877156565055), (0, 0.04063563888326856), (0, 0.041370732524684206), (0, 0.037594746219315855), (0, 0.034015166806126665), (0, 0.039343928177060374), (0, 0.035099052361823764), (0, 0.036943047089227105), (0, 0.03634212805092667), (0, 0.03580469180817846), (0, 0.03713424027070232), (0, 0.03797373728352457), (0, 0.03770054372587462), (0, 0.03640321230136816), (0, 0.03771735635581036), (0, 0.035386798053573545), (0, 0.03949838954283116), (0, 0.034612565029047304), (0, 0.03743250733064757), (0, 0.03732868032668327), (0, 0.0357572885690038), (0, 0.03637114595782198), (0, 0.03685632510638124), (0, 0.03898737330314346), (0, 0.03551294553737694), (0, 0.04006002216339119), (0, 0.03965825354994188), (0, 0.0433489788380697), (0, 0.03770569097285331), (0, 0.041077609474934676), (0, 0.0361980492608498), (0, 0.04201751346649632), (0, 0.03719090644064804), (0, 0.050380756549383704), (0, 0.047710819117271944), (0, 0.037944925406856136), (0, 0.04944602015547487), (0, 0.03887657992544339), (0, 0.039757451182999816), (0, 0.03340816610330115), (0, 0.04204613386954087), (0, 0.040171944779346005), (0, 0.04043477828202594), (0, 0.03814391608637998), (0, 0.0461044131104411), (0, 0.04679627604008684), (0, 0.03605383487120258), (0, 0.03749932741193884), (0, 0.041378938926124216), (0, 0.03978657771795029), (0, 0.03581185585251663), (0, 0.03560874566437086), (0, 0.03689475623108558), (0, 0.033859154539523734), (0, 0.03446978304059339), (0, 0.040356169190798916), (0, 0.03389776466150671), (0, 0.043967138162154626), (0, 0.045669627842352), (0, 0.040764744018147246), (0, 0.046091153109056524), (0, 0.0352008074950512), (0, 0.04355605425905102), (0, 0.03579188745768159), (0, 0.04632847169767002), (0, 0.04589325355029758), (0, 0.04011982826105439), (0, 0.05094125600767374), (0, 0.04205447973054884), (0, 0.03760251541770414), (0, 0.040462660019735835), (0, 0.03988803304665864), (0, 0.042485401281944765), (0, 0.03476327119761041), (0, 0.044438619997910336), (0, 0.03885504901186959), (0, 0.044450413048639906), (0, 0.04098613401124049), (0, 0.04104144451865973), (0, 0.04179725383097726), (0, 0.035777891799163186), (0, 0.034817498554475426), (0, 0.035277222496848254), (0, 0.03222516667857729), (0, 0.03637869721155998), (0, 0.03296009539965161), (0, 0.041078018108811926), (0, 0.032660380522221255), (0, 0.043977779821349275), (0, 0.0376008499107765), (0, 0.04866613057854523), (0, 0.054383916636233126), (0, 0.03584468942718563), (0, 0.053707790464300936), (0, 0.06023348717476659), (0, 0.04573356502092436), (0, 0.048240128719495956), (0, 0.05878820304612678), (0, 0.04047931715040337), (0, 0.05163088577979446), (0, 0.06311091215901049), (0, 0.051143268882509474), (0, 0.04381275586412807), (0, 0.05230309921456653), (0, 0.04231663784810964), (0, 0.044686052720202485), (0, 0.05217529047298172), (0, 0.03916550585011341), (0, 0.044478536272419406), (0, 0.0424609912390571), (0, 0.037674391681592846), (0, 0.0470740789486524), (0, 0.03929210800646866), (0, 0.038886883784721944), (0, 0.038740860118137634), (0, 0.03893784620391012), (0, 0.04467234980214427), (0, 0.03484874900517363), (0, 0.043430446008666516), (0, 0.03530685357461807), (0, 0.03915096489193942), (0, 0.033741806883110514), (0, 0.04294702073275959), (0, 0.04159548247751966), (0, 0.038453023685005555), (0, 0.040413391459147865), (0, 0.03540311448011498), (0, 0.04093435196749796), (0, 0.03632385795196633), (0, 0.03923708014677309), (0, 0.03393661723664359), (0, 0.04213744549654641), (0, 0.03999723647221887), (0, 0.03695303634059605), (0, 0.033413190108256066), (0, 0.04305298646150399), (0, 0.039433882748306066), (0, 0.04059990064087618), (0, 0.04165018812738043), (0, 0.03369143016123297), (0, 0.03927657040817281), (0, 0.033550987469457304), (0, 0.04187819470790656), (0, 0.03505114825311505), (0, 0.047413000464583785), (0, 0.04616959450913599), (0, 0.034594170965574066), (0, 0.04491849970068765), (0, 0.03742715862708118), (0, 0.040304792212293696), (0, 0.03927109053313607), (0, 0.03824611535699549), (0, 0.03538658552619186), (0, 0.03546965226990423), (0, 0.03437464061015451), (0, 0.03156002440946028), (0, 0.03487515954174253), (0, 0.03430519116966931), (0, 0.03626317292653805), (0, 0.03685615149458954), (0, 0.03694058311118126), (0, 0.032438773657886354), (0, 0.037137893921047785), (0, 0.036681832132365505), (0, 0.03917474000759081), (0, 0.03547865615301459), (0, 0.03778298100003945), (0, 0.03757102594707289), (0, 0.038527825701784826), (0, 0.03654903225389486), (0, 0.03348932728070203), (0, 0.038426116590421666), (0, 0.03414790793007464), (0, 0.03565120004475804), (0, 0.03548838108291225), (0, 0.03834180607691779), (0, 0.03258125516517212), (0, 0.04446625060434481), (0, 0.041500613944633155), (0, 0.042231453286131225), (0, 0.04570829788252759), (0, 0.03858467464414588), (0, 0.04225898643694835), (0, 0.039475937221684985), (0, 0.03894409137604893), (0, 0.03915663237350292), (0, 0.03318477371913355), (0, 0.03467814557138969), (0, 0.03405782002600272), (0, 0.03670850137199416), (0, 0.033057375818663616), (0, 0.03376095551357157), (0, 0.034787210472344954), (0, 0.03385862156727555), (0, 0.0358112454759901), (0, 0.03317976764111273), (0, 0.03608813321844883), (0, 0.03443788780838643), (0, 0.03540155101560284), (0, 0.03728827650778339), (0, 0.03446274646835397), (0, 0.03452627472118179), (0, 0.037122572171120735), (0, 0.0393651685929139), (0, 0.02941241617969785), (0, 0.043805381826183536), (0, 0.04308190766862847), (0, 0.04074043632068455), (0, 0.03898160426182272), (0, 0.03479696146130402), (0, 0.04388817481825366), (0, 0.03823717703403584), (0, 0.04052698319724616), (0, 0.040358146372555435), (0, 0.03497807302403909), (0, 0.033207925131182287), (0, 0.03619217926493138), (0, 0.032099099422055986), (0, 0.03040847585905829), (0, 0.03626804935665001), (0, 0.031896611638635344), (0, 0.035500026057079755), (0, 0.028843947622023504), (0, 0.03648519170470564), (0, 0.033626091024100385), (0, 0.034442910417308285), (0, 0.03533131877782954), (0, 0.033661864895536256), (0, 0.03000691962779745), (0, 0.030038370033199167), (0, 0.034028961340210676), (0, 0.03157330798263555), (0, 0.029450567147721953), (0, 0.030842743771536108), (0, 0.03303050623264048), (0, 0.0322848292995522), (0, 0.03372839224651458), (0, 0.033736081489105965), (0, 0.032206836101718005), (0, 0.03532400265771109), (0, 0.029956484870573258), (0, 0.029129133943205203), (0, 0.22343196750860697), (0, 0.1634860442510293), (0, 0.07833194993926526), (0, 0.12751543723857572), (0, 0.1442523551985801), (0, 0.10883105825514337), (0, 0.06420298323069226), (0, 0.08353075606930699), (0, 0.09988857313728446), (0, 0.09589355054596993), (0, 0.07430919097262705), (0, 0.05706538407794558), (0, 0.08234750894489656), (0, 0.09242686235871761), (0, 0.08243793666467306), (0, 0.055697755121374676), (0, 0.06410882307703962), (0, 0.07882996759494627), (0, 0.07549805153576009), (0, 0.05505050932481737), (0, 0.04554892186554286), (0, 0.06402935230044625), (0, 0.06181409540004099), (0, 0.0435555357087328), (0, 0.04741288111516502), (0, 0.04936863312958886), (0, 0.04083918787197371), (0, 0.04851217811801444), (0, 0.04718928967570098), (0, 0.0354087491442104), (0, 0.043580333989100564), (0, 0.041536835907353735), (0, 0.03488959720626071), (0, 0.038637051428161616), (0, 0.033428303380418675), (0, 0.03803123467775851), (0, 0.03365997248855788), (0, 0.03560941931977872), (0, 0.032178564479189604), (0, 0.03106339210334505), (0, 0.033255196204962464), (0, 0.03213238465641246), (0, 0.03039544454514878), (0, 0.03021256285263147), (0, 0.029737868653155905), (0, 0.0358086525716429), (0, 0.03188380581399965), (0, 0.034948024902533466), (0, 0.029822770671049208), (0, 0.040623451869419645), (0, 0.04123231190190496), (0, 0.03179046827198165), (0, 0.04613320308537433), (0, 0.04238107151205461), (0, 0.037259331812515645), (0, 0.047743520827181585), (0, 0.04034934318749585), (0, 0.03753895921031624), (0, 0.04260452061671738), (0, 0.03437172163207651), (0, 0.03667285858095916), (0, 0.03400505141042682), (0, 0.03929314241858421), (0, 0.03591194495573906), (0, 0.03221815725778688), (0, 0.0280706462792146), (0, 0.030250396438377024), (0, 0.028315426783589923), (0, 0.02960083771310057), (0, 0.030921339948104785), (0, 0.029154812473089126), (0, 0.030907499366087457), (0, 0.02976024036215824), (0, 0.03032567389621628), (0, 0.030684522486334364), (0, 0.029070746009060795), (0, 0.02780571810047128), (0, 0.02768033339799944), (0, 0.02942204656118338), (0, 0.03283459292272919), (0, 0.03071955596050134), (0, 0.03338074151425208), (0, 0.03027311660793198), (0, 0.032785139977806375), (0, 0.032154591248280906), (0, 0.029558465576606446), (0, 0.030265159488033853), (0, 0.02935367358415559), (0, 0.033058401224539194), (0, 0.03205656819392784), (0, 0.030225872775964818), (0, 0.028913496743353168), (0, 0.031416804886903835), (0, 0.028878574070077538), (0, 0.03353840147478153), (0, 0.03171181125488726), (0, 0.034518124975483455), (0, 0.03268617873264677), (0, 0.03188806023498916), (0, 0.0349104725087265), (0, 0.035716447055691776), (0, 0.03203878399673535), (0, 0.034625365542816464), (0, 0.03569726593431212), (0, 0.038965127998630764), (0, 0.034626732835965436), (0, 0.03166762865621075), (0, 0.03299271531703831), (0, 0.03492077810343303), (0, 0.03339156359673982), (0, 0.033747405365129275), (0, 0.03633924420207499), (0, 0.04030559400925623), (0, 0.037092248043955896), (0, 0.033791329512680594), (0, 0.038221297498459594), (0, 0.04027039148541673), (0, 0.03439458290694171), (0, 0.03779945983616452), (0, 0.038255511962587), (0, 0.04062085851314108), (0, 0.04163794287896446), (0, 0.03589092650520822), (0, 0.04180906912658461), (0, 0.032786942458803175), (0, 0.04257647733374803), (0, 0.04293335767587794), (0, 0.03282541953677689), (0, 0.04869659635504084), (0, 0.04288700480310812), (0, 0.04186948377003772), (0, 0.04523693981520724), (0, 0.03116936249870098), (0, 0.0471992217546435), (0, 0.04772862034316119), (0, 0.03602869328679342), (0, 0.047742462283832394), (0, 0.045223729732537084), (0, 0.03517828463833477), (0, 0.038834275497417706), (0, 0.032198809006290775), (0, 0.041525402332288255), (0, 0.040281638821021634), (0, 0.0374894215949202), (0, 0.045178608478195534), (0, 0.036734415902396476), (0, 0.036263418835625345), (0, 0.04283999453512735), (0, 0.03578987559793325), (0, 0.043090723866340316), (0, 0.042124833674863346), (0, 0.03438084754071978), (0, 0.04701068013662828), (0, 0.0428654112680793), (0, 0.03725863267489549), (0, 0.05315890193074711), (0, 0.05143920170031034), (0, 0.037368116630681854), (0, 0.04486460040481208), (0, 0.04649543833235372), (0, 0.03631121341740955), (0, 0.03997070222712884), (0, 0.03893543546645219), (0, 0.039761835987403904), (0, 0.03948228596381235), (0, 0.03676670140195781), (0, 0.03388728633394993), (0, 0.03530141579533979), (0, 0.032373074854767016), (0, 0.0329935852366276), (0, 0.032530066977941856), (0, 0.03518707679125253), (0, 0.031400131532712296), (0, 0.033294479373828754), (0, 0.03312532986502021), (0, 0.03166181642162218), (0, 0.031030411758250356), (0, 0.03794093994175454), (0, 0.034291363871566276), (0, 0.03321338925847955), (0, 0.02968177491001493), (0, 0.03081461987969548), (0, 0.032408925721854796), (0, 0.0313450880455328), (0, 0.03459979841145645), (0, 0.03175633012274112), (0, 0.03154234145328406), (0, 0.03224636016232846), (0, 0.031992242606450436), (0, 0.030291877503973132), (0, 0.03174063304086479), (0, 0.03298210174663281), (0, 0.03165437599392708), (0, 0.03141008398548764), (0, 0.038153341759450246), (0, 0.032836847920125416), (0, 0.03496371578377553), (0, 0.035323815745428117), (0, 0.03286727982178082), (0, 0.03499696794911337), (0, 0.030210862147503896), (0, 0.035456789169128235), (0, 0.03275906825005637), (0, 0.03452107628760764), (0, 0.03109289152618432), (0, 0.035177426487608784), (0, 0.033911342018702925), (0, 0.035977783114027176), (0, 0.03345842148879), (0, 0.03255848602337756), (0, 0.02884326371649783), (0, 0.03441761775686174), (0, 0.034648941347997245), (0, 0.035686264946410445), (0, 0.030946032327475777), (0, 0.03251973057324935), (0, 0.03358614156575258), (0, 0.03374953933241237), (0, 0.034151245044571024), (0, 0.03744732318011188), (0, 0.03378290489316866), (0, 0.032026672013766126), (0, 0.032862102245896314), (0, 0.03390219652050336), (0, 0.03286152178715265), (0, 0.03161949776265433), (0, 0.03410766255900796), (0, 0.03042777746453176), (0, 0.030810926767268938), (0, 0.030563067442415662), (0, 0.032945356611831025), (0, 0.03144030934105278), (0, 0.03185793572256401), (0, 0.03112165521603058), (0, 0.029547699343703472), (0, 0.028438952721103188), (0, 0.02924090910342424), (0, 0.028882365852628485), (0, 0.0321748831563151), (0, 0.029060862564603003), (0, 0.031131327041443637), (0, 0.029811491708044823), (0, 0.032514309531150504), (0, 0.03380137242294077), (0, 0.03206478737373999), (0, 0.03341173779129799), (0, 0.030562843654864526), (0, 0.03465634497925382), (0, 0.032140232931654696), (0, 0.03452689833417104), (0, 0.027983855911199826), (0, 0.03190006843485804), (0, 0.03134675645878814), (0, 0.029256201646415472), (0, 0.03517136487338531), (0, 0.03030854445596444), (0, 0.03450962911883778), (0, 0.028869860926910428), (0, 0.03612529036809811), (0, 0.029894211522115466), (0, 0.036234202145205896), (0, 0.030938256825084408), (0, 0.03581158520754995), (0, 0.030578363140000623), (0, 0.040468983153529675), (0, 0.03519418223461262), (0, 0.039088915191442364), (0, 0.03880677697421881), (0, 0.031247640628719202), (0, 0.04217343691591674), (0, 0.032318057856120116), (0, 0.04367775022064951), (0, 0.041117236101869056), (0, 0.033521773082933595), (0, 0.03619482098270167), (0, 0.03110726298080678), (0, 0.03256566425672053), (0, 0.03109322203680364), (0, 0.029878874091191814), (0, 0.03199962753328073), (0, 0.033050269051001446), (0, 0.03222555132957233), (0, 0.030594188414226377), (0, 0.03125789528833698), (0, 0.03130502274340476), (0, 0.02952924195919625), (0, 0.030340498981510367), (0, 0.030388942576799728), (0, 0.030804103894800997), (0, 0.0320087943349875), (0, 0.03146603875829606), (0, 0.03351262573789154), (0, 0.028430802084608305), (0, 0.033691116687050146), (0, 0.029151167887847662), (0, 0.03245780424223263), (0, 0.033360788877955586), (0, 0.03209532778219571), (0, 0.033255072594306434), (0, 0.03538627961201947), (0, 0.03009735299753526), (0, 0.03864066032986985), (0, 0.03372296118784451), (0, 0.04165261979257097), (0, 0.040493656238016776), (0, 0.03336178446467718), (0, 0.04584976490245557), (0, 0.0399671566544658), (0, 0.03583027308384865), (0, 0.040165017371520687), (0, 0.03049867173426486), (0, 0.03711671926640489), (0, 0.030680634969033567), (0, 0.03654618666677703), (0, 0.030330572098029068), (0, 0.03340940496993827), (0, 0.03014122423012391), (0, 0.03774694911624208), (0, 0.0341261715564268), (0, 0.0387955022853731), (0, 0.03917374159534418), (0, 0.030988617500995283), (0, 0.042114825084439436), (0, 0.036543171151044995), (0, 0.03528952357642581), (0, 0.03269770193772423), (0, 0.03964015825698909), (0, 0.041791884195005624), (0, 0.03316063485659317), (0, 0.03883206767573629), (0, 0.035591944069152434), (0, 0.041192766843476315), (0, 0.03885500504811713), (0, 0.03234861980359122), (0, 0.038367785498590594), (0, 0.031118344890362255), (0, 0.03210851333675581), (0, 0.03278274013573547), (0, 0.031683675117638796), (0, 0.0340658430370813), (0, 0.03074913114714337), (0, 0.030374563433648697), (0, 0.03179617754919185), (0, 0.03345163601642896), (0, 0.028940971515252552), (0, 0.031140367525886038), (0, 0.027935246794484267), (0, 0.028575426988069693), (0, 0.028799004992905854), (0, 0.028657756299407432), (0, 0.029062130763097875), (0, 0.03130588437766689), (0, 0.0316977369346992), (0, 0.02790635309045599), (0, 0.037379235354343746), (0, 0.037345203724642485), (0, 0.03113047241609842), (0, 0.033870303659882264), (0, 0.028825943593147066), (0, 0.028903393045123967), (0, 0.029276510870629716), (0, 0.033214337330550604), (0, 0.028181914599985872), (0, 0.033303014304963074), (0, 0.02791521329857525), (0, 0.03584152153345357), (0, 0.030986556145802393), (0, 0.0371550067444807), (0, 0.03583008709977673), (0, 0.034378863576392714), (0, 0.03324936302578812), (0, 0.034643856166930796), (0, 0.034778814438618355), (0, 0.030792217601455903), (0, 0.033925195072757416), (0, 0.029879802764336685), (0, 0.029231994758330517), (0, 0.03705592330548971), (0, 0.03236948201869082), (0, 0.039141433928578405), (0, 0.040553388574141785), (0, 0.030549450121325334), (0, 0.04254185712580488), (0, 0.03862620572796763), (0, 0.03467380191873047), (0, 0.04411493843682301), (0, 0.03291158128516272), (0, 0.04696064890040583), (0, 0.05093075118018056), (0, 0.04133186635771849), (0, 0.036212990581577814), (0, 0.03704966292548098), (0, 0.03205122335644812), (0, 0.03394592051278968), (0, 0.034729719622486714), (0, 0.035301869360555176), (0, 0.03208449649965546), (0, 0.029044890443546266), (0, 0.03421145079301189), (0, 0.029572547921572725), (0, 0.038780282106209665), (0, 0.034428333463878205), (0, 0.03516810280408658), (0, 0.03324522120555027), (0, 0.03654104536760519), (0, 0.03568412513772841), (0, 0.028674942731912338), (0, 0.02947586160323265), (0, 0.03555800191141359), (0, 0.03304818097578083), (0, 0.034612843979712156), (0, 0.03199818241192065), (0, 0.03610682000642102), (0, 0.03505708683071704), (0, 0.03392836390274047), (0, 0.03421312718239306), (0, 0.031963101816365), (0, 0.02938380751368685), (0, 0.0383992028901897), (0, 0.035797480711015864), (0, 0.03565021395762161), (0, 0.03828217967799005), (0, 0.02950087247177239), (0, 0.033385799131799024), (0, 0.02865041392535431), (0, 0.034239707759376035), (0, 0.028834638914735162), (0, 0.0269431113413612), (0, 0.02736003267113577), (0, 0.03501132770357367), (0, 0.03336921078749441), (0, 0.03360751129541962), (0, 0.029151410558462154), (0, 0.03741788997641257), (0, 0.036571029380221776), (0, 0.032868354366765086), (0, 0.03907645191052879), (0, 0.03150741438838738), (0, 0.037007932560065036), (0, 0.03813621375404771), (0, 0.030769304470437006), (0, 0.038161711979912416), (0, 0.03219036863329755), (0, 0.030267275114164778), (0, 0.025152440518783452), (0, 0.02927800434366159), (0, 0.02809379451733747), (0, 0.02573403790423651), (0, 0.03348275740750771), (0, 0.030418419177498435), (0, 0.029977365459879803), (0, 0.02936432174045794), (0, 0.03377092368394055), (0, 0.028869291005059212), (0, 0.029673039487106676), (0, 0.033712772282219985), (0, 0.035938099745068224), (0, 0.029193047408928103), (0, 0.03705140561830335), (0, 0.03376219418456666), (0, 0.039837970967495424), (0, 0.03475997213859985), (0, 0.033866160842788), (0, 0.0355258639769424), (0, 0.030612780526544682), (0, 0.03606095788669908), (0, 0.031926971368480654), (0, 0.03846667490033094), (0, 0.03930559850023496), (0, 0.030400757318690956), (0, 0.0358272397641849), (0, 0.03166240980797037), (0, 0.03127835188110621), (0, 0.028554895984384873), (0, 0.03028664227527919), (0, 0.030694947982078696), (0, 0.03140919628546296), (0, 0.02956200772470102), (0, 0.03171291837552521), (0, 0.02981526160228454), (0, 0.031966739093533196), (0, 0.031869714752296906), (0, 0.03360427056341818), (0, 0.032769298476635206), (0, 0.030536966129461884), (0, 0.032006410033674534), (0, 0.03023345647557782), (0, 0.028421172806181005), (0, 0.03189253549598929), (0, 0.03056172423649785), (0, 0.028641895932231543), (0, 0.0268085778449101), (0, 0.02934157023651765), (0, 0.029769803218074816), (0, 0.029363239432503713), (0, 0.030187052889618635), (0, 0.029087031541697603), (0, 0.03227993236580678), (0, 0.030495112609996506), (0, 0.03495347357228944), (0, 0.02870458526263843), (0, 0.03670261733832739), (0, 0.03410670787234867), (0, 0.035044758803198434), (0, 0.03118737292973161), (0, 0.039130557170486635), (0, 0.03835303417754635), (0, 0.03509247695392691), (0, 0.037363769306343636), (0, 0.030002718933774056), (0, 0.03479165739870066), (0, 0.029776568218403937), (0, 0.02718687107294983), (0, 0.02966212914691542), (0, 0.0318481313932137), (0, 0.029177113110797622), (0, 0.03055548532230496), (0, 0.02730545064211351), (0, 0.0286161137699997), (0, 0.03551718905134678), (0, 0.03336705805185469), (0, 0.03176124653552902), (0, 0.02891516838782686), (0, 0.031046429620230284), (0, 0.030785922792304313), (0, 0.02988246237462292), (0, 0.028720560880312954), (0, 0.026957836375751592), (0, 0.02725861063898736), (0, 0.03190569514365052), (0, 0.028289198021858995), (0, 0.0357311140912676), (0, 0.030133417984041146), (0, 0.03967922436630786), (0, 0.038558121627396635), (0, 0.03132910580320056), (0, 0.03752611461769638), (0, 0.031059308712849884), (0, 0.03852764251987431), (0, 0.03280195596276177), (0, 0.036967299525941744), (0, 0.036539228727671666), (0, 0.03166671109305247), (0, 0.03138707382457549), (0, 0.03233019144588337), (0, 0.031891745992175695), (0, 0.03614333737535056), (0, 0.03642640880623137), (0, 0.03214320891016849), (0, 0.0341286292982287), (0, 0.02686304930971567), (0, 0.032618739878265295), (0, 0.03625293797032386), (0, 0.03339603689734187), (0, 0.030495647767813876), (0, 0.03181821125318074), (0, 0.028232282115345512), (0, 0.03112230981111987), (0, 0.02765781899532784), (0, 0.03445537136629611), (0, 0.031399674656878145), (0, 0.030891847254295605), (0, 0.028198137891858897), (0, 0.02982091248807071), (0, 0.03081444899063708), (0, 0.02809353844555028), (0, 0.02852910531152666), (0, 0.02922123421099652), (0, 0.027603298494002088), (0, 0.027003275524064667), (0, 0.028020041191168726), (0, 0.027613508896659016), (0, 0.03173380097161767), (0, 0.028396982407680363), (0, 0.03525545928533375), (0, 0.03131717771152808), (0, 0.032597473335298596), (0, 0.029438776748298527), (0, 0.033941742582342053), (0, 0.03290564055420481), (0, 0.03724869777285641), (0, 0.03803747752893245), (0, 0.02934207516285498), (0, 0.03831661049323204), (0, 0.032663572943499704), (0, 0.036954474734610755), (0, 0.03939943031302773), (0, 0.029121486766262594), (0, 0.043963220609256774), (0, 0.04393301432464758), (0, 0.031345789359305036), (0, 0.04146005014209058), (0, 0.038096937784483656), (0, 0.031978426667490775), (0, 0.03515615211805682), (0, 0.028055790270097664), (0, 0.03258736775798081), (0, 0.029523013775761067), (0, 0.02836430338249664), (0, 0.028880297770818054), (0, 0.02750617125666247), (0, 0.03145660709334746), (0, 0.02780993300885057), (0, 0.03242446320548873), (0, 0.026460957490622154), (0, 0.04000737082347272), (0, 0.03670540269397283), (0, 0.03364002858456798), (0, 0.03610287249959485), (0, 0.030503252735784338), (0, 0.03489896762907764), (0, 0.027550597841507575), (0, 0.038691862492375606), (0, 0.03763012045830713), (0, 0.03149228295218394), (0, 0.03586089815220042), (0, 0.031741181008450615), (0, 0.03289894295859144), (0, 0.02973829111791635), (0, 0.03691520294201232), (0, 0.03592627017505837), (0, 0.02606698749932353), (0, 0.03148596363786258), (0, 0.028974045629756702), (0, 0.029133055469472438), (0, 0.02841337087708093), (0, 0.0316297097034818), (0, 0.02915684934604009), (0, 0.02633277159666583), (0, 0.02969886639824236), (0, 0.02750878793450703), (0, 0.028018952467784974), (0, 0.029405622441183346), (0, 0.030132916847757457), (0, 0.031192076825682036), (0, 0.03171126806691766), (0, 0.028827271952924702), (0, 0.02488720252856006), (0, 0.029221961795042613), (0, 0.0292123083239418), (0, 0.030115069002248175), (0, 0.028848701850195807), (0, 0.02796755523543642), (0, 0.027057822201744023), (0, 0.028725052534855938), (0, 0.02654839234118686), (0, 0.02777981944982501), (0, 0.029500720913044266), (0, 0.029350429820052922), (0, 0.033659597882671685), (0, 0.02866314698509452), (0, 0.03059773187866962), (0, 0.026826244255052294), (0, 0.029765372735137807), (0, 0.02712974989476396), (0, 0.02404945190175499), (0, 0.02496366786588305), (0, 0.026116418399064638), (0, 0.028138574284496055), (0, 0.03140061029669437), (0, 0.029177627080154096), (0, 0.03268923972199763), (0, 0.027684968817316264), (0, 0.04067112590824748), (0, 0.04120770521442137), (0, 0.028263629165789665), (0, 0.03630747023246543), (0, 0.027647780481614963), (0, 0.039158110688533955), (0, 0.03787856542270804), (0, 0.029426252063325622), (0, 0.030296711984413183), (0, 0.030314755973302826), (0, 0.031962805597286675), (0, 0.029154898337270328), (0, 0.032847848292488845), (0, 0.02617177181351938), (0, 0.02934039509943412), (0, 0.0290997648394968), (0, 0.0314662577750658), (0, 0.02756558674792316), (0, 0.029199557611577807), (0, 0.02825997009198383), (0, 0.026060090274667214), (0, 0.02554457497495791), (0, 0.03135973339100296), (0, 0.02724055275919161), (0, 0.03258443099890511), (0, 0.028716543049130454), (0, 0.032533476100988196), (0, 0.030173918633675145), (0, 0.028865968596683556), (0, 0.029106196688100744), (0, 0.03243101409483014), (0, 0.028602594461657187), (0, 0.03358161152990243), (0, 0.031375995108603214), (0, 0.034261993571902974), (0, 0.03046017213023469), (0, 0.03159870865582795), (0, 0.02942215021862256), (0, 0.03277912851269174), (0, 0.03580353955369678), (0, 0.029641116303857473), (0, 0.040219412897306725), (0, 0.03417859893841621), (0, 0.0316993983303721), (0, 0.035346511203789246), (0, 0.03334199127992155), (0, 0.031129358022605053), (0, 0.0252181938243954), (0, 0.03343310802756072), (0, 0.030193674756817793), (0, 0.027878838255705227), (0, 0.031388809326733255), (0, 0.03423920807746075), (0, 0.03236601634332904), (0, 0.03242022975540573), (0, 0.03299189843561288), (0, 0.03709420951873209), (0, 0.0374319319095532), (0, 0.02925849355481762), (0, 0.03647413283600168), (0, 0.031052303858481733), (0, 0.036841988063725184), (0, 0.033290822430485756), (0, 0.033249030026908516), (0, 0.03687535139708389), (0, 0.02518674752574953), (0, 0.03376087410780461), (0, 0.032155002846869035), (0, 0.032613897447126894), (0, 0.02828656579216198), (0, 0.028558005543952367), (0, 0.03283645067236646), (0, 0.030960508977826914), (0, 0.032244557957608), (0, 0.03440482566879736), (0, 0.027888022510508297), (0, 0.03096730171468605), (0, 0.0275494498467228), (0, 0.026414760571845813), (0, 0.02756938352368915), (0, 0.024215246153750012), (0, 0.024192060150156257), (0, 0.031895005243480073), (0, 0.0264271446003055), (0, 0.0301431227544873), (0, 0.02539967895067514), (0, 0.022718613575193444), (0, 0.03687473353453102), (0, 0.032001276117910066), (0, 0.03147164536415393), (0, 0.029125922511093055), (0, 0.02962359362316349), (0, 0.02645847526649745), (0, 0.03548051744347046), (0, 0.03454904269390419), (0, 0.028776085814788348), (0, 0.03063435171166974), (0, 0.03000118202042356), (0, 0.026845916956363857), (0, 0.03350573441931343), (0, 0.030381446936887248), (0, 0.029200859219501676), (0, 0.032551282582478955), (0, 0.027088154868558825), (0, 0.031578494274937585), (0, 0.02524366495605585), (0, 0.02398767579956444), (0, 0.02468245927219803), (0, 0.026918522992835633), (0, 0.02659891730896563), (0, 0.029855082892704245), (0, 0.02856284454372502), (0, 0.02588568824066669), (0, 0.030212487592518655), (0, 0.033906220639946354), (0, 0.03284192482952306), (0, 0.03097452769843348), (0, 0.035328842077535075), (0, 0.02969613394557867), (0, 0.027749298154072677), (0, 0.03424202355182993), (0, 0.029595822635195584), (0, 0.0338314816677822), (0, 0.036988818490172895), (0, 0.030921880795813914), (0, 0.035359379318544513), (0, 0.03023875706599541), (0, 0.03105174148446383), (0, 0.027005667272489205), (0, 0.028932633108438632), (0, 0.027744788593322342), (0, 0.02858277525167221), (0, 0.028529505288373336), (0, 0.026163509443192616), (0, 0.02814081902257754), (0, 0.029281068712663092), (0, 0.02856582380414844), (0, 0.027548452683196088), (0, 0.028535119913194296), (0, 0.027798437987732332), (0, 0.029675565952285453), (0, 0.031103458487786548), (0, 0.032771779401354756), (0, 0.02509484422724641), (0, 0.03360757775129296), (0, 0.038379922809932354), (0, 0.033993850690881594), (0, 0.03717712450651012), (0, 0.031328325611217386), (0, 0.037039084884925244), (0, 0.03659491562108483), (0, 0.030664744514472892), (0, 0.03098129314097776), (0, 0.03298938858495286), (0, 0.03460218766275583), (0, 0.03012233499364987), (0, 0.03184963815676846), (0, 0.03499070169101201), (0, 0.03092505566276877), (0, 0.03624448856184637), (0, 0.02692021405538706), (0, 0.036949138874604076), (0, 0.03203926679540925), (0, 0.037690630912094014), (0, 0.04347685459037315), (0, 0.033570934711349906), (0, 0.031218901632528252), (0, 0.02593011218765066), (0, 0.03848446355404662), (0, 0.037188274313571565), (0, 0.02823311007381453), (0, 0.03554920432853747), (0, 0.03329724904263963), (0, 0.03625554386749494), (0, 0.028981142115974773), (0, 0.03596038424807084), (0, 0.03381335458470008), (0, 0.032386997307084116), (0, 0.038284487026660395), (0, 0.03317214741922826), (0, 0.03629045190299112), (0, 0.034236101449307235), (0, 0.033037431645070905), (0, 0.03244242220226301), (0, 0.032728063896031806), (0, 0.03535582040370487), (0, 0.02627017891755169), (0, 0.032181935822423575), (0, 0.03117886355878487), (0, 0.030605803956370574), (0, 0.028631435063867314), (0, 0.026902562576277822), (0, 0.028763263695311035), (0, 0.029636268754360602), (0, 0.027083984756012355), (0, 0.026842177378758672), (0, 0.027242768507153015), (0, 0.027316858537145466), (0, 0.029834265634321934), (0, 0.02748750454644712), (0, 0.026748909905541123), (0, 0.025230072106688647), (0, 0.02688166648141263), (0, 0.02885318606908335), (0, 0.029756333237101584), (0, 0.02874359606283385), (0, 0.02642742387073852), (0, 0.027567665628091202), (0, 0.029368648748244054), (0, 0.031946545567727275), (0, 0.028757591706460466), (0, 0.02553014847021071), (0, 0.02682578250378566), (0, 0.02511913799838954), (0, 0.027687384137503115), (0, 0.02762180377899337), (0, 0.03036362388406059), (0, 0.028777848569434702), (0, 0.029077509070384255), (0, 0.025662237326524864), (0, 0.032492911798765574), (0, 0.029914985559467103), (0, 0.029185594443934454), (0, 0.027469097641654117), (0, 0.02830116966407206), (0, 0.031510476684122234), (0, 0.02770198893271146), (0, 0.028375572566814167), (0, 0.0327976144595342), (0, 0.029256741592006176), (0, 0.026524421488253604), (0, 0.02975169459083154), (0, 0.030191803570868342), (0, 0.02802027904605301), (0, 0.030303026935480808), (0, 0.02972523185817962), (0, 0.028822017809184544), (0, 0.030213824075102525), (0, 0.025980616874346885), (0, 0.030229253695337327), (0, 0.028355657182368134), (0, 0.024229262325695233), (0, 0.02824060246565928), (0, 0.027894318101108845), (0, 0.02386153417742454), (0, 0.026146894063702828), (0, 0.02827921068596532), (0, 0.027186021351016616), (0, 0.03274159586075078), (0, 0.02647433422647449), (0, 0.0321471240721292), (0, 0.027044923483304825), (0, 0.034292429412511996), (0, 0.034585212948344934), (0, 0.030087267037597863), (0, 0.030532680555303136), (0, 0.0324097429152526), (0, 0.03505050532392401), (0, 0.029226239134733857), (0, 0.034180514480594094), (0, 0.026083207027267522), (0, 0.035940705142421536), (0, 0.02957390056271838), (0, 0.0340207009689205), (0, 0.03373706527176029), (0, 0.02616122188264624), (0, 0.03340115080314012), (0, 0.02419498150296033), (0, 0.038613813611531086), (0, 0.03388547210328605), (0, 0.03303597148970227), (0, 0.03911191016381446), (0, 0.028804923863585463), (0, 0.03624534644164015), (0, 0.035049484316443585), (0, 0.031849503144800964), (0, 0.03363527660548005), (0, 0.026448366228033322), (0, 0.034145484183339445), (0, 0.031296782623221255), (0, 0.032316634332481275), (0, 0.03283562770509138), (0, 0.02747713017978596), (0, 0.03446137037874378), (0, 0.025100783657072214), (0, 0.04037568107322656), (0, 0.03896349382745912), (0, 0.025970346889267533), (0, 0.03074545383898014), (0, 0.027757337958792844), (0, 0.027579868228994373), (0, 0.027574697301200667), (0, 0.027323906207778186), (0, 0.028392163051272234), (0, 0.025027847870804632), (0, 0.026908625008985686), (0, 0.02311334890822924), (0, 0.026375912430466962), (0, 0.025901706424120305), (0, 0.026515959359599148), (0, 0.030260814515062146), (0, 0.02503809292088793), (0, 0.028233806815331525), (0, 0.028062948414502513), (0, 0.02970161765499382), (0, 0.025572138478576735), (0, 0.02940595798254278), (0, 0.03180337613365567), (0, 0.027947865716829272), (0, 0.025736704252464482), (0, 0.029768054019101), (0, 0.029665528831666288), (0, 0.025726204851667378), (0, 0.030692752952691665), (0, 0.031764100826268744), (0, 0.02729054805988926), (0, 0.024513337339341114), (0, 0.02980752737811015), (0, 0.026094212301851966), (0, 0.02825138531347166), (0, 0.032459981398531984), (0, 0.0343201523088171), (0, 0.030970900863384453), (0, 0.0314439373102612), (0, 0.034594799817385904), (0, 0.03273431820419799), (0, 0.03576280931324141), (0, 0.029622210420245695), (0, 0.0320884999763881), (0, 0.03484824906185683), (0, 0.024926938700505396), (0, 0.034134392252319755), (0, 0.030530293760785008), (0, 0.030687935123609855), (0, 0.028449864721028284), (0, 0.03404870086357282)]