Model Setup for {PATIENT_GROUPS} Trained Network:

RNN Network Architecture Parameters
Input channels=1
Hidden channels=128
Output channels=4

Training hyperparameters
Optimizer=AdamW (
Parameter Group 0
    amsgrad: False
    betas: (0.9, 0.999)
    capturable: False
    differentiable: False
    eps: 1e-08
    foreach: None
    fused: None
    lr: 0.001
    maximize: False
    weight_decay: 1e-06
)Training Iterations=1000
Learning rate=0.001
Weight decay=1e-06
Optimizer reset frequency=1000

Dropout probability (after initial linear layer before NCDE): 0.0
Training Data Selection Parameters
(If not virtual, the only important params are the groups and whether data was normalized/standardized)
Patient groups=['Atypical']
Augmentation strategy=Uniform
Noise Magnitude=0.05
Normalized/standardized=None
Number of virtual patients per real patient=1
Label smoothing factor=0
Test Patient Combinations:
Control: None
MDD: None
Training batch size=1
Training Results:
Runtime=4.3273820877075195
Loss over time=[(0, 4.1390540667305356), (0, 3.8249018440741187), (0, 3.5637760672751715), (0, 2.777874229480762), (0, 2.753464969544811), (0, 2.729361794782447), (0, 2.7033058866799125), (0, 2.6757447618204444), (0, 2.6469523554523215), (0, 2.6171447093618982), (0, 2.586543979319204), (0, 2.5553872439922407), (0, 2.5238886280981707), (0, 2.4936624060337653), (0, 2.46512449927052), (0, 2.4366086464467314), (0, 2.4081506459566975), (0, 2.379784858923462), (0, 2.3536709836208223), (0, 2.3283627447392643), (0, 2.303243618297807), (0, 2.2782625204556965), (0, 2.2544567490139173), (0, 2.2323162147410014), (0, 2.2144917285986794), (0, 2.1989885051910316), (0, 2.183179814716692), (0, 2.1671049707369727), (0, 2.150797130529864), (0, 2.134284735050908), (0, 2.1175923086928314), (0, 2.1007409681301747), (0, 2.083748818653029), (0, 2.0666312995131437), (0, 2.049401483250823), (0, 2.0320703154546855), (0, 2.0146467812168867), (0, 1.9971379912871732), (0, 1.9795491896706918), (0, 1.9618836948910308), (0, 1.9441428030693726), (0, 1.92184884991134), (0, 1.9037771785955253), (0, 1.8856075749018395), (0, 1.8673361398540578), (0, 1.8489602298006915), (0, 1.8304817026191011), (0, 1.811910839153943), (0, 1.7932694476892301), (0, 1.7745911806359043), (0, 1.7559176709548387), (0, 1.737290029212301), (0, 1.7187368823812053), (0, 1.700263135875453), (0, 1.68184458284929), (0, 1.6634328718399725), (0, 1.6449727664796414), (0, 1.6264244274282822), (0, 1.608623984925036), (0, 1.5908000157213706), (0, 1.5730715585357526), (0, 1.555347696315687), (0, 1.537013920757209), (0, 1.5187761467898875), (0, 1.5008099014682406), (0, 1.482824104011303), (0, 1.4649791567966894), (0, 1.447575943888385), (0, 1.4321342999973214), (0, 1.416588434425277), (0, 1.4012694270919641), (0, 1.3856122626225673), (0, 1.369670226516057), (0, 1.353428600661115), (0, 1.336934255040086), (0, 1.3206585354320857), (0, 1.3045469587072163), (0, 1.2884626922417852), (0, 1.2724361775098083), (0, 1.2565669052099435), (0, 1.2408967285536405), (0, 1.225467959157187), (0, 1.2100145153744892), (0, 1.194384743961885), (0, 1.178486703211451), (0, 1.1624713215734959), (0, 1.14651590684679), (0, 1.1307700286623468), (0, 1.1151107354076726), (0, 1.0995381053381472), (0, 1.083784721708071), (0, 1.067875461762186), (0, 1.0519236772752134), (0, 1.0363272716819358), (0, 1.0207347001563516), (0, 1.0049865663206943), (0, 0.9891008324646486), (0, 0.9732381270328513), (0, 0.957496017342619), (0, 0.9416828355639274), (0, 0.9257864833433583), (0, 0.9098121019903305), (0, 0.89381960623422), (0, 0.8779372480609076), (0, 0.8621104010451849), (0, 0.8460967838110423), (0, 0.8301019910337986), (0, 0.8141900784541243), (0, 0.798180892511325), (0, 0.7820512437397975), (0, 0.7659813618352801), (0, 0.7499073851504005), (0, 0.734027203707587), (0, 0.717969359608043), (0, 0.7019074970555238), (0, 0.6857972196528581), (0, 0.671261803350504), (0, 0.6584107148222502), (0, 0.6456963378213395), (0, 0.6336046965951019), (0, 0.6215330277672595), (0, 0.6095300604543125), (0, 0.5996945933608776), (0, 0.593789125352427), (0, 0.5891491853929046), (0, 0.5859361707946298), (0, 0.5828784025437411), (0, 0.5808846883711362), (0, 0.57989182485839), (0, 0.5796999308741541), (0, 0.5800218610691593), (0, 0.5800283916925769), (0, 0.5797871867494802), (0, 0.5796274362693534), (0, 0.5790842547288546), (0, 0.5782027601424552), (0, 0.5774219849539662), (0, 0.5766492087363921), (0, 0.5757949295159175), (0, 0.5751471277291268), (0, 0.5743560717708466), (0, 0.5738547377723332), (0, 0.5731421038673469), (0, 0.5722187762176744), (0, 0.5712373599174759), (0, 0.5702333271077054), (0, 0.5691258666118018), (0, 0.5679644615027518), (0, 0.5666561877665055), (0, 0.5653395833018161), (0, 0.5644714866154693), (0, 0.5632700626072729), (0, 0.5621423959726084), (0, 0.5608917184569884), (0, 0.5597243804757567), (0, 0.5583181544963973), (0, 0.5570427569399029), (0, 0.5556988306862636), (0, 0.554639645551679), (0, 0.5531593002369974), (0, 0.5517566692427249), (0, 0.5509364511573259), (0, 0.5499483472215514), (0, 0.5489911518970355), (0, 0.5483453313893563), (0, 0.5474869896043013), (0, 0.5467988370046658), (0, 0.5459334677332566), (0, 0.544940356731611), (0, 0.5442157639704629), (0, 0.5433173755404245), (0, 0.5426174846799453), (0, 0.5418648839799051), (0, 0.5411087457271522), (0, 0.5406118956976331), (0, 0.5397870122017662), (0, 0.5386989476464153), (0, 0.5384868879414044), (0, 0.537175570252223), (0, 0.5363872026303178), (0, 0.5355715537618561), (0, 0.5348946326701097), (0, 0.5341089318507645), (0, 0.5334845745714988), (0, 0.5321609100549455), (0, 0.531454223396224), (0, 0.5306916518675773), (0, 0.5319799908531463), (0, 0.5304469444315062), (0, 0.5307635003745652), (0, 0.5303585686740648), (0, 0.5301621683864832), (0, 0.5288065788872889), (0, 0.528402328708367), (0, 0.5277562136423737), (0, 0.5274059509623215), (0, 0.5262618315274592), (0, 0.5256249094039981), (0, 0.5250090732399854), (0, 0.5237729340353835), (0, 0.5230553470734112), (0, 0.5221122034966383), (0, 0.5215310592580013), (0, 0.5208958191858454), (0, 0.5200327572610545), (0, 0.5192852364269217), (0, 0.5181935739533848), (0, 0.5181125514895211), (0, 0.5169485568383768), (0, 0.5163376470111682), (0, 0.5157494301536175), (0, 0.5150775607563501), (0, 0.5143280960755171), (0, 0.5136078349839814), (0, 0.5131840119964045), (0, 0.5126154484501563), (0, 0.5117166037640775), (0, 0.5110618736722876), (0, 0.5105152555263921), (0, 0.5100986167188769), (0, 0.5094873978023475), (0, 0.5088122378564055), (0, 0.5082823965792553), (0, 0.5078441949578508), (0, 0.5070130190182339), (0, 0.5066081770307765), (0, 0.5061400529353703), (0, 0.5056117213310976), (0, 0.504833081574638), (0, 0.5042497275893552), (0, 0.5038133694578787), (0, 0.503083375655174), (0, 0.5025754411952442), (0, 0.5017342679817404), (0, 0.5010792076830975), (0, 0.500657461658842), (0, 0.5000868092361721), (0, 0.4993702485310584), (0, 0.49891904460380043), (0, 0.4983529667734576), (0, 0.49778281753990106), (0, 0.49724360129864903), (0, 0.4966708268409325), (0, 0.4958543945480183), (0, 0.49558476282564623), (0, 0.4952127939736526), (0, 0.49448797769168895), (0, 0.49348627675760504), (0, 0.4933347626153084), (0, 0.49289422548030287), (0, 0.4923660613302137), (0, 0.4916220101544051), (0, 0.4909174586115027), (0, 0.49016723444036625), (0, 0.4897702795747223), (0, 0.4892413810222064), (0, 0.4883375774707662), (0, 0.48776606995868804), (0, 0.48748953621160607), (0, 0.4867976928114195), (0, 0.485986485385066), (0, 0.4853802999722952), (0, 0.48508032940738877), (0, 0.4844964264027529), (0, 0.48371008234262697), (0, 0.48301067261684344), (0, 0.48252386256238927), (0, 0.48202403489718326), (0, 0.48133654442500706), (0, 0.480997453577674), (0, 0.4804810881064035), (0, 0.47978043779328416), (0, 0.47963451575389265), (0, 0.4790205973957679), (0, 0.478150851558006), (0, 0.47771139068970425), (0, 0.4772909244206983), (0, 0.4768296586376342), (0, 0.4762382408905737), (0, 0.4756780031436286), (0, 0.47506660772193926), (0, 0.4740899877037721), (0, 0.4737200030412715), (0, 0.4730820144833953), (0, 0.4725252756821653), (0, 0.4720356522367426), (0, 0.47157678818667204), (0, 0.4709231438038526), (0, 0.4704491611861713), (0, 0.46991158948518724), (0, 0.4692982598623529), (0, 0.4688808438674417), (0, 0.46833092788459096), (0, 0.4674178857344406), (0, 0.46698924795942276), (0, 0.46669488827473404), (0, 0.4659993654666233), (0, 0.4652859271922294), (0, 0.46478762660471123), (0, 0.4640318881113306), (0, 0.46323436644472443), (0, 0.4630747339558422), (0, 0.4624967220845539), (0, 0.4614990909504427), (0, 0.46115280962156857), (0, 0.4603608676797742), (0, 0.4598122446873548), (0, 0.45923535575449953), (0, 0.45830748110893005), (0, 0.45842342142989195), (0, 0.45772962700449965), (0, 0.4567368690422294), (0, 0.45615176261391877), (0, 0.4555814534364393), (0, 0.4548383325342168), (0, 0.4544622313355), (0, 0.454193321907581), (0, 0.453702366575452), (0, 0.4528858751767202), (0, 0.4526868008123973), (0, 0.4520442551592997), (0, 0.45086350617877724), (0, 0.4505516081348064), (0, 0.45005841524508616), (0, 0.44894767319515105), (0, 0.44869792536199965), (0, 0.4485745945336268), (0, 0.4473050914687128), (0, 0.44656354785036956), (0, 0.44602039671538907), (0, 0.44544241144038377), (0, 0.44458111930442695), (0, 0.44423192191524236), (0, 0.44353000409979537), (0, 0.44264389035461504), (0, 0.44193949352580486), (0, 0.4415667179376899), (0, 0.44104293297881864), (0, 0.4404395280151686), (0, 0.4392445064714676), (0, 0.4388384679891762), (0, 0.4377475185760796), (0, 0.43739215098824513), (0, 0.43678913657493273), (0, 0.43609096110706846), (0, 0.43509093470774435), (0, 0.4342024649481195), (0, 0.43340937058629186), (0, 0.4317434421222392), (0, 0.4324279768929675), (0, 0.4308691153115736), (0, 0.4299720702149715), (0, 0.4312237645712916), (0, 0.42874853919314865), (0, 0.429812514089459), (0, 0.4295666222574646), (0, 0.42890266075959654), (0, 0.4279932409262738), (0, 0.4286879619529606), (0, 0.42789730859767894), (0, 0.4281594933409001), (0, 0.427970526990722), (0, 0.42756588127075523), (0, 0.4272375059047041), (0, 0.42602931366864866), (0, 0.42558239241939677), (0, 0.42391993406257045), (0, 0.4236451749348219), (0, 0.42317640871395157), (0, 0.42214803025858566), (0, 0.4214226240871175), (0, 0.4207648925782407), (0, 0.41999397080434214), (0, 0.4188777824401237), (0, 0.4185838923434004), (0, 0.41768070050496675), (0, 0.4164502816256391), (0, 0.4163119986482773), (0, 0.41489572351638027), (0, 0.413540821461857), (0, 0.41574444108754427), (0, 0.41129291875031493), (0, 0.41389987294006764), (0, 0.4148545320716254), (0, 0.41396862828953374), (0, 0.4131004766735068), (0, 0.4127261581754286), (0, 0.410925318022076), (0, 0.4105965551138393), (0, 0.4096307768026561), (0, 0.4097662016643721), (0, 0.4092253364250821), (0, 0.40857582955919197), (0, 0.40755152026494074), (0, 0.4072696021723095), (0, 0.40645130451182543), (0, 0.4057274848906328), (0, 0.4052381155309707), (0, 0.4041037384810509), (0, 0.40288993759550734), (0, 0.40354353702146095), (0, 0.40116045585138466), (0, 0.40069052638787356), (0, 0.40167329073088087), (0, 0.4020772802009756), (0, 0.4004924942109349), (0, 0.39925111577631817), (0, 0.3989308539746383), (0, 0.40020476274175665), (0, 0.3986045652564149), (0, 0.3982546368747968), (0, 0.39724012849039925), (0, 0.3959849876638797), (0, 0.4000354138041148), (0, 0.3975097802894762), (0, 0.39699880483082806), (0, 0.39780224392801855), (0, 0.3952791422101185), (0, 0.394736297036997), (0, 0.3942740806312899), (0, 0.394410491162997), (0, 0.3936776205334709), (0, 0.39435529576544925), (0, 0.3929027913106993), (0, 0.3921538279576156), (0, 0.3912288214434971), (0, 0.3912291595854821), (0, 0.3904678224191618), (0, 0.3899828749292186), (0, 0.3907586049292413), (0, 0.38834293270598175), (0, 0.38897633297489465), (0, 0.38772743148284994), (0, 0.38749416501438605), (0, 0.3880463629877886), (0, 0.38774484594303543), (0, 0.387434157758873), (0, 0.3868779337382999), (0, 0.38551878483588176), (0, 0.3875741639401286), (0, 0.3852284569824697), (0, 0.3862839399336752), (0, 0.38687073684323264), (0, 0.3868014998647629), (0, 0.386015135766085), (0, 0.3859356586881545), (0, 0.3849119940966338), (0, 0.38342985577353533), (0, 0.38358796776862425), (0, 0.3832460333773918), (0, 0.3826006866484811), (0, 0.3828568931952253), (0, 0.3819220163750434), (0, 0.37930090353399915), (0, 0.3821086627500536), (0, 0.3775335398298888), (0, 0.3781872000675231), (0, 0.378402501177738), (0, 0.3782407109398569), (0, 0.37607505803156577), (0, 0.37926270769312537), (0, 0.37706989513045613), (0, 0.37624228849767916), (0, 0.3768684305251622), (0, 0.3764148422287163), (0, 0.3764164477369454), (0, 0.3751748698622439), (0, 0.3745728999990056), (0, 0.3743605157356838), (0, 0.3741937983523521), (0, 0.3745877743023779), (0, 0.3730534283345896), (0, 0.372723385693761), (0, 0.37225206143894507), (0, 0.37198757675512073), (0, 0.3714192770615823), (0, 0.37066877960824723), (0, 0.37042493688667727), (0, 0.3697337798122357), (0, 0.3699271105431974), (0, 0.3696551522279784), (0, 0.3687197706622687), (0, 0.3685968902371221), (0, 0.3679659910537702), (0, 0.3668215042855756), (0, 0.3663341679875415), (0, 0.36562839116854856), (0, 0.36597812853835987), (0, 0.3647614992819697), (0, 0.3640779814555475), (0, 0.3642667710987052), (0, 0.3636172526886826), (0, 0.36310262257167986), (0, 0.36246822782687915), (0, 0.36253300631099694), (0, 0.3609039170071823), (0, 0.36107141810012744), (0, 0.36066220178403796), (0, 0.35965927443293383), (0, 0.3579485287240911), (0, 0.3601552103019056), (0, 0.359181662254813), (0, 0.3585760822616575), (0, 0.3583131399697732), (0, 0.3569053154569749), (0, 0.3549423637456193), (0, 0.35799834358461446), (0, 0.3558052514229796), (0, 0.35510200012128645), (0, 0.3552076212608134), (0, 0.35532303442163177), (0, 0.3545902507678946), (0, 0.35289974929711365), (0, 0.3523977992959806), (0, 0.35100212052470686), (0, 0.3504881539243855), (0, 0.3506702365617117), (0, 0.3492681637700922), (0, 0.34870967508872597), (0, 0.3482727295351149), (0, 0.3473649298557707), (0, 0.3462980565757714), (0, 0.3456675353183512), (0, 0.34451994131897995), (0, 0.3443063804868511), (0, 0.3447352974775487), (0, 0.3427397564012092), (0, 0.3425049055874174), (0, 0.34198709744221945), (0, 0.3404833613111097), (0, 0.34021024463506405), (0, 0.33898179640522996), (0, 0.3383581763431984), (0, 0.33817060870483734), (0, 0.33906131313939064), (0, 0.33894127824409864), (0, 0.3388755504234195), (0, 0.3369949149044705), (0, 0.33584297443982997), (0, 0.3350434327339726), (0, 0.3355939571436557), (0, 0.33484190909214023), (0, 0.3341184941115909), (0, 0.3338305845025069), (0, 0.33258484255156334), (0, 0.3333480615628045), (0, 0.33131715283974505), (0, 0.3318948546504678), (0, 0.3310027189380597), (0, 0.3304764310936806), (0, 0.33107384464245715), (0, 0.3305100648042024), (0, 0.32963590699993334), (0, 0.328992820215137), (0, 0.3288108983435065), (0, 0.3270923770187253), (0, 0.32741253242773477), (0, 0.32688471433299404), (0, 0.3254757397470773), (0, 0.3253546424436338), (0, 0.3249632072219949), (0, 0.3246975797907192), (0, 0.3239683471554125), (0, 0.3231653718085527), (0, 0.3234674215324739), (0, 0.3224385709987615), (0, 0.32151802522861983), (0, 0.3215750116634343), (0, 0.3201943160919076), (0, 0.32013856370515015), (0, 0.3210768643426659), (0, 0.31878135288089343), (0, 0.31873190292204795), (0, 0.31823382783218357), (0, 0.31918135242630485), (0, 0.3186166871978212), (0, 0.31562737784603084), (0, 0.3169831380470896), (0, 0.3171657355844047), (0, 0.31487477745738995), (0, 0.31353889898119275), (0, 0.3134077035700741), (0, 0.3131414395962371), (0, 0.31196576626271366), (0, 0.31165321261777135), (0, 0.3132555909341973), (0, 0.31196543449987757), (0, 0.31077036190962387), (0, 0.31124537824428516), (0, 0.3109392556908947), (0, 0.3103135725508804), (0, 0.31049127290493184), (0, 0.31049341280486326), (0, 0.309473815321538), (0, 0.30847353264554433), (0, 0.3091830275512047), (0, 0.3093136011857467), (0, 0.3098242131630655), (0, 0.30743765198742157), (0, 0.307489117290823), (0, 0.3078811099342028), (0, 0.30815664920794095), (0, 0.3077201586561923), (0, 0.3076707935778335), (0, 0.30717764747425846), (0, 0.3061676652233634), (0, 0.30548689051567), (0, 0.3052776744709574), (0, 0.30456863173377446), (0, 0.30384328885228695), (0, 0.3036106430274151), (0, 0.30494076882492543), (0, 0.3031735370095838), (0, 0.30596561817931417), (0, 0.30451796863493213), (0, 0.3040298805304486), (0, 0.30455999997036826), (0, 0.3013026580644068), (0, 0.3012686533921339), (0, 0.30191774194734616), (0, 0.30114264663758994), (0, 0.3002688744819446), (0, 0.30050253567549495), (0, 0.3007002346274144), (0, 0.29906911040020784), (0, 0.2991546366875701), (0, 0.2984746722728808), (0, 0.29901121699767275), (0, 0.2981371949368928), (0, 0.2987381277350473), (0, 0.29960772567944705), (0, 0.30001004770989886), (0, 0.29728563145081477), (0, 0.29879885692782215), (0, 0.29715172873191203), (0, 0.29700426144163616), (0, 0.2958271580621231), (0, 0.2954616404456891), (0, 0.2951956564000738), (0, 0.2953388756442509), (0, 0.2959895269170303), (0, 0.29511492050702104), (0, 0.2959945191607981), (0, 0.29428432976411467), (0, 0.29578493716296056), (0, 0.29514053530259426), (0, 0.29426506853507656), (0, 0.29256428267311974), (0, 0.29317501968278753), (0, 0.29341052766539144), (0, 0.29169380263681954), (0, 0.29448756756695876), (0, 0.293538424615265), (0, 0.29282672485639294), (0, 0.29295873658265537), (0, 0.2920381062678944), (0, 0.29346765488671117), (0, 0.2929933174510435), (0, 0.2930300114330497), (0, 0.2904237294121642), (0, 0.2921162153125629), (0, 0.2936216463676515), (0, 0.29102162237522594), (0, 0.29144986895907576), (0, 0.2930252146271235), (0, 0.29181222638293003), (0, 0.2907398844357763), (0, 0.29004041591779), (0, 0.29171496005379677), (0, 0.29192374368984486), (0, 0.28925841163877253), (0, 0.28841819562792115), (0, 0.29062997274201724), (0, 0.29001727591681387), (0, 0.28843275314493166), (0, 0.2868720572041225), (0, 0.28944398142982397), (0, 0.29015518803798), (0, 0.28805774606994733), (0, 0.28686152911210766), (0, 0.288377946615904), (0, 0.2867071065997697), (0, 0.2869973329718925), (0, 0.286094252276813), (0, 0.28704822604809366), (0, 0.2860928279907907), (0, 0.28642856004427175), (0, 0.28561462679032873), (0, 0.2839574043497775), (0, 0.2829063484307998), (0, 0.2844374358458939), (0, 0.28260613144107083), (0, 0.2837552072019782), (0, 0.281686856457978), (0, 0.2819589124016576), (0, 0.28254969684335063), (0, 0.2806637544659451), (0, 0.282637794957024), (0, 0.28114308921929565), (0, 0.28186338759125673), (0, 0.2812186083393945), (0, 0.28058887871349414), (0, 0.2790693399440906), (0, 0.2796954366944683), (0, 0.2804098451087078), (0, 0.27854410502709914), (0, 0.2790555798673199), (0, 0.2780788997045219), (0, 0.27764367266778894), (0, 0.2782031548537876), (0, 0.27773514000124194), (0, 0.2771735677610273), (0, 0.2758973770644671), (0, 0.27619483350211327), (0, 0.27658489910498213), (0, 0.27581673245253935), (0, 0.27589232530387664), (0, 0.2755537723976084), (0, 0.27485786083018265), (0, 0.27416549708541293), (0, 0.27443963156693535), (0, 0.2763657336911296), (0, 0.27387123814799885), (0, 0.27387475190913807), (0, 0.2743871113272594), (0, 0.27431311616375337), (0, 0.27343119112352554), (0, 0.27494040308235124), (0, 0.2730866181531161), (0, 0.27517038983443937), (0, 0.2726055071838134), (0, 0.27663463168767877), (0, 0.2732770766655453), (0, 0.2774963072025556), (0, 0.2790368207342192), (0, 0.27326239263453295), (0, 0.27503072524435235), (0, 0.2745439971292446), (0, 0.2712006893580666), (0, 0.2740064983590444), (0, 0.27009480311079115), (0, 0.27192694169719234), (0, 0.2704916161492149), (0, 0.2723395983436361), (0, 0.27299350742350076), (0, 0.2682884216605572), (0, 0.2720918705183779), (0, 0.26901440962577383), (0, 0.2699056722909946), (0, 0.2685057598380347), (0, 0.2706846960322582), (0, 0.2696766611662602), (0, 0.26892184881653286), (0, 0.2676376915880824), (0, 0.27060304863631723), (0, 0.27028181392949974), (0, 0.266057916529769), (0, 0.26732955871664343), (0, 0.2657752263331267), (0, 0.2667201606908584), (0, 0.26637585919393314), (0, 0.2657019794004191), (0, 0.26677715789612944), (0, 0.2658645562818121), (0, 0.26717212367801113), (0, 0.2669785024319463), (0, 0.26440125367776435), (0, 0.26766030989811535), (0, 0.26519317400699993), (0, 0.2649914573519293), (0, 0.26503674818971934), (0, 0.2651362505554599), (0, 0.2650129564295963), (0, 0.2622179697300757), (0, 0.26364305669182864), (0, 0.26181623154993444), (0, 0.26266761820268164), (0, 0.2601889880112691), (0, 0.2604722487291109), (0, 0.2605302406929876), (0, 0.2596367028255949), (0, 0.26068442647617796), (0, 0.25899400082781115), (0, 0.25920856808809256), (0, 0.25873848789571124), (0, 0.25848557341270484), (0, 0.2588376403516935), (0, 0.2588288520072535), (0, 0.25853171691798893), (0, 0.25859186508081605), (0, 0.2575907916141609), (0, 0.2572697182680737), (0, 0.2582722215116275), (0, 0.25804285996693344), (0, 0.2577599265341625), (0, 0.25653964789991685), (0, 0.25777795851602453), (0, 0.25701224897835234), (0, 0.258362436448756), (0, 0.2567006027603889), (0, 0.2561414306605591), (0, 0.2556673708101703), (0, 0.25555329663910065), (0, 0.25622991942550377), (0, 0.2557084817056427), (0, 0.2561999353541531), (0, 0.2540287940152794), (0, 0.25638996388804625), (0, 0.2537723040305034), (0, 0.2547376856591491), (0, 0.25225009980748897), (0, 0.2539284778148214), (0, 0.25351923661922443), (0, 0.2524329003259937), (0, 0.2514011261235885), (0, 0.25110322286963044), (0, 0.25029379050028555), (0, 0.2506968349574985), (0, 0.2502975598570858), (0, 0.25039325398734363), (0, 0.24950237000338316), (0, 0.24934507793945), (0, 0.24910370795454997), (0, 0.2491018005402779), (0, 0.2502843755014168), (0, 0.24912281610873488), (0, 0.2523421354077209), (0, 0.25200866971351854), (0, 0.24953425669693077), (0, 0.25113152014753765), (0, 0.24812201384280325), (0, 0.24933437715423926), (0, 0.24719802077665806), (0, 0.2470594498487778), (0, 0.24678967731087534), (0, 0.24604473681648076), (0, 0.24597817309090342), (0, 0.24630978025286532), (0, 0.24501950581183618), (0, 0.2457354853602379), (0, 0.24578194532905756), (0, 0.24540647567136775), (0, 0.2446917938417411), (0, 0.24406381428625637), (0, 0.24546048872248352), (0, 0.24440521423766165), (0, 0.2440126298946068), (0, 0.24356833755531296), (0, 0.24510250670653858), (0, 0.2447449417901466), (0, 0.24418871135470455), (0, 0.2434472763721874), (0, 0.24195676919324072), (0, 0.24307655720919388), (0, 0.24189120683083423), (0, 0.24155573934646613), (0, 0.24216046620307966), (0, 0.24277342331156745), (0, 0.24078930818665345), (0, 0.24316200342484065), (0, 0.23963890710841287), (0, 0.2405845871231315), (0, 0.24003210606276784), (0, 0.24073604209188026), (0, 0.23963403838876118), (0, 0.23810097586671333), (0, 0.23861555576443386), (0, 0.23923255954638117), (0, 0.23725336245613524), (0, 0.23747100144828762), (0, 0.23838462509822864), (0, 0.23907270154693988), (0, 0.2382742047893701), (0, 0.2366188516898973), (0, 0.23722322983805352), (0, 0.23797916792081245), (0, 0.23787046423501026), (0, 0.23623622218644102), (0, 0.23501437983734635), (0, 0.2386338180033805), (0, 0.2382464408614047), (0, 0.23480651999629232), (0, 0.23520121713565625), (0, 0.2359178923647938), (0, 0.23690714741361618), (0, 0.23455974315423556), (0, 0.23323968580609608), (0, 0.2354599205039321), (0, 0.23450619936393655), (0, 0.23311084500646553), (0, 0.23261244685793717), (0, 0.23432567258304815), (0, 0.23359344704902735), (0, 0.23241306043573667), (0, 0.23436936294463806), (0, 0.2326898759354805), (0, 0.23220451765898506), (0, 0.23164325668443997), (0, 0.23184290044491235), (0, 0.23289594107541448), (0, 0.23072194164736845), (0, 0.22966832411800925), (0, 0.2311211317329723), (0, 0.23081131633595095), (0, 0.2293799364500529), (0, 0.23050701404081328), (0, 0.22909530916767), (0, 0.22965734035833613), (0, 0.22840440814069046), (0, 0.2299026066497642), (0, 0.22948420076842782), (0, 0.22818774504008518), (0, 0.22872254750583218), (0, 0.22853964177895517), (0, 0.22938149396726457), (0, 0.22670147007992003), (0, 0.2302612900478655), (0, 0.2302204074560964), (0, 0.22689583848829495), (0, 0.22958245698588647), (0, 0.22865766490400827), (0, 0.2273509764540246), (0, 0.2292471176833544), (0, 0.22641241511646976), (0, 0.2273515550423772), (0, 0.22808927690896585), (0, 0.22611216623394118), (0, 0.22621951853122446), (0, 0.22465041343260783), (0, 0.2261480350327209), (0, 0.22501949095623924), (0, 0.22508278804001153), (0, 0.2237952257350422), (0, 0.22506272693720644), (0, 0.22584880568120913), (0, 0.22396848358119134), (0, 0.22235746040664522), (0, 0.22315807173777952), (0, 0.22299728869606925), (0, 0.22221918140646718), (0, 0.22194640417600162), (0, 0.22248897387008526), (0, 0.22106789977449623), (0, 0.22236391080690351), (0, 0.22145970619177946), (0, 0.22319784822624086), (0, 0.22133054275270647), (0, 0.2207348667169645), (0, 0.22026972362416286), (0, 0.22119595195823255), (0, 0.21998348126634287), (0, 0.22035808254569786), (0, 0.21909587198076036), (0, 0.22022327650416537), (0, 0.21908584089910044), (0, 0.22040356381149095), (0, 0.22045281204992195), (0, 0.21904631858841433), (0, 0.21756517348157245), (0, 0.21783979638671858), (0, 0.21860215318914072), (0, 0.2178664784101491), (0, 0.21680768651612492), (0, 0.21672746800434864), (0, 0.21692988335838348), (0, 0.21683275315842826), (0, 0.21647537403878803), (0, 0.21604593863589566), (0, 0.21766259213027836), (0, 0.21614114980386656), (0, 0.21542746138345584), (0, 0.21565308156739638), (0, 0.21597605942630618), (0, 0.21620498155650655), (0, 0.2155182694448269), (0, 0.21565542722411357), (0, 0.21503044183744993), (0, 0.21571606427738882), (0, 0.21407706326446754), (0, 0.21369975155887544), (0, 0.21657122826674438), (0, 0.21616531806519165), (0, 0.2141147836985156), (0, 0.21403732429925057), (0, 0.21364450472269003), (0, 0.21404388764316934), (0, 0.21389569890755933), (0, 0.2133778917227514), (0, 0.2129085112287427), (0, 0.2127493675836787), (0, 0.2120415119498214), (0, 0.21206706075326784), (0, 0.21290036998589915), (0, 0.21161052287205773), (0, 0.21392332701510502), (0, 0.21174292799669991), (0, 0.2134122932050209), (0, 0.21154019062870322), (0, 0.2128053410680697), (0, 0.21111144655882993)]