Model Setup for {PATIENT_GROUPS} Trained Network:

NODE Network Architecture Parameters
Input channels=2
Hidden channels=11
Output channels=2

Training hyperparameters
Optimizer=AdamW (
Parameter Group 0
    amsgrad: False
    betas: (0.9, 0.999)
    capturable: False
    differentiable: False
    eps: 1e-08
    foreach: None
    fused: None
    lr: 0.001
    maximize: False
    weight_decay: 0
)Training Iterations=4000
Learning rate=0.001
Weight decay=0
Optimizer reset frequency=500

Dropout probability (after initial linear layer before NCDE): 0.0
Training Data Selection Parameters
(If not virtual, the only important params are the groups and whether data was normalized/standardized)
Patient groups=['Atypical']
Augmentation strategy=Uniform
Noise Magnitude=0.05
Normalized/standardized=None
Number of virtual patients per real patient=100
Label smoothing factor=0
Test Patient Combinations:
Control: None
MDD: None
Training batch size=1
Training Results:
Runtime=467.0369849205017
Loss over time=[(0, 29.97488405256771), (0, 29.497400896617442), (0, 29.019045850958342), (0, 28.550010343872362), (0, 28.241100139295543), (0, 28.00151757288703), (0, 27.812129031744632), (0, 27.63585674587713), (0, 27.507083700903777), (0, 27.362875938951063), (0, 27.205805542742176), (0, 27.037573230991196), (0, 26.859330867495476), (0, 26.671960184013383), (0, 26.476087921618536), (0, 26.27219997385124), (0, 26.060675218709324), (0, 25.841819479624974), (0, 25.61588794052284), (0, 25.383105973832357), (0, 25.143679706735714), (0, 24.89780657902935), (0, 24.645676225227987), (0, 24.387472000668428), (0, 24.12336641573866), (0, 23.855277827409324), (0, 23.58266127582681), (0, 23.30443211406672), (0, 23.020658888253877), (0, 22.73130195633784), (0, 22.436202208543133), (0, 22.135076899576646), (0, 21.827515260846713), (0, 21.51858543375845), (0, 21.19664920559655), (0, 20.86366939564349), (0, 20.52584055086028), (0, 20.17845008891417), (0, 19.821343390379706), (0, 19.45439370951958), (0, 19.077466549314952), (0, 18.69041710906588), (0, 18.293088879554723), (0, 17.88537647942158), (0, 17.46729180819508), (0, 17.038986882943593), (0, 16.600726949341986), (0, 16.152792588385157), (0, 15.695312153138559), (0, 15.2281438959455), (0, 14.750837595453715), (0, 14.262756620742984), (0, 13.763278396497048), (0, 13.251961328174218), (0, 12.728619812535747), (0, 12.193329765731495), (0, 11.681371971728403), (0, 11.164000091876204), (0, 10.632857070301867), (0, 10.08663218975402), (0, 9.602805327006266), (0, 9.111429446769238), (0, 8.614535323202452), (0, 8.221394942015174), (0, 7.863285381249617), (0, 7.506335769381488), (0, 7.151368110710677), (0, 6.824219075223169), (0, 6.603920953668259), (0, 6.437263438064809), (0, 6.282684952858969), (0, 6.212463475970952), (0, 6.197506803596758), (0, 6.219067271051248), (0, 6.271906380046094), (0, 6.383854003286246), (0, 6.477833774289349), (0, 6.555799860833584), (0, 6.607191364697965), (0, 6.6173270632775205), (0, 6.591939456261858), (0, 6.535285537716007), (0, 6.473565012574056), (0, 6.40627228104562), (0, 6.3292509739882234), (0, 6.255324818669357), (0, 6.213948067412965), (0, 6.1713409010057685), (0, 6.1381951605999125), (0, 6.140803914640421), (0, 6.1397299915030965), (0, 6.135208448740195), (0, 6.135883552228501), (0, 6.136116033519515), (0, 6.131386784481811), (0, 6.131929492902034), (0, 6.142077267696885), (0, 6.155648445647276), (0, 6.159483298512705), (0, 6.151038413875918), (0, 6.1534638716566326), (0, 6.147856355889197), (0, 6.132052301512741), (0, 6.107673525566927), (0, 6.110430025054284), (0, 6.1109598942089605), (0, 6.1013557202747855), (0, 6.094659067243696), (0, 6.096412429866342), (0, 6.0933534876655475), (0, 6.08575048088141), (0, 6.08234102326376), (0, 6.081041912479821), (0, 6.072099734765541), (0, 6.069268894698235), (0, 6.07023133341977), (0, 6.063700862438252), (0, 6.066806028875396), (0, 6.066727075964286), (0, 6.060861122236729), (0, 6.049621071417818), (0, 6.060004379724647), (0, 6.06159987706703), (0, 6.0535807974008256), (0, 6.037072313467431), (0, 6.046532304380542), (0, 6.05238220126957), (0, 6.0474530952286605), (0, 6.032627501644608), (0, 6.018489694908712), (0, 6.0222146326111385), (0, 6.019814439841903), (0, 6.011877422278193), (0, 5.999043425481628), (0, 6.008723414209265), (0, 6.009762577365666), (0, 5.999205579287075), (0, 5.9783108768941275), (0, 5.991489593005682), (0, 5.998789530586216), (0, 5.99935601577175), (0, 5.99464909515494), (0, 5.989653717180422), (0, 5.980718150226772), (0, 5.96855339541169), (0, 5.953994579944482), (0, 5.945336281175298), (0, 5.945323097554805), (0, 5.9380946322658135), (0, 5.935670943546174), (0, 5.931746018015406), (0, 5.9274915338312635), (0, 5.921451949244292), (0, 5.920259526067695), (0, 5.908837257223457), (0, 5.909803669934534), (0, 5.9076966978970695), (0, 5.906798271293744), (0, 5.903026099374659), (0, 5.896808930185134), (0, 5.888579490004552), (0, 5.881435851877781), (0, 5.870636585296396), (0, 5.893631688369047), (0, 5.885360984187559), (0, 5.86370413638978), (0, 5.8672042016107575), (0, 5.86464974359175), (0, 5.856601398237934), (0, 5.843688734375345), (0, 5.861161047222302), (0, 5.851131800905978), (0, 5.83164270952306), (0, 5.833809627001869), (0, 5.829927485796986), (0, 5.8242062998367095), (0, 5.820977386976134), (0, 5.816442711004711), (0, 5.810828168541509), (0, 5.804349125495464), (0, 5.79720556975608), (0, 5.789578543719621), (0, 5.785309737432535), (0, 5.783826693784103), (0, 5.785974025504675), (0, 5.7817755200040235), (0, 5.771797529241517), (0, 5.756698241978799), (0, 5.771779290825538), (0, 5.75250046160311), (0, 5.742905172097033), (0, 5.747592497262759), (0, 5.748033172875705), (0, 5.759508172403054), (0, 5.724145162634948), (0, 5.719616745038154), (0, 5.715362706123772), (0, 5.720931661797581), (0, 5.703743400604785), (0, 5.6957220681657255), (0, 5.687178997161758), (0, 5.67820444541175), (0, 5.668874738160534), (0, 5.659250637484003), (0, 5.649376639738395), (0, 5.664504421054369), (0, 5.631548802621074), (0, 5.624351183209165), (0, 5.617324556167614), (0, 5.61013382411446), (0, 5.602491352724482), (0, 5.5974958105181), (0, 5.578895077826638), (0, 5.564145525147271), (0, 5.619945639669094), (0, 5.561011302073646), (0, 5.540200213261804), (0, 5.5847113929133805), (0, 5.5770560125738875), (0, 5.509732950818264), (0, 5.488963223654598), (0, 5.545475505150879), (0, 5.530525647204428), (0, 5.451144450325163), (0, 5.448112609982633), (0, 5.458250969296757), (0, 5.424310461399385), (0, 5.406863095638635), (0, 5.387715508772948), (0, 5.375289706921193), (0, 5.3682059545045115), (0, 5.362019954471877), (0, 5.381733048631193), (0, 5.330339643119408), (0, 5.344398987547387), (0, 5.317931416581689), (0, 5.297263073370025), (0, 5.367875133542409), (0, 5.279088648426877), (0, 5.394269432372844), (0, 5.25789507735914), (0, 5.278815876793129), (0, 5.278196116375089), (0, 5.188360309151742), (0, 5.429434593287139), (0, 5.188062549046129), (0, 5.454180438528969), (0, 5.751199038331654), (0, 5.558453734531891), (0, 5.141169504769807), (0, 5.791643652302967), (0, 6.018851104981363), (0, 5.676449815334379), (0, 5.1170029348731125), (0, 5.362511339589408), (0, 5.4460714442754), (0, 5.220350735042753), (0, 5.290011826405985), (0, 5.368237508702117), (0, 5.0589578693891335), (0, 5.280552506775147), (0, 5.376853574258734), (0, 5.184545509963424), (0, 5.221352112356835), (0, 5.2690145766123715), (0, 5.03403602205688), (0, 5.067689752807509), (0, 5.031583414043947), (0, 5.083952922525207), (0, 5.055262663541023), (0, 5.094025789528216), (0, 4.984907785479883), (0, 5.009088524420201), (0, 5.012527717848571), (0, 5.0393296166629185), (0, 5.012233939893), (0, 5.061604439898082), (0, 4.924266959413779), (0, 4.950667758386427), (0, 5.0135534957023244), (0, 4.962718338730939), (0, 4.922323401073397), (0, 5.1162055963509845), (0, 4.959786856304961), (0, 5.200692272670467), (0, 5.249886814245342), (0, 4.90163484163238), (0, 5.4073127448702385), (0, 5.503213356255933), (0, 5.070472151069975), (0, 5.279074643213836), (0, 5.557851398062504), (0, 5.277864738507002), (0, 4.930112757609937), (0, 5.118197247321162), (0, 4.872241905516317), (0, 5.262603440671035), (0, 5.387512225748427), (0, 5.019311939774121), (0, 5.171966404247161), (0, 5.417838284293417), (0, 5.204094720349267), (0, 4.878197030795731), (0, 5.087249791958924), (0, 4.93504583652414), (0, 4.936366480844931), (0, 4.9202983367570035), (0, 4.921344315099241), (0, 4.993122914857597), (0, 4.7942967712516715), (0, 5.013769196323831), (0, 4.889713668093866), (0, 4.997180102884117), (0, 5.033661523679451), (0, 4.778330536536842), (0, 5.051493267651488), (0, 4.975049276290097), (0, 4.860853575788627), (0, 4.977794116513943), (0, 4.772992210400985), (0, 5.128100060830736), (0, 5.187513000489465), (0, 4.868764119157925), (0, 5.13754420643746), (0, 5.337847988386527), (0, 5.061639360900819), (0, 4.886490094365796), (0, 5.074245553917883), (0, 4.877528082923915), (0, 4.966686794069151), (0, 5.0654374622460665), (0, 4.775844503584313), (0, 5.061628829081831), (0, 5.164850707976008), (0, 4.90013729780409), (0, 4.972065310386307), (0, 5.130526410182372), (0, 4.848064851151386), (0, 5.016297921014426), (0, 5.208213158576061), (0, 4.9798736851641), (0, 4.813079837642502), (0, 4.94426360848114), (0, 4.703412762420941), (0, 4.806180050540626), (0, 4.70298024489941), (0, 4.845236594185593), (0, 4.736451268874127), (0, 4.800426657341832), (0, 4.743266855560667), (0, 4.854376236055164), (0, 4.829492152123511), (0, 4.750359910684969), (0, 4.751931637559336), (0, 4.761651613616092), (0, 4.6876462585575185), (0, 4.894366805951926), (0, 4.929500269348412), (0, 4.654166450511812), (0, 5.037530454238039), (0, 5.070524598240372), (0, 4.665544397319093), (0, 4.944808115948801), (0, 5.02501120647491), (0, 4.7338609619922805), (0, 5.003354181978704), (0, 5.175598652865415), (0, 4.819989257934397), (0, 4.9375335974804555), (0, 5.188801072435913), (0, 4.97247559529569), (0, 4.63971832080647), (0, 4.996566809166261), (0, 4.895335345215376), (0, 4.657572397403808), (0, 4.871529349282864), (0, 4.7268508615155405), (0, 4.8008840029390445), (0, 4.852855003729503), (0, 4.604490204361356), (0, 4.839642823051729), (0, 4.768371825788315), (0, 4.655325564907443), (0, 4.646780504751504), (0, 4.730595103418694), (0, 4.717198064763685), (0, 4.638471542096411), (0, 4.815130638810258), (0, 4.612361086574035), (0, 4.760262933369422), (0, 4.725253021029484), (0, 4.632194309646618), (0, 4.820913404072183), (0, 4.616495004912645), (0, 4.710314830454882), (0, 4.665369538484049), (0, 4.658144192539883), (0, 4.631823191181422), (0, 4.554209913054418), (0, 4.609201368693739), (0, 4.55817285073664), (0, 4.679412735814008), (0, 4.580703442327415), (0, 4.65973226367727), (0, 4.581599583570462), (0, 4.620274661167311), (0, 4.732368601984951), (0, 4.5336804767412), (0, 4.692032114027577), (0, 4.559479879623104), (0, 4.690418674609681), (0, 4.598229266196489), (0, 4.547901320565085), (0, 4.557677376504379), (0, 4.553393643425195), (0, 4.552560149671771), (0, 4.536026927174719), (0, 4.513241624603911), (0, 4.550795597344973), (0, 4.519607715705616), (0, 4.599687352630614), (0, 4.50197417340353), (0, 4.50463393193022), (0, 4.556565966432985), (0, 4.513289393624683), (0, 4.601321198652932), (0, 4.503854137147402), (0, 4.697225688014864), (0, 4.584748128336258), (0, 4.687293181898242), (0, 4.686204115475625), (0, 4.5313558221390045), (0, 4.696009546287905), (0, 4.5004990631442405), (0, 4.569440860007806), (0, 4.609727692317455), (0, 4.510437186387796), (0, 4.616430737022913), (0, 4.487340662467188), (0, 4.524824403622006), (0, 4.490073019218132), (0, 4.494425324634114), (0, 4.4896080081101575), (0, 4.486556968392569), (0, 4.489943929058679), (0, 4.4934171863509045), (0, 4.48734892021811), (0, 4.472460750017467), (0, 4.486643101723328), (0, 4.455837409208787), (0, 4.452029632751405), (0, 4.467444858594296), (0, 4.456363663039785), (0, 4.454256711811914), (0, 4.442722907739804), (0, 4.442195761345148), (0, 4.510941093827601), (0, 4.525112845393109), (0, 4.626849427527085), (0, 4.478297861284573), (0, 4.557415245033105), (0, 4.45877060131749), (0, 4.583317303430826), (0, 4.426728613733932), (0, 4.448057700653122), (0, 4.439700426896406), (0, 4.460054658669907), (0, 4.430082254960354), (0, 4.428419670231386), (0, 4.428010380369714), (0, 4.44644730791698), (0, 4.493342406183815), (0, 4.538666915544986), (0, 4.8520615843475685), (0, 4.477001826529174), (0, 4.691899289665071), (0, 4.572243813716555), (0, 4.625009641881742), (0, 4.644981814551617), (0, 4.447751805789543), (0, 4.988050370638059), (0, 4.643035473066245), (0, 4.704621354589474), (0, 4.89165248100663), (0, 4.462002600283944), (0, 4.8504528149042505), (0, 4.911287602785932), (0, 4.435937671384974), (0, 4.657939996208129), (0, 4.562754586480626), (0, 4.42575911471003), (0, 4.569927437142721), (0, 4.41400176274568), (0, 4.554611520276111), (0, 4.600571693544455), (0, 4.419188736373178), (0, 4.828873204300162), (0, 4.477576988239612), (0, 4.823171372254051), (0, 5.03946245501757), (0, 4.540252815895555), (0, 7.134697902584799), (0, 6.639286358206169), (0, 4.866790691724209), (0, 5.2480379325154125), (0, 6.125257307162263), (0, 5.935910433091942), (0, 5.133228847109084), (0, 4.43087605112912), (0, 5.078293546194346), (0, 5.435370070324162), (0, 5.314426189840031), (0, 4.817837543395871), (0, 4.4371735067054), (0, 4.851496163892426), (0, 5.099885209762437), (0, 5.017424885996719), (0, 4.6619462344335085), (0, 4.433574323663714), (0, 4.826242402396701), (0, 5.042497000498265), (0, 4.902301957228771), (0, 4.5390011666499595), (0, 4.508552476885975), (0, 4.843887272704702), (0, 4.955604928561416), (0, 4.8016761839781275), (0, 4.494657632112699), (0, 4.452765228224435), (0, 4.757795614306921), (0, 4.788427386013438), (0, 4.567348358701388), (0, 4.423193277640771), (0, 4.577037184601525), (0, 4.597572890876832), (0, 4.4599330910816075), (0, 4.415301854465903), (0, 4.602067523544669), (0, 4.578967387013831), (0, 4.406412041598309), (0, 4.448584679124664), (0, 4.5112937928738415), (0, 4.44777791282718), (0, 4.393119926538354), (0, 4.430799449462163), (0, 4.474030121906155), (0, 4.388187253903533), (0, 4.439860081859825), (0, 4.496584719216471), (0, 4.425995267180195), (0, 4.386051549166247), (0, 4.457038624938558), (0, 4.39042584145805), (0, 4.372911712886047), (0, 4.422781263740256), (0, 4.438206860476745), (0, 4.416710891687774), (0, 4.3680366808887605), (0, 4.378906334647502), (0, 4.384790752446245), (0, 4.389511762858097), (0, 4.363997741614454), (0, 4.420140223448102), (0, 4.444040322314075), (0, 4.425843747599131), (0, 4.369717351683337), (0, 4.38436222205014), (0, 4.469736404567396), (0, 4.364380509596395), (0, 4.402214938149414), (0, 4.434753784793369), (0, 4.390752931561215), (0, 4.359255586079822), (0, 4.411045309731084), (0, 4.379161326579742), (0, 4.3463777907778045), (0, 4.398228271508829), (0, 4.417640801097829), (0, 4.3896235554310215), (0, 4.341933017050223), (0, 4.364084457714987), (0, 4.363022055699837), (0, 4.339109945198848), (0, 4.365649956817551), (0, 4.367558061107295), (0, 4.33067477279725), (0, 4.337384957751265), (0, 4.338325756961245), (0, 4.333936073680283), (0, 4.324729348843667), (0, 4.352925984645646), (0, 4.335310075631856), (0, 4.336831230901686), (0, 4.345241470740482), (0, 4.321619274089265), (0, 4.347476563403441), (0, 4.341175256093217), (0, 4.320281373611384), (0, 4.342452952963016), (0, 4.322521343225464), (0, 4.310150674176225), (0, 4.351338429830495), (0, 4.313126657316731), (0, 4.343655924895522), (0, 4.362280139759315), (0, 4.3280917210692955), (0, 4.331442658847743), (0, 4.332658994315444), (0, 4.311124446443268), (0, 4.320847956958606), (0, 4.293455980456725), (0, 4.350394072955682), (0, 4.3243436394189905), (0, 4.316543028599701), (0, 4.331141449774692), (0, 4.290970374742234), (0, 4.326575264527884), (0, 4.316748641150711), (0, 4.304742996128132), (0, 4.306867107866212), (0, 4.295610330657059), (0, 4.282308956391045), (0, 4.329005967226169), (0, 4.3327917524881885), (0, 4.2789402222055015), (0, 4.330910034547018), (0, 4.300990552085957), (0, 4.329138387803729), (0, 4.360034157707256), (0, 4.329569287802826), (0, 4.2751303682567325), (0, 4.292373563413506), (0, 4.296055452227157), (0, 4.298121875495332), (0, 4.268860935963624), (0, 4.257969283622922), (0, 4.262156299229827), (0, 4.3161828616778175), (0, 4.323335999414058), (0, 4.2675550417870545), (0, 4.37234895684718), (0, 4.387246427431684), (0, 4.271349534305217), (0, 4.393102941344691), (0, 4.409927602670617), (0, 4.291445898639732), (0, 4.476136089424379), (0, 4.296204449195213), (0, 4.368027744465348), (0, 4.421217889579306), (0, 4.3056297042107525), (0, 4.4928664281192106), (0, 4.309595024301075), (0, 4.348991403698707), (0, 4.632141417631754), (0, 4.308869188289035), (0, 4.377309412136523), (0, 4.551367503506616), (0, 4.3160746028208345), (0, 4.360401134637603), (0, 4.469902003820592), (0, 4.247290901740784), (0, 4.497618379485657), (0, 4.416287728312206), (0, 4.248506257154211), (0, 4.321476128724265), (0, 4.3807608258179185), (0, 4.279604049287494), (0, 4.308093944672235), (0, 4.335940641583891), (0, 4.237533654150819), (0, 4.341917466821628), (0, 4.555921132183218), (0, 4.260078485452984), (0, 4.453610050969908), (0, 4.445095698976443), (0, 4.2410085660479595), (0, 4.343242098194296), (0, 4.30866749777575), (0, 4.230832633186072), (0, 4.348720369830159), (0, 4.375810134131455), (0, 4.275711894204295), (0, 4.295509203417532), (0, 4.416996310073385), (0, 4.273292581707162), (0, 4.296198398165995), (0, 4.359045770073726), (0, 4.292766909548325), (0, 4.252071339211018), (0, 4.3040289521101505), (0, 4.294016010655671), (0, 4.227383351062207), (0, 4.309666719947466), (0, 4.340815229873563), (0, 4.2476590960519385), (0, 4.287504374191686), (0, 4.408793906472016), (0, 4.203695522734418), (0, 4.3444385623300485), (0, 4.245735249626162), (0, 4.281263525964421), (0, 4.40111811086276), (0, 4.252328636923419), (0, 4.288462472526663), (0, 4.356458915800377), (0, 4.29271472559274), (0, 4.222455001070361), (0, 4.273897834237759), (0, 4.262506413342233), (0, 4.196715749924869), (0, 4.290909988068916), (0, 4.295990791639368), (0, 4.188444481878101), (0, 4.283866221859285), (0, 4.366560403030243), (0, 4.206809668044984), (0, 4.383261938054506), (0, 4.317403367641305), (0, 4.1768636527550305), (0, 4.329153419924068), (0, 4.275917333909583), (0, 4.18409442571564), (0, 4.337063730897885), (0, 4.45441024547415), (0, 4.189218649269926), (0, 4.348996505689985), (0, 4.328056505430847), (0, 4.189527639819973), (0, 4.344317512899327), (0, 4.359668990368456), (0, 4.243500200887232), (0, 4.248387757843766), (0, 4.397225704883703), (0, 4.240704794108943), (0, 4.2217917888872645), (0, 4.277545843732052), (0, 4.202462993533297), (0, 4.241608834375305), (0, 4.326010001753435), (0, 4.204892368038539), (0, 4.280621949484321), (0, 4.333266350774237), (0, 4.250700162823847), (0, 4.206637096449331), (0, 4.299628983035255), (0, 4.197931078781324), (0, 4.2549095689903265), (0, 4.310916224258488), (0, 4.234482224991311), (0, 4.1997262260906645), (0, 4.260269714859898), (0, 4.215777190052123), (0, 4.166976743456487), (0, 4.215703083723028), (0, 4.164036896985518), (0, 4.201441504011391), (0, 4.21657895404714), (0, 4.16991991627564), (0, 4.211777066005367), (0, 4.218772913071169), (0, 4.141411868335754), (0, 4.234766791335705), (0, 4.273409665101869), (0, 4.183942930097133), (0, 4.213052804791734), (0, 4.251720357433796), (0, 4.165522235962978), (0, 4.191719373871113), (0, 4.22232097354321), (0, 4.188598526274615), (0, 4.153573165139693), (0, 4.186942795013079), (0, 4.136466337338947), (0, 4.210406283552268), (0, 4.242177058206601), (0, 4.16658807176806), (0, 4.18957753724665), (0, 4.199031349982118), (0, 4.142463691621361), (0, 4.162518402247323), (0, 4.152645519050311), (0, 4.131422933072801), (0, 4.1278207087290975), (0, 4.151977831240844), (0, 4.131057423662705), (0, 4.167889285603486), (0, 4.150431855616975), (0, 4.124219793234878), (0, 4.12596480173971), (0, 4.127304712644541), (0, 4.137319602330985), (0, 4.152480261655604), (0, 4.131394066853665), (0, 4.146188547115357), (0, 4.143680548969377), (0, 4.1257997988749935), (0, 4.134031690204273), (0, 4.1039664524568495), (0, 4.181757229713457), (0, 4.193536426431319), (0, 4.106283311507251), (0, 4.136047474784207), (0, 4.123469517396068), (0, 4.125231010940234), (0, 4.135520657708217), (0, 4.101658148032453), (0, 4.099375912578942), (0, 4.1313130902132515), (0, 4.116134972498019), (0, 4.121159621873076), (0, 4.123760342713276), (0, 4.09714581772751), (0, 4.092842338008313), (0, 4.119746109099928), (0, 4.110096184408643), (0, 4.111120875243987), (0, 4.094929742158289), (0, 4.138100782560401), (0, 4.116249646474348), (0, 4.107730165473354), (0, 4.102098557189486), (0, 4.117744525011733), (0, 4.128791078231279), (0, 4.099518041427852), (0, 4.110547049563183), (0, 4.09263283449145), (0, 4.123640121881603), (0, 4.1521982898611), (0, 4.073461738142263), (0, 4.228923047153184), (0, 4.229797364756396), (0, 4.079474072742382), (0, 4.216516489625233), (0, 4.294956731540856), (0, 4.18086715521055), (0, 4.488499678102325), (0, 4.1209293189662475), (0, 4.18625899966569), (0, 4.379252166996195), (0, 4.105176409207861), (0, 4.3799875590846105), (0, 4.2359678477632166), (0, 4.131042792110094), (0, 4.433882915820461), (0, 4.0796696016288), (0, 4.304851636606714), (0, 4.29893666846344), (0, 4.081342337244549), (0, 4.484583461635222), (0, 4.235395294591093), (0, 4.141489849664097), (0, 4.517176389502145), (0, 4.2404884781649805), (0, 4.1408666563240555), (0, 4.570569818057392), (0, 4.173629384660192), (0, 4.189649706359919), (0, 4.650656582101426), (0, 4.2671160237301615), (0, 4.136949513651428), (0, 4.610003026222983), (0, 4.2614656117379), (0, 4.110173791265529), (0, 4.376373323043918), (0, 4.343469987475712), (0, 4.09331665283303), (0, 4.205248252149627), (0, 4.511224217712116), (0, 4.133391919129625), (0, 4.1403204189700755), (0, 4.382135990610073), (0, 4.256868207103927), (0, 4.075938691276502), (0, 4.250743729623327), (0, 4.168665685980933), (0, 4.072964427205829), (0, 4.146814321369416), (0, 4.236991330179989), (0, 4.100998221378045), (0, 4.09700261577337), (0, 4.174866778115108), (0, 4.161814198956598), (0, 4.0821423961669545), (0, 4.099498338701779), (0, 4.17910083379866), (0, 4.142968800423824), (0, 4.065485098924373), (0, 4.108283903962747), (0, 4.222507728627189), (0, 4.0836644817611285), (0, 4.084652758717069), (0, 4.143903678616757), (0, 4.083516647529457), (0, 4.067265439254107), (0, 4.107638247424768), (0, 4.090327301202703), (0, 4.04867746000557), (0, 4.0848382708005895), (0, 4.101067043440164), (0, 4.037391778937138), (0, 4.093986318069245), (0, 4.183515910805259), (0, 4.051703848670207), (0, 4.125187092638752), (0, 4.179353946650166), (0, 4.0958590501695555), (0, 4.046853689660451), (0, 4.093873771819034), (0, 4.116070431201542), (0, 4.060359964334581), (0, 4.0544762904313485), (0, 4.103875666790788), (0, 4.075640381811997), (0, 4.0281941742397995), (0, 4.055870688998699), (0, 4.050608120373978), (0, 4.015738408483169), (0, 4.074581858321721), (0, 4.077652679271714), (0, 4.015447183723544), (0, 4.067346912947521), (0, 4.1184014797927055), (0, 4.006796996186922), (0, 4.188568270444784), (0, 4.315534789774132), (0, 4.071500495400527), (0, 4.092814386673424), (0, 4.441598775461723), (0, 4.053093620455391), (0, 4.086852450687011), (0, 4.235890742288926), (0, 4.080040597343852), (0, 4.03927600463761), (0, 4.192572714619511), (0, 4.0672545572002985), (0, 4.030389643073095), (0, 4.1621021416233575), (0, 4.156574504972712), (0, 4.017632789130075), (0, 4.0704056478713), (0, 4.404303042642444), (0, 4.04613203132299), (0, 4.059709447580443), (0, 4.141018354093683), (0, 4.07010903297183), (0, 4.01801011555333), (0, 4.076234845490618), (0, 4.064894623102151), (0, 4.028511859654188), (0, 3.9969434267852093), (0, 4.033830921348152), (0, 3.998835627229065), (0, 4.0057117794534145), (0, 4.018264711340816), (0, 4.001207140257812), (0, 3.9868111066269774), (0, 4.002439955885803), (0, 3.9814906287099165), (0, 3.9872488107641586), (0, 3.9651659754558803), (0, 4.059151088812237), (0, 4.006993819008991), (0, 4.022654152143288), (0, 4.150523253068067), (0, 3.997768520892642), (0, 4.065670132356633), (0, 4.103253255064132), (0, 3.9926223784095694), (0, 4.026936345446209), (0, 4.228597478355306), (0, 3.9722031598928904), (0, 4.1632551069721435), (0, 4.152363954374383), (0, 3.9624810877111583), (0, 4.306325301237952), (0, 4.117514600539422), (0, 3.9807932954355865), (0, 4.091045287375815), (0, 4.116807732727578), (0, 4.027036802647552), (0, 3.997206515074106), (0, 4.123419834873946), (0, 4.007099538319071), (0, 3.9637030638445485), (0, 4.019983859447794), (0, 3.9895639034633374), (0, 3.9752487761079105), (0, 4.003789375126565), (0, 4.000790006540033), (0, 3.969973709155933), (0, 3.9778415047273725), (0, 3.9441152150570242), (0, 3.954334203623414), (0, 3.949467187116983), (0, 3.9574492005542385), (0, 3.953202158364822), (0, 3.9576220550951686), (0, 3.933717106052366), (0, 4.013268034213025), (0, 3.96145286762457), (0, 7.104984767236039), (0, 5.102249396991128), (0, 4.5855811767683115), (0, 4.968830198821657), (0, 4.1469136894940855), (0, 4.120016944792957), (0, 4.566427284658356), (0, 4.385197704820259), (0, 3.991624937851548), (0, 4.136580696570091), (0, 4.326557197785437), (0, 4.2480437824098445), (0, 4.067012745804725), (0, 4.016907339463402), (0, 4.176588635977093), (0, 4.215673072706412), (0, 4.0174003911571425), (0, 4.039662597076691), (0, 4.119528681826142), (0, 4.157067061872398), (0, 4.070432589119022), (0, 3.9724534920017116), (0, 4.028429944120662), (0, 4.217325330661763), (0, 4.069623960869417), (0, 3.962193521558389), (0, 4.08338517590527), (0, 4.21268720706862), (0, 4.1126061904664875), (0, 3.980127268119128), (0, 3.9982348687130114), (0, 4.193682840823507), (0, 4.076836665148279), (0, 3.9562417755538375), (0, 4.049909371760292), (0, 4.140861999268418), (0, 4.051215938955197), (0, 3.9470914737362985), (0, 3.9950934995510603), (0, 4.135630978596406), (0, 3.992430627338088), (0, 3.9340538217639733), (0, 3.9913219524040984), (0, 3.9962313616336957), (0, 3.9437759114591158), (0, 3.965958559703473), (0, 4.015225142361071), (0, 3.974754503120123), (0, 3.935051501045516), (0, 3.9748940481293804), (0, 4.008301940211393), (0, 3.9439451704159327), (0, 3.9534881479718478), (0, 4.010444082347626), (0, 3.9637662384854404), (0, 3.9197264420203806), (0, 3.9907666332363836), (0, 4.00163361731663), (0, 3.9282010974889072), (0, 3.9682628909690645), (0, 4.119953987467717), (0, 3.965920469018593), (0, 3.9727366717589505), (0, 4.065084756088742), (0, 4.056634644983773), (0, 3.9613389246386004), (0, 3.9516216478639126), (0, 4.104151477296295), (0, 3.9673252593977626), (0, 3.9572982906729517), (0, 4.041252831689793), (0, 4.024108743333188), (0, 3.920384192594851), (0, 3.9816099178919426), (0, 4.092227138359995), (0, 3.929547226741797), (0, 3.974703157023693), (0, 4.03244350205327), (0, 3.9706279037388965), (0, 3.9200895148012322), (0, 3.9673415810876644), (0, 3.941106370435577), (0, 3.8988364664908546), (0, 3.982342136312852), (0, 4.010008285392842), (0, 3.9680120881998717), (0, 3.90487815376826), (0, 3.936467095052957), (0, 3.947979804597617), (0, 3.893689295436838), (0, 3.981254812957099), (0, 4.020018377026553), (0, 3.947929702034502), (0, 3.9110310522336516), (0, 3.961729424394467), (0, 3.9206702666119155), (0, 3.884429398252743), (0, 3.8916580257068927), (0, 3.8988390912964532), (0, 3.9076841398598634), (0, 3.891572236508426), (0, 3.8937764736936686), (0, 3.8777408667429403), (0, 3.87764833964509), (0, 3.876966548245433), (0, 3.875717456186597), (0, 3.8739193175609103), (0, 3.874896277392294), (0, 3.890685176807601), (0, 3.899421307804664), (0, 3.8798800049923257), (0, 3.891307625234886), (0, 3.8771608113901816), (0, 3.893957896151384), (0, 3.9140596873463127), (0, 3.9026493565237415), (0, 3.8670582356923338), (0, 3.8948679057110307), (0, 3.8634718091812643), (0, 3.8736623774776606), (0, 3.8637988270988175), (0, 3.875703350092295), (0, 3.8558441816654776), (0, 3.8556851980150926), (0, 3.8548439083437347), (0, 3.860147820016172), (0, 3.856114473217748), (0, 3.84995769363518), (0, 3.877042251295326), (0, 3.8452845619435676), (0, 3.845880569760801), (0, 3.8511855012030285), (0, 3.845509202508421), (0, 3.8615060953827727), (0, 3.869840965884164), (0, 3.8490972622494017), (0, 3.898148230545783), (0, 3.858779025491839), (0, 3.8583318888056426), (0, 3.926560294285912), (0, 3.858120043742859), (0, 3.8653383125173275), (0, 3.8802845764818117), (0, 3.842939601602711), (0, 3.923327349702116), (0, 3.8555243942836626), (0, 3.8956262595206472), (0, 3.884673882041311), (0, 3.851331933322554), (0, 3.8899915796749727), (0, 3.8389324090452237), (0, 3.8870569575078036), (0, 3.8371501401635557), (0, 3.867271229235968), (0, 3.830799398122733), (0, 3.8305260646875676), (0, 3.8403783742049113), (0, 3.8252766572790082), (0, 3.820524942904114), (0, 3.8456201059016872), (0, 3.8337835213877116), (0, 3.8553873711912647), (0, 3.8288844792380514), (0, 3.913683180473971), (0, 3.8648686425083003), (0, 3.8750389566647785), (0, 3.9353745068633144), (0, 3.8398781683747263), (0, 3.98291952374915), (0, 3.889858931278022), (0, 3.903614490360627), (0, 3.9708716947346896), (0, 3.8310532506288264), (0, 4.023738972929825), (0, 3.955432606836508), (0, 3.8844948438681826), (0, 4.069710080580514), (0, 3.897331689296395), (0, 3.900294667369099), (0, 3.97409969662357), (0, 3.8673608148137673), (0, 3.89972702513887), (0, 3.992979851662285), (0, 3.898663673030329), (0, 3.8162974989277525), (0, 4.027987232779488), (0, 3.821728499319417), (0, 3.8364882238096643), (0, 3.8825184162690487), (0, 3.804670698932234), (0, 3.8854603497842986), (0, 3.80691594756497), (0, 3.803281907264163), (0, 3.848441277492071), (0, 3.8001633942118214), (0, 3.800226665539015), (0, 3.7999623495288977), (0, 3.814272984655153), (0, 3.7941165113913824), (0, 3.8516458010906764), (0, 3.8159201874560633), (0, 3.7933956261235497), (0, 3.967762017616384), (0, 3.789593113770067), (0, 3.827119898282089), (0, 3.844277790428673), (0, 3.7834296167938537), (0, 3.812046474635031), (0, 3.7830448412063906), (0, 3.779776212936338), (0, 3.7958068032437184), (0, 3.7778011087319783), (0, 3.778651537356335), (0, 3.7789017970770544), (0, 3.779319442127101), (0, 3.770623308749765), (0, 3.8244119590114365), (0, 3.8097710183008435), (0, 3.7675187862513995), (0, 3.7747404756581577), (0, 3.762207959845212), (0, 3.7628477448474698), (0, 3.7640566152829025), (0, 3.764407114213685), (0, 3.7639400585377376), (0, 3.7627059107028358), (0, 3.760765374945677), (0, 3.7589254435826462), (0, 3.7559963883074547), (0, 3.753188342881795), (0, 3.749792009337182), (0, 3.745848696765543), (0, 3.75222034845023), (0, 3.775746620932603), (0, 3.7576670264161183), (0, 3.789487718112743), (0, 3.7868989058564826), (0, 3.7414140129611386), (0, 3.78646197801797), (0, 3.742877245114885), (0, 3.8273335083055984), (0, 3.7637918261000824), (0, 3.8239985483426335), (0, 3.7327359756107694), (0, 3.754041716197642), (0, 3.7371172423924293), (0, 3.7855254306789976), (0, 3.7882921441228903), (0, 3.724753210481524), (0, 3.756947804881955), (0, 3.735266616513771), (0, 3.791871384232294), (0, 3.7291199275575817), (0, 3.792871945516304), (0, 3.796102792716131), (0, 3.7157375066702842), (0, 3.7937333060621814), (0, 3.7222322339190894), (0, 3.8341481834261484), (0, 3.9345062058202185), (0, 3.720026486326532), (0, 3.9412696427502083), (0, 3.817919633170662), (0, 3.7510464213685313), (0, 3.823575082928848), (0, 3.731643303416655), (0, 3.8034248957949526), (0, 3.7734312229844664), (0, 3.7570828532516116), (0, 3.823630474920913), (0, 3.6996356673604938), (0, 3.8897447224621304), (0, 3.796258556714082), (0, 3.7554476707621602), (0, 3.8932934775595753), (0, 3.790003651777023), (0, 3.7123196944949584), (0, 3.8226043312120024), (0, 3.68769902324448), (0, 3.7819766530923933), (0, 3.771528351783793), (0, 3.693489492880829), (0, 3.8283854873204315), (0, 3.7321797272887607), (0, 3.79078040532351), (0, 3.845397224313932), (0, 3.707537793826813), (0, 3.8123657575906247), (0, 3.8238897472444333), (0, 3.7141508437822295), (0, 3.8058046074980365), (0, 3.766934225700155), (0, 3.6757795432738423), (0, 3.863305594022582), (0, 3.7776984106424294), (0, 3.7215154583319827), (0, 3.8459636920193065), (0, 3.757105318013466), (0, 3.67853016225275), (0, 3.784477568136704), (0, 3.6547340222596882), (0, 3.6833872330992437), (0, 3.679628467437462), (0, 3.65408845081034), (0, 3.6475882056547175), (0, 3.644193569065241), (0, 3.644808738880784), (0, 3.650385718475661), (0, 3.673319561740797), (0, 3.681209403459091), (0, 3.6323218921465044), (0, 3.658046667728357), (0, 3.6645999091836035), (0, 3.6858366302493635), (0, 3.657320052079048), (0, 3.6222769519057696), (0, 3.639166582893702), (0, 3.6170189148235012), (0, 3.642189830764241), (0, 3.628678389980258), (0, 3.610837409884441), (0, 3.6103061204229507), (0, 3.608835634168426), (0, 3.607541473059904), (0, 3.6641958266782315), (0, 3.5989595057066053), (0, 3.6609308182888016), (0, 3.631056461109036), (0, 3.6762426519891447), (0, 3.659776473815974), (0, 3.6367198234026037), (0, 3.588338647216753), (0, 3.7161214784664067), (0, 3.6619078448585127), (0, 3.7140955643619367), (0, 3.7186171666897936), (0, 3.613571498865392), (0, 3.6384021884023143), (0, 3.5949130568858134), (0, 3.5886620154911566), (0, 3.618644584086653), (0, 3.575719857247755), (0, 3.6031599203286193), (0, 3.5675877963702933), (0, 3.5880227626299743), (0, 3.579415935443981), (0, 3.5778966099767144), (0, 3.5752332231771886), (0, 3.5775685041553733), (0, 3.557037215725904), (0, 3.5840209918837873), (0, 3.5547671818927284), (0, 3.560858994286219), (0, 3.6557088181046082), (0, 3.607419537585272), (0, 3.6515660525344753), (0, 3.616326918914803), (0, 3.5887837365594533), (0, 3.5759366664204335), (0, 3.5624991111687634), (0, 3.5905717006266062), (0, 3.560590418104915), (0, 3.5447916712556946), (0, 3.554239761777927), (0, 3.5273637111636913), (0, 3.6365235494971544), (0, 3.543984557362062), (0, 3.5919554398476516), (0, 3.537915505959576), (0, 3.709746725333626), (0, 3.6785342650369257), (0, 3.5754133284627696), (0, 3.6310653340648966), (0, 3.513801342979697), (0, 3.533986114943403), (0, 3.6195212432128865), (0, 3.6241454958247346), (0, 3.5252897716735223), (0, 3.615735560368856), (0, 3.510065892187218), (0, 3.6003214597528315), (0, 3.5326722002557402), (0, 3.595027420968563), (0, 3.5175484148884593), (0, 3.606564996505895), (0, 3.6024950572895147), (0, 3.550319222469039), (0, 3.6324712302957467), (0, 3.5300878336995463), (0, 3.535801519120196), (0, 3.5118235251562737), (0, 3.598649718908931), (0, 3.5074188948086733), (0, 3.550958581322179), (0, 3.5305923925844387), (0, 3.5336583905657153), (0, 3.502668406529962), (0, 3.507896408892837), (0, 3.5239039852624923), (0, 3.558863352569377), (0, 3.5615079163031904), (0, 3.5004271610157147), (0, 3.5202318332937277), (0, 3.550986981515201), (0, 3.5549014958118117), (0, 3.4950942932858653), (0, 3.572424372315031), (0, 3.4876502025393976), (0, 3.579712806945157), (0, 3.5263660667959384), (0, 3.5630118081087163), (0, 3.534981800589574), (0, 3.558745114001851), (0, 3.6077771339513305), (0, 3.522697485891037), (0, 3.647688268447222), (0, 3.5778345034555894), (0, 3.5396052726845935), (0, 3.6385065516094617), (0, 3.4795523965303308), (0, 3.619149941971675), (0, 3.5553902586959962), (0, 3.533712120495711), (0, 3.62348278945438), (0, 3.493388920392377), (0, 3.5962845361965936), (0, 3.5652909298349926), (0, 3.4876138385589157), (0, 3.5312404016925076), (0, 3.477971656237894), (0, 3.511716946260114), (0, 3.479506112734707), (0, 3.4719327909559627), (0, 3.4775834163258654), (0, 3.472090746781733), (0, 3.4906043644381466), (0, 3.474294566978851), (0, 3.4607255602430844), (0, 3.508467577566651), (0, 3.467597326367999), (0, 3.4997022646131866), (0, 3.483287343858976), (0, 3.455120760515757), (0, 3.5628287148867965), (0, 3.4504276447481557), (0, 3.4771129527124924), (0, 3.496826573926195), (0, 3.478995691403237), (0, 3.500111756971366), (0, 3.4639684911538864), (0, 3.4652657673097877), (0, 3.491903495600711), (0, 3.4636940488856967), (0, 3.4575228728195286), (0, 3.442773456750278), (0, 3.458565722648839), (0, 3.4707088905795285), (0, 3.4747274072191257), (0, 3.4716088267642857), (0, 3.474665186408298), (0, 3.465651046075372), (0, 3.4619913003955363), (0, 3.451685914229097), (0, 3.437301540556911), (0, 3.4385692657095133), (0, 3.444457811878296), (0, 3.4642138353122736), (0, 3.442644846510521), (0, 3.440394773055769), (0, 3.4296289529780997), (0, 3.441086403773299), (0, 3.4408434648572697), (0, 3.4470915897971426), (0, 3.445232614335848), (0, 3.4360558459460706), (0, 3.4436194729664282), (0, 3.417943707484316), (0, 3.437107326262735), (0, 3.440885575359989), (0, 3.4258527886649217), (0, 3.434655484499604), (0, 3.441623475586852), (0, 3.4395335864393304), (0, 3.4298139719672944), (0, 3.447324239923415), (0, 3.4224916131447984), (0, 3.4218326756920288), (0, 3.446543715796887), (0, 3.4673453791021136), (0, 3.4712594177222234), (0, 3.4685220440423548), (0, 3.4459308824329855), (0, 3.4055513577557095), (0, 3.4257738017008097), (0, 3.4382703348175596), (0, 3.46304079392789), (0, 3.4743672099397545), (0, 3.506292775905015), (0, 3.477665591356325), (0, 3.4122060082244614), (0, 6.851958583979729), (0, 4.182384194559542), (0, 4.67114831308806), (0, 5.25641646126682), (0, 4.431175461414172), (0, 3.6638671456512637), (0, 4.056035461199259), (0, 4.548219001125808), (0, 4.4934048412334135), (0, 4.029086734136787), (0, 3.7159466330763498), (0, 3.923915797691351), (0, 4.259755136892191), (0, 4.289305084499319), (0, 3.9673292545406396), (0, 3.6724573873748856), (0, 3.5417369895835504), (0, 3.8568180627479425), (0, 3.800565795648826), (0, 3.451801316509681), (0, 3.4665062044392143), (0, 3.7904096729124332), (0, 3.868765048460096), (0, 3.5693056472206166), (0, 3.4811789976490406), (0, 3.6444829465214186), (0, 3.7242235679355633), (0, 3.584158546087228), (0, 3.4002391998449637), (0, 3.484506813507387), (0, 3.5815516810372325), (0, 3.569452654426863), (0, 3.464178960019886), (0, 3.4202671073801785), (0, 3.521971853479083), (0, 3.525197063199431), (0, 3.4124585019016864), (0, 3.4130284374811897), (0, 3.4487340156434527), (0, 3.4728671278135113), (0, 3.442381763722715), (0, 3.4321424559555953), (0, 3.436110385336093), (0, 3.4523196493109793), (0, 3.4318890082796085), (0, 3.398145037329189), (0, 3.425131782382133), (0, 3.453349389727865), (0, 3.423762986305229), (0, 3.41205851057685), (0, 3.3985067568772847), (0, 3.486673447589435), (0, 3.440487574796376), (0, 3.404631355267017), (0, 3.4345498997183754), (0, 3.4662067215076093), (0, 3.420774842163169), (0, 3.408946171039068), (0, 3.43137654866386), (0, 3.438190177318347), (0, 3.3929096789822655), (0, 3.3869703826690043), (0, 3.3980205337348166), (0, 3.403602650494288), (0, 3.4043600710572006), (0, 3.400919820685198), (0, 3.393887341306177), (0, 3.4168059594896065), (0, 3.3935459606158958), (0, 3.398880947834387), (0, 3.399568963420265), (0, 3.395501004591892), (0, 3.386734422837104), (0, 3.389517001086237), (0, 3.3961094444153073), (0, 3.390501960152795), (0, 3.37326896555075), (0, 3.3718848768710803), (0, 3.3731359866101953), (0, 3.3826209597824315), (0, 3.3868124603523126), (0, 3.3862991157697766), (0, 3.39189027927271), (0, 3.385329855138791), (0, 3.384418111628415), (0, 3.3790000500448953), (0, 3.3692656357069732), (0, 3.360379484966816), (0, 3.372227815490673), (0, 3.3766843265312825), (0, 3.3678169434044984), (0, 3.370922288475874), (0, 3.37499318856579), (0, 3.373390171211193), (0, 3.366964064337806), (0, 3.3644996295201666), (0, 3.3566204347925632), (0, 3.365464262112867), (0, 3.3691876276216592), (0, 3.3670850456670096), (0, 3.3708096688305957), (0, 3.372945448300884), (0, 3.3627127884472388), (0, 3.3687214537379186), (0, 3.370104927221188), (0, 3.365838372609902), (0, 3.3569986065114232), (0, 3.3817430593912774), (0, 3.3562173328649108), (0, 3.3627073113620054), (0, 3.3653454349679914), (0, 3.367201165111754), (0, 3.3708773533565637), (0, 3.360984781982864), (0, 3.3471037340730607), (0, 3.3466317749861036), (0, 3.3463019097313023), (0, 3.345861104926605), (0, 3.3449084052046003), (0, 3.3431716117435455), (0, 3.343008177942764), (0, 3.341501258922025), (0, 3.346982668266135), (0, 3.3469509251280587), (0, 3.3399728275971836), (0, 3.339320788210003), (0, 3.3329680819451353), (0, 3.349898790655367), (0, 3.3335800087831178), (0, 3.338656819058292), (0, 3.337577705166075), (0, 3.3309443162695005), (0, 3.3428427190937673), (0, 3.3309659879229603), (0, 3.3359007927744355), (0, 3.334479416995511), (0, 3.3271335667407054), (0, 3.334979211682055), (0, 3.326463250282466), (0, 3.3314015706441125), (0, 3.3305517031641143), (0, 3.333784894788488), (0, 3.3310100807727605), (0, 3.3229416660214808), (0, 3.320571705157806), (0, 3.3251992482474275), (0, 3.317752494903597), (0, 3.3155805057059564), (0, 3.322589961556783), (0, 3.324356938774467), (0, 3.333785907438919), (0, 3.3356029382069967), (0, 3.3206574606666734), (0, 3.3299404215596766), (0, 3.3647655360626416), (0, 3.313436519946384), (0, 3.331505451441941), (0, 3.351944754883864), (0, 3.347926584140182), (0, 3.340440870226782), (0, 3.327455861304298), (0, 3.3101731193574166), (0, 3.3881708579686216), (0, 3.309036553024927), (0, 3.3230873039324824), (0, 3.3732304051113755), (0, 3.3040394688071473), (0, 3.453017552019627), (0, 3.315763029275105), (0, 3.3443032536223254), (0, 3.4646573401829315), (0, 3.3326896009480236), (0, 3.439763248154732), (0, 3.3150552538589992), (0, 3.321415700660749), (0, 3.32277976723005), (0, 3.306264661951087), (0, 3.3306272006615814), (0, 3.3405945197642732), (0, 3.3423136907102005), (0, 3.305733057483998), (0, 3.314383242825117), (0, 3.330009211956814), (0, 3.3371271837359147), (0, 3.3371006929018794), (0, 3.3313198429026074), (0, 3.3211054234550406), (0, 3.317140671852034), (0, 3.3096900022359232), (0, 3.3122701122827825), (0, 3.316190517940787), (0, 3.3088680882087345), (0, 3.288825321284556), (0, 3.3127061260864408), (0, 3.2982283903966927), (0, 3.284818457104751), (0, 3.297551863010931), (0, 3.2882317127768417), (0, 3.2910654921070783), (0, 3.30265599121641), (0, 3.2813141804013877), (0, 3.2905065182651536), (0, 3.2923859674249196), (0, 3.310152556218499), (0, 3.2952086319642064), (0, 3.2956260155614427), (0, 3.289284634300565), (0, 3.285140300099188), (0, 3.2774046946541464), (0, 3.286777973218115), (0, 3.291647650632301), (0, 3.278826186014213), (0, 3.2849076317042107), (0, 3.2854342176013316), (0, 3.2806906371213853), (0, 3.2859583913599195), (0, 3.28521845541965), (0, 3.2777069909889813), (0, 3.2823071268167108), (0, 3.263694673407703), (0, 3.272590457765057), (0, 3.274945868332975), (0, 3.2622721725005004), (0, 3.260233678205354), (0, 3.2580510850468314), (0, 3.256724728062638), (0, 3.2660351550881823), (0, 3.2679577100877633), (0, 3.262160080576422), (0, 3.2497807635190217), (0, 3.296099652082356), (0, 3.2586229167033447), (0, 3.257809789278206), (0, 3.26511470806266), (0, 3.2647424973731876), (0, 3.2579178560399176), (0, 3.2630293461327735), (0, 3.2452479721495475), (0, 3.2589878127297194), (0, 3.2426772825889745), (0, 3.2644760652123948), (0, 3.2665492376742393), (0, 3.267928117712359), (0, 3.263294751300226), (0, 3.2913215680602135), (0, 3.2714554865357504), (0, 3.268698895526329), (0, 3.32467512550842), (0, 3.251598820249329), (0, 3.3596289565015796), (0, 3.252315761773971), (0, 3.3246815615884695), (0, 3.242916607961794), (0, 3.253776145656123), (0, 3.254918980884244), (0, 3.2664880749217686), (0, 3.269522651751302), (0, 3.2648708023484114), (0, 3.253769524651335), (0, 3.273992158651839), (0, 3.255173422294405), (0, 3.4295517459411116), (0, 3.252585496867677), (0, 3.3261232903948525), (0, 3.240558579625095), (0, 3.3371407956143178), (0, 3.2508655051442004), (0, 3.262694690643858), (0, 3.3375972982470588), (0, 3.36733362469448), (0, 3.386676736637115), (0, 3.3711333405174866), (0, 3.29309787385731), (0, 3.490109278622677), (0, 3.44501547209584), (0, 3.2816610979454395), (0, 3.4793116328838396), (0, 3.248700045723133), (0, 3.3837211318822966), (0, 3.277494350192113), (0, 3.283031927032741), (0, 3.271678678742612), (0, 3.2758697347096013), (0, 3.2735080895273323), (0, 3.2639521576593946), (0, 3.247212129819728), (0, 3.2259799315606017), (0, 3.2352184631249883), (0, 3.2250494669695455), (0, 3.2323972349396795), (0, 3.2231722116722223), (0, 3.2286430414227705), (0, 3.2274463147282977), (0, 3.2203205926035), (0, 3.2227348029887777), (0, 3.206051331539216), (0, 3.2181475644453417), (0, 3.205910459067356), (0, 3.213753146019124), (0, 3.209087608305676), (0, 3.2101957221998436), (0, 3.2056390174801717), (0, 3.22470804208363), (0, 3.1962067114874007), (0, 3.2022779094508134), (0, 3.201895962973377), (0, 3.194654487114436), (0, 3.2262782868939635), (0, 3.203143327068271), (0, 3.217120080587753), (0, 3.2193105081478213), (0, 3.2316916267735367), (0, 3.2213059168118146), (0, 3.2278434714924624), (0, 3.2276358936085567), (0, 3.220727682829063), (0, 3.207571612853221), (0, 3.1888798140926964), (0, 3.2411651657115086), (0, 3.218216377809664), (0, 3.3109490246813875), (0, 3.205040757400548), (0, 3.208981406870264), (0, 3.3043971084266186), (0, 3.2927773774727824), (0, 3.3441718956695197), (0, 3.3301441417872484), (0, 3.2272603877358845), (0, 3.2399861588187786), (0, 3.355523517003755), (0, 3.2159426350844327), (0, 3.441596666885135), (0, 3.2066948774116124), (0, 3.3954490105341564), (0, 3.220316015725645), (0, 3.3841291793529247), (0, 3.220165886679928), (0, 3.24337307985147), (0, 3.2498922741351435), (0, 3.1989881524279027), (0, 3.434809945457714), (0, 3.2056490978838115), (0, 3.294524031790071), (0, 3.2071492410203617), (0, 3.2908602037044474), (0, 3.1813820694386012), (0, 3.2434923624059766), (0, 3.188552842304675), (0, 3.18433798151013), (0, 3.1833542835746873), (0, 3.185452707535076), (0, 3.186905531922228), (0, 3.185004319742894), (0, 3.1830024485702526), (0, 3.2208527330072956), (0, 3.2015011599893057), (0, 3.207157758023432), (0, 3.1888407746203886), (0, 3.197905571915457), (0, 3.2006064288145324), (0, 3.1973897516427967), (0, 3.1886361802620744), (0, 3.174653335347165), (0, 3.2033322689883104), (0, 3.1763805224286146), (0, 3.174460932760057), (0, 3.180475584872401), (0, 3.179008695436133), (0, 3.170599926049638), (0, 3.1753116077784025), (0, 3.170546064441024), (0, 3.168543259780966), (0, 3.166481101257565), (0, 3.1702725735087074), (0, 3.1673572091842037), (0, 3.157962177928597), (0, 3.169461797237045), (0, 3.1886392228664717), (0, 3.1566141546291093), (0, 3.1983427986962067), (0, 3.1685707347231964), (0, 3.2538476099952476), (0, 3.2555118992764873), (0, 3.2851657328000177), (0, 3.171968920333), (0, 3.4530561477696566), (0, 3.1628856491966175), (0, 3.2231558412781225), (0, 3.183363170712808), (0, 3.189548368655362), (0, 3.161086298223023), (0, 3.1813338143439864), (0, 3.1634986535569607), (0, 3.158080051323365), (0, 3.167258386077786), (0, 3.144891423685182), (0, 3.1484444495427444), (0, 3.14589449944462), (0, 3.145744063368454), (0, 3.1482003753983268), (0, 3.1558791951856957), (0, 3.1626742372894885), (0, 3.1404983474934096), (0, 3.269215260734218), (0, 3.198241138220752), (0, 3.225394411014165), (0, 3.1476400027560967), (0, 3.2477651552202715), (0, 3.233089850321889), (0, 3.2018480856820877), (0, 3.1554372182819814), (0, 3.3440636629599734), (0, 3.1613360243531545), (0, 3.526947737629776), (0, 3.1782746741883954), (0, 3.4223063668217253), (0, 3.293062114448159), (0, 3.357362247586808), (0, 3.332316538213139), (0, 3.1788566176625377), (0, 3.4432732084769184), (0, 3.1546588963861253), (0, 3.27116562978932), (0, 3.171682332373284), (0, 3.1595438250947385), (0, 3.239012026979575), (0, 3.196709487730061), (0, 3.2556375155166206), (0, 3.166265077467332), (0, 3.28964181408367), (0, 3.1492992709701606), (0, 3.247182001788333), (0, 3.151590868664819), (0, 3.353002169816354), (0, 3.1544048777377927), (0, 3.1641481747900473), (0, 3.1511577019544217), (0, 3.135873556043963), (0, 3.1420306582880952), (0, 3.1488413577405137), (0, 3.1285492061249784), (0, 3.1440028376873856), (0, 3.16627753841685), (0, 3.154871967014417), (0, 3.201948920298014), (0, 3.170368369221832), (0, 3.2435889692228517), (0, 3.1433497147686853), (0, 3.380791098976175), (0, 3.120989131788664), (0, 3.129862805534904), (0, 3.130168747736893), (0, 3.116839237849118), (0, 3.1297322031139685), (0, 3.1360680395492184), (0, 3.1360179021978865), (0, 3.1304684678133046), (0, 3.13553409708029), (0, 3.111533203736589), (0, 3.1189734014945247), (0, 3.122806378870759), (0, 3.122922731190997), (0, 3.1369532100975372), (0, 3.2379371331115845), (0, 3.208983048325338), (0, 3.3289859925211185), (0, 3.150865604292223), (0, 3.6069653942052216), (0, 3.197658654120318), (0, 3.7142522759233856), (0, 3.9306170236038294), (0, 3.2414677572324124), (0, 3.5579029405380806), (0, 3.5780572493289786), (0, 3.1364816475447808), (0, 3.517042907526519), (0, 3.2369491004345794), (0, 3.391723201880857), (0, 3.379327054152763), (0, 3.134470635417527), (0, 3.5793024881881355), (0, 3.3820042750898494), (0, 3.1967665777424035), (0, 3.370402692282654), (0, 3.1572591457236068), (0, 3.269224346335126), (0, 3.1394496556257363), (0, 3.1123004024017717), (0, 3.150251208382467), (0, 3.164458718202239), (0, 3.1205217179409486), (0, 3.120263860668142), (0, 3.116051632463078), (0, 3.116710368785853), (0, 3.1237163412493416), (0, 3.110582605050743), (0, 3.1042715290119034), (0, 3.1324147253550523), (0, 3.0982783263160685), (0, 3.204820483174308), (0, 7.322163608292289), (0, 4.665624812887573), (0, 3.2732823060969025), (0, 4.293855029762487), (0, 4.4400918662295235), (0, 4.007552726774458), (0, 3.2491240219245823), (0, 3.623852811014832), (0, 4.08373078645099), (0, 4.064437074727842), (0, 3.660605390977591), (0, 3.2511411103826777), (0, 3.529949583043745), (0, 3.835522015387535), (0, 3.7068208508865386), (0, 3.255582658562322), (0, 3.268842044501125), (0, 3.5798327903905918), (0, 3.563552574021591), (0, 3.267655169393287), (0, 3.175916783651655), (0, 3.4425011763606217), (0, 3.4578429212305193), (0, 3.148012586561166), (0, 3.157049941124718), (0, 3.476001556442776), (0, 3.4878846473036167), (0, 3.237199331544406), (0, 3.1666182440030677), (0, 3.457706701520526), (0, 3.5249431967795246), (0, 3.325249834614776), (0, 3.1351557852876484), (0, 3.3108058646986676), (0, 3.371818894496036), (0, 3.182066685908652), (0, 3.147674437466758), (0, 3.3881344453984097), (0, 3.3660312192135593), (0, 3.1034824040573388), (0, 3.124251919521673), (0, 3.2331045323656413), (0, 3.190399541517603), (0, 3.1249256913764927), (0, 3.1179751866273517), (0, 3.2221415503086024), (0, 3.109260553578292), (0, 3.1138220691730485), (0, 3.244810950239777), (0, 3.267242978380499), (0, 3.151799156235368), (0, 3.09629359704183), (0, 3.235411419034028), (0, 3.1671024125528664), (0, 3.105604800085716), (0, 3.2823653297580067), (0, 3.2563966499529586), (0, 3.1169123192801895), (0, 3.1201988806431604), (0, 3.1652145292703895), (0, 3.1005232403453173), (0, 3.1164356763311916), (0, 3.175132602684205), (0, 3.1726457071944183), (0, 3.123256378542864), (0, 3.114968502684245), (0, 3.1077999054757375), (0, 3.1357715525356027), (0, 3.096418895140633), (0, 3.1700714930800613), (0, 3.1480238615830713), (0, 3.0936915603511976), (0, 3.0951297380355256), (0, 3.1045717256491296), (0, 3.092271613344607), (0, 3.086384979601959), (0, 3.089732289362358), (0, 3.09219018640147), (0, 3.083186774071851), (0, 3.093727427916373), (0, 3.111986926938981), (0, 3.0973259429759206), (0, 3.091975731585923), (0, 3.0988908858404685), (0, 3.0744232288190223), (0, 3.0894028798912574), (0, 3.093857230583715), (0, 3.0852314414266018), (0, 3.0736866525209763), (0, 3.0788068792010126), (0, 3.0784572056912114), (0, 3.0731948174588055), (0, 3.0702478572343948), (0, 3.068887573564312), (0, 3.0670238778711703), (0, 3.066970551977992), (0, 3.0618903962569606), (0, 3.0629992059119093), (0, 3.063989701195006), (0, 3.0629430037968466), (0, 3.068435657371526), (0, 3.0686282905374695), (0, 3.0799598148006737), (0, 3.0624433015448336), (0, 3.0814092094069565), (0, 3.0869514857246942), (0, 3.0620074875854324), (0, 3.0983998307823417), (0, 3.0556795806105472), (0, 3.0654344155493947), (0, 3.064334776947524), (0, 3.052986482315147), (0, 3.0698013463101073), (0, 3.0469498228670204), (0, 3.0548214935011004), (0, 3.0541060612831217), (0, 3.0453500157218603), (0, 3.0894554341675486), (0, 3.045750047501248), (0, 3.0451015371111576), (0, 3.0698457850075243), (0, 3.0400873894964477), (0, 3.051776899275742), (0, 3.0733118090821283), (0, 3.0398856896593314), (0, 3.059673558585324), (0, 3.0546697208176665), (0, 3.0403863989805715), (0, 3.0719637482645905), (0, 3.0363701340854106), (0, 3.059058943044593), (0, 3.0603080282675874), (0, 3.038443881232892), (0, 3.0416372976513917), (0, 3.0757673489897708), (0, 3.031217119010854), (0, 3.1013845394939135), (0, 3.0543687114246127), (0, 3.0891578907168653), (0, 3.0414482101562896), (0, 3.078755208663374), (0, 3.0405016487298457), (0, 3.0341942637045722), (0, 3.0771065858750073), (0, 3.0460044211835995), (0, 3.0331046477287633), (0, 3.0624789648509814), (0, 3.0482332435672053), (0, 3.0518571413416806), (0, 3.0754541135645908), (0, 3.043066472559862), (0, 3.031614522063975), (0, 3.0626323379750477), (0, 3.033226891666301), (0, 3.020795963222685), (0, 3.0708734089611345), (0, 3.0447833615044213), (0, 3.1085821619184504), (0, 3.0550962700385313), (0, 3.1191530443751563), (0, 3.0397946080064817), (0, 3.0448755818078865), (0, 3.0161044655961673), (0, 3.036053524693663), (0, 3.0455893389001245), (0, 3.047012358097906), (0, 3.03991892648523), (0, 3.119575820263232), (0, 3.0948783733943754), (0, 3.255479381409364), (0, 3.064426680617093), (0, 3.157843036589178), (0, 3.061281460799328), (0, 3.09427679882308), (0, 3.072862013028083), (0, 3.031010799428975), (0, 3.181682088448422), (0, 3.026503831193007), (0, 3.1863707686206837), (0, 3.0862412510798465), (0, 3.0888805115796814), (0, 3.0230169716379365), (0, 3.038257885666512), (0, 3.074919973506857), (0, 3.0495857594807374), (0, 3.047726743199742), (0, 3.0474300848400038), (0, 3.0284933796277884), (0, 3.0083955003953733), (0, 3.0297695477928865), (0, 3.0374471473869415), (0, 3.0647191406962833), (0, 3.0226091146411833), (0, 3.0074353803962155), (0, 3.1107429459979983), (0, 3.03184110548011), (0, 3.036174731151655), (0, 3.0617334132343856), (0, 3.027798396284616), (0, 3.0910472980065733), (0, 3.005097851978692), (0, 2.992531067030429), (0, 3.027180366793887), (0, 2.9886991231235807), (0, 3.0019438161643976), (0, 3.03998179307586), (0, 3.01106074105648), (0, 3.018710011074856), (0, 2.9994255641137837), (0, 2.9998301854176606), (0, 2.9970980248912777), (0, 3.0337119415472524), (0, 3.0041524968489286), (0, 2.9922701278616373), (0, 3.082956073158708), (0, 3.0120141828160474), (0, 3.018993034484548), (0, 3.010937535460195), (0, 3.002100728921806), (0, 2.990394624802019), (0, 3.006146612315231), (0, 3.0017013296850092), (0, 3.0726734783359047), (0, 3.0140903258124045), (0, 2.9854628267037926), (0, 2.9869913502351504), (0, 3.0671049739005345), (0, 3.0170872686902044), (0, 3.0709182525704053), (0, 3.0729957317741237), (0, 3.096790281841483), (0, 3.0195559215554213), (0, 3.170906943836142), (0, 2.999671778035673), (0, 3.15589330358323), (0, 3.0315945129580695), (0, 3.10229289430854), (0, 2.974268007511304), (0, 2.987385031954743), (0, 3.04948340413103), (0, 2.9984498246458036), (0, 2.9967929107776503), (0, 2.986813475876154), (0, 2.970868132372784), (0, 2.979970190590164), (0, 2.9653299327902416), (0, 3.1017180476690887), (0, 3.0164948598051216), (0, 3.1141811647030733), (0, 2.9881761875974706), (0, 3.127317944448453), (0, 2.970581448627031), (0, 3.1342242370023183), (0, 3.0168719562811686), (0, 3.1052218957465967), (0, 2.9654158256110965), (0, 2.971397757177046), (0, 2.9628919169519397), (0, 2.9616850606199137), (0, 2.967243030175386), (0, 2.9723451206496407), (0, 2.969512055579), (0, 3.0542164331251147), (0, 2.978994370624052), (0, 3.056642062141329), (0, 2.9778473007266992), (0, 3.0136685589745777), (0, 2.9588262541040873), (0, 2.957352780136888), (0, 3.0030025675555696), (0, 3.051469470587858), (0, 3.0498136270946485), (0, 2.9851572744431114), (0, 3.108652840881845), (0, 2.9882664424383054), (0, 3.1111794826850425), (0, 2.9707010425662967), (0, 3.2504645294601193), (0, 3.006354423175685), (0, 3.373313661114219), (0, 3.469014838350055), (0, 2.9849317415568137), (0, 3.260700988692698), (0, 3.0982313254175753), (0, 3.1524446684429837), (0, 3.214269067787083), (0, 2.9906389572901473), (0, 3.265103056752739), (0, 3.0405110979584635), (0, 3.11848877252948), (0, 3.1702188650954453), (0, 2.9909769527660557), (0, 3.423886398068264), (0, 3.262891205658801), (0, 3.0734852805753845), (0, 3.333754025169223), (0, 3.0268917327217464), (0, 3.108629468878361), (0, 3.0621263581216813), (0, 3.0865852866031545), (0, 3.163210727049535), (0, 2.949931933892766), (0, 3.244498791375378), (0, 3.1052263617098648), (0, 3.084460115088596), (0, 3.291222015190373), (0, 2.988015210740943), (0, 3.21575569876677), (0, 3.2138342359028442), (0, 2.965036846208608), (0, 3.3114003116748036), (0, 3.1418686811776197), (0, 3.0317141507804037), (0, 3.109972491486336), (0, 3.0021632136547707), (0, 3.0933143531520813), (0, 2.9680736791067717), (0, 3.061689574989526), (0, 2.96737780193432), (0, 2.96112388612158), (0, 2.993291892919275), (0, 2.9533326529754245), (0, 2.9544508626783057), (0, 2.960178762801826), (0, 2.9511620001780106), (0, 2.9414394492678158), (0, 2.9762963430245817), (0, 2.9405841288024432), (0, 2.950893424844088), (0, 3.0531626142728445), (0, 2.9318227457870467), (0, 3.1448678320834715), (0, 3.0199756071482793), (0, 3.0355003233228697), (0, 2.966469463492112), (0, 2.994209803096595), (0, 3.072199323884796), (0, 2.940810274425924), (0, 3.191675379391302), (0, 3.0095755258733887), (0, 3.139459494012486), (0, 3.2389758652631557), (0, 2.942793757007028), (0, 3.0878758502552484), (0, 2.950342092728143), (0, 2.932940209474703), (0, 3.0167458089122268), (0, 2.9719852800954105), (0, 2.9586544798407264), (0, 3.0833023159057857), (0, 2.933201743036832), (0, 3.0513449724478288), (0, 3.031028607433798), (0, 2.9412188266282304), (0, 3.1189220423151625), (0, 2.932996875103554), (0, 2.9668238464408656), (0, 2.9941378727126557), (0, 2.9288616772080904), (0, 2.9185268519808187), (0, 2.96209700919148), (0, 2.930926575539203), (0, 2.9715164059942394), (0, 2.9168486091091754), (0, 2.9246321554368078), (0, 2.9235331867190015), (0, 2.913153781322923), (0, 2.932049275420712), (0, 2.9310271892238116), (0, 2.9201866166348522), (0, 2.9201080252978286), (0, 2.908417019289983), (0, 2.992281183382434), (0, 2.9124394391525374), (0, 2.978942143923912), (0, 2.9071476133506335), (0, 2.918062595804434), (0, 2.9181907132730207), (0, 2.9036424944929613), (0, 2.904920343243255), (0, 2.90157770070369), (0, 2.907553699448268), (0, 2.9320276983365487), (0, 2.9247616895967834), (0, 2.8950546613810957), (0, 2.9129367846191454), (0, 2.910110111971306), (0, 2.9059472444285883), (0, 2.9009682739342466), (0, 2.9067635286296443), (0, 2.9784537257226655), (0, 2.9278631418680803), (0, 2.9315432863850703), (0, 2.921229019815081), (0, 2.9026046428353385), (0, 2.8762701591960553), (0, 2.909990620485233), (0, 2.944277392680515), (0, 2.9430487674853523), (0, 2.9045487189510917), (0, 2.972785337929399), (0, 2.892216304105053), (0, 2.9252384643286784), (0, 2.9355933468276003), (0, 2.9171319881354676), (0, 2.9288903281792527), (0, 2.8964621493980856), (0, 2.966453828114808), (0, 2.9885436880402834), (0, 3.061926659836611), (0, 2.8965023594027417), (0, 3.161293578780909), (0, 2.9066650431411234), (0, 3.138651372766937), (0, 3.0791861468609123), (0, 3.008288929290333), (0, 2.96066378143152), (0, 3.0986325823249996), (0, 3.079967377268322), (0, 2.8943055454359663), (0, 3.1895050578433484), (0, 2.933876654022494), (0, 3.05445418864919), (0, 3.196129756339484), (0, 2.8782460462801187), (0, 3.194005951377237), (0, 2.988674651964438), (0, 3.1260690171384344), (0, 3.192669946555162), (0, 2.868188718972717), (0, 3.3242060058579272), (0, 3.235719505252125), (0, 2.8964335322161996), (0, 3.121177486313792), (0, 2.9237992765330194), (0, 3.0124372732005273), (0, 2.892111467719666), (0, 2.9019667237030937), (0, 2.928233189633758), (0, 2.86549973445341), (0, 2.940962175859367), (0, 2.8617224211928356), (0, 2.923223054359039), (0, 2.879743489978482), (0, 2.9121052087710755), (0, 2.878281973701194), (0, 3.0745060462473974), (0, 2.882206482100541), (0, 2.890034452110809), (0, 2.9322129333961127), (0, 2.8732644942091614), (0, 3.1275284701351818), (0, 2.949048180133501), (0, 3.000487538316248), (0, 2.9683566106723855), (0, 2.9883145812905396), (0, 2.974784381825108), (0, 2.8811210261607054), (0, 3.074888090225363), (0, 2.8602807496104306), (0, 3.004512758703331), (0, 2.8946434551735165), (0, 2.9429367885740736), (0, 2.891241874726962), (0, 2.8727340793922713), (0, 2.8916130048262145), (0, 2.8667907143756692), (0, 2.8690615463572064), (0, 2.856714259640555), (0, 2.8536702715240794), (0, 2.9191186754019274), (0, 2.8431505437327576), (0, 2.854630484479127), (0, 2.8579546010826533), (0, 2.844265308124343), (0, 2.841534883642396), (0, 2.8879951331633973), (0, 2.8371536774800186), (0, 2.9425187511175803), (0, 2.872806744686464), (0, 2.8758075939721577), (0, 2.8681411964185712), (0, 2.9589844996352936), (0, 2.903282665103364), (0, 2.9528356835897243), (0, 2.8498520308463027), (0, 2.933540290343332), (0, 2.8615567347168342), (0, 2.9040245810358045), (0, 2.846559255742537), (0, 2.895975567037115), (0, 2.8734659948501946), (0, 2.8325203518013646), (0, 2.900716855549051), (0, 2.8516487296151216), (0, 2.8606500230259044), (0, 2.847463108040263), (0, 2.8267178211463153), (0, 2.86449702486201), (0, 2.8312311144071107), (0, 3.3787955566761485), (0, 5.574162996362616), (0, 4.890106158069223), (0, 2.9670844681821436), (0, 4.730735137899479), (0, 3.9814055230958205), (0, 2.8950326580848227), (0, 3.570225508137281), (0, 3.8397747994551072), (0, 3.602200860028475), (0, 3.168354666769727), (0, 3.3123944682342494), (0, 3.615919961913456), (0, 3.525938928442103), (0, 3.1485171360835182), (0, 3.1600998173607935), (0, 3.3704980494002283), (0, 3.319035469680438), (0, 2.959341948564617), (0, 3.004451669598528), (0, 3.2417949783365843), (0, 3.1303790808116365), (0, 2.9363107716304615), (0, 3.191555793314194), (0, 3.2309874722879997), (0, 2.940603690564885), (0, 3.0196102649130094), (0, 3.0763717504952512), (0, 2.964472224465011), (0, 2.858253577201648), (0, 2.9365588581630253), (0, 2.9219672305858215), (0, 2.9008548443501994), (0, 2.9625273437375754), (0, 2.9134096034188377), (0, 2.898934253705443), (0, 2.9413823250988216), (0, 2.882420791545492), (0, 2.871849679119709), (0, 2.9790065887354746), (0, 2.9414942621806985), (0, 2.8852274539535654), (0, 2.9409381586815697), (0, 2.851126382494534), (0, 2.873917739164392), (0, 2.875256840903745), (0, 2.8811088261321123), (0, 2.923331296276914), (0, 2.8533281879799812), (0, 2.8566653102211585), (0, 2.8731638327845412), (0, 2.867281479753968), (0, 2.93230551205864), (0, 2.8563195334966216), (0, 2.9745377792111185), (0, 2.9299611953820732), (0, 2.840556057047927), (0, 2.949918326690619), (0, 2.8431053392585195), (0, 2.8675027824558477), (0, 2.8421864671382053), (0, 2.843722222355204), (0, 2.893791387980849), (0, 2.828926748076818), (0, 2.835647392803517), (0, 2.8390398827776973), (0, 2.836022167495529), (0, 2.860133185951852), (0, 2.8227947748140942), (0, 2.8205632038989408), (0, 2.8978050042978403), (0, 2.8086329604636795), (0, 2.816960972443707), (0, 2.8317175390426472), (0, 2.8181450125960446), (0, 2.804995685370788), (0, 2.8348693287835456), (0, 2.829133618142338), (0, 2.8543357426031117), (0, 2.843097939477148), (0, 2.821226536649574), (0, 2.8280674945899715), (0, 2.8241315668875107), (0, 2.8232433177079983), (0, 2.8220868586265397), (0, 2.837389027835695), (0, 2.826324191172233), (0, 2.872412336000603), (0, 2.8178662325289316), (0, 2.8068461074622264), (0, 2.8121846497786986), (0, 2.811131618890354), (0, 2.8083851102368653), (0, 2.796921644716655), (0, 2.824724185845706), (0, 2.7926681607553934), (0, 2.886376151451453), (0, 2.8307046152553657), (0, 2.864103699923595), (0, 2.797453529959776), (0, 2.952284730504706), (0, 2.7888272406849324), (0, 2.8618173897808528), (0, 2.7806377703959857), (0, 2.9099075451546033), (0, 2.780244506610891), (0, 2.8275484477598183), (0, 2.8020903733285927), (0, 2.874153992991187), (0, 2.7753061910779047), (0, 2.9654298103948005), (0, 2.8085729355053712), (0, 2.9760694620978465), (0, 2.819970257964658), (0, 2.773489539078926), (0, 2.8014189097361184), (0, 2.8242006123405727), (0, 2.840336661840392), (0, 2.813078446684632), (0, 2.7925715445658166), (0, 2.8440533979083926), (0, 2.7974613799357324), (0, 2.8726341717529533), (0, 2.8360995258129025), (0, 2.798991598987526), (0, 2.8483706768661223), (0, 2.81371515822744), (0, 2.8498585827887175), (0, 2.776972906083714), (0, 2.7702866344443033), (0, 2.776920680106523), (0, 2.782404789033345), (0, 2.7880824298209386), (0, 2.779390579985901), (0, 2.7687996856040398), (0, 2.7682692301011205), (0, 2.805081750986652), (0, 2.7765312830919573), (0, 2.7718406315728426), (0, 2.761000031876463), (0, 2.7708125161095034), (0, 2.812497287907097), (0, 2.792187613556996), (0, 2.8123504199606497), (0, 2.77962203322917), (0, 2.7503626326189994), (0, 2.7801972551540706), (0, 2.779299400031113), (0, 2.775195011911024), (0, 2.8343263940224053), (0, 2.7818346642008898), (0, 2.88020680968407), (0, 2.8836484427239872), (0, 2.909763015248382), (0, 2.8195711452593972), (0, 2.7685870620492743), (0, 2.803199754650404), (0, 2.753501845377211), (0, 2.8477463968313854), (0, 2.887443462468774), (0, 2.8935828158303107), (0, 2.761481157106569), (0, 3.061217161419611), (0, 2.7575463082434397), (0, 2.9202497090326887), (0, 2.789789502217543), (0, 2.9695541128222787), (0, 2.811908203761675), (0, 2.997128040693205), (0, 2.925308510593751), (0, 2.8660021263553386), (0, 2.827559780872493), (0, 2.950255706023822), (0, 2.9070440056338587), (0, 2.784753981844281), (0, 2.8217681119574287), (0, 2.8908923213987205), (0, 3.054888450194387), (0, 2.7395783724061107), (0, 2.975248689778498), (0, 2.8050632141797665), (0, 2.960090924803787), (0, 2.926657500322658), (0, 2.803548308693539), (0, 2.7751020644053557), (0, 2.805376055500962), (0, 2.796660604315153), (0, 2.7690667974578216), (0, 2.8762744261455144), (0, 2.7903284619229995), (0, 2.903082089693093), (0, 2.733372939692714), (0, 2.8558942372679734), (0, 2.7577988713541335), (0, 2.80533617020983), (0, 2.7383711757408693), (0, 2.794701522289223), (0, 2.7651420688342543), (0, 2.8003150111947512), (0, 2.792001163256693), (0, 2.949073807205851), (0, 2.7360704579057664), (0, 2.9777476273148364), (0, 2.801532595660161), (0, 2.978442039578634), (0, 2.951486023608034), (0, 2.822664464153219), (0, 2.911516658190469), (0, 2.717807141304482), (0, 2.91054481383607), (0, 2.737337494201675), (0, 2.845940841182002), (0, 2.7342665546889835), (0, 2.9445590100130086), (0, 2.811422543333702), (0, 2.8588370945446098), (0, 2.843869991927525), (0, 2.7670849782186355), (0, 2.8608526454406116), (0, 2.7417918925199127), (0, 2.803435008349558), (0, 2.7114203004851656), (0, 2.7389367201051673), (0, 2.73616660431637), (0, 2.71179750016716), (0, 2.767270893815075), (0, 2.7169938300407583), (0, 2.779264945596268), (0, 2.7137943016411623), (0, 2.78064166671916), (0, 2.7576476059910005), (0, 2.751244333442403), (0, 2.729992545795207), (0, 2.694339868463761), (0, 2.80080228443434), (0, 2.7160412598592787), (0, 2.8171595498554622), (0, 2.6987523559211866), (0, 2.6894932971665555), (0, 2.6903305782581315), (0, 2.6890252680747455), (0, 2.7199135265919105), (0, 2.7530253717626936), (0, 2.722848285458547), (0, 2.6806196197445553), (0, 2.815229950128334), (0, 2.680244820043635), (0, 2.6997647181944924), (0, 2.7008944222079427), (0, 2.6883366229423284), (0, 2.7100130963294244), (0, 2.708080481977525), (0, 2.8141694375523403), (0, 2.751253022773449), (0, 2.762665968040786), (0, 2.7258444268119413), (0, 2.7403875150107817), (0, 2.739858279027936), (0, 2.738299987719173), (0, 2.7045994849581487), (0, 2.8554306605892172), (0, 2.707217770279557), (0, 2.806147650304933), (0, 2.679170091083989), (0, 2.7493032638374464), (0, 2.665885608370422), (0, 2.853024899276399), (0, 2.666134853525861), (0, 2.7745525965135784), (0, 2.672554034391468), (0, 2.7603403953878622), (0, 2.6900160072079817), (0, 2.827827094966428), (0, 2.6937216846276617), (0, 2.8006674454806313), (0, 2.6658329378505803), (0, 2.704300928472933), (0, 2.7115200237027546), (0, 2.7490905357914355), (0, 2.6802048539121626), (0, 2.802888181075143), (0, 2.716764905675292), (0, 2.8618838630912933), (0, 2.7393690508498496), (0, 2.831569244651025), (0, 2.72786926892871), (0, 2.841877383676407), (0, 2.761505067293678), (0, 2.7712730604256395), (0, 2.684583308323068), (0, 2.664338175189299), (0, 2.6560425439316226), (0, 2.648532634594056), (0, 2.659040103848163), (0, 2.688918507669474), (0, 2.705358203271997), (0, 2.7696310912337436), (0, 2.820213703478309), (0, 2.6725060931879963), (0, 2.7655172407250777), (0, 2.6981830519109398), (0, 2.749510198823382), (0, 2.8040893708562025), (0, 2.7652790378695005), (0, 2.7951265045314333), (0, 2.7180232019433976), (0, 2.73892374275844), (0, 2.660604275229122), (0, 2.8007681789893537), (0, 2.67787205862488), (0, 2.863336054026533), (0, 2.7524934711550184), (0, 2.8940476781117064), (0, 2.8690481269613475), (0, 2.74890281286074), (0, 2.766848062435668), (0, 2.7563342557039223), (0, 2.8183169332342697), (0, 2.681947478405868), (0, 2.920993623734516), (0, 2.6677188039188535), (0, 2.774496546922175), (0, 2.695842634176117), (0, 2.7169338935108382), (0, 2.6655187241598677), (0, 2.667287043538012), (0, 2.633157929561289), (0, 2.637322194021943), (0, 2.6232730786875575), (0, 2.6737379354390236), (0, 2.639454801825064), (0, 2.6568178783940177), (0, 2.634463694976593), (0, 2.69110151955051), (0, 2.6234063449241574), (0, 2.6328831795404923), (0, 2.6120339833470076), (0, 2.708384512476759), (0, 2.641569434081856), (0, 2.6878254287027734), (0, 2.6273709340785274), (0, 2.631535197858415), (0, 2.62779802379718), (0, 2.6448974301466914), (0, 2.6381452955727975), (0, 2.7026099430907924), (0, 2.6875711930794313), (0, 2.648559903165453), (0, 2.806504066133641), (0, 2.6349154625702154), (0, 2.6803515446021664), (0, 2.602350711717304), (0, 2.617760837188929), (0, 2.607814101451821), (0, 2.6732152367558637), (0, 2.606047424612591), (0, 2.6350596502467254), (0, 2.6218350768777685), (0, 2.6369289696108678), (0, 2.611456830782792), (0, 2.608163918914808), (0, 2.639123269020924), (0, 2.5993020250061347), (0, 2.5988943067316725), (0, 2.61729204033351), (0, 2.659668907687101), (0, 2.59514994413672), (0, 2.7234998813363798), (0, 2.6138460199448725), (0, 2.6771420688285272), (0, 2.594944234180913), (0, 2.5885337039644845), (0, 2.5852819105830904), (0, 2.6157615131266474), (0, 2.688727806323563), (0, 2.574902256711386), (0, 2.73746973774948), (0, 2.571832270137652), (0, 2.6128420335607605), (0, 2.643507953766487), (0, 2.5864298920162647), (0, 2.5979370943501547), (0, 2.576363815859423), (0, 2.668890845087691), (0, 2.610688495742682), (0, 2.569725630069931), (0, 2.6635723073551034), (0, 2.5994256800299183), (0, 2.6976459220108797), (0, 2.739817225565069), (0, 2.6189647908491462), (0, 2.8452188020679325), (0, 2.6137323146374474), (0, 2.9498999272892323), (0, 2.8054774489883565), (0, 2.8872906272316827), (0, 2.9252462896922635), (0, 2.69511758364955), (0, 2.816583190149971), (0, 2.597457742475967), (0, 2.791848444600232), (0, 2.5723579277622126), (0, 2.6324908439999883), (0, 2.6322627372129066), (0, 2.6648138365430363), (0, 2.733783704281799), (0, 2.6073786110217743), (0, 2.8833597014086862), (0, 2.7082725834215555), (0, 3.056923333895901), (0, 3.0485583333493214), (0, 2.6213484434953984), (0, 2.840764103715136), (0, 2.5616887104951793), (0, 2.940135218203504), (0, 2.7356237195181325), (0, 2.9086860764229345), (0, 2.973084619848187), (0, 2.572254874065632), (0, 3.058522430245436), (0, 2.873886715536165), (0, 2.7219472789672077), (0, 2.7461271074171694), (0, 2.6761656262999676), (0, 2.672528505449478), (0, 2.7057843216452486), (0, 2.641725083076213), (0, 2.7571219719084), (0, 2.7045267473866748), (0, 2.5983738911162475), (0, 2.752243847128977), (0, 2.6173806688923795), (0, 2.6445784873723883), (0, 2.5705054452665066), (0, 2.6040982303223124), (0, 2.6164523722659037), (0, 2.5499290598880893), (0, 2.5429689451294553), (0, 2.580005643966547), (0, 2.599617722257793), (0, 2.549624014640194), (0, 2.6656427248810375), (0, 2.541067805188668), (0, 2.5719723586829035), (0, 2.5774978615527746), (0, 2.556368001907748), (0, 2.597378791624871), (0, 2.535384316463953), (0, 2.7473437095009965), (0, 2.569572911333035), (0, 2.8747132529415333), (0, 2.735924964973161), (0, 2.8400335381147284), (0, 2.863257863213187), (0, 2.5784514503413036), (0, 2.7300324475355953), (0, 2.548748955999136), (0, 2.9111664289817556), (0, 2.686250469092705), (0, 2.8278040048555173), (0, 2.8917745313422305), (0, 2.528603254053127), (0, 2.938990937245484), (0, 2.656084524560967), (0, 2.8980381669567654), (0, 3.0809496487870436), (0, 2.5521511289584495), (0, 2.9982540972801983), (0, 2.8355057583473045), (0, 2.6250505709874585), (0, 2.766740220908628), (0, 2.6019430553512284), (0, 2.660208168163093), (0, 2.5407982369477664), (0, 2.6483649753657823), (0, 2.570580618120379), (0, 2.6509244909679732), (0, 2.5398264766144094), (0, 2.6595128712066587), (0, 2.568894902726986), (0, 2.550136295663773), (0, 2.5188297371855053), (0, 2.66154813019417), (0, 2.551806877772078), (0, 2.57274730956069), (0, 2.5448175807605966), (0, 2.574049921211519), (0, 2.6003019489289994), (0, 2.549990547284342), (0, 2.7313336133554214), (0, 2.569744268618062), (0, 2.7856282540137696), (0, 2.6438157101637696), (0, 2.7403704013613153), (0, 2.737109400509735), (0, 2.582789280837469), (0, 2.5743289978110178), (0, 2.6377202998390925), (0, 2.5835730658956817), (0, 2.691061321663698), (0, 5.665821570061076), (0, 5.7552480042557015), (0, 4.982700504747751), (0, 3.4690423630932696), (0, 3.903496730204593), (0, 4.4647000744282215), (0, 3.5482690945215514), (0, 3.106465705368422), (0, 3.5109779594210235), (0, 3.673993667101205), (0, 3.6050783925828442), (0, 3.173005503323746), (0, 2.9515128050860184), (0, 3.364688042821679), (0, 3.503601324915506), (0, 3.083046050226549), (0, 2.8544720421543373), (0, 3.1733939264975706), (0, 3.209734984338566), (0, 2.915577638266809), (0, 2.6930209137708796), (0, 3.0488079663241363), (0, 3.0450341662128277), (0, 2.668873543202571), (0, 2.8054056931465357), (0, 2.982323069008683), (0, 2.872865275883694), (0, 2.5802883231249085), (0, 2.9236856755807508), (0, 2.973665944269561), (0, 2.6601893396737855), (0, 2.715923949506208), (0, 2.8961732482584823), (0, 2.7425761174781775), (0, 2.621315613661315), (0, 2.805543577915953), (0, 2.7497430210263976), (0, 2.6252223177241047), (0, 2.770924859020735), (0, 2.7241604733090976), (0, 2.645994437957416), (0, 2.7816792540463413), (0, 2.7622233631385615), (0, 2.6130431899307296), (0, 2.6613986097366604), (0, 2.755383258287604), (0, 2.5993408293879408), (0, 2.6946652417904495), (0, 2.698120881457673), (0, 2.5784505970464053), (0, 2.6769116443323284), (0, 2.6229985586281406), (0, 2.56754756711678), (0, 2.653465040328466), (0, 2.5603115489783113), (0, 2.5996418527484035), (0, 2.607151883001404), (0, 2.55429031712616), (0, 2.6387713737295995), (0, 2.5319532952526695), (0, 2.6068008326648253), (0, 2.6473660895105855), (0, 2.5354439082420837), (0, 2.7527440967383465), (0, 2.683000585079183), (0, 2.5764078317622436), (0, 2.706214168140861), (0, 2.589575517500074), (0, 2.6162206823672904), (0, 2.6049520025415713), (0, 2.566025197475798), (0, 2.6490396771443705), (0, 2.5368181783955617), (0, 2.6601185565449197), (0, 2.595594364157053), (0, 2.575632104371758), (0, 2.5872039550162853), (0, 2.5376023681161404), (0, 2.6236245982838287), (0, 2.6113590580170185), (0, 2.5438823250598706), (0, 2.59497123786024), (0, 2.510263074059822), (0, 2.5786871631576407), (0, 2.5063551124811645), (0, 2.6276040281181468), (0, 2.564931504401727), (0, 2.6326787397245006), (0, 2.5941157350901407), (0, 2.574197821341838), (0, 2.5708475715988572), (0, 2.5816809595037284), (0, 2.572153988873671), (0, 2.542098101277519), (0, 2.619679746378151), (0, 2.50347804629631), (0, 2.727941992503527), (0, 2.5837670497253193), (0, 2.6097562019277727), (0, 2.6511801960414636), (0, 2.5645149217426124), (0, 2.68701778252224), (0, 2.5044977835411615), (0, 2.709065526187983), (0, 2.5574628481039032), (0, 2.664694617298876), (0, 2.67691307116069), (0, 2.5074020233685665), (0, 2.729568217508294), (0, 2.533131332172394), (0, 2.584651559455075), (0, 2.615296155900258), (0, 2.503011414717467), (0, 2.650420533442784), (0, 2.4762317026936924), (0, 2.701433315189292), (0, 2.5887994617314933), (0, 2.629899636281019), (0, 2.735559837877258), (0, 2.471237127164407), (0, 2.829254276990968), (0, 2.672885608567695), (0, 2.575585330285304), (0, 2.716747312575126), (0, 2.483111327959676), (0, 2.7580692086093577), (0, 2.6686032748541963), (0, 2.5143919019465812), (0, 2.7229484774165877), (0, 2.496011339679876), (0, 2.6991816128331956), (0, 2.6226157387246642), (0, 2.518281196851465), (0, 2.661070428944429), (0, 2.459802184125328), (0, 2.7425323431932713), (0, 2.6529330028965297), (0, 2.5383899179275144), (0, 2.616990279524247), (0, 2.48044281227111), (0, 2.648272417807281), (0, 2.4608328144663045), (0, 2.588349133232006), (0, 2.516858625576978), (0, 2.5978799988791077), (0, 2.570678027633839), (0, 2.5125901949100626), (0, 2.516014195107736), (0, 2.528698499327766), (0, 2.5464034173871837), (0, 2.492249144627358), (0, 2.5988203566717356), (0, 2.443934713203192), (0, 2.6579754984151545), (0, 2.54087984377125), (0, 2.631725448864032), (0, 2.6432183851017217), (0, 2.4811616259408797), (0, 2.5573983415766377), (0, 2.451704954346936), (0, 2.5296145094089995), (0, 2.432147494857119), (0, 2.4747238630246766), (0, 2.5019933938617736), (0, 2.449769996149709), (0, 2.4514648839229043), (0, 2.434268260385503), (0, 2.4437187453287548), (0, 2.4466614463068983), (0, 2.425141199165576), (0, 2.5546214058137915), (0, 2.4155065043341786), (0, 2.4555270009665446), (0, 2.4818454734752584), (0, 2.4500055306419326), (0, 2.520380415267833), (0, 2.4098799790421475), (0, 2.5645212148372765), (0, 2.404654843805589), (0, 2.453370753544051), (0, 2.5047839777592817), (0, 2.414160723489269), (0, 2.6484409041178876), (0, 2.4580825244419318), (0, 2.8483131497055094), (0, 2.7896270282117865), (0, 2.5128434789606233), (0, 2.5247114854139716), (0, 2.583661727079791), (0, 2.6934073934600096), (0, 2.4020687062919914), (0, 2.6263649606920136), (0, 2.410216676793635), (0, 2.6214489345633902), (0, 2.5461653682633743), (0, 2.489232006938816), (0, 2.4121321925549), (0, 2.5559983908600468), (0, 2.441251216567068), (0, 2.6470973777239166), (0, 2.533307132642704), (0, 2.628597087802719), (0, 2.6957265526720287), (0, 2.3937087008487254), (0, 2.623937758784757), (0, 2.4309038070928946), (0, 2.752495603440864), (0, 2.662481039089364), (0, 2.5857206837257873), (0, 2.621971958362707), (0, 2.4340928263661024), (0, 2.5151286217981768), (0, 2.423345677736788), (0, 2.490305470994538), (0, 2.4212922172269526), (0, 2.469339940380322), (0, 2.4294156704127663), (0, 2.375667182988718), (0, 2.537592741489126), (0, 2.385760232930871), (0, 2.6235319546609497), (0, 2.5151303211820437), (0, 2.5330323681157623), (0, 2.4818408735471613), (0, 2.549871202749394), (0, 2.5329645703341246), (0, 2.4663639892920637), (0, 2.458152321519552), (0, 2.508849546833384), (0, 2.3938033356680393), (0, 2.528351169585339), (0, 2.392745717262934), (0, 2.6184631978833313), (0, 2.5565954972890292), (0, 2.5737400399112476), (0, 2.5939369978813107), (0, 2.398639575757942), (0, 2.5164412977466237), (0, 2.4809372757927446), (0, 2.484594955893031), (0, 2.536083868739819), (0, 2.3952659639371268), (0, 2.5099287062532323), (0, 2.3974968622925665), (0, 2.542797359029853), (0, 2.408530702758164), (0, 2.461364526948803), (0, 2.3624703971342313), (0, 2.4185009878878123), (0, 2.4856656451516046), (0, 2.425102601908039), (0, 2.5526973196212546), (0, 2.383146441330591), (0, 2.5073424783413705), (0, 2.377044200022897), (0, 2.605121564302269), (0, 2.4612976579051065), (0, 2.7052537542207493), (0, 2.596478820989022), (0, 2.5753982205154142), (0, 2.6819424659829494), (0, 2.3583523744513197), (0, 2.7213104918853213), (0, 2.56403124965953), (0, 2.5038523309911973), (0, 2.529434127870955), (0, 2.456437136550847), (0, 2.53539097571112), (0, 2.362923867170295), (0, 2.519729289266664), (0, 2.396579849538524), (0, 2.45319024020071), (0, 2.4063416098014456), (0, 2.4035879885635705), (0, 2.3628872918866572), (0, 2.462283086938255), (0, 2.3749740219950364), (0, 2.3811216883969717), (0, 2.3825680678211913), (0, 2.393320739418328), (0, 2.353349394107813), (0, 2.3702637111378433), (0, 2.390747201710893), (0, 2.3766533134809666), (0, 2.538012684243751), (0, 2.426792870219148), (0, 2.5911825927893206), (0, 2.4953055004543345), (0, 2.5995397896600916), (0, 2.677649018351725), (0, 2.3559665439785697), (0, 2.529313635942408), (0, 2.337895279540545), (0, 2.4512483158559637), (0, 2.4542807380992517), (0, 2.4201104884558577), (0, 2.5022570738806222), (0, 2.3848965394110593), (0, 2.5662723553370252), (0, 2.508434102132685), (0, 2.4708197795965834), (0, 2.4303120672648735), (0, 2.585502669471806), (0, 2.5149583066493797), (0, 2.410994770444043), (0, 2.34132940618049), (0, 2.3684439138967566), (0, 2.357382897761063), (0, 2.387529826912473), (0, 2.3745197204331725), (0, 2.3667115095403015), (0, 2.3857413284621973), (0, 2.34503622726303), (0, 2.318553907312214), (0, 2.428217100998563), (0, 2.326444362330434), (0, 2.3166731248518073), (0, 2.3239440416415387), (0, 2.315033973467729), (0, 2.324083052757366), (0, 2.314371255608487), (0, 2.371078814003631), (0, 2.414504619396127), (0, 2.3261768748844798), (0, 2.3443350852523652), (0, 2.3337520049296163), (0, 2.368257979011132), (0, 2.3390748061303146), (0, 2.3457202005952977), (0, 2.4748117616396286), (0, 2.31342506371746), (0, 2.602963110168943), (0, 2.372011860441691), (0, 2.914334063438352), (0, 2.963442650941362), (0, 2.3227736796747336), (0, 3.0948008078713714), (0, 3.1499125821003164), (0, 2.4651007055657086), (0, 3.021736923348426), (0, 3.2379445962030413), (0, 2.5266091661562875), (0, 3.0078403752438434), (0, 3.4088745621732865), (0, 3.062860201434073), (0, 2.3866985936537963), (0, 2.987236162571668), (0, 2.8651006156339887), (0, 2.3528073738189534), (0, 2.901784571371448), (0, 2.8657269777587717), (0, 2.3507895637858467), (0, 2.769871388099187), (0, 2.748141432721204), (0, 2.377386218254656), (0, 2.83295117387561), (0, 2.8280108326678817), (0, 2.3688647537011787), (0, 2.5724583482783228), (0, 2.4672966280043265), (0, 2.5048665722697057), (0, 2.4453366636251497), (0, 2.510183768480355), (0, 2.637967758896345), (0, 2.4430642657901593), (0, 2.5204796099172313), (0, 2.4056963152666033), (0, 2.5713521343102466), (0, 2.6659288394083416), (0, 2.3592602743266453), (0, 2.674296759048351), (0, 2.696881113402077), (0, 2.3443628451139755), (0, 2.6764406904248768), (0, 2.660144895396791), (0, 2.3316944810428084), (0, 2.632440039536077), (0, 2.5351083634253233), (0, 2.4280842408897025), (0, 2.5544377479651144), (0, 2.3423527247766733), (0, 2.6447104884002632), (0, 2.6332722132287376), (0, 2.350318699534774), (0, 2.467115627943364), (0, 2.3561124079591926), (0, 2.463813191016588), (0, 2.3631294828767198), (0, 2.4929531761768424), (0, 2.4583100091193226), (0, 2.348108074518505), (0, 2.3370974452498694), (0, 2.3695599144649893), (0, 2.3357694897932544), (0, 2.406350668901701), (0, 2.333871951254007), (0, 2.334615092674239), (0, 2.328779153186563), (0, 2.348906023935847), (0, 2.3402984712931945), (0, 2.3324822903822104), (0, 2.3229201440876213), (0, 2.3249031261952244), (0, 2.3711283030775436), (0, 2.368111174616603), (0, 2.3446490409751317), (0, 2.3234784305841885), (0, 2.3143995497989565), (0, 2.3174034220608695), (0, 2.301537120062537), (0, 2.3360073271086716), (0, 2.36987577260289), (0, 2.350146249435749), (0, 2.3334156499653167), (0, 2.3279048229388994), (0, 2.3034332755373956), (0, 2.301474979631035), (0, 2.3144383367548587), (0, 2.2894945720940636), (0, 2.2880552321072742), (0, 2.2875752311059916), (0, 2.32359228053585), (0, 2.398282193322229), (0, 2.300474178553134), (0, 2.4866500434482175), (0, 2.3000065933712786), (0, 2.621710358039314), (0, 2.4846037625599284), (0, 2.513159223289656), (0, 2.6039746543460436), (0, 2.284413758401386), (0, 2.396533140955938), (0, 2.2867164171834435), (0, 2.2773150355923346), (0, 2.4176144630137277), (0, 2.290903606547053), (0, 2.543000789190451), (0, 2.3673462292468854), (0, 2.6880837341189032), (0, 2.6892964492928737), (0, 2.2773893310225906), (0, 2.626041302115651), (0, 2.4699849230103226), (0, 2.536222197849122), (0, 2.5660331111203867), (0, 2.3401002681925402), (0, 2.379121800605786), (0, 2.398658596283759), (0, 2.4290581310096084), (0, 2.3102305920889865), (0, 2.307394744104577), (0, 2.2901204762390353), (0, 2.432460217805155), (0, 2.322556646675368), (0, 2.356066058829569), (0, 2.3332014049149326), (0, 2.3213815260802804), (0, 2.313887676172435), (0, 2.3670808994735997), (0, 2.2833873274910403), (0, 2.284430806776708), (0, 2.3761786015875312), (0, 2.276357839324051), (0, 2.557893451434276), (0, 2.4130352459691946), (0, 2.5368688604942404), (0, 2.471652592211161), (0, 2.4757240621951335), (0, 2.5210303309612265), (0, 2.3241056151154207), (0, 2.40184201928143), (0, 2.2937071235113113), (0, 2.2844960737766584), (0, 2.3097899091720646), (0, 2.40257600223176), (0, 2.37025955110478), (0, 2.4651308255294992), (0, 2.345862661141031), (0, 2.6383304025135548), (0, 2.6268466272354867), (0, 2.300705878918347), (0, 2.3462954354336527), (0, 2.4847293746812102), (0, 2.477260173897367), (0, 2.269164744012965), (0, 2.658964798661018), (0, 2.4340124704164903), (0, 2.5991460427947923), (0, 2.6805735236001733), (0, 2.279997076726451), (0, 2.836790140901257), (0, 2.7679838943714583), (0, 2.3052936797835906), (0, 2.624418799858858), (0, 2.451700046938838), (0, 2.4653491008121935), (0, 2.527171297586936), (0, 2.308058632779423), (0, 2.4047854939674704), (0, 2.262896748570825), (0, 5.825294786230699), (0, 4.349064001674884), (0, 2.8400006184281024), (0, 3.217211389067461), (0, 2.5815067121409614), (0, 2.7508970898364073), (0, 2.4341507536894085), (0, 2.780575498833409), (0, 2.560022255709043), (0, 2.641646175202224), (0, 2.6355775651940885), (0, 2.3378346129772094), (0, 2.5587136995305126), (0, 2.387680827140421), (0, 2.680924362071826), (0, 2.682949778271981), (0, 2.3880663597071012), (0, 2.63571987141341), (0, 2.465804864321772), (0, 2.38553919176808), (0, 2.494504740155851), (0, 2.4246879623724578), (0, 2.476041602493306), (0, 2.394277041999864), (0, 2.3345106932382045), (0, 2.3649446797043416), (0, 2.3373979559813076), (0, 2.332095277112535), (0, 2.3879832585380694), (0, 2.316620640473922), (0, 2.3146908300655364), (0, 2.299139870597331), (0, 2.276949383966501), (0, 2.3204676869450283), (0, 2.304393185420673), (0, 2.3492028555900983), (0, 2.30655763414148), (0, 2.2845069429731484), (0, 2.2736140095238), (0, 2.2727568319819635), (0, 2.296396312758419), (0, 2.3806073684803493), (0, 2.360354165454634), (0, 2.415662679865581), (0, 2.291055004489918), (0, 2.5765540655500128), (0, 2.45550466722181), (0, 2.4767491282723406), (0, 2.4874084072582794), (0, 2.3365578503309354), (0, 2.4612850817617447), (0, 2.289275829324662), (0, 2.494416266383723), (0, 2.3072812212326235), (0, 2.673510684609967), (0, 2.673711809451906), (0, 2.267614765805026), (0, 2.739630254959531), (0, 2.629419353455198), (0, 2.3404789145916935), (0, 2.646476687007088), (0, 2.405607539521309), (0, 2.467141824172206), (0, 2.544258088557473), (0, 2.2736731031667134), (0, 2.435721659858243), (0, 2.390795604701374), (0, 2.3383771929774975), (0, 2.333429444954526), (0, 2.3701553039914165), (0, 2.3789732958289367), (0, 2.3043815148542084), (0, 2.248597984898098), (0, 2.24070671931034), (0, 2.331393829928792), (0, 2.313981674619388), (0, 2.277414122613066), (0, 2.404415707182441), (0, 2.248524259037946), (0, 2.5846812879280656), (0, 2.4798195347771492), (0, 2.4112506174078976), (0, 2.482803697496878), (0, 2.257535805166015), (0, 2.307874195380177), (0, 2.237530731471276), (0, 2.3557322269640384), (0, 2.306403345120679), (0, 2.3037077137148065), (0, 2.3594251801081536), (0, 2.223215774934197), (0, 2.2758635138048002), (0, 2.2305638989483865), (0, 2.4213387898120198), (0, 2.220608821766748), (0, 2.3579291438941246), (0, 2.2746742802851996), (0, 2.4729319286084657), (0, 2.3661156098173777), (0, 2.5516038384749797), (0, 2.548550419667878), (0, 2.270670473527942), (0, 2.2617333096194776), (0, 2.454655816550218), (0, 2.431076732374429), (0, 2.2628458815107937), (0, 2.2457186713990342), (0, 2.4465611075651483), (0, 2.396370132268559), (0, 2.325659876233761), (0, 2.2764911996809007), (0, 2.4691218329522844), (0, 2.516568605914141), (0, 2.258322924351243), (0, 2.6356885742648033), (0, 2.4230247749820504), (0, 2.4899856873770316), (0, 2.633738403734615), (0, 2.313954604441921), (0, 2.5177055494364744), (0, 2.597941669641603), (0, 2.299055337567292), (0, 2.487139462370433), (0, 2.3699936294026305), (0, 2.3569171070545067), (0, 2.340498439435257), (0, 2.363728604298665), (0, 2.4423178348166186), (0, 2.2487281128948293), (0, 2.529094026492864), (0, 2.3670721857685093), (0, 2.486052385019207), (0, 2.634656618669819), (0, 2.3145733197247504), (0, 2.498486474546977), (0, 2.5547482642666215), (0, 2.2312427231147414), (0, 2.329182051665985), (0, 2.2844018989517383), (0, 2.3234660224757286), (0, 2.2561587841958266), (0, 2.4412781504744774), (0, 2.36423159961744), (0, 2.330795008321796), (0, 2.3123632559079046), (0, 2.3755429941328177), (0, 2.3977180041980115), (0, 2.204601735719023), (0, 2.3226210336773363), (0, 2.2700080166274157), (0, 2.289534418994224), (0, 2.219958345026831), (0, 2.3072559863062554), (0, 2.310335687058723), (0, 2.3199982981247596), (0, 2.2169962033352246), (0, 2.2248893278308444), (0, 2.279938964431847), (0, 2.2539316872221193), (0, 2.3070476674786993), (0, 2.2181241797691733), (0, 2.212456448880918), (0, 2.320241143568623), (0, 2.23645794343325), (0, 2.231969378821414), (0, 2.3275850215337712), (0, 2.2051137404779837), (0, 2.1878551400081365), (0, 2.207007680123622), (0, 2.2980461315876686), (0, 2.284444787067403), (0, 2.2925580121589557), (0, 2.2429808231602553), (0, 2.208171570897808), (0, 2.3567924063020005), (0, 2.225214413210276), (0, 2.3141456933652234), (0, 2.2074535251575296), (0, 2.502707274956865), (0, 2.3106250044571186), (0, 2.6068821725532194), (0, 2.679399425321813), (0, 2.2825785941044634), (0, 2.692863620803053), (0, 2.604335961452065), (0, 2.286048585167089), (0, 2.4952415007968907), (0, 2.3145568600081643), (0, 2.5126015479514994), (0, 2.46907761524774), (0, 2.330598715058189), (0, 2.566177990646855), (0, 2.283193961690371), (0, 2.555074151180556), (0, 2.5860164849385234), (0, 2.238190949146354), (0, 2.500835869534682), (0, 2.3360213633563727), (0, 2.4128074677648024), (0, 2.4969002926283967), (0, 2.2430451776595093), (0, 2.4113456714450634), (0, 2.2660783518555125), (0, 2.306615895243312), (0, 2.281096248685386), (0, 2.29508642607258), (0, 2.313658876377209), (0, 2.2193661661895003), (0, 2.2888421035908335), (0, 2.2639871618248715), (0, 2.304708924433705), (0, 2.169602929361559), (0, 2.4344761905468335), (0, 2.295266523588553), (0, 2.4266967172326477), (0, 2.450470225532146), (0, 2.206277547281835), (0, 2.185744650670803), (0, 2.309480635395377), (0, 2.2847465447349857), (0, 2.245144298924575), (0, 2.178779752812044), (0, 2.1788739679227977), (0, 2.273761384912551), (0, 2.228708727857212), (0, 2.2337026569377554), (0, 2.2267408593470854), (0, 2.2146507657397856), (0, 2.18307308247895), (0, 2.363395122902723), (0, 2.186892169285434), (0, 2.4112437225273258), (0, 2.3203052410872713), (0, 2.3177528698827854), (0, 2.3174066604743695), (0, 2.3143534445589995), (0, 2.3251331492302745), (0, 2.2277331738630743), (0, 2.20172230710028), (0, 2.2837600531179487), (0, 2.2533853002700837), (0, 2.277381513818757), (0, 2.1972194029296768), (0, 2.332267858123221), (0, 2.2822343979917865), (0, 2.287091981546682), (0, 2.2006606411844274), (0, 2.3252864101854804), (0, 2.265569831852574), (0, 2.2757284675419878), (0, 2.2087223775938756), (0, 2.285299964531129), (0, 2.240202875813104), (0, 2.2204402350763406), (0, 2.212041733155404), (0, 2.186946241615303), (0, 2.1898674744347693), (0, 2.2466904258658107), (0, 2.2187005316152213), (0, 2.218783621787121), (0, 2.2520963524188584), (0, 2.188515819405762), (0, 2.151570600880826), (0, 2.368504206908494), (0, 2.20013453851063), (0, 2.5596906986069303), (0, 2.5845388468980746), (0, 2.157685521526828), (0, 2.607541551205848), (0, 2.5197421487316602), (0, 2.269281567592183), (0, 2.480315581540258), (0, 2.2182695378601096), (0, 2.4924116872537385), (0, 2.375003911397257), (0, 2.297131814582656), (0, 2.379224755813448), (0, 2.1893589939802824), (0, 2.3882780074910794), (0, 2.1986268004233356), (0, 2.388803454346093), (0, 2.3517068860813315), (0, 2.215535017966647), (0, 2.418599505040591), (0, 2.1762285981205953), (0, 2.2867016828229807), (0, 2.16932390480469), (0, 2.2629113521451285), (0, 2.1922210537708064), (0, 2.1980638771682055), (0, 2.1941608194990114), (0, 2.1935116906758227), (0, 2.18888062934233), (0, 2.1688958989980747), (0, 2.2990817719685555), (0, 2.1615089485663685), (0, 2.14410971800389), (0, 2.197294664032513), (0, 2.2578904431402225), (0, 2.230894376413289), (0, 2.273690413467513), (0, 2.144187727831397), (0, 2.402149897651373), (0, 2.283493925061116), (0, 2.3551764297683224), (0, 2.370113674274133), (0, 2.1949201470659547), (0, 2.2797275614710846), (0, 2.174313605906706), (0, 2.207553998695332), (0, 2.1768159033525505), (0, 2.1822987067732638), (0, 2.2479845410118253), (0, 2.1601277913141312), (0, 2.268627510956453), (0, 2.1674326170405696), (0, 2.397545764757258), (0, 2.2542923054774913), (0, 2.3725740146380434), (0, 2.4061415451110864), (0, 2.1386046727836368), (0, 2.3088451073845095), (0, 2.156834952211225), (0, 2.202150625721924), (0, 2.152692846404964), (0, 2.1465816799698807), (0, 2.190750310306833), (0, 2.1327212163608813), (0, 2.312905675347785), (0, 2.138895843319804), (0, 2.3689686642393344), (0, 2.231568169241816), (0, 2.344281601425328), (0, 2.2906769197441923), (0, 2.3112229187901163), (0, 2.365205056343463), (0, 2.143629110299136), (0, 2.3056390123208406), (0, 2.1341873140757923), (0, 2.1465460119099564), (0, 2.2037120105658827), (0, 2.167473997059953), (0, 2.121445097891055), (0, 2.2575724617142283), (0, 2.1340353686645064), (0, 2.123004299689743), (0, 2.212302885087467), (0, 2.190658183805688), (0, 2.18922930834256), (0, 2.1688710213783646), (0, 2.1515267526135857), (0, 2.2361493575721663), (0, 2.147674927862903), (0, 2.3635885556538145), (0, 2.141935540963834), (0, 2.38551265784889), (0, 2.347947828518508), (0, 2.198656064478156), (0, 2.18145862652536), (0, 2.2856593499755022), (0, 2.231812471142685), (0, 2.347134284839946), (0, 2.3702983364733474), (0, 2.2273767392071857), (0, 2.362872937897344), (0, 2.149653928883776), (0, 2.4117752929473593), (0, 2.2355642275222674), (0, 2.2565305594345544), (0, 2.1976240893919625), (0, 2.220996727063515), (0, 2.1994553120156435), (0, 2.1916715338228254), (0, 2.224165610005994), (0, 2.1534846847877054), (0, 2.2327648298852525), (0, 2.16242007809864), (0, 2.1471208116476457), (0, 2.3093832147951088), (0, 2.113036278261007), (0, 2.2616319503553273), (0, 2.134849014721428), (0, 2.397093846314035), (0, 2.131591845441405), (0, 2.3838083914330777), (0, 2.2711453761564306), (0, 2.3279376230149307), (0, 2.2622785995057915), (0, 2.2392789449176904), (0, 2.215362695677452), (0, 2.296816541840248), (0, 2.2241123551817945), (0, 2.374865251364385), (0, 2.3345176220030663), (0, 2.1861074199572714), (0, 2.2965643381438325), (0, 2.189651505623307), (0, 2.1797148481171904), (0, 2.234423806916823), (0, 2.2873389851802446), (0, 2.1783709424161337), (0, 2.2863746378051815), (0, 2.135940022950843), (0, 2.281456780369003), (0, 2.1323330839190073), (0, 2.2443002290006873), (0, 2.1078524375212386), (0, 2.3355842722231923), (0, 2.095087481876662), (0, 2.3225061470316595), (0, 2.2122261909672503), (0, 2.3380637864879783), (0, 2.2393431904540564), (0, 2.3030271668759883), (0, 2.3569952608019356), (0, 2.1142066959530914), (0, 2.276641217216367), (0, 2.1101243919802624), (0, 2.288646238082709), (0, 2.139653656478389), (0, 2.4242444015062916), (0, 2.260943657428955), (0, 2.3008167350134348), (0, 2.3913434821979496), (0, 2.1359532947233233), (0, 2.5330809206533407), (0, 2.5001783003625815), (0, 2.1759414968490898), (0, 2.452081047802124), (0, 2.233316712411515), (0, 2.36098525456945), (0, 2.3754915224848863), (0, 2.167186916126662), (0, 2.334673392391966), (0, 2.1714720866977286), (0, 2.2402447988166694), (0, 2.3153060916934796), (0, 2.1655191398928677), (0, 2.308781697299922), (0, 2.1343542769252895), (0, 2.2642245186314565), (0, 2.194352728431112), (0, 2.170486223606198), (0, 2.2235559941779095), (0, 2.1350727713014215), (0, 2.157999026216528), (0, 2.1198478634218265), (0, 2.130333929780726), (0, 2.131216845777836), (0, 2.1238464328609155), (0, 2.1248902062928714), (0, 2.1016991320653085), (0, 2.094692303590281), (0, 2.0936129849700915), (0, 2.109840564754202), (0, 2.1892627361991757), (0, 2.0930166584417496), (0, 2.1361025709170467), (0, 2.1418262789737343), (0, 2.1469726791476837), (0, 2.1124630078148194), (0, 2.103547994102309), (0, 2.2143131804476264), (0, 2.092114281386276), (0, 2.27062893830735), (0, 2.1662070810910152), (0, 2.2332416802363544), (0, 2.123087073438525), (0, 2.2817673242753034), (0, 2.236920800057988), (0, 2.174272567366533), (0, 2.3133406209433742), (0, 2.1216016980039765), (0, 2.29747581068031), (0, 2.138856250022837), (0, 2.327072365647662), (0, 2.1908204593584664), (0, 2.1611316644933374), (0, 2.22563318272133), (0, 2.1062285456244876), (0, 2.162515289108226), (0, 2.104538082160136), (0, 2.2084746724212474), (0, 2.0953367388421724), (0, 2.2460537226324253), (0, 2.098224718920063), (0, 2.30121402983689), (0, 2.1969236738176257), (0, 2.2633815374966066), (0, 2.1454035138190855), (0, 2.1724189780508194), (0, 2.19331139177668), (0, 2.089765742834476), (0, 2.114541834103475), (0, 2.072642187909141), (0, 2.1486264176590764), (0, 2.071943948627551), (0, 2.1136417037614654), (0, 2.0956820431660903)]