Model Setup for {PATIENT_GROUPS} Trained Network:

RNN Network Architecture Parameters
Input channels=1
Hidden channels=128
Output channels=4

Training hyperparameters
Optimizer=AdamW (
Parameter Group 0
    amsgrad: False
    betas: (0.9, 0.999)
    capturable: False
    differentiable: False
    eps: 1e-08
    foreach: None
    fused: None
    lr: 0.0005
    maximize: False
    weight_decay: 1e-06
)Training Iterations=2500
Learning rate=0.0005
Weight decay=1e-06
Optimizer reset frequency=500

Dropout probability (after initial linear layer before NCDE): 0.0
Training Data Selection Parameters
(If not virtual, the only important params are the groups and whether data was normalized/standardized)
Patient groups=['Atypical']
Augmentation strategy=Uniform
Noise Magnitude=0.0
Normalized/standardized=None
Number of virtual patients per real patient=1
Label smoothing factor=0
Test Patient Combinations:
Control: None
MDD: None
Training batch size=1
Training Results:
Runtime=1043.0489590168
Loss over time=[(0, 117.72452246995206), (0, 114.83658190684723), (0, 113.69204744252119), (0, 111.93055428086461), (0, 109.60081103914389), (0, 106.76434135177733), (0, 103.54685493426416), (0, 100.13368768284481), (0, 96.69898938459586), (0, 93.36496068908522), (0, 90.19738577735015), (0, 87.22669383957448), (0, 84.46110385767452), (0, 81.89063066874782), (0, 79.49812817896225), (0, 77.26405372112696), (0, 75.16871503924958), (0, 73.1927215370372), (0, 71.31755926055581), (0, 69.526518619633), (0, 67.80516297575359), (0, 66.14188256677383), (0, 64.5293909340507), (0, 62.967081663979215), (0, 61.46193488595849), (0, 60.02466373508235), (0, 58.66298715923268), (0, 57.378469472794706), (0, 56.167891484389024), (0, 55.02560528443889), (0, 53.94511403996913), (0, 52.919887725602315), (0, 51.94375333202166), (0, 51.011083240344114), (0, 50.11688164964736), (0, 49.256806622665884), (0, 48.42714463942314), (0, 47.62475123022852), (0, 46.84697214235725), (0, 46.091559911447405), (0, 45.356598679163156), (0, 44.64044480897461), (0, 43.94168464024543), (0, 43.25910541709844), (0, 42.591673465556205), (0, 41.938514433129164), (0, 41.29889280069201), (0, 40.672190181016965), (0, 40.057883438735885), (0, 39.4555241441393), (0, 38.864720708382045), (0, 38.28512388230159), (0, 37.71641577580402), (0, 37.15830203663053), (0, 36.610506531480276), (0, 36.07276790429117), (0, 35.54483733980471), (0, 35.02647710001195), (0, 34.51745949495907), (0, 34.01756606431759), (0, 33.526586903097474), (0, 33.0443200214892), (0, 32.570570770949296), (0, 32.10515128021918), (0, 31.64787996626556), (0, 31.198581052446524), (0, 30.757084179188666), (0, 30.323224025210063), (0, 29.89683999125127), (0, 29.47777590895179), (0, 29.065879812916116), (0, 28.661003706677203), (0, 28.26300338555035), (0, 27.871738251662194), (0, 27.487071173840423), (0, 27.10886836434682), (0, 26.73699923038052), (0, 26.37133629304897), (0, 26.01175505664997), (0, 25.65813395175904), (0, 25.310354214501448), (0, 24.96829983954737), (0, 24.63185748426648), (0, 24.30091640654122), (0, 23.97536840445869), (0, 23.65510774772951), (0, 23.340031117857365), (0, 23.03003756014932), (0, 22.72502841819196), (0, 22.424907284428045), (0, 22.129579950522537), (0, 21.838954349132067), (0, 21.552940517189533), (0, 21.27145053246973), (0, 20.99439848105256), (0, 20.721700401103963), (0, 20.45327424003417), (0, 20.18903980965237), (0, 19.928918744486353), (0, 19.6728344596407), (0, 19.420712101750684), (0, 19.1724785138599), (0, 18.928062202692015), (0, 18.68739328945197), (0, 18.450403475880698), (0, 18.217026008252812), (0, 17.98719563786185), (0, 17.760848591563896), (0, 17.53792253617982), (0, 17.31835654592774), (0, 17.10209106552115), (0, 16.88906789319984), (0, 16.679230124321485), (0, 16.47252214927454), (0, 16.268889607957373), (0, 16.06827937056731), (0, 15.870639500462909), (0, 15.67591923044541), (0, 15.484068940823233), (0, 15.295040128691488), (0, 15.108785379994288), (0, 14.925258349117867), (0, 14.744413726026936), (0, 14.566207224144488), (0, 14.390595542716389), (0, 14.21753634985037), (0, 14.046988252272316), (0, 13.878910783187546), (0, 13.713264364529712), (0, 13.550010296435143), (0, 13.389110727175625), (0, 13.23052863351425), (0, 13.074227801376933), (0, 12.920172800423208), (0, 12.768328964080148), (0, 12.61866237103804), (0, 12.471139824026196), (0, 12.325728832331391), (0, 12.182397587306294), (0, 12.041114949749208), (0, 11.901850429307776), (0, 11.764574167680085), (0, 11.629256920922925), (0, 11.495870044456648), (0, 11.36438546943298), (0, 11.234775696620618), (0, 11.107013778174437), (0, 10.98107329754638), (0, 10.856928360016871), (0, 10.734553575032773), (0, 10.61392404510313), (0, 10.4950153522392), (0, 10.377803538035389), (0, 10.262265097170207), (0, 10.148376965974876), (0, 10.036116502084301), (0, 9.925461481692087), (0, 9.816390078581849), (0, 9.708880859892254), (0, 9.602912770434719), (0, 9.49846512466364), (0, 9.39551759189222), (0, 9.294050191359498), (0, 9.194043277881832), (0, 9.095477533972801), (0, 8.99833396094666), (0, 8.902593865652708), (0, 8.808238859216539), (0, 8.715250840834132), (0, 8.62361199396047), (0, 8.533304776991754), (0, 8.444311915794108), (0, 8.356616395209805), (0, 8.270201453788388), (0, 8.185050576711234), (0, 8.10114748586262), (0, 8.01847613825236), (0, 7.937020715248377), (0, 7.856765620970724), (0, 7.77769547296842), (0, 7.699795098798246), (0, 7.623049529375001), (0, 7.5474439940337845), (0, 7.472963917789603), (0, 7.399594913710736), (0, 7.3273227800609355), (0, 7.256133494475071), (0, 7.186013211621612), (0, 7.116948257423142), (0, 7.048925126808728), (0, 6.981930479094815), (0, 6.915951133569884), (0, 6.850974068275874), (0, 6.7869864143584735), (0, 6.723975454873444), (0, 6.661928620684453), (0, 6.600833487850968), (0, 6.540677774758), (0, 6.481449339799103), (0, 6.423136178693806), (0, 6.365726421778588), (0, 6.3092083321737), (0, 6.253570303226468), (0, 6.198800856546542), (0, 6.144888639960438), (0, 6.091822425313782), (0, 6.039591107001952), (0, 5.988183700102454), (0, 5.937589338205693), (0, 5.887797272270356), (0, 5.8387968684926355), (0, 5.7905776076565045), (0, 5.743129083279923), (0, 5.696440999396295), (0, 5.650503170617537), (0, 5.6053055195956905), (0, 5.560838076576425), (0, 5.5170909779179915), (0, 5.47405446498211), (0, 5.431718882951619), (0, 5.390074679788417), (0, 5.349112405227584), (0, 5.308822709692925), (0, 5.269196343389143), (0, 5.230224155341745), (0, 5.191897091948824), (0, 5.15420619816429), (0, 5.117142613585794), (0, 5.080697574781738), (0, 5.044862410622559), (0, 5.009628545976105), (0, 4.97498749691149), (0, 4.940930872886383), (0, 4.907450374285982), (0, 4.8745377921382325), (0, 4.842185008906414), (0, 4.810383994418772), (0, 4.779126808475883), (0, 4.748405598205556), (0, 4.718212598763701), (0, 4.688540130561215), (0, 4.65938060227727), (0, 4.630726507276195), (0, 4.602570422197534), (0, 4.574905009348924), (0, 4.547723013830228), (0, 4.52101726535966), (0, 4.494780674384506), (0, 4.469006233997922), (0, 4.443687017572285), (0, 4.418816179898522), (0, 4.394386954923673), (0, 4.370392656950335), (0, 4.346826680035817), (0, 4.32368249371851), (0, 4.300953647145171), (0, 4.2786337675223365), (0, 4.25671655674115), (0, 4.235195792655744), (0, 4.214065330494123), (0, 4.193319097459171), (0, 4.172951098901277), (0, 4.152955410039876), (0, 4.133326182212945), (0, 4.114057637351878), (0, 4.095144069408136), (0, 4.0765798469776655), (0, 4.058359405332168), (0, 4.040477252275974), (0, 4.022927966429241), (0, 4.0057061935367955), (0, 3.988806649137769), (0, 3.9722241157471765), (0, 3.955953445591458), (0, 3.9399895557265303), (0, 3.9243274318216983), (0, 3.908962123357928), (0, 3.8938887470742403), (0, 3.8791024813268717), (0, 3.864598570863991), (0, 3.8503723251238493), (0, 3.836419115432658), (0, 3.822734373495106), (0, 3.8093135974789702), (0, 3.7961523422716175), (0, 3.7832462259857174), (0, 3.770590928082558), (0, 3.7581821866677316), (0, 3.7460157965509207), (0, 3.734087615878124), (0, 3.7223935562307933), (0, 3.7109295888204707), (0, 3.699691743019264), (0, 3.6886761011712914), (0, 3.6778788048389495), (0, 3.6672960497704534), (0, 3.6569240850276112), (0, 3.64675921539156), (0, 3.636797798943201), (0, 3.6270362468284927), (0, 3.617471021783878), (0, 3.608098639449896), (0, 3.598915667055035), (0, 3.5899187214694326), (0, 3.5811044699084174), (0, 3.572469631736085), (0, 3.5640109744994866), (0, 3.555725311980235), (0, 3.5476095110010686), (0, 3.539660481219419), (0, 3.531875181935009), (0, 3.524250617814328), (0, 3.5167838408632335), (0, 3.509471948481523), (0, 3.5023120820372826), (0, 3.4953014286711004), (0, 3.48843721829182), (0, 3.48171672537452), (0, 3.4751372664860227), (0, 3.468696201561663), (0, 3.4623909325037356), (0, 3.4562189005645645), (0, 3.450177591312196), (0, 3.4442645274437473), (0, 3.4384772737386333), (0, 3.4328134344515804), (0, 3.4272706519582905), (0, 3.4218466080073875), (0, 3.4165390201175825), (0, 3.4113456457814517), (0, 3.406264278345031), (0, 3.401292748950053), (0, 3.396428923476308), (0, 3.3916707038143827), (0, 3.3870160266937015), (0, 3.3824628649355617), (0, 3.3780092254412084), (0, 3.3736531457438588), (0, 3.3693927011055407), (0, 3.3652259965288556), (0, 3.3611511714785984), (0, 3.357166396455501), (0, 3.353269873380854), (0, 3.3494598356907375), (0, 3.345734548342961), (0, 3.3420923046572186), (0, 3.33853142863641), (0, 3.3350502750471724), (0, 3.331647225438549), (0, 3.3283206911285954), (0, 3.3250691125967937), (0, 3.3218909562567074), (0, 3.318784717813821), (0, 3.3157489190507765), (0, 3.3127821063683176), (0, 3.309882857347933), (0, 3.3070497704782635), (0, 3.3042814706587635), (0, 3.3015766100283943), (0, 3.2989338641838515), (0, 3.296351932344791), (0, 3.2938295394828203), (0, 3.291365432236372), (0, 3.288958381549245), (0, 3.2866071812529305), (0, 3.2843106466905674), (0, 3.2820676164336557), (0, 3.279876950893483), (0, 3.277737531817158), (0, 3.2756482614406397), (0, 3.2736080645097467), (0, 3.2716158836077844), (0, 3.2696706831734543), (0, 3.2677714476529656), (0, 3.265917181018432), (0, 3.2641069054931484), (0, 3.262339663177093), (0, 3.260614513813895), (0, 3.2589305363984895), (0, 3.2572868269765434), (0, 3.2556824993060482), (0, 3.2541166862526025), (0, 3.2525885362382825), (0, 3.251097214221713), (0, 3.249641902925813), (0, 3.248221800130854), (0, 3.2468361199229343), (0, 3.2454840935817977), (0, 3.2441649653259437), (0, 3.242877996333458), (0, 3.2416224619761107), (0, 3.2403976528655325), (0, 3.239202873309346), (0, 3.2380374417856945), (0, 3.236900690696087), (0, 3.235791966947093), (0, 3.234710630034353), (0, 3.233656053466452), (0, 3.232627622074061), (0, 3.2316247350476104), (0, 3.2306468039187886), (0, 3.229693251169931), (0, 3.228763512790136), (0, 3.227857035805413), (0, 3.2269732780962936), (0, 3.226111711131304), (0, 3.225271815526461), (0, 3.2244530842810617), (0, 3.22365502028916), (0, 3.2228771372931555), (0, 3.2221189585698777), (0, 3.2213800196608537), (0, 3.220659864168983), (0, 3.219958046123182), (0, 3.219274129765991), (0, 3.218607687618296), (0, 3.217958302062498), (0, 3.2173255658211697), (0, 3.216709078017817), (0, 3.216108447793637), (0, 3.2155232940798344), (0, 3.2149532417722635), (0, 3.214397925787932), (0, 3.213856988690604), (0, 3.2133300802183338), (0, 3.212816859061294), (0, 3.212316991102594), (0, 3.2118301489609355), (0, 3.211356013721124), (0, 3.210894273228644), (0, 3.210444621648421), (0, 3.2100067606565177), (0, 3.2095803991671894), (0, 3.2091652517284777), (0, 3.208761039866254), (0, 3.2083674914568796), (0, 3.2079843405975104), (0, 3.207611327940479), (0, 3.2072481986192622), (0, 3.2068947052062664), (0, 3.2065506048887986), (0, 3.2062156615596162), (0, 3.20588964351447), (0, 3.2055723249741614), (0, 3.2052634854232047), (0, 3.2049629094991148), (0, 3.2046703868842212), (0, 3.2043857116948384), (0, 3.2041086839012136), (0, 3.203839106790195), (0, 3.2035767896090603), (0, 3.2033215457221256), (0, 3.2030731929285787), (0, 3.2028315528944575), (0, 3.202596452103904), (0, 3.2023677210254435), (0, 3.202145193902816), (0, 3.2019287097131874), (0, 3.201718110939745), (0, 3.201513243066111), (0, 3.201313956485853), (0, 3.20112010493871), (0, 3.2009315452158558), (0, 3.2007481379538234), (0, 3.200569747345653), (0, 3.200396240421499), (0, 3.2002274882245145), (0, 3.20006336430244), (0, 3.1999037456534243), (0, 3.199748511921077), (0, 3.1995975461264012), (0, 3.199450734193287), (0, 3.1993079648828053), (0, 3.1991691297288254), (0, 3.1990341226039805), (0, 3.1989028404125137), (0, 3.1987751826453645), (0, 3.198651050963454), (0, 3.1985303499312803), (0, 3.1984129863952155), (0, 3.1982988692789154), (0, 3.198187910226426), (0, 3.1980800230039566), (0, 3.1979751236967267), (0, 3.197873130083381), (0, 3.197773962497068), (0, 3.19767754319541), (0, 3.197583796234127), (0, 3.197492648140552), (0, 3.197404026827832), (0, 3.1973178620235583), (0, 3.197234085583804), (0, 3.197152631133921), (0, 3.197073434026225), (0, 3.1969964310095214), (0, 3.196921560777683), (0, 3.1968487636296623), (0, 3.1967779811525663), (0, 3.196709156750596), (0, 3.1966422353189237), (0, 3.1965771632073388), (0, 3.1937983944836983), (0, 3.193131660398664), (0, 3.1931043544859574), (0, 3.1921077706034042), (0, 3.1911866750061177), (0, 3.190314907706396), (0, 3.1897061398876594), (0, 3.1894220289232953), (0, 3.189038305455372), (0, 3.1883292810371002), (0, 3.187494466971087), (0, 3.18672657166996), (0, 3.1860248256931714), (0, 3.18535804264491), (0, 3.1847308708465407), (0, 3.1841192825012388), (0, 3.1834947093246373), (0, 3.18290594720708), (0, 3.1824104667694715), (0, 3.181958550375123), (0, 3.18142684161794), (0, 3.180733759366967), (0, 3.1798870818120406), (0, 3.178915253227771), (0, 3.177794868492682), (0, 3.1764537924470995), (0, 3.174796750686613), (0, 3.172703454261205), (0, 3.1700369655584275), (0, 3.166736183986061), (0, 3.163195712479199), (0, 3.160201546728568), (0, 3.154729781465769), (0, 3.1507896247681466), (0, 3.1468557914518662), (0, 3.141883559575986), (0, 3.1380170182748555), (0, 3.1344602129439316), (0, 3.1307074847579153), (0, 3.127938461712861), (0, 3.1242371824708037), (0, 3.122503162552833), (0, 3.1200375263388533), (0, 3.117618001212255), (0, 3.116211269889095), (0, 3.1134422616153694), (0, 3.11316017017961), (0, 3.110958905895904), (0, 3.111129310072994), (0, 3.1098929608736485), (0, 3.109163527447072), (0, 3.1092148918919893), (0, 3.107903817102268), (0, 3.1083896449238626), (0, 3.1073730079065713), (0, 3.10738291706809), (0, 3.106642447226324), (0, 3.1050215337677862), (0, 3.1027222976904074), (0, 3.095822356725271), (0, 3.083104877341903), (0, 3.077990441528448), (0, 3.0709489015293223), (0, 3.0685889569283296), (0, 3.063014827492268), (0, 3.047590957194716), (0, 3.02457973167706), (0, 2.965583690706249), (0, 2.848914725326234), (0, 2.5449018359825213), (0, 2.397072645020819), (0, 2.338636637807305), (0, 2.3222255642956973), (0, 2.3278854865165934), (0, 2.3208641556717486), (0, 2.3076289308976206), (0, 2.2993393374901325), (0, 2.2991807528337636), (0, 2.303036015285736), (0, 2.3046378747955574), (0, 2.299775270573136), (0, 2.292902583257946), (0, 2.290468592634939), (0, 2.2926555650739573), (0, 2.2951711227947227), (0, 2.2950727145525285), (0, 2.292840780018585), (0, 2.290830692610554), (0, 2.290647923529346), (0, 2.291545066170874), (0, 2.2919963643472214), (0, 2.2916356404733818), (0, 2.29095736774824), (0, 2.290409865750929), (0, 2.2900429228072463), (0, 2.289718813369137), (0, 2.2893318915777603), (0, 2.2888892681366437), (0, 2.2884900404414616), (0, 2.288243841072853), (0, 2.2881797792545107), (0, 2.288212135718394), (0, 2.2882016131453295), (0, 2.288065337993448), (0, 2.2878344295366), (0, 2.2876133957460976), (0, 2.287492316608307), (0, 2.28748891464492), (0, 2.287551173766044), (0, 2.2876012241617065), (0, 2.2875847406708183), (0, 2.2874984093928106), (0, 2.28738455903167), (0, 2.287299561118622), (0, 2.287276501829154), (0, 2.287305899627023), (0, 2.2873464530607466), (0, 2.2873563938027055), (0, 2.28732087475382), (0, 2.2872561590616605), (0, 2.2871923012080835), (0, 2.2871514865500315), (0, 2.28713722243366), (0, 2.287137572041243), (0, 2.2871360848254305), (0, 2.287121986000864), (0, 2.287094435588852), (0, 2.2870603124959477), (0, 2.287028371034287), (0, 2.287003764333505), (0, 2.2869859214684634), (0, 2.286970334675723), (0, 2.2869523126275313), (0, 2.2869297990126065), (0, 2.2869036081239864), (0, 2.286875682802805), (0, 2.28684722740707), (0, 2.2868180474356086), (0, 2.286787079302063), (0, 2.286753253307473), (0, 2.2867159368797267), (0, 2.286674806155832), (0, 2.2866294630744624), (0, 2.286579176135404), (0, 2.2865228883002637), (0, 2.2864593688881465), (0, 2.286387281349039), (0, 2.28630503466948), (0, 2.286210484128371), (0, 2.286100688884102), (0, 2.2859718902776036), (0, 2.2858196717423844), (0, 2.2856390796905397), (0, 2.2854244532774874), (0, 2.285168763690196), (0, 2.2848622617545677), (0, 2.284490315603996), (0, 2.2840309463392394), (0, 2.283453485552961), (0, 2.2827186841273357), (0, 2.2817769893486988), (0, 2.280563655197762), (0, 2.2790007309324123), (0, 2.2770152451127), (0, 2.274557058756767), (0, 2.271647040517721), (0, 2.268450490871223), (0, 2.265247417150369), (0, 2.2623827397986918), (0, 2.260190676809816), (0, 2.25862499742107), (0, 2.257314612241215), (0, 2.2559654478310525), (0, 2.254535098422326), (0, 2.2531806405119554), (0, 2.251894626103745), (0, 2.2505319857921413), (0, 2.2492002423839845), (0, 2.2481203402611483), (0, 2.247104505654091), (0, 2.245866575855049), (0, 2.244593698906745), (0, 2.243496887919059), (0, 2.2423783652942846), (0, 2.2411948790988045), (0, 2.2401099307868644), (0, 2.2390505429732284), (0, 2.237890963577607), (0, 2.236695590084142), (0, 2.2354998102427732), (0, 2.234206415418473), (0, 2.2328117731742814), (0, 2.2313871118566286), (0, 2.2298758707623225), (0, 2.228210543816836), (0, 2.2264328977947416), (0, 2.2245954475700214), (0, 2.2226951887595883), (0, 2.220724756040405), (0, 2.218674247330323), (0, 2.216494553016675), (0, 2.214084811548949), (0, 2.211276538176878), (0, 2.207882116353446), (0, 2.2038577573681604), (0, 2.1995165051936483), (0, 2.1948946555100752), (0, 2.1896249137865698), (0, 2.1845114670567045), (0, 2.180094544740845), (0, 2.17645800523644), (0, 2.173720026844154), (0, 2.1717741039091454), (0, 2.1702643146113845), (0, 2.1688891781499144), (0, 2.167418649789065), (0, 2.16574752528022), (0, 2.1637863241827993), (0, 2.161350329552743), (0, 2.158339370335683), (0, 2.154484542558411), (0, 2.148982267041213), (0, 2.1411266979257673), (0, 2.1307657363113077), (0, 2.1164829438455186), (0, 2.094920379476812), (0, 2.059750091325685), (0, 2.01467775779811), (0, 2.002808678385321), (0, 1.8343065558179366), (0, 1.8757992180551133), (0, 1.9543456586483268), (0, 1.8252659138775478), (0, 1.6337269640274286), (0, 1.7093333734495384), (0, 2.1316037657135305), (0, 2.1160619283335778), (0, 1.6841859584074703), (0, 1.6973836213680602), (0, 1.6633031338427549), (0, 1.453460602538944), (0, 1.4178539421333949), (0, 1.507315957880077), (0, 1.5332294783365903), (0, 1.3574110508806756), (0, 1.1826885097062243), (0, 1.2423368549052276), (0, 1.25565020312206), (0, 1.1310545027391103), (0, 1.1185886066790036), (0, 1.1585054786358027), (0, 1.1001657935204823), (0, 1.0188469490793457), (0, 1.0426229190130105), (0, 1.0113465649081497), (0, 0.9178263438652815), (0, 0.9416859074436064), (0, 0.919198895522713), (0, 0.8440022910660656), (0, 0.8550714645504693), (0, 0.815461793125613), (0, 0.7578971588069938), (0, 0.7685203543597917), (0, 0.7304936176037292), (0, 0.6956700615115867), (0, 0.6921167571837402), (0, 0.6382794222118768), (0, 0.627673249140114), (0, 0.598533541390176), (0, 0.5775275698698784), (0, 0.5413910852547344), (0, 0.5192553465096231), (0, 0.4925069552515906), (0, 0.4794672648920884), (0, 0.4519402447401794), (0, 0.41737647609345885), (0, 0.3899861694043985), (0, 0.3740530308092167), (0, 0.34008744193612656), (0, 0.31112090324833985), (0, 0.298568911049086), (0, 0.27529147455152403), (0, 0.24752685963757715), (0, 0.23207512742449596), (0, 0.2189531281986355), (0, 0.204670956297056), (0, 0.19345318322255062), (0, 0.1805714414140151), (0, 0.17304162653652347), (0, 0.16220033031489062), (0, 0.1533848135989178), (0, 0.14737429126219986), (0, 0.14172469877755173), (0, 0.1348014513232949), (0, 0.12954668589691232), (0, 0.12625430524867903), (0, 0.12113164555576597), (0, 0.11553580565379563), (0, 0.11227860268255375), (0, 0.10977049055909845), (0, 0.10444312376934815), (0, 0.10087569096832179), (0, 0.09823354135242315), (0, 0.09481642787164099), (0, 0.09065368806634506), (0, 0.08848314788261614), (0, 0.08576758630103093), (0, 0.08231464078532387), (0, 0.07905580698120986), (0, 0.07643761186717088), (0, 0.07331435311224184), (0, 0.07050783689039636), (0, 0.06840484086840029), (0, 0.06642489014105986), (0, 0.06434109314183244), (0, 0.06283253391653182), (0, 0.06121407938150521), (0, 0.059450928026421844), (0, 0.05781211864472636), (0, 0.056432318289379134), (0, 0.05470083847795285), (0, 0.05321856405783341), (0, 0.0518199433839856), (0, 0.05032312648674157), (0, 0.04895133322455368), (0, 0.04767892868115192), (0, 0.04632470266543277), (0, 0.0450059655926844), (0, 0.04389153814633672), (0, 0.04266556520369916), (0, 0.041515028967680265), (0, 0.04050646646790422), (0, 0.03944164293607292), (0, 0.038378851646928114), (0, 0.03739323347448988), (0, 0.03644342717174063), (0, 0.03549137973967582), (0, 0.03461686337955292), (0, 0.03374314416560767), (0, 0.032860666460749186), (0, 0.0320620155589147), (0, 0.031276841685650605), (0, 0.030506771611734214), (0, 0.029797855397710453), (0, 0.029106233200953752), (0, 0.02843894615000099), (0, 0.02782340949434823), (0, 0.027228721296193414), (0, 0.026628057364546043), (0, 0.026053599725799556), (0, 0.025496765673668494), (0, 0.02495762992449401), (0, 0.024442939243929318), (0, 0.02394734463340103), (0, 0.023480338384104883), (0, 0.023041904085962468), (0, 0.02261051006322061), (0, 0.02219686141286406), (0, 0.021803145447305255), (0, 0.02141223216963689), (0, 0.021038604649206358), (0, 0.02068130373490939), (0, 0.02032892131807766), (0, 0.019993969486681577), (0, 0.019670287764263293), (0, 0.019348978721315614), (0, 0.01904035599483263), (0, 0.018738418716742238), (0, 0.01844067411743269), (0, 0.01815292691702712), (0, 0.01787196503560798), (0, 0.01759675558127253), (0, 0.017327199203514245), (0, 0.017063752073162262), (0, 0.01680718664898409), (0, 0.01655260352747568), (0, 0.016302262610619872), (0, 0.01605512321756018), (0, 0.015805733775820962), (0, 0.015556417766465953), (0, 0.015302890827123893), (0, 0.01504336045843109), (0, 0.014782579330564828), (0, 0.014526561779770795), (0, 0.01428361079462049), (0, 0.014055921119553625), (0, 0.013842177157819671), (0, 0.01363445706697125), (0, 0.013433578313801858), (0, 0.013264980304898633), (0, 0.013140511246336757), (0, 0.013140907651674671), (0, 0.01308811902883067), (0, 0.013158693492852633), (0, 0.01274474863800096), (0, 0.012342816128747013), (0, 0.011866254725213868), (0, 0.011630629034822832), (0, 0.011603754054707226), (0, 0.011581779486800685), (0, 0.011513747379383243), (0, 0.011207662141979385), (0, 0.010910239129683164), (0, 0.010678539837787056), (0, 0.010550448203940228), (0, 0.010485596184994627), (0, 0.010397520584142003), (0, 0.010281766503975154), (0, 0.010107657456521552), (0, 0.009917376524424702), (0, 0.00975018612636842), (0, 0.009628409564844134), (0, 0.009546458229473363), (0, 0.009478626985802641), (0, 0.00939475155005515), (0, 0.009280246496303293), (0, 0.009141078089129489), (0, 0.009004710247502115), (0, 0.00888697010417578), (0, 0.008792197812376707), (0, 0.008714375506137923), (0, 0.00864285502442217), (0, 0.00857020686942063), (0, 0.008492499429740487), (0, 0.008408953976007053), (0, 0.008319598684523024), (0, 0.008224692098733428), (0, 0.008128265613878114), (0, 0.00803180236674886), (0, 0.007937763647045746), (0, 0.0078412589375936), (0, 0.007744591332539826), (0, 0.007640326715155736), (0, 0.007539176182341495), (0, 0.007438795098495508), (0, 0.007366454947250172), (0, 0.00739657445972464), (0, 0.007610731535502565), (0, 0.008297286137803554), (0, 0.009083678854950837), (0, 0.009774038153518235), (0, 0.00879887364699214), (0, 0.007248860363646168), (0, 0.0067338298686707345), (0, 0.007730581240795555), (0, 0.009111806217700497), (0, 0.009174809066796701), (0, 0.00755769083123937), (0, 0.0065997276280767864), (0, 0.008235045170768718), (0, 0.009866236144574238), (0, 0.009496429529185845), (0, 0.0074578153747427295), (0, 0.006996098245743815), (0, 0.008698904136596195), (0, 0.00827182757201177), (0, 0.00656446283506186), (0, 0.006566299481262128), (0, 0.0068206647466393985), (0, 0.006341282707357555), (0, 0.006149464641128663), (0, 0.0061970923799958754), (0, 0.00637623023494931), (0, 0.005939826838161874), (0, 0.0058019673512360245), (0, 0.006175893724420914), (0, 0.0057456294026773085), (0, 0.005476455903774384), (0, 0.005808298054665332), (0, 0.005505060902832631), (0, 0.005351235981150528), (0, 0.005577896765703484), (0, 0.005352489522172681), (0, 0.005245207969699802), (0, 0.00533242733538598), (0, 0.005164386008768772), (0, 0.0051230641066480195), (0, 0.005137015404053032), (0, 0.005035412267582605), (0, 0.005001518893519595), (0, 0.004971073707190269), (0, 0.004922330708418367), (0, 0.00487986768475551), (0, 0.00481872344428105), (0, 0.004816701015293542), (0, 0.004768801750525364), (0, 0.0047002388271071074), (0, 0.0047148671844119226), (0, 0.004669321785507255), (0, 0.00459771575529586), (0, 0.004602642328916124), (0, 0.00456367377111191), (0, 0.004505819137029553), (0, 0.004492126039340454), (0, 0.004456816924574673), (0, 0.004411578484739294), (0, 0.004374006035504863), (0, 0.004343348729059698), (0, 0.004311606802608275), (0, 0.004260845433273406), (0, 0.8974418499548308), (0, 0.3352347396565922), (0, 0.32164544771524967), (0, 0.3022740055846316), (0, 0.2654912017274675), (0, 0.3660197833450023), (0, 0.40466317508351457), (0, 0.3099678717800289), (0, 0.20201246132454737), (0, 0.15930654158361235), (0, 0.16819159358070446), (0, 0.17685984729637413), (0, 0.15785800566546318), (0, 0.12816906837687048), (0, 0.11587712249185524), (0, 0.12313271070084794), (0, 0.1285139416213487), (0, 0.11659162343276461), (0, 0.09363678790904904), (0, 0.07732280766227309), (0, 0.07572271414138934), (0, 0.07993993458852144), (0, 0.07853015260506067), (0, 0.07029175859778437), (0, 0.0613218658714762), (0, 0.05581427534326329), (0, 0.051779576504708914), (0, 0.04521813454554104), (0, 0.03728106941487875), (0, 0.03479752473937777), (0, 0.038450014366517266), (0, 0.03526130819149304), (0, 0.023901392162067072), (0, 0.018139396878253184), (0, 0.019503932980374238), (0, 0.020332380154672872), (0, 0.017153380647482307), (0, 0.012868963131889028), (0, 0.012402418362738962), (0, 0.014652145185673635), (0, 0.01194512053861048), (0, 0.008224821226958182), (0, 0.010322678585719775), (0, 0.012448975879258126), (0, 0.010448577291972756), (0, 0.008967112475369483), (0, 0.009956638788948537), (0, 0.009029992953430703), (0, 0.00734433256344744), (0, 0.007772573258150195), (0, 0.008754976489506192), (0, 0.008477642619851823), (0, 0.007352412130577344), (0, 0.00673248184987809), (0, 0.006777448782015839), (0, 0.006469679500925344), (0, 0.005892267322421414), (0, 0.005924272423795049), (0, 0.006119874354972393), (0, 0.005683235002188755), (0, 0.0051491542148698576), (0, 0.005196383959550077), (0, 0.005259860910664931), (0, 0.004953894611510569), (0, 0.004776547776789143), (0, 0.004777270686024255), (0, 0.004611559822262909), (0, 0.004407488255172907), (0, 0.004475911649715826), (0, 0.004616783207081002), (0, 0.004533893174482595), (0, 0.004412028483142176), (0, 0.004400492225830977), (0, 0.004339959974348177), (0, 0.0042050101089494436), (0, 0.004147123121468274), (0, 0.004132666755555656), (0, 0.004031455873544463), (0, 0.003928816616783169), (0, 0.003922629780529177), (0, 0.003917221236373626), (0, 0.003863250138530394), (0, 0.0038385144219977166), (0, 0.003830501940956174), (0, 0.003780841075107804), (0, 0.003743001118917951), (0, 0.0037455254674306233), (0, 0.0037292532441657662), (0, 0.0036878127547408813), (0, 0.003663456190971466), (0, 0.0036436558312328026), (0, 0.0036068094529432128), (0, 0.0035804308659341294), (0, 0.00356885336461112), (0, 0.0035438387127771716), (0, 0.003514332577219631), (0, 0.0034990782620194115), (0, 0.003481589350750255), (0, 0.0034567223966992552), (0, 0.00343971171682334), (0, 0.0034240561199442962), (0, 0.0034015009475395364), (0, 0.003383787856581515), (0, 0.0033717861607723584), (0, 0.0033548699469459924), (0, 0.003337376109543507), (0, 0.0033236547057335455), (0, 0.0033072174186699584), (0, 0.0032899186969000504), (0, 0.00327704572774959), (0, 0.003263741400785263), (0, 0.003248156310143932), (0, 0.003234534781822944), (0, 0.0032209764544946806), (0, 0.0032055736242197017), (0, 0.0031917250907566885), (0, 0.0031788274430679885), (0, 0.0031645937510445324), (0, 0.003151307344153845), (0, 0.0031392933670031284), (0, 0.0031265462522304054), (0, 0.003114135845968475), (0, 0.00310247134516445), (0, 0.0030900519141599655), (0, 0.0030777686040122185), (0, 0.003066444775738075), (0, 0.0030548905917379405), (0, 0.0030432883439827194), (0, 0.0030321909494486904), (0, 0.003020842377261245), (0, 0.003009518195960062), (0, 0.0029987920762086333), (0, 0.002988021231344014), (0, 0.0029771983748437723), (0, 0.0029667629925174666), (0, 0.002956357350280746), (0, 0.002946000096315986), (0, 0.0029359678782351563), (0, 0.0029259133250170316), (0, 0.0029158465544199363), (0, 0.002906061595269534), (0, 0.002896349191569679), (0, 0.002886668973225915), (0, 0.0028771594064484485), (0, 0.0028676583956646217), (0, 0.002858216491693118), (0, 0.0028489888345812737), (0, 0.0028398272450464593), (0, 0.002830714115801306), (0, 0.002821727846841348), (0, 0.002812784893853444), (0, 0.002803920324061369), (0, 0.0027951828831515174), (0, 0.002786480920814596), (0, 0.0027778438370286407), (0, 0.002769318526387165), (0, 0.00276085119036736), (0, 0.002752458533192236), (0, 0.0027441428163554327), (0, 0.0027358621592410352), (0, 0.002727657263868423), (0, 0.0027195368087181496), (0, 0.0027114651734319963), (0, 0.002703457885996648), (0, 0.002695510124104056), (0, 0.0026876106662166626), (0, 0.0026797819408450265), (0, 0.0026720111016390333), (0, 0.002664285613825943), (0, 0.0026566216524802886), (0, 0.0026490115796464647), (0, 0.0026414526705422405), (0, 0.00263394986338341), (0, 0.0026264899012562806), (0, 0.002619076784722052), (0, 0.0026117171737518046), (0, 0.002604402483020858), (0, 0.002597133947787999), (0, 0.002589911062140182), (0, 0.0025827296268970683), (0, 0.0025755951663717753), (0, 0.0025685050519870106), (0, 0.0025614546301950102), (0, 0.0025544467508926793), (0, 0.002547478979318411), (0, 0.0025405510990272467), (0, 0.0025336637648778193), (0, 0.002526813498870009), (0, 0.0025200007611887562), (0, 0.0025132265285480494), (0, 0.0025064886786848426), (0, 0.0024997870515090677), (0, 0.0024931207219928775), (0, 0.0024864886682793652), (0, 0.0024798917951291905), (0, 0.002473328983107377), (0, 0.0024667990203057787), (0, 0.0024603020609253803), (0, 0.002453837356058875), (0, 0.002447404720990614), (0, 0.0024410036619209267), (0, 0.0024346330518459475), (0, 0.0024282931014013346), (0, 0.002421983306144768), (0, 0.002415703349373483), (0, 0.002409452705503816), (0, 0.002403230561727854), (0, 0.0023970367988389784), (0, 0.0023908712472386923), (0, 0.0023847332453695957), (0, 0.002378622596176828), (0, 0.0023725388932542787), (0, 0.0023664818141309538), (0, 0.0023604512082143715), (0, 0.0023544465359019865), (0, 0.0023484675199898315), (0, 0.0023425136394797106), (0, 0.0023365847950019523), (0, 0.002330680762138777), (0, 0.002324801162288487), (0, 0.0023189457115827005), (0, 0.002313114242561726), (0, 0.0023073061436127457), (0, 0.002301521463561956), (0, 0.0022957596582427915), (0, 0.002290020745540823), (0, 0.0022843045471840203), (0, 0.002278610498451233), (0, 0.002272938641359913), (0, 0.002267288483202452), (0, 0.0022616600570537194), (0, 0.0022560528876210315), (0, 0.0022504670221469452), (0, 0.0022449019683286322), (0, 0.0022393575509410363), (0, 0.0022338338392430155), (0, 0.0022283303678261365), (0, 0.0022228469454652192), (0, 0.0022173836587283395), (0, 0.0022119400651827202), (0, 0.0022065159724092304), (0, 0.0022011112052936817), (0, 0.002195725593898613), (0, 0.0021903589626936365), (0, 0.002185011428528804), (0, 0.0021796825452949265), (0, 0.002174372155161685), (0, 0.0021690801109237184), (0, 0.0021638062585704844), (0, 0.0021585504536955863), (0, 0.0021533125478731324), (0, 0.0021480923995782514), (0, 0.002142889869793527), (0, 0.0021377048171957636), (0, 0.0021325368336159367), (0, 0.0021273860555766273), (0, 0.00212225235136804), (0, 0.002117135594491541), (0, 0.00211203565808907), (0, 0.0021069521472982878), (0, 0.002101885214976025), (0, 0.0020968347415118863), (0, 0.0020918003410592616), (0, 0.002086782167358986), (0, 0.0020817801093855216), (0, 0.0020767937831878865), (0, 0.002071823348346203), (0, 0.002066868428408596), (0, 0.0020619291839176794), (0, 0.002057005241502946), (0, 0.0020520967674746075), (0, 0.0020472033930654856), (0, 0.0020423252861701555), (0, 0.002037462082877114), (0, 0.00203261395486326), (0, 0.0020277805390431633), (0, 0.002022961743698572), (0, 0.002018157740710271), (0, 0.0020133681723078054), (0, 0.0020085929505181534), (0, 0.0020038319857457686), (0, 0.0019990854536460797), (0, 0.001994353005410844), (0, 0.0019896345562542173), (0, 0.0019849300242880063), (0, 0.0019802393257095366), (0, 0.0019755623805391876), (0, 0.001970899109644535), (0, 0.0019662496924504093), (0, 0.001961613789888935), (0, 0.001956991323225254), (0, 0.0019523822157941776), (0, 0.0019477863933717926), (0, 0.0019432037799375311), (0, 0.0019386340423053802), (0, 0.001934077367337314), (0, 0.001929533681708722), (0, 0.0019250029164832136), (0, 0.0019204849998061557), (0, 0.0019159798617574945), (0, 0.0019114874345433396), (0, 0.0019070073927813101), (0, 0.0019025399264801684), (0, 0.0018980849674158455), (0, 0.00189364244942488), (0, 0.001889212051115955), (0, 0.0018847939640861413), (0, 0.0018803881242685898), (0, 0.0018759942132987974), (0, 0.0018716124239227083), (0, 0.0018672426939598588), (0, 0.0018628847081080433), (0, 0.0018585386613580127), (0, 0.0018542042390485597), (0, 0.0018498816370422413), (0, 0.001845570542674091), (0, 0.0018412711512987045), (0, 0.001836983154715385), (0, 0.0018327067466789907), (0, 0.0018284416212283887), (0, 0.0018241877241940681), (0, 0.0018199452529156033), (0, 0.00181571390354152), (0, 0.0018114938756064805), (0, 0.001807284866164715), (0, 0.001803086825309517), (0, 0.0017988999530395024), (0, 0.0017947239525681214), (0, 0.001790558775336136), (0, 0.0017864043750928885), (0, 0.0017822609532726135), (0, 0.0017781282182536312), (0, 0.0017740061280783288), (0, 0.001769894639516945), (0, 0.001765793711616834), (0, 0.0017617035507964238), (0, 0.0017576238715673622), (0, 0.0017535546364552468), (0, 0.0017494958092040115), (0, 0.0017454473547463326), (0, 0.0017414092392917264), (0, 0.0017373814303050313), (0, 0.0017333638951130118), (0, 0.0017293566047501027), (0, 0.0017253595301865547), (0, 0.0017213726434701726), (0, 0.0017173959177551243), (0, 0.0017134293261445816), (0, 0.0017094728450324909), (0, 0.001705526449308818), (0, 0.001701590116005512), (0, 0.0016976638239029295), (0, 0.001693747551417445), (0, 0.0016898410364184987), (0, 0.0016859444987698123), (0, 0.0016820579181291604), (0, 0.0016781812743144012), (0, 0.0016743145463770392), (0, 0.0016704577153463418), (0, 0.0016666105220669999), (0, 0.0016627731858507868), (0, 0.0016589456860089775), (0, 0.0016551280013256066), (0, 0.0016513198733346202), (0, 0.0016475215160099963), (0, 0.0016437329062704302), (0, 0.0016399537833436141), (0, 0.0016361843600729926), (0, 0.00163242461200547), (0, 0.0016286742755206509), (0, 0.001624933559854078), (0, 0.0016212022011503615), (0, 0.0016174804061663748), (0, 0.0016137681457372296), (0, 0.0016100651529978058), (0, 0.0016063716311117973), (0, 0.0016026873131088806), (0, 0.00159901239996054), (0, 0.0015953466236624401), (0, 0.0015916901821996096), (0, 0.0015880428078313311), (0, 0.0015844044640968048), (0, 0.0015807753483455668), (0, 0.0015771551913249214), (0, 0.001573544187901796), (0, 0.0015699420686996648), (0, 0.0015663487973234622), (0, 0.0015627645651379327), (0, 0.0015591891029816977), (0, 0.0015556223741163778), (0, 0.0015520645699534387), (0, 0.0015485154230863972), (0, 0.001544974895979601), (0, 0.0015414429510987031), (0, 0.0015379197790279344), (0, 0.0015344051142100073), (0, 0.001530898919750708), (0, 0.001527401158980036), (0, 0.0015239117956197864), (0, 0.0015204310210857788), (0, 0.001516958571620102), (0, 0.0015134944109296531), (0, 0.001510038504917519), (0, 0.0015065908179763916), (0, 0.001503151316884797), (0, 0.0014997199667045982), (0, 0.0014962967358894735), (0, 0.001492881590403845), (0, 0.00148947449746488), (0, 0.001486075424725573), (0, 0.0014826843392980447), (0, 0.0014793012105784346), (0, 0.001475926007290063), (0, 0.0014725586976801744), (0, 0.0014691992532881338), (0, 0.0014658476429525473), (0, 0.0014625038369785559), (0, 0.0014591678059505879), (0, 0.0014558395208313169), (0, 0.0014525189528842575), (0, 0.0014492060736899033), (0, 0.0014459008551800205), (0, 0.001442603269632023), (0, 0.001439313289547422), (0, 0.0014360306671079189), (0, 0.0014327555965988703), (0, 0.0014294880514782481), (0, 0.0014262280053788609), (0, 0.0014229754322174013), (0, 0.0014197303062062664), (0, 0.0014164923827119469), (0, 0.0014132618560605851), (0, 0.0014100387011655399), (0, 0.0014068228931503736), (0, 0.0014036141894484644), (0, 0.0014004127841849242), (0, 0.0013972186531511451), (0, 0.0013940317732671612), (0, 0.0013908519029716129), (0, 0.0013876792360884905), (0, 0.001384513748364455), (0, 0.0013813554174706216), (0, 0.0013782040054851532), (0, 0.0013750597050338903), (0, 0.0013719224934828143), (0, 0.0013687921333141262), (0, 0.0013656688177942162), (0, 0.00136255231021926), (0, 0.0013594428036944062), (0, 0.001356340277307926), (0, 0.0013532444947878639), (0, 0.001350155647986324), (0, 0.0013470737164764093), (0, 0.001343998466093047), (0, 0.001340930090192173), (0, 0.0013378683545435593), (0, 0.0013348134514244608), (0, 0.0013317651492013526), (0, 0.001328723639003905), (0, 0.001325688899670569), (0, 0.0013226607007706648), (0, 0.0013196392340866171), (0, 0.001316624269100799), (0, 0.001313615997281805), (0, 0.0013106141898497827), (0, 0.0013076190380671988), (0, 0.0013046303122035458), (0, 0.0013016482033656235), (0, 0.0012986724826570852), (0, 0.0012957033417969853), (0, 0.0012927405536072604), (0, 0.0012897843087476182), (0, 0.0012868343817071357), (0, 0.0012838907543354194), (0, 0.0012809536169972498), (0, 0.0012780227446137816), (0, 0.001275098327383484), (0, 0.0012721801419534784), (0, 0.0012692683766975029), (0, 0.0012663628091108923), (0, 0.0012634634238973255), (0, 0.0012605704100897613), (0, 0.001257683544761699), (0, 0.0012548030185219692), (0, 0.0012519286110152838), (0, 0.0012490603062891368), (0, 0.0012461982947190896), (0, 0.0012433423556129722), (0, 0.0012404924735638072), (0, 0.0012376488388512307), (0, 0.0012348112330028901), (0, 0.0012319796412328422), (0, 0.0012291542545279095), (0, 0.001226334854894827), (0, 0.0012235214298210086), (0, 0.0012207141676617381), (0, 0.001217912852632442), (0, 0.001215117472001544), (0, 0.001212328214812657), (0, 0.0012095448658348124), (0, 0.03196369275466039), (0, 0.2605935254568092), (0, 0.07680509591804484), (0, 0.12511229432272783), (0, 0.11825332961472065), (0, 0.08534840934490505), (0, 0.0557367220089713), (0, 0.04204837856531595), (0, 0.035392832813388016), (0, 0.05142177765518478), (0, 0.04567220877142589), (0, 0.037302103133525166), (0, 0.02318363194006431), (0, 0.011980386673596246), (0, 0.013925181637251795), (0, 0.018764585768087257), (0, 0.024867507466478884), (0, 0.02373202312800509), (0, 0.01338049278480545), (0, 0.007865360959559288), (0, 0.006807761172654395), (0, 0.00891416531614394), (0, 0.012257043949859403), (0, 0.01201518073055551), (0, 0.01022406499473331), (0, 0.007915896435131575), (0, 0.004864653434057618), (0, 0.004665066047975661), (0, 0.003798538727155505), (0, 0.005194968951205857), (0, 0.0057801098419928195), (0, 0.006081384768295055), (0, 0.005557805322619565), (0, 0.003740959977450599), (0, 0.002804326508643866), (0, 0.002299363628012163), (0, 0.0031487051534488135), (0, 0.003507276990236924), (0, 0.003603605585413918), (0, 0.0028314736416943033), (0, 0.0021537619921242245), (0, 0.0018056773877544784), (0, 0.001735764912214422), (0, 0.002001986578597301), (0, 0.002115013396548621), (0, 0.002328069205714463), (0, 0.0021454618069738874), (0, 0.00179993414497476), (0, 0.0013797468396419363), (0, 0.0011845036686556527), (0, 0.0013180930208747262), (0, 0.001504997636031269), (0, 0.0015967962710315227), (0, 0.0014584248656661883), (0, 0.0012987914449323495), (0, 0.0012011985952647543), (0, 0.0012141039389996224), (0, 0.0012433565742211465), (0, 0.001266041933951707), (0, 0.0012227314695809092), (0, 0.00115843429025989), (0, 0.0010547274268232001), (0, 0.00100476505805189), (0, 0.001004561595162341), (0, 0.0010563931644200408), (0, 0.0010674276234026083), (0, 0.0010226136145675968), (0, 0.0009507209508674045), (0, 0.0009119227704965757), (0, 0.0009193076190594452), (0, 0.0009361679976596516), (0, 0.0009416493960807829), (0, 0.0009201502950165639), (0, 0.0008954461090828375), (0, 0.0008639043508077785), (0, 0.000855695286973258), (0, 0.0008535170794518195), (0, 0.0008662565653054452), (0, 0.0008553706827970075), (0, 0.0008388977262179792), (0, 0.0008159816819258491), (0, 0.0008131945595717986), (0, 0.0008147188437597853), (0, 0.0008141916065720942), (0, 0.0008035955035466764), (0, 0.0007908153515930698), (0, 0.0007816945099254007), (0, 0.0007767459389638949), (0, 0.0007757537076546372), (0, 0.0007733180970850848), (0, 0.0007686715182938908), (0, 0.0007584466557122516), (0, 0.000751324599310901), (0, 0.0007469960122641093), (0, 0.000746864926303585), (0, 0.0007433261763263396), (0, 0.0007371036117601412), (0, 0.0007309798763202059), (0, 0.0007263735917881749), (0, 0.0007241553522639966), (0, 0.0007207851158657988), (0, 0.0007173038941700213), (0, 0.0007123438484520242), (0, 0.0007076178291648153), (0, 0.0007036692008256121), (0, 0.0007008024131689527), (0, 0.0006979508648452123), (0, 0.0006936882266170708), (0, 0.0006894885908555659), (0, 0.0006856988073873374), (0, 0.0006830098112113063), (0, 0.000680077517989235), (0, 0.0006765215035192225), (0, 0.0006729064107215528), (0, 0.0006692534523475684), (0, 0.0006660989847027829), (0, 0.0006630763112177702), (0, 0.0006600894978611441), (0, 0.0006567800206363836), (0, 0.000653313116917677), (0, 0.0006502046651966796), (0, 0.0006472430286852013), (0, 0.000644311587017306), (0, 0.0006411378150944409), (0, 0.0006379374499339246), (0, 0.0006349574753117546), (0, 0.0006320369291224029), (0, 0.0006291562230702386), (0, 0.0006261839698415117), (0, 0.0006231800724103541), (0, 0.0006202352159833912), (0, 0.000617362245026104), (0, 0.0006145927198890856), (0, 0.0006117573252713355), (0, 0.0006088615723669965), (0, 0.0006060252969259971), (0, 0.0006032553003074469), (0, 0.0006005279841129453), (0, 0.0005977704895828793), (0, 0.0005950101340408341), (0, 0.0005922912157646426), (0, 0.0005895929816038419), (0, 0.000586929138196871), (0, 0.000584270020913066), (0, 0.0005816002762012805), (0, 0.000578957441729082), (0, 0.0005763517129785694), (0, 0.0005737772208898045), (0, 0.0005712054052470359), (0, 0.0005686284913174642), (0, 0.0005660771805984335), (0, 0.0005635509122295995), (0, 0.0005610407297739065), (0, 0.0005585454482049624), (0, 0.0005560579281105959), (0, 0.0005535873103298031), (0, 0.0005511399711930825), (0, 0.0005487086493027258), (0, 0.0005462883441399417), (0, 0.0005438773650380967), (0, 0.0005414839032753658), (0, 0.0005391130743806815), (0, 0.0005367555506398709), (0, 0.0005344086387344491), (0, 0.0005320762188952425), (0, 0.0005297587485112465), (0, 0.0005274577871071545), (0, 0.0005251719470274015), (0, 0.0005228978985896996), (0, 0.0005206371544807974), (0, 0.0005183916468969103), (0, 0.0005161610720401518), (0, 0.0005139438257788898), (0, 0.0005117385875427062), (0, 0.0005095471348965961), (0, 0.0005073707710940518), (0, 0.0005052076467521514), (0, 0.0005030568937549991), (0, 0.0005009191535342848), (0, 0.0004987943795652222), (0, 0.0004966831265969016), (0, 0.0004945852571264525), (0, 0.0004924995465816385), (0, 0.0004904261302838048), (0, 0.0004883658072302741), (0, 0.00048631828607049034), (0, 0.0004842828628427804), (0, 0.0004822594545526077), (0, 0.0004802482958843939), (0, 0.0004782495469217889), (0, 0.0004762629342440276), (0, 0.00047428816858942265), (0, 0.0004723250477393191), (0, 0.000470373860460931), (0, 0.000468434563137895), (0, 0.0004665069094738329), (0, 0.00046459085443016586), (0, 0.0004626865214588914), (0, 0.0004607942899849651), (0, 0.0004589149339301514), (0, 0.00045704960022490115), (0, 0.0004552017966003422), (0, 0.0004533792577394574), (0, 0.0004515998145719813), (0, 0.00044990711858093336), (0, 0.0004484011604730171), (0, 0.00044735533877138825), (0, 0.00044737174750379314), (0, 0.0004503653524616527), (0, 0.00046003658613396925), (0, 0.0004917752479438396), (0, 0.0005644438161945786), (0, 0.0008203457528815857), (0, 0.0012030138967602667), (0, 0.0029495443288381075), (0, 0.002275050179373348), (0, 0.004023398456158376), (0, 0.0009801335664730544), (0, 0.0005920898056117552), (0, 0.0020977985298239153), (0, 0.00255711660257715), (0, 0.005316320664071925), (0, 0.0007051164392669429), (0, 0.003971677638024191), (0, 0.013695281888488384), (0, 0.005011023743351879), (0, 0.031784700492250816), (0, 0.05006777162035787), (0, 0.07253697657833541), (0, 0.07778482453650418), (0, 0.07683750592700707), (0, 0.06607855628086214), (0, 0.07628102477119832), (0, 0.0620958171922755), (0, 0.06662671267063074), (0, 0.058065647902193554), (0, 0.055196178119096495), (0, 0.052214820011139584), (0, 0.03760761206833014), (0, 0.029819927310304317), (0, 0.023415378611799598), (0, 0.03661102033594432), (0, 0.03148750565066771), (0, 0.04996131435434948), (0, 0.032842477139231364), (0, 0.016794774487856913), (0, 0.02466904108216193), (0, 0.03343827657475584), (0, 0.013625634254430297), (0, 0.008851760552690574), (0, 0.01779405096363207), (0, 0.022856698017069667), (0, 0.019880196904704123), (0, 0.010112380951029789), (0, 0.01592812485901211), (0, 0.015111767895625695), (0, 0.008418754068773982), (0, 0.008877013980216383), (0, 0.004035666653821558), (0, 0.010357280406265372), (0, 0.005634921909008968), (0, 0.00655831435619981), (0, 0.0037323126469035084), (0, 0.0020890692469044073), (0, 0.005843496669891939), (0, 0.003488488850416204), (0, 0.004228883145481536), (0, 0.0030668757691620597), (0, 0.0019481155027330573), (0, 0.003912314246395954), (0, 0.00203173385818161), (0, 0.0029358391569819127), (0, 0.0012051462575286068), (0, 0.0017480006582291318), (0, 0.0022238152666291997), (0, 0.0016519324741191635), (0, 0.0019469170898395833), (0, 0.0010498755781251827), (0, 0.0009178151116362493), (0, 0.0015324342244116148), (0, 0.001080570558408306), (0, 0.001406511985375232), (0, 0.0007609617645747972), (0, 0.0009334659475047878), (0, 0.0009571227327102611), (0, 0.0007674167036170559), (0, 0.0009287230339322258), (0, 0.0005806702276608061), (0, 0.0006799343254297063), (0, 0.0007530263421249269), (0, 0.0006302064752017526), (0, 0.0007348390503983123), (0, 0.0004806948966587295), (0, 0.0005425398898373328), (0, 0.0005846336540914152), (0, 0.0005458026463963787), (0, 0.0005956959587883441), (0, 0.000450602701896594), (0, 0.0004820544943726471), (0, 0.0004854552261146181), (0, 0.0004625088033586148), (0, 0.0004891514007449248), (0, 0.00040756328108746353), (0, 0.0004447029131831561), (0, 0.00042953522277661447), (0, 0.000418259583093935), (0, 0.00043134940531402684), (0, 0.00037861228823378966), (0, 0.00040058790330892955), (0, 0.00039449379355511826), (0, 0.00039350249860879336), (0, 0.0003979153369633222), (0, 0.00036544731045017455), (0, 0.00037831910531479704), (0, 0.00037065540290950183), (0, 0.00037515938187589486), (0, 0.00037210729237066077), (0, 0.0003554649568556463), (0, 0.00036267536380165343), (0, 0.0003530599295418285), (0, 0.0003563576319049534), (0, 0.0003508788147170236), (0, 0.0003432705195815293), (0, 0.0003476146875446752), (0, 0.0003409431032623952), (0, 0.0003439173941387276), (0, 0.000338366283564445), (0, 0.00033439115654891746), (0, 0.00033534174091854967), (0, 0.00033195333085606386), (0, 0.00033352036937796904), (0, 0.00032826733315311277), (0, 0.0003265004818524753), (0, 0.0003250181579770387), (0, 0.00032315492166061065), (0, 0.0003231630814002017), (0, 0.00031931574546534974), (0, 0.0003188979935262642), (0, 0.0003168002752988086), (0, 0.00031562803621846945), (0, 0.000314522070468184), (0, 0.0003118447305693308), (0, 0.0003112221713483046), (0, 0.0003092108598465594), (0, 0.00030844137917861083), (0, 0.0003067584034573349), (0, 0.0003049187836905168), (0, 0.0003037799036938545), (0, 0.00030220445688578987), (0, 0.000301459881877813), (0, 0.0002997167376648709), (0, 0.0002984641978524765), (0, 0.0002970749936911994), (0, 0.00029577480108024864), (0, 0.0002947055423322246), (0, 0.0002931268408070628), (0, 0.0002920338390730499), (0, 0.0002906288104683606), (0, 0.0002895007966812934), (0, 0.0002882436526956941), (0, 0.0002869131220380701), (0, 0.00028575610058239513), (0, 0.0002844787518788931), (0, 0.0002834226267088536), (0, 0.0002821482035168254), (0, 0.00028097380702657746), (0, 0.0002797513582761725), (0, 0.0002785912282920874), (0, 0.00027748379730420896), (0, 0.0002762715118676279), (0, 0.000275159445053961), (0, 0.0002739727970474263), (0, 0.0002728825370553467), (0, 0.00027174373349125544), (0, 0.0002706185756950285), (0, 0.00026951320710322355), (0, 0.00026839725151558426), (0, 0.00026732736383901944), (0, 0.00026621427644833587), (0, 0.00026513842958457955), (0, 0.00026404022493816244), (0, 0.00026298095106898654), (0, 0.0002619187671103565), (0, 0.0002608553694441654), (0, 0.00025980376733979367), (0, 0.0002587453788138733), (0, 0.00025771694647072933), (0, 0.0002566743833675883), (0, 0.0002556492485709044), (0, 0.00025461939695634446), (0, 0.0002536032679706402), (0, 0.0002525915885628388), (0, 0.0002515816666215283), (0, 0.0002505806699582616), (0, 0.0002495800300201339), (0, 0.0002485935937601974), (0, 0.00024760540596007765), (0, 0.0002466271799397997), (0, 0.00024564853503966253), (0, 0.0002446789179926043), (0, 0.00024371462280662386), (0, 0.000242754295055401), (0, 0.0002417997299774414), (0, 0.00024084766094359478), (0, 0.00023990395035331544), (0, 0.0002389627131213697), (0, 0.0002380281523398704), (0, 0.00023709622750955715), (0, 0.00023617081970340353), (0, 0.00023524941911201079), (0, 0.0002343329415228813), (0, 0.00023342085751144165), (0, 0.00023251275259585), (0, 0.00023161026855932082), (0, 0.00023071145171639599), (0, 0.00022981788776860938), (0, 0.0002289276439224214), (0, 0.00022804256710997966), (0, 0.0002271615028362181), (0, 0.00022628512633308313), (0, 0.00022541264673702353), (0, 0.0002245444296912032), (0, 0.00022368053235525854), (0, 0.0002228206673748419), (0, 0.00022196509768212153), (0, 0.00022111328197238578), (0, 0.0002202658305492656), (0, 0.0002194221629297355), (0, 0.00021858275755071564), (0, 0.00021774703812825485), (0, 0.0002169153756804049), (0, 0.0002160875363570577), (0, 0.00021526365685469858), (0, 0.00021444356331631464), (0, 0.00021362723180017013), (0, 0.00021281471043112726), (0, 0.00021200591666465247), (0, 0.00021120091272250466), (0, 0.0002103994702160404), (0, 0.00020960177397370556), (0, 0.0002088076332919614), (0, 0.00020801716597305714), (0, 0.00020723023801647614), (0, 0.00020644689089557324), (0, 0.00020566703173017804), (0, 0.0002048906930851399), (0, 0.00020411780623255185), (0, 0.00020334836411850822), (0, 0.00020258234426912778), (0, 0.0002018197327074765), (0, 0.0002010604889669211), (0, 0.0002003045892367046), (0, 0.0001995520070841878), (0, 0.00019880272438773432), (0, 0.00019805672417044608), (0, 0.00019731397902531209), (0, 0.00019657446385310751), (0, 0.00019583816918226452), (0, 0.00019510506960714326), (0, 0.0001943751265218908), (0, 0.0001936483338059121), (0, 0.00019292465854306055), (0, 0.0001922040607212021), (0, 0.0001914865438720871), (0, 0.00019077209131821717), (0, 0.00019006068318391583), (0, 0.0001893523032066035), (0, 0.0001886469078653762), (0, 0.00018794450635501494), (0, 0.00018724505257817407), (0, 0.0001865485248276636), (0, 0.00018585494011507804), (0, 0.00018516424547065065), (0, 0.00018447642732203972), (0, 0.00018379149547761143), (0, 0.0001831094085624259), (0, 0.00018243014743951006), (0, 0.00018175369957664454), (0, 0.0001810800458479019), (0, 0.00018040914265929863), (0, 0.0001797410013181341), (0, 0.00017907560704404662), (0, 0.00017841294259693524), (0, 0.00017775299427388313), (0, 0.00017709571771451027), (0, 0.00017644112923743288), (0, 0.00017578918423368295), (0, 0.00017513989742987964), (0, 0.00017449322441610276), (0, 0.00017384917964451566), (0, 0.00017320771955026275), (0, 0.0001725688298370446), (0, 0.00017193249747213797), (0, 0.00017129873766933988), (0, 0.00017066750872633842), (0, 0.00017003879698926762), (0, 0.00016941258943507009), (0, 0.0001687888725014002), (0, 0.00016816763281751165), (0, 0.00016754885691919308), (0, 0.05154671968569984), (0, 0.02752160162448457), (0, 0.05646242395260663), (0, 0.036119307394999474), (0, 0.020433189453081597), (0, 0.022828411759641388), (0, 0.01132085264192663), (0, 0.02611425893665359), (0, 0.00953861879823224), (0, 0.008173504475722473), (0, 0.01712860635483913), (0, 0.015025034495685409), (0, 0.011753528343986502), (0, 0.014355850020304824), (0, 0.012444481200775662), (0, 0.003976498836412562), (0, 0.01135132268079218), (0, 0.00516503746823831), (0, 0.00728953180621048), (0, 0.008410258650876612), (0, 0.003604049051093917), (0, 0.00271762264364857), (0, 0.005195047340625948), (0, 0.0024874807870669184), (0, 0.003115330247916177), (0, 0.004711458373016795), (0, 0.003252619396998659), (0, 0.002071990347606264), (0, 0.0027509005759806682), (0, 0.00181165590262059), (0, 0.0014766998888957597), (0, 0.002033058154497602), (0, 0.0013862431360238225), (0, 0.0007858689663726157), (0, 0.0017769292554102112), (0, 0.0016824179366155701), (0, 0.0010610199246910991), (0, 0.0013074813190649642), (0, 0.0010640504290019277), (0, 0.0006816871073430624), (0, 0.000988618819805287), (0, 0.0006986983511025986), (0, 0.00041844376040905295), (0, 0.00071617090510517), (0, 0.0006290092708591529), (0, 0.0004618687338234186), (0, 0.0006374417659919304), (0, 0.00046287457037562564), (0, 0.00039769214315167617), (0, 0.0005381390301069035), (0, 0.0003794362940951074), (0, 0.00032211698261973927), (0, 0.00041345264540159255), (0, 0.00030484792206941227), (0, 0.00034229375620049276), (0, 0.0003329061420460291), (0, 0.00021866694698674272), (0, 0.0002911027705445351), (0, 0.00028862542666588885), (0, 0.0002312466542065751), (0, 0.0002631577554727255), (0, 0.0002344629067085186), (0, 0.00023686433025128903), (0, 0.0002567049830181451), (0, 0.00019036846839064962), (0, 0.0002016513769532775), (0, 0.00020263104459964878), (0, 0.00017435595919154925), (0, 0.00019225073896037684), (0, 0.00017705498174003993), (0, 0.00017908390093942985), (0, 0.000190692557670115), (0, 0.00016562474395153843), (0, 0.00017266408512015558), (0, 0.00016622605263593638), (0, 0.00015768086848227987), (0, 0.00016313551775557766), (0, 0.00014942879678915685), (0, 0.0001537410679621726), (0, 0.00015576688686895913), (0, 0.00014697560879818605), (0, 0.0001500830100945109), (0, 0.00014337447810568483), (0, 0.00014578003766678183), (0, 0.00014450768410416038), (0, 0.00013762037972859986), (0, 0.00014092061014966877), (0, 0.00013646237014058245), (0, 0.00013550351696965508), (0, 0.0001339785589993994), (0, 0.00013162679139250557), (0, 0.00013324451004999833), (0, 0.00012952803124513415), (0, 0.00012972375283118887), (0, 0.00012879790650376847), (0, 0.0001267707034941264), (0, 0.0001263097023121479), (0, 0.00012348612985281526), (0, 0.00012371416816937375), (0, 0.00012217319743408983), (0, 0.00012109346720189424), (0, 0.00012051392221378707), (0, 0.00011915531243003928), (0, 0.00011904837947763398), (0, 0.00011714701034626898), (0, 0.0001165738755092298), (0, 0.00011556207866505117), (0, 0.00011448377057304853), (0, 0.00011377138622724718), (0, 0.0001126832853618631), (0, 0.00011226960964729664), (0, 0.00011097831956853137), (0, 0.00011036015673122071), (0, 0.00010947683770884589), (0, 0.00010862791556240103), (0, 0.00010781809601134525), (0, 0.00010689335078408634), (0, 0.00010628418972340635), (0, 0.00010528077744418085), (0, 0.0001045977104240125), (0, 0.00010370617293523677), (0, 0.00010303829336469981), (0, 0.00010224193691786078), (0, 0.0001014744948025443), (0, 0.00010078588381584628), (0, 9.996551825099249e-05), (0, 9.926036376950898e-05), (0, 9.845469203049624e-05), (0, 9.779959489030765e-05), (0, 9.70148831811679e-05), (0, 9.634464302469959e-05), (0, 9.563563711925213e-05), (0, 9.493837394471363e-05), (0, 9.421995489515383e-05), (0, 9.351847540751843e-05), (0, 9.284180018051321e-05), (0, 9.212922323534545e-05), (0, 9.147189800171988e-05), (0, 9.078059883292951e-05), (0, 9.013300739207165e-05), (0, 8.9447362853973e-05), (0, 8.880256258038725e-05), (0, 8.813446532495985e-05), (0, 8.74907625303408e-05), (0, 8.683584482349196e-05), (0, 8.620266111139635e-05), (0, 8.556105728374618e-05), (0, 8.492514324307051e-05), (0, 8.429916926475644e-05), (0, 8.367297166747689e-05), (0, 8.305248792449492e-05), (0, 8.243442017144518e-05), (0, 8.182743166696187e-05), (0, 8.121374988965314e-05), (0, 8.061239638717335e-05), (0, 8.000840105639961e-05), (0, 7.941462776009489e-05), (0, 7.881915013271882e-05), (0, 7.82349203112064e-05), (0, 7.764827511425863e-05), (0, 7.706991151488644e-05), (0, 7.649085613545602e-05), (0, 7.591977898752573e-05), (0, 7.534822948848755e-05), (0, 7.478416064643719e-05), (0, 7.422188008915182e-05), (0, 7.366525877460479e-05), (0, 7.310977057153234e-05), (0, 7.256031639651055e-05), (0, 7.201244115070132e-05), (0, 7.146943501246232e-05), (0, 7.092912783170602e-05), (0, 7.039343138776348e-05), (0, 6.986007112791938e-05), (0, 6.933139304157718e-05), (0, 6.880529338497398e-05), (0, 6.828326377318165e-05), (0, 6.776413549068075e-05), (0, 6.72491354288589e-05), (0, 6.673682521148941e-05), (0, 6.62283657492934e-05), (0, 6.572290357819129e-05), (0, 6.52211853344898e-05), (0, 6.472227720349381e-05), (0, 6.422721300327448e-05), (0, 6.373507031204381e-05), (0, 6.324642389711296e-05), (0, 6.276075846243172e-05), (0, 6.227857976244907e-05), (0, 6.179927297306923e-05), (0, 6.132346428832493e-05), (0, 6.085061617257166e-05), (0, 6.038108490659427e-05), (0, 5.991453646260429e-05), (0, 5.945124040584525e-05), (0, 5.899087033168844e-05), (0, 5.8533695584061944e-05), (0, 5.807950487563569e-05), (0, 5.7628414878462895e-05), (0, 5.718028136940424e-05), (0, 5.673521524657972e-05), (0, 5.629309521096507e-05), (0, 5.585394706877287e-05), (0, 5.541776841659934e-05), (0, 5.49845078880728e-05), (0, 5.455417813435111e-05), (0, 5.412674029849687e-05), (0, 5.370220379370982e-05), (0, 5.3280505996700355e-05), (0, 5.286170243408385e-05), (0, 5.244570438997678e-05), (0, 5.2032544359698844e-05), (0, 5.162216915304507e-05), (0, 5.1214596476009875e-05), (0, 5.080977917081708e-05), (0, 5.0407736157270654e-05), (0, 5.000842114859624e-05), (0, 4.961183860683733e-05), (0, 4.921796426425741e-05), (0, 4.882677792394509e-05), (0, 4.843826844547285e-05), (0, 4.805241579274887e-05), (0, 4.766921576870305e-05), (0, 4.7288645373429785e-05), (0, 4.6910700383808604e-05), (0, 4.6535350163075863e-05), (0, 4.616258275306956e-05), (0, 4.57923853587079e-05), (0, 4.542474806707837e-05), (0, 4.5059653501460814e-05), (0, 4.4697079120480406e-05), (0, 4.433702112628855e-05), (0, 4.397946139971973e-05), (0, 4.3624384152792185e-05), (0, 4.327176980678132e-05), (0, 4.2921616365438504e-05), (0, 4.2573898826236774e-05), (0, 4.222860529102293e-05), (0, 4.1885728283125426e-05), (0, 4.154524787698169e-05), (0, 4.120715096993874e-05), (0, 4.087142253365863e-05), (0, 4.0538051261108914e-05), (0, 4.020701333648565e-05), (0, 3.987830523602152e-05), (0, 3.9551912580200096e-05), (0, 3.922782310792876e-05), (0, 3.890601602936714e-05), (0, 3.858648586150241e-05), (0, 3.826921248487291e-05), (0, 3.795418971670958e-05), (0, 3.764139816169373e-05), (0, 3.733082418902196e-05), (0, 3.702246337223059e-05), (0, 3.671629557962067e-05), (0, 3.641230802327786e-05), (0, 3.6110488736842383e-05), (0, 3.5810824817805816e-05), (0, 3.551330425347638e-05), (0, 3.52179071140994e-05), (0, 3.492462882255578e-05), (0, 3.4633457185276235e-05), (0, 3.434437292992962e-05), (0, 3.4057371507183574e-05), (0, 3.3772433493285296e-05), (0, 3.348954719603093e-05), (0, 3.320870767518398e-05), (0, 3.2929896219685625e-05), (0, 3.265310132578796e-05), (0, 3.2378311328875136e-05), (0, 3.210551471557199e-05), (0, 3.183469978995673e-05), (0, 3.156585515788622e-05), (0, 3.1298962575403666e-05), (0, 3.1034017691924146e-05), (0, 3.0771002439862874e-05), (0, 3.050991238949222e-05), (0, 3.0250729750159155e-05), (0, 2.999345023999096e-05), (0, 2.973805621650192e-05), (0, 2.9484537032778572e-05), (0, 2.9232882385198712e-05), (0, 2.8983082584476513e-05), (0, 2.8735129288314052e-05), (0, 2.8489017074727087e-05), (0, 2.8244740262522816e-05), (0, 2.8002320037917338e-05), (0, 2.776180268785883e-05), (0, 2.7523300943184486e-05), (0, 2.7287104070140497e-05), (0, 2.7053912640996806e-05), (0, 2.682539595395117e-05), (0, 2.660564653906583e-05), (0, 2.6404625262777152e-05), (0, 2.6247662024637145e-05), (0, 2.6197151384408637e-05), (0, 2.641981849963295e-05), (0, 2.732357057369911e-05), (0, 3.0086039799288325e-05), (0, 3.7422805788757484e-05), (0, 5.8367632165120787e-05), (0, 0.00010964912748160364), (0, 0.00026570707255230624), (0, 0.0005699559053000244), (0, 0.0015377321224500269), (0, 0.0019631367504455333), (0, 0.0027735079155742394), (0, 0.00107798688703009), (0, 0.00010601299422859023), (0, 0.0007530636362748591), (0, 0.0019968937769492177), (0, 0.0016464288300197193), (0, 0.00010480720623565524), (0, 0.0012000847796768172), (0, 0.0027116018902611943), (0, 0.0010129666591296958), (0, 0.0018983532100749882), (0, 0.003584211558825851), (0, 0.00395567756143246), (0, 0.0010533977496953808), (0, 0.005458238426303929), (0, 0.008359729459436535), (0, 0.0035965351322658143), (0, 0.009816604358179704), (0, 0.006326864386026978), (0, 0.0053534926897604515), (0, 0.006626041314611653), (0, 0.0011854786204830861), (0, 0.003721751055387771), (0, 0.002552359417557785), (0, 0.0025078047601194116), (0, 0.002694250303530845), (0, 0.0007351711828524628), (0, 0.002888515542498799), (0, 0.0009149849392831885), (0, 0.0018082726159985097), (0, 0.0010062404549724456), (0, 0.0008471951830901352), (0, 0.001286413938510071), (0, 0.00044858970910366917), (0, 0.001420726209877248), (0, 7.808498082063774e-05), (0, 0.0010708219868780257), (0, 7.305539449977692e-05), (0, 0.0009351617861025016), (0, 0.00022200124301369786), (0, 0.0005369089973814219), (0, 0.00033147512923496276), (0, 0.0002823018386291132), (0, 0.0004144324872501584), (0, 0.00013444224192645134), (0, 0.00043334551701265916), (0, 4.048757404077033e-05), (0, 0.00037024410186589613), (0, 4.694937541792713e-05), (0, 0.00027714218359069416), (0, 8.306437340252588e-05), (0, 0.00018319446155837905), (0, 0.00011970197718910495), (0, 9.875319778349188e-05), (0, 0.00013733283832885408), (0, 5.386702959852578e-05), (0, 0.00014349345635743095), (0, 3.2459141993648734e-05), (0, 0.00011694541005190638), (0, 3.166257096327857e-05), (0, 9.262844855265122e-05), (0, 4.336393691844317e-05), (0, 5.966290187327398e-05), (0, 5.258916885529193e-05), (0, 3.7430840394508865e-05), (0, 5.660996815052186e-05), (0, 2.4723657329521198e-05), (0, 5.385435946356237e-05), (0, 2.1044760215068695e-05), (0, 4.368563929516222e-05), (0, 2.3179862564581182e-05), (0, 3.261913832842064e-05), (0, 2.717122473174074e-05), (0, 2.2537093302160768e-05), (0, 2.9749295093344816e-05), (0, 1.62210582352603e-05), (0, 2.853267153239194e-05), (0, 1.4058658247885437e-05), (0, 2.516724610454258e-05), (0, 1.5013903765382634e-05), (0, 2.0176359638787752e-05), (0, 1.646761510792218e-05), (0, 1.5808775361850356e-05), (0, 1.7624800782012158e-05), (0, 1.2980489858027783e-05), (0, 1.7170354827830922e-05), (0, 1.2078759725129095e-05), (0, 1.5515993178529042e-05), (0, 1.2202803244185725e-05), (0, 1.3525568188787095e-05), (0, 1.2624287621689488e-05), (0, 1.1917346371356962e-05), (0, 1.2506204363341345e-05), (0, 1.1147845315246556e-05), (0, 1.1813684815114079e-05), (0, 1.100607442408434e-05), (0, 1.077543094940228e-05), (0, 1.1096124253358643e-05), (0, 9.915694827946797e-06), (0, 1.0915224826240104e-05), (0, 9.480078512870288e-06), (0, 1.0411415387869954e-05), (0, 9.423433898539351e-06), (0, 9.704645847167971e-06), (0, 9.494505048803523e-06), (0, 9.090595969528084e-06), (0, 9.417356231633892e-06), (0, 8.72467808879085e-06), (0, 9.127759295936138e-06), (0, 8.593496006801397e-06), (0, 8.713419945717333e-06), (0, 8.525336889221352e-06), (0, 8.360158903640805e-06), (0, 8.38184831931112e-06), (0, 8.132319919826012e-06), (0, 8.136218504814389e-06), (0, 8.010309534979038e-06), (0, 7.856887688454522e-06), (0, 7.891375427212478e-06), (0, 7.636048535854739e-06), (0, 7.715041572890448e-06), (0, 7.4898709734464665e-06), (0, 7.4916020611385095e-06), (0, 7.3814738325589896e-06), (0, 7.279145570682591e-06), (0, 7.249023292640614e-06), (0, 7.115096639870232e-06), (0, 7.0819355151909484e-06), (0, 6.987014728580552e-06), (0, 6.905017662982144e-06), (0, 6.862364129351864e-06), (0, 6.750185058854926e-06), (0, 6.716824037592484e-06), (0, 6.622362005483501e-06), (0, 6.561357630570741e-06), (0, 6.501811051018489e-06), (0, 6.415898178521047e-06), (0, 6.371701120518756e-06), (0, 6.289525051606245e-06), (0, 6.232537730121907e-06), (0, 6.171642293851627e-06), (0, 6.098866021852781e-06), (0, 6.049395192483951e-06), (0, 5.976996839718141e-06), (0, 5.9222605126675635e-06), (0, 5.862324305789779e-06), (0, 5.797945780998383e-06), (0, 5.746184997367629e-06), (0, 5.682004067928562e-06), (0, 5.627400196296291e-06), (0, 5.571128714319793e-06), (0, 5.511202620514271e-06), (0, 5.460247285987608e-06), (0, 5.400809372695043e-06), (0, 5.348343385873264e-06), (0, 5.294359936566295e-06), (0, 5.238862648739325e-06), (0, 5.188201513300077e-06), (0, 5.133829869555666e-06), (0, 5.08227961075949e-06), (0, 5.031539295427361e-06), (0, 4.978787109160586e-06), (0, 4.9299475512089e-06), (0, 4.878721962576805e-06), (0, 4.829247860126504e-06), (0, 4.7807347128474755e-06), (0, 4.731027232253107e-06), (0, 4.68361793094894e-06), (0, 4.635474472859656e-06), (0, 4.587917228118252e-06), (0, 4.541559686352891e-06), (0, 4.494496849579943e-06), (0, 4.448771908375986e-06), (0, 4.403226457140907e-06), (0, 4.357648200025e-06), (0, 4.3133555193391835e-06), (0, 4.268630336630052e-06), (0, 4.224805753794156e-06), (0, 4.18135501113791e-06), (0, 4.13802053728052e-06), (0, 4.0954330521627835e-06), (0, 4.0530751301976064e-06), (0, 4.010981166562176e-06), (0, 3.969639149233676e-06), (0, 3.928257476784273e-06), (0, 3.8875633006877096e-06), (0, 3.847151962237315e-06), (0, 3.8070346318465485e-06), (0, 3.767431338178068e-06), (0, 3.7281137990128945e-06), (0, 3.6891238905216126e-06), (0, 3.6506380120644013e-06), (0, 3.612340912006001e-06)]