Model Setup for {PATIENT_GROUPS} Trained Network:

{NETWORK_TYPE} Network Architecture Parameters
Input channels=4
Hidden channels=32
Output channels=4

Training hyperparameters
Optimizer=AdamW (
Parameter Group 0
    amsgrad: False
    betas: (0.9, 0.999)
    capturable: False
    differentiable: False
    eps: 1e-08
    foreach: None
    fused: None
    lr: 0.001
    maximize: False
    weight_decay: 0.0
)Training Iterations=400
Learning rate=0.001
Weight decay=0.0
Optimizer reset frequency=200

Dropout probability (after initial linear layer before NCDE): 0.5
Training Data Selection Parameters
(If not virtual, the only important params are the groups and whether data was normalized/standardized)
Patient groups=['Atypical']
Augmentation strategy=Uniform
Noise Magnitude=0.05
Normalized/standardized=None
Number of virtual patients per real patient=100
Label smoothing factor=0
Test Patient Combinations:
Control: None
MDD: None
Training batch size=1
Training Results:
Runtime=663.2488451004028
Loss over time=[(0, 105.76639268612468), (0, 93.48158873441109), (0, 83.5037084310303), (0, 76.67259428010838), (0, 72.81761300642926), (0, 70.31755333834451), (0, 68.62453446517688), (0, 67.37930038227756), (0, 66.40633292880297), (0, 65.67514209068234), (0, 65.1729843865917), (0, 64.84840212633415), (0, 64.65221988285559), (0, 64.55509590024396), (0, 64.52752334864589), (0, 64.52631068511249), (0, 64.51371157762762), (0, 64.484470829516), (0, 64.45922343692632), (0, 64.45454561274262), (0, 64.46947503164185), (0, 64.49401696755189), (0, 64.51769799818152), (0, 64.53085955711347), (0, 64.52663447205373), (0, 64.50668084893658), (0, 64.48207070540771), (0, 64.46494796292527), (0, 64.46020737642854), (0, 64.46493846846722), (0, 64.47311320387033), (0, 64.47997003587153), (0, 64.48369856853202), (0, 64.48509132471767), (0, 64.4864964795914), (0, 64.49077179893708), (0, 64.49988512420705), (0, 64.51224378458225), (0, 64.52021345733182), (0, 64.51398015664373), (0, 64.49111812226423), (0, 64.45870854041407), (0, 64.4248788587174), (0, 64.39278524372074), (0, 64.36322596264694), (0, 64.33922445274362), (0, 64.32693826804584), (0, 64.33309623012539), (0, 64.36059749264801), (0, 64.40420505821638), (0, 64.45121600693997), (0, 64.48985371599463), (0, 64.51753010809809), (0, 64.53923482117949), (0, 64.55965159473257), (0, 64.57902294461776), (0, 64.5943409107969), (0, 64.60227890940654), (0, 64.60322616914158), (0, 64.60274268917625), (0, 64.60625234986666), (0, 64.61409195456156), (0, 64.62249025100967), (0, 64.6274237460022), (0, 64.62945039663713), (0, 64.63290694328964), (0, 64.63972647726656), (0, 64.64691956826611), (0, 64.64893625299314), (0, 64.64316536614663), (0, 64.63223026352523), (0, 64.61948886248732), (0, 64.60560926316171), (0, 64.58960286564283), (0, 64.57278987817388), (0, 64.56010303664084), (0, 64.55535588705033), (0, 64.55762438950316), (0, 64.56263458695724), (0, 64.56730927644867), (0, 64.57164305054036), (0, 64.57586856426401), (0, 64.57869047011513), (0, 64.57884698812383), (0, 64.57787355605312), (0, 64.57950281755751), (0, 64.58594317560944), (0, 64.59620995009902), (0, 64.60805203972035), (0, 64.62077541279005), (0, 64.63507179435196), (0, 64.6509691555149), (0, 64.66745566916988), (0, 64.68405597533079), (0, 64.70181723473164), (0, 64.72180392541094), (0, 64.74334870760691), (0, 64.7645135455126), (0, 64.784069284986), (0, 64.80240603071627), (0, 64.82045469178023), (0, 64.8386585350486), (0, 64.85723305850557), (0, 64.87690676233616), (0, 64.89850478134346), (0, 64.92180290805527), (0, 64.94539938342265), (0, 64.96785879845554), (0, 64.98875420335203), (0, 65.0084545484879), (0, 65.02736663147756), (0, 65.04576416405271), (0, 65.06412582522465), (0, 65.08311921394639), (0, 65.1029841772237), (0, 65.12325187684311), (0, 65.14323860573205), (0, 65.16272211658242), (0, 65.18197564735331), (0, 65.20130163244768), (0, 65.2207747015558), (0, 65.24041047209502), (0, 65.2602949611421), (0, 65.28039869303203), (0, 65.30043055832316), (0, 65.3200586179273), (0, 65.33927134344836), (0, 65.35841893050606), (0, 65.37789431087664), (0, 65.39788606714838), (0, 65.41839124690551), (0, 65.43932380437253), (0, 65.46050766593686), (0, 65.48164778129876), (0, 65.50245907956652), (0, 65.52286447017804), (0, 65.54303508728023), (0, 65.56322307812607), (0, 65.58358045909077), (0, 65.60413262205262), (0, 65.6248355992141), (0, 65.64559866247791), (0, 65.66628844143943), (0, 65.68677546867781), (0, 65.70702024334975), (0, 65.72708569126127), (0, 65.7470651615966), (0, 65.76698791892548), (0, 65.7868100117667), (0, 65.80646604178068), (0, 65.8258980800903), (0, 65.84507306349396), (0, 65.86399513550529), (0, 65.88270608314784), (0, 65.90129061356654), (0, 65.91982332604387), (0, 65.93831427806349), (0, 65.9567234830294), (0, 65.97499116990636), (0, 65.99307500013192), (0, 66.01097418369477), (0, 66.02872320198956), (0, 66.04639902199479), (0, 66.06409797671039), (0, 66.08189517991582), (0, 66.0998364364107), (0, 66.11792836709483), (0, 66.13616098072569), (0, 66.15452383870563), (0, 66.17302120405823), (0, 66.19167513472256), (0, 66.2105143299829), (0, 66.22957049153678), (0, 66.24885900240741), (0, 66.26837104853777), (0, 66.28808219640918), (0, 66.30796393363099), (0, 66.32798500130623), (0, 66.34813421909034), (0, 66.36839467298708), (0, 66.3887591510655), (0, 66.40921669058952), (0, 66.42974220296853), (0, 66.45029660649037), (0, 66.47084479509013), (0, 66.49136366376939), (0, 66.51183654193068), (0, 66.53226349637225), (0, 66.55265060129742), (0, 66.5730078778356), (0, 66.59333315517337), (0, 66.61362191230616), (0, 66.63386390092627), (0, 66.65404783127575), (0, 66.67417543205802), (0, 66.69425456934607), (0, 66.71430159965406), (0, 66.73433672787701), (0, 66.75437760228475), (0, 66.77443441261659), (0, 66.79451439845523), (0, 67.2281908759487), (0, 67.89812919194817), (0, 67.28765558077413), (0, 67.6096076755133), (0, 67.72789026739358), (0, 67.81031887999129), (0, 67.86655368818658), (0, 67.77450679274743), (0, 67.53529033872026), (0, 67.37429592150427), (0, 67.4161461789167), (0, 67.501881136401), (0, 67.54879374088831), (0, 67.61263593736795), (0, 67.72260564578866), (0, 67.8266956300222), (0, 67.85810391685234), (0, 67.81585481608884), (0, 67.7582827650734), (0, 67.73021330939245), (0, 67.71622360107864), (0, 67.69221808565756), (0, 67.68264766603241), (0, 67.7159115916079), (0, 67.78029917751306), (0, 67.84812620332829), (0, 67.90639920984347), (0, 67.95336352686212), (0, 67.9875114340698), (0, 68.00922897606877), (0, 68.02394859052409), (0, 68.03923981699681), (0, 68.05856861349712), (0, 68.07880004014801), (0, 68.0982961976029), (0, 68.12367289164251), (0, 68.1605992623052), (0, 68.20243523101445), (0, 68.23663090426382), (0, 68.26063235659089), (0, 68.28362607072887), (0, 68.313973290043), (0, 68.35277771859155), (0, 68.3984591003772), (0, 68.4490530942221), (0, 68.49970451839539), (0, 68.54511605665361), (0, 68.58487863721716), (0, 68.62204815913756), (0, 68.65816244683685), (0, 68.69321761511682), (0, 68.72886285135075), (0, 68.76821798293348), (0, 68.81242270845983), (0, 68.85963341375242), (0, 68.90787267530915), (0, 68.9567305080997), (0, 69.00579134526927), (0, 69.05368083354962), (0, 69.09916554389594), (0, 69.14148004704825), (0, 69.17989164144555), (0, 69.21457714794619), (0, 69.24756730247577), (0, 69.28151115601386), (0, 69.31776186313456), (0, 69.35632981577872), (0, 69.3968021384799), (0, 69.43837616315717), (0, 69.4797412499948), (0, 69.51989623947723), (0, 69.55880398248061), (0, 69.5969781841932), (0, 69.63483930050968), (0, 69.6725871700581), (0, 69.71008855391594), (0, 69.7468989556868), (0, 69.78289879620459), (0, 69.8188346504627), (0, 69.85581639904396), (0, 69.89445577705544), (0, 69.93459171355701), (0, 69.9753674190783), (0, 70.01540535605562), (0, 70.05337440481227), (0, 70.08871495162467), (0, 70.1217611235181), (0, 70.15329371400466), (0, 70.18410567770862), (0, 70.21468252551507), (0, 70.24507068607765), (0, 70.2751740970842), (0, 70.30513770720164), (0, 70.33520862206375), (0, 70.3652697777565), (0, 70.39465555395991), (0, 70.42238758901264), (0, 70.44774411531395), (0, 70.47087858063011), (0, 70.49282708538654), (0, 70.51484475109555), (0, 70.53766080221936), (0, 70.56117723664147), (0, 70.58470007664332), (0, 70.60754878407246), (0, 70.62952942133572), (0, 70.65087396373056), (0, 70.67182952723888), (0, 70.69236370812854), (0, 70.71224022680057), (0, 70.73138107984869), (0, 70.75011695295184), (0, 70.7690128767864), (0, 70.78843675928925), (0, 70.80825661296085), (0, 70.82797483567722), (0, 70.84716101481925), (0, 70.86579653413385), (0, 70.88418961049955), (0, 70.90259715473745), (0, 70.92093652469657), (0, 70.93887045584752), (0, 70.95614925125133), (0, 70.97287381331704), (0, 70.98939270665093), (0, 71.005980510641), (0, 71.02260960570096), (0, 71.039048717197), (0, 71.05513957989415), (0, 71.07094849698383), (0, 71.08663357044296), (0, 71.10221003987766), (0, 71.11750831130418), (0, 71.13236351175861), (0, 71.14685505047277), (0, 71.16128130044925), (0, 71.17592006480515), (0, 71.19078525050682), (0, 71.20565520021246), (0, 71.22030317299853), (0, 71.2346782207766), (0, 71.24886582982735), (0, 71.26291086679353), (0, 71.27675428637997), (0, 71.29033808273414), (0, 71.30373939776602), (0, 71.3171396885203), (0, 71.33064510374592), (0, 71.34417529858703), (0, 71.35754319311168), (0, 71.3706436169333), (0, 71.383521477463), (0, 71.39627487823286), (0, 71.40891350282138), (0, 71.42136937305241), (0, 71.43360517414051), (0, 71.44568490827595), (0, 71.45770031369236), (0, 71.46965925344686), (0, 71.48148129870593), (0, 71.4931029387292), (0, 71.50455797481628), (0, 71.51591259388164), (0, 71.52717556883272), (0, 71.53828689762719), (0, 71.54920441111827), (0, 71.55997444508745), (0, 71.57067947194409), (0, 71.58134593053856), (0, 71.59193301516055), (0, 71.60239499787934), (0, 71.61274329526887), (0, 71.62300038688122), (0, 71.63314832013823), (0, 71.64313597494211), (0, 71.65295943329899), (0, 71.66266975350608), (0, 71.67232721412586), (0, 71.68193245683955), (0, 71.69144544279638), (0, 71.70085153059145), (0, 71.710162891305), (0, 71.7193885570947), (0, 71.72850568781938), (0, 71.73749370611968), (0, 71.74636878744991), (0, 71.75517235745481), (0, 71.76391262659642), (0, 71.77256993255527), (0, 71.78113239431374), (0, 71.78961041883505), (0, 71.79802116287263), (0, 71.80635827658699), (0, 71.8145984916192), (0, 71.8227448191126), (0, 71.83081429828975), (0, 71.8388220392261), (0, 71.84675571782546), (0, 71.85461062519985)]