Model Setup for {PATIENT_GROUPS} Trained Network:

RNN Network Architecture Parameters
Input channels=1
Hidden channels=128
Output channels=4

Training hyperparameters
Optimizer=AdamW (
Parameter Group 0
    amsgrad: False
    betas: (0.9, 0.999)
    capturable: False
    differentiable: False
    eps: 1e-08
    foreach: None
    fused: None
    lr: 0.0005
    maximize: False
    weight_decay: 1e-06
)Training Iterations=2000
Learning rate=0.0005
Weight decay=1e-06
Optimizer reset frequency=500

Dropout probability (after initial linear layer before NCDE): 0.0
Training Data Selection Parameters
(If not virtual, the only important params are the groups and whether data was normalized/standardized)
Patient groups=['Atypical']
Augmentation strategy=Uniform
Noise Magnitude=0.0
Normalized/standardized=None
Number of virtual patients per real patient=1
Label smoothing factor=0
Test Patient Combinations:
Control: None
MDD: None
Training batch size=1
Training Results:
Runtime=886.9570879936218
Loss over time=[(0, 243.83536139515107), (0, 242.40007972169855), (0, 239.31812874718966), (0, 235.10807861607466), (0, 229.9267369364958), (0, 224.40432341393802), (0, 219.06022740274307), (0, 214.03331131978507), (0, 209.3121963026602), (0, 204.87679046633195), (0, 200.71138535120335), (0, 196.80607605256876), (0, 193.15128976232268), (0, 189.7323978933042), (0, 186.53116554650742), (0, 183.53274740891953), (0, 180.73085319944667), (0, 178.12375921102637), (0, 175.70502780696677), (0, 173.46051638433096), (0, 171.37290615262017), (0, 169.42590628957058), (0, 167.60528065739666), (0, 165.89821980177024), (0, 164.29259168674056), (0, 162.77663805598678), (0, 161.33904310781918), (0, 159.9691582645919), (0, 158.65724117417088), (0, 157.3946388926833), (0, 156.17388466141128), (0, 154.98870290066967), (0, 153.83393622600175), (0, 152.7054200419407), (0, 151.59983280124337), (0, 150.5145448672201), (0, 149.44748063678117), (0, 148.39700079643208), (0, 147.36180603398782), (0, 146.34086050792516), (0, 145.33333200789033), (0, 144.33854563990096), (0, 143.3559481461082), (0, 142.3850803779273), (0, 141.42555609813115), (0, 140.47704557523173), (0, 139.53926292101107), (0, 138.61195628993667), (0, 137.6949003234905), (0, 136.78789027843683), (0, 135.89073759551687), (0, 135.0032664644577), (0, 134.1253112339205), (0, 133.2567144659292), (0, 132.39732546771742), (0, 131.54699919622635), (0, 130.7055954523571), (0, 129.87297829559506), (0, 129.04901557554612), (0, 128.23357862291735), (0, 127.42654198636998), (0, 126.62778325198305), (0, 125.83718288049666), (0, 125.05462410848322), (0, 124.27999283152204), (0, 123.51317752048655), (0, 122.75406915121367), (0, 122.00256114393687), (0, 121.2585492841828), (0, 120.52193167556155), (0, 119.79260868134685), (0, 119.07048286362854), (0, 118.3554589311475), (0, 117.64744368448652), (0, 116.94634595618612), (0, 116.25207656494558), (0, 115.56454824714015), (0, 114.88367560932798), (0, 114.2093750590784), (0, 113.5415647691146), (0, 112.88016459719194), (0, 112.22509604568019), (0, 111.57628220114262), (0, 110.93364767579746), (0, 110.29711855933034), (0, 109.66662236935721), (0, 109.04208799747983), (0, 108.42344565551348), (0, 107.81062683885608), (0, 107.20356427703251), (0, 106.60219189061407), (0, 106.00644474968051), (0, 105.41625903803353), (0, 104.83157201505938), (0, 104.25232197882256), (0, 103.67844823670028), (0, 103.10989107109181), (0, 102.54659171259019), (0, 101.98849231135645), (0, 101.43553591157287), (0, 100.8876664272155), (0, 100.34482861987966), (0, 99.80696807781669), (0, 99.27403119467306), (0, 98.7459651531867), (0, 98.22271790587607), (0, 97.70423816049346), (0, 97.1904753623939), (0, 96.68137968091072), (0, 96.17690199771089), (0, 95.67699388951034), (0, 95.18160761934647), (0, 94.69069611941869), (0, 94.20421298412249), (0, 93.72211245254977), (0, 93.24434940352036), (0, 92.77087933704072), (0, 92.30165836415242), (0, 91.83664319989298), (0, 91.3757911416894), (0, 90.91906006683996), (0, 90.4664084132661), (0, 90.01779517166675), (0, 89.573179867136), (0, 89.13252255478517), (0, 88.69578380324305), (0, 88.26292468412282), (0, 87.83390675805514), (0, 87.40869207296635), (0, 86.9872431460519), (0, 86.56952295566435), (0, 86.15549493603798), (0, 85.74512296662508), (0, 85.33837136831518), (0, 84.93520489267121), (0, 84.53558871845247), (0, 84.13948844412617), (0, 83.74687008290533), (0, 83.3577000554791), (0, 82.97194518273805), (0, 82.58957268791498), (0, 82.21055017966708), (0, 81.83484565631534), (0, 81.4624274910989), (0, 81.09326442661157), (0, 80.72732557455544), (0, 80.36458040377379), (0, 80.004998736819), (0, 79.64855074029973), (0, 79.29520691738594), (0, 78.94493811243693), (0, 78.59771549320955), (0, 78.2535105514557), (0, 77.91229510275221), (0, 77.57404127155172), (0, 77.23872149572273), (0, 76.90630852176838), (0, 76.57677539943215), (0, 76.25009548002704), (0, 75.9262424111243), (0, 75.60519013273002), (0, 75.28691287180794), (0, 74.97138513845142), (0, 74.65858172905288), (0, 74.3484777093953), (0, 74.04104841966031), (0, 73.73626946834115), (0, 73.43411672746264), (0, 73.13456633213113), (0, 72.83759467394339), (0, 72.54317840346349), (0, 72.25129442267419), (0, 71.96191988737631), (0, 71.67503219977017), (0, 71.39060900817701), (0, 71.10862820407412), (0, 70.82906792013054), (0, 70.55190652503104), (0, 70.27712262070254), (0, 70.00469504144226), (0, 69.73460284928204), (0, 69.46682533449957), (0, 69.20134201034965), (0, 68.93813261003217), (0, 68.6771770891528), (0, 68.4184556196988), (0, 68.16194858783265), (0, 67.907636593963), (0, 67.65550044758567), (0, 67.40552116718194), (0, 67.15767997518766), (0, 66.91195829637456), (0, 66.66833775711066), (0, 66.42680018074138), (0, 66.1873275877368), (0, 65.94990219202612), (0, 65.71450639884607), (0, 65.48112280386), (0, 65.24973419007864), (0, 65.02032352416396), (0, 64.79287395675023), (0, 64.56736881864765), (0, 64.34379161805307), (0, 64.12212603963596), (0, 63.90235594229454), (0, 63.68446535528934), (0, 63.46843847905693), (0, 63.25425968064783), (0, 63.041913493206614), (0, 62.83138461208063), (0, 62.622657894211436), (0, 62.41571835437139), (0, 62.21055116467644), (0, 62.00714165243381), (0, 61.80547529659617), (0, 61.605537727261286), (0, 61.407314723592116), (0, 61.21079220986314), (0, 61.01595625668207), (0, 60.82279307527102), (0, 60.63128901956597), (0, 60.44143058023405), (0, 60.25320438588059), (0, 60.06659719981077), (0, 59.881595917760535), (0, 59.69818756725927), (0, 59.51635930493825), (0, 59.33609841468585), (0, 59.15739230581562), (0, 58.98022851166444), (0, 58.80459468828662), (0, 58.630478611106525), (0, 58.45786817478619), (0, 58.28675139074031), (0, 58.117116386258104), (0, 57.94895140164013), (0, 57.782244788599066), (0, 57.61698501084825), (0, 57.45316063921662), (0, 57.29076035304212), (0, 57.129772936378465), (0, 56.970187277651405), (0, 56.811992368370234), (0, 56.65517730069966), (0, 56.49973126625969), (0, 56.345643555427145), (0, 56.19290355489613), (0, 56.04150074721637), (0, 55.891424708525854), (0, 55.742665107749694), (0, 55.595211704628035), (0, 55.44905434974321), (0, 55.30418298153409), (0, 55.16058762601846), (0, 55.018258394951), (0, 54.87718548572887), (0, 54.73735917872073), (0, 54.59876983686135), (0, 54.46140790433192), (0, 54.32526390526149), (0, 54.19032844264005), (0, 54.056592197192394), (0, 53.92404592657317), (0, 53.79268046396855), (0, 53.662486716747644), (0, 53.53345566600295), (0, 53.40557836521295), (0, 53.27884593896576), (0, 53.153249582292325), (0, 53.028780560112686), (0, 52.905430205329445), (0, 52.78318991855738), (0, 52.662051166823396), (0, 52.542005483289415), (0, 52.423044465479066), (0, 52.30515977480071), (0, 52.18834313595725), (0, 52.07258633597631), (0, 51.95788122273822), (0, 51.84421970549781), (0, 51.73159375257233), (0, 51.6199953918176), (0, 51.509416709376424), (0, 51.399849848427785), (0, 51.29128700946165), (0, 51.18372044885788), (0, 51.077142478309725), (0, 50.97154546450176), (0, 50.86692182751034), (0, 50.763264041626286), (0, 50.660564633508216), (0, 50.55881618166598), (0, 50.458011316505676), (0, 50.35814271919134), (0, 50.2592031209332), (0, 50.16118530310114), (0, 50.06408209600638), (0, 49.96788637857501), (0, 49.87259107780508), (0, 49.77818916843483), (0, 49.68467367181483), (0, 49.592037656223994), (0, 49.50027423576164), (0, 49.409376570103674), (0, 49.319337863912004), (0, 49.230151366687416), (0, 49.1418103719202), (0, 49.054308216918606), (0, 48.96763828196093), (0, 48.88179399066513), (0, 48.79676880859271), (0, 48.71255624366945), (0, 48.62914984558829), (0, 48.54654320481127), (0, 48.46472995298818), (0, 48.38370376207464), (0, 48.3034583446386), (0, 48.223987452382), (0, 48.1452848767343), (0, 48.06734444819745), (0, 47.990160035831266), (0, 47.91372554744657), (0, 47.838034928590616), (0, 47.763082162908056), (0, 47.688861271039144), (0, 47.61536631118944), (0, 47.54259137844202), (0, 47.47053060410336), (0, 47.399178155907066), (0, 47.328528237599116), (0, 47.258575088693725), (0, 47.189312983852936), (0, 47.12073623307521), (0, 47.052839181307995), (0, 46.985616207994745), (0, 46.91906172680993), (0, 46.853170185889894), (0, 46.787936066685496), (0, 46.72335388473322), (0, 46.659418188528484), (0, 46.59612355975349), (0, 46.5334646130189), (0, 46.47143599530075), (0, 46.4100323862505), (0, 46.34924849712309), (0, 46.28907907138777), (0, 46.229518884071034), (0, 46.17056274147655), (0, 46.11220548083685), (0, 46.054441970504485), (0, 45.99726710929304), (0, 45.94067582645745), (0, 45.884663081279406), (0, 45.82922386271022), (0, 45.77435318952004), (0, 45.7200461097732), (0, 45.66629770030923), (0, 45.61310306695749), (0, 45.560457343879655), (0, 45.5083556933981), (0, 45.456793305691), (0, 45.40576539859492), (0, 45.35526721704171), (0, 45.30529403295628), (0, 45.255841144669304), (0, 45.20690387666481), (0, 45.15847757919369), (0, 45.11055762797976), (0, 45.06313942348178), (0, 45.01621839090643), (0, 44.96978997926112), (0, 44.92384966103416), (0, 44.87839293164625), (0, 44.83341530889477), (0, 44.78891233244148), (0, 44.74487956279698), (0, 44.70131258069958), (0, 44.65820698663733), (0, 44.615558399548824), (0, 44.57336245598646), (0, 44.53161480938512), (0, 44.490311128602684), (0, 44.44944709656412), (0, 44.40901840917188), (0, 44.36902077364623), (0, 44.32944990660078), (0, 44.290301532506405), (0, 44.25157138106388), (0, 44.213255185215516), (0, 44.175348677927275), (0, 44.1378475895111), (0, 44.10074764360108), (0, 44.06404455352244), (0, 44.027734017248676), (0, 43.99181171207985), (0, 43.95627328858045), (0, 43.921114363046925), (0, 43.88633050919517), (0, 43.851917248087474), (0, 43.817870036541215), (0, 43.78418425287127), (0, 43.75085518065795), (0, 43.71787798871758), (0, 43.68524770718516), (0, 43.65295919858757), (0, 43.621007122764446), (0, 43.58938589345926), (0, 43.55808962522641), (0, 43.52711206766462), (0, 43.49644652294188), (0, 43.46608574271415), (0, 43.43602179804977), (0, 43.40624591428633), (0, 43.37674826045769), (0, 43.347517680827586), (0, 43.31854135096169), (0, 43.289804338877076), (0, 43.26128904889398), (0, 43.23297452756116), (0, 43.20483562149643), (0, 43.17684201081002), (0, 43.14895721511844), (0, 43.12113782365247), (0, 43.09333348330373), (0, 43.06548863227047), (0, 43.03754754785739), (0, 43.00946466473689), (0, 42.98122146338984), (0, 42.95284816355697), (0, 42.924442268181174), (0, 42.896169287013564), (0, 42.868231188900765), (0, 42.84080255146746), (0, 42.81395912410183), (0, 42.787640413690056), (0, 42.76167793637491), (0, 42.73588184228881), (0, 42.71013527725413), (0, 42.68443896168762), (0, 42.65888973172685), (0, 42.633623646437286), (0, 42.608763939250814), (0, 42.58439306789437), (0, 42.560546584631346), (0, 42.537218984932395), (0, 42.51437396565664), (0, 42.49195563483477), (0, 42.46989941904472), (0, 42.44814178521848), (0, 42.42662768532065), (0, 42.40531475384628), (0, 42.38417394077644), (0, 42.36318713667648), (0, 42.34234299320524), (0, 42.32163229559728), (0, 42.30104394577532), (0, 42.28056210839692), (0, 42.26016462161877), (0, 42.23982252878507), (0, 42.2195005743152), (0, 42.199158673262424), (0, 42.178754633623576), (0, 42.15824867909724), (0, 42.13761043700082), (0, 42.11682874393531), (0, 42.095923518952134), (0, 42.07495685252676), (0, 42.05403793631372), (0, 42.033315392653456), (0, 42.01295345828871), (0, 41.99309583191509), (0, 41.97382907118981), (0, 41.955160345267274), (0, 41.93701946582832), (0, 41.91928499648836), (0, 41.90182377756309), (0, 41.88452745520224), (0, 41.867332384397855), (0, 41.85021931874188), (0, 41.83319940202421), (0, 41.81629660898523), (0, 41.7995339425099), (0, 41.782925804167064), (0, 41.766475589691176), (0, 41.75017645567712), (0, 41.73401347306754), (0, 41.71796605423927), (0, 41.702010119939274), (0, 41.68611984557831), (0, 41.67026902688194), (0, 41.65443219598014), (0, 41.638585646168714), (0, 41.62270851214049), (0, 41.60678401446878), (0, 41.5908009132457), (0, 41.57475512429327), (0, 41.558651335125184), (0, 41.542504335002164), (0, 41.52633968356103), (0, 41.51019333849775), (0, 41.49410999025034), (0, 41.41991050868148), (0, 41.34789895753819), (0, 41.27775470528733), (0, 41.20934042191502), (0, 41.14397636838799), (0, 41.08429885748209), (0, 41.03418924002832), (0, 40.993301347013265), (0, 40.950176665491036), (0, 40.90457189345027), (0, 40.860719166852604), (0, 40.82070481306317), (0, 40.7845025752268), (0, 40.75142659379777), (0, 40.7209054452518), (0, 40.69261848900313), (0, 40.66640855893028), (0, 40.64214649911427), (0, 40.619668002044314), (0, 40.598846530627256), (0, 40.579686419880964), (0, 40.56230145279717), (0, 40.54681257411154), (0, 40.53324708936347), (0, 40.521480584339386), (0, 40.51124807321456), (0, 40.50223512044993), (0, 40.49420219638798), (0, 40.487055070248324), (0, 40.4808210585939), (0, 40.47556602212337), (0, 40.47131013021304), (0, 40.46798265404778), (0, 40.46542903782986), (0, 40.46345727662714), (0, 40.4618924304045), (0, 40.460601266255125), (0, 40.45943239315056), (0, 40.458190551640115), (0, 40.45668926764385), (0, 40.454980278148966), (0, 40.4505359724525), (0, 40.42311523372137), (0, 40.202242932791656), (0, 36.06286429983217), (0, 135.3012061937743), (0, 122.95938391216049), (0, 93.91506397402802), (0, 58.55193462890355), (0, 48.165241832806956), (0, 46.058513268485704), (0, 45.71026495760495), (0, 45.24602352578241), (0, 44.46592744404746), (0, 43.07638130529983), (0, 40.90358244397254), (0, 39.68343801710179), (0, 39.058821272804046), (0, 40.06450884067467), (0, 40.41828472993682), (0, 40.45391565314319), (0, 40.44905713351869), (0, 40.4354969224503), (0, 40.410856148516224), (0, 40.35602076309972), (0, 40.23646651170005), (0, 40.05223612960403), (0, 39.939693324003215), (0, 39.89780029718195), (0, 39.92622204152692), (0, 40.01506832365489), (0, 40.036750339571704), (0, 39.98552679043133), (0, 39.89127222878909), (0, 39.831573601872336), (0, 39.81707825648378), (0, 39.81700415752015), (0, 39.815638890675366), (0, 39.80800774322423), (0, 39.793507691837824), (0, 39.77311385488898), (0, 39.74861326279769), (0, 39.721688422899156), (0, 39.69347633214062), (0, 39.66535760212277), (0, 39.6399955117838), (0, 39.62091849471771), (0, 39.61108684264565), (0, 39.60894879141999), (0, 39.604773426611665), (0, 39.5897734233373), (0, 39.56538976047488), (0, 39.540584543555035), (0, 39.521404742640605), (0, 39.50629267510147), (0, 39.4908321455034), (0, 39.47124404118328), (0, 39.44512785178965), (0, 39.41188292563807), (0, 39.37373971018016), (0, 39.33615048814744), (0, 39.30307551091269), (0, 39.26913948399016), (0, 39.22558297789198), (0, 39.17431886107056), (0, 39.12363739997045), (0, 39.07578220608551), (0, 39.02719727103798), (0, 38.973887930206935), (0, 38.91452542466586), (0, 38.85052801917185), (0, 38.783608301250545), (0, 38.71317405450407), (0, 38.63616004023585), (0, 38.54976710138372), (0, 38.45472534315942), (0, 38.3557681623904), (0, 38.25902286861373), (0, 38.168915942144025), (0, 38.086984779678815), (0, 38.0126755639123), (0, 37.943930193542066), (0, 37.87658494138502), (0, 37.80450087270152), (0, 37.721687267133774), (0, 37.62429861061694), (0, 37.510775522908745), (0, 37.38203822030331), (0, 37.2431876205155), (0, 37.1027141406206), (0, 36.96518662509734), (0, 36.82639013935452), (0, 36.682308723861695), (0, 36.535678509520125), (0, 36.386803810134154), (0, 36.229296740398745), (0, 36.06155080933396), (0, 35.89156217469759), (0, 35.730043473852305), (0, 35.581204112397245), (0, 35.437006055441145), (0, 35.28718762137437), (0, 35.12947659305364), (0, 34.96598264411612), (0, 34.79837794083845), (0, 34.627287410271975), (0, 34.45215952305959), (0, 34.27138294580613), (0, 34.0832988162069), (0, 33.88639476769083), (0, 33.68030534512228), (0, 33.46538946671545), (0, 33.24227839078358), (0, 33.0108220243544), (0, 32.769315214662775), (0, 32.51473571733969), (0, 32.24396334027194), (0, 31.956163853299508), (0, 31.654400040804976), (0, 31.34443014163801), (0, 31.027777995188387), (0, 30.69406342983955), (0, 30.329636167805614), (0, 29.929642740588225), (0, 29.49703201018912), (0, 29.03882269906503), (0, 28.563686832714996), (0, 28.08001303854977), (0, 27.594960910737413), (0, 27.114903781789035), (0, 26.645998712018166), (0, 26.193276622197608), (0, 25.75775371017887), (0, 25.334398129966463), (0, 24.915495983272063), (0, 24.49696986130719), (0, 24.081818655939696), (0, 23.67651633365896), (0, 23.280772216586584), (0, 22.880875865776545), (0, 22.456718155915286), (0, 21.995289718952602), (0, 21.556240999631267), (0, 32.02652452089845), (0, 53.49055651454826), (0, 62.301455412142175), (0, 54.83700273304032), (0, 45.706501217902655), (0, 47.00983896555449), (0, 50.59375133882687), (0, 51.07890927135855), (0, 46.28786566052154), (0, 36.96241343873647), (0, 42.13574961826963), (0, 47.10350428104554), (0, 47.29983271546603), (0, 46.8321487934502), (0, 46.25531400042946), (0, 45.740578009508646), (0, 45.20453695884837), (0, 44.58410460451212), (0, 44.185061236006334), (0, 43.84803964100714), (0, 43.1368163304649), (0, 41.087660378224605), (0, 40.39364155011676), (0, 40.50530817222676), (0, 41.02338725775979), (0, 40.58510328293785), (0, 39.844753741697986), (0, 39.345530736170815), (0, 38.977009500395376), (0, 38.67838219826603), (0, 38.42754749365835), (0, 38.205132578801496), (0, 37.98444110843889), (0, 37.726376804565604), (0, 37.39980364019113), (0, 37.00038018679446), (0, 36.54466708877573), (0, 36.04602306600842), (0, 35.48783446972015), (0, 34.86236369851032), (0, 34.19266252858454), (0, 33.64943126259542), (0, 32.83456658315648), (0, 31.585686517024516), (0, 30.696370749714397), (0, 31.160407526465722), (0, 30.46824049790333), (0, 29.228199369125043), (0, 29.328280624089498), (0, 29.454950521955283), (0, 28.985760399760327), (0, 27.894138876170974), (0, 28.372915675199987), (0, 28.420565789707705), (0, 28.735143463785814), (0, 27.83779433820907), (0, 27.275490309130923), (0, 26.732785563524498), (0, 28.890116389943742), (0, 29.192228953411973), (0, 28.29817244443038), (0, 26.343996744830097), (0, 26.434142066397428), (0, 27.009214362322417), (0, 26.476817271656262), (0, 26.104578810574516), (0, 25.835942386575983), (0, 25.58914660102084), (0, 25.377967335839777), (0, 25.460703207913635), (0, 25.219356909257122), (0, 24.863143987063292), (0, 24.486626042098994), (0, 24.699250795943605), (0, 24.008614580860385), (0, 24.04612880172155), (0, 24.10188342020907), (0, 23.604514111369447), (0, 23.93554307767498), (0, 23.822215349396913), (0, 23.360857060888627), (0, 23.56678543709491), (0, 23.350248882228072), (0, 23.17300023708573), (0, 23.238313652594332), (0, 22.977476282069116), (0, 23.03339707991865), (0, 22.91538049451855), (0, 22.768002196892482), (0, 22.833363217526564), (0, 22.64959893493149), (0, 22.666634060884775), (0, 22.604789717145454), (0, 22.496956870814337), (0, 22.51729239679195), (0, 22.394396517237478), (0, 22.369956211074122), (0, 22.318039723339503), (0, 22.23445283952665), (0, 22.23319267077417), (0, 22.1331338660419), (0, 22.126952683406508), (0, 22.04871149149396), (0, 22.0196293517272), (0, 21.96030395356678), (0, 21.924286871709082), (0, 21.883749229909444), (0, 21.832727937096436), (0, 21.803849831437955), (0, 21.766602246268175), (0, 21.734858774731197), (0, 21.694522033778668), (0, 21.66012909337297), (0, 21.642146957246723), (0, 21.605477020165914), (0, 21.603397794559474), (0, 21.58569864282822), (0, 21.553032144356845), (0, 21.565734385399765), (0, 21.56345439315343), (0, 21.535669961563674), (0, 21.5010497494652), (0, 21.466843518387666), (0, 21.441703253008576), (0, 21.45999256755779), (0, 21.475930040283508), (0, 21.463782603119338), (0, 21.361468660648022), (0, 21.356091366444307), (0, 21.414190255779797), (0, 21.395240705288927), (0, 21.291197987651568), (0, 21.36155433102094), (0, 21.476801150774925), (0, 21.360965105174145), (0, 21.271968891795538), (0, 21.213894213389406), (0, 21.225248871630978), (0, 21.201223458848414), (0, 21.16871079913579), (0, 21.137134437831122), (0, 21.123857272403527), (0, 21.09261327615571), (0, 21.08344194745961), (0, 21.086039609906106), (0, 21.0454996224272), (0, 21.127737850710115), (0, 21.111688529582512), (0, 21.137901162764347), (0, 20.988685102039174), (0, 21.2294126651985), (0, 21.176236811391856), (0, 21.014104500702462), (0, 21.081016749008256), (0, 20.954261298254117), (0, 21.112672091644423), (0, 21.080286458444068), (0, 20.924318458582412), (0, 20.9887682231482), (0, 20.90354732271794), (0, 20.911655221318846), (0, 20.826480701812336), (0, 20.857653193181388), (0, 20.846835988447584), (0, 20.78674855480644), (0, 20.85100933004778), (0, 20.767891836970882), (0, 20.78660711522501), (0, 20.759867886457062), (0, 20.730009297110406), (0, 20.74084746919993), (0, 20.710498744425404), (0, 20.716389444040598), (0, 20.69153314042224), (0, 20.67454453602168), (0, 20.67377686156865), (0, 20.651398376688356), (0, 20.652061806583507), (0, 20.63380245325992), (0, 20.61718960376632), (0, 20.616748326987672), (0, 20.59386447260297), (0, 20.58989424344946), (0, 20.576854425763628), (0, 20.558901294581897), (0, 20.553524423293617), (0, 20.535721891702636), (0, 20.52380410545327), (0, 20.5135522952292), (0, 20.49773487172156), (0, 20.483155779261242), (0, 20.472373426515713), (0, 20.455345360296644), (0, 20.44169469664117), (0, 20.428250060973543), (0, 20.41205160470672), (0, 20.395954636701017), (0, 20.381703428290656), (0, 20.36493399236291), (0, 20.34819862347232), (0, 20.3324723522399), (0, 20.315692106931774), (0, 20.297998326571157), (0, 20.28093394461648), (0, 20.264137489913118), (0, 20.246318698570857), (0, 20.229040648356104), (0, 20.212304112000282), (0, 20.195236322636454), (0, 20.17823399743158), (0, 20.162217921230994), (0, 20.146354649379617), (0, 20.13074267859995), (0, 20.116235436522274), (0, 20.101885950815745), (0, 20.08816713119682), (0, 20.075458241538126), (0, 20.06286243418257), (0, 20.05148708311238), (0, 20.04020744619795), (0, 20.030128209098482), (0, 20.020067856993972), (0, 20.011050205851166), (0, 20.002198297167656), (0, 19.993916378886254), (0, 19.98618520768099), (0, 19.978411629691582), (0, 19.971196620159745), (0, 19.96423322065928), (0, 19.9570899084675), (0, 19.950229047668557), (0, 19.94364347830339), (0, 19.93696561569292), (0, 19.93023832227947), (0, 19.923555771636618), (0, 19.917010235790805), (0, 19.910517890910516), (0, 19.903923934427176), (0, 19.897274794924424), (0, 19.8906003735473), (0, 19.883979001329884), (0, 19.877391695531223), (0, 19.870760168500983), (0, 19.864061811435377), (0, 19.857299786428175), (0, 19.85052325910748), (0, 19.843711513192282), (0, 19.83679024235244), (0, 19.829725511768267), (0, 19.822521906701144), (0, 19.81516815888603), (0, 19.807594466485284), (0, 19.799747197340537), (0, 19.791636155776576), (0, 19.78325054741643), (0, 19.77456867449193), (0, 19.76564967261312), (0, 19.75658504609463), (0, 19.747447149110876), (0, 19.738329751689488), (0, 19.729297213647417), (0, 19.72032524870093), (0, 19.711346043203214), (0, 19.702286889045105), (0, 19.69309161644807), (0, 19.683769297522346), (0, 19.674406576390822), (0, 19.66512153298024), (0, 19.656026368352133), (0, 19.647211920908934), (0, 19.638727028455573), (0, 19.63057001586908), (0, 19.622710614073824), (0, 19.615105818928736), (0, 19.60769999597663), (0, 19.600437351770672), (0, 19.5932735672862), (0, 19.586171980792376), (0, 19.579100609043778), (0, 19.57203424308847), (0, 19.564954420794752), (0, 19.557845947388063), (0, 19.550693725918766), (0, 19.543482881690476), (0, 19.536199426553114), (0, 19.528829415995027), (0, 19.521357656919673), (0, 19.51376669468839), (0, 19.506036399086103), (0, 19.49814382475876), (0, 19.490062612416335), (0, 19.481762780866205), (0, 19.47320925868605), (0, 19.46435980217893), (0, 19.455157478453934), (0, 19.44551254773163), (0, 19.435255968091063), (0, 19.424026275627927), (0, 19.410991820054633), (0, 19.394174583454713), (0, 19.369024978885232), (0, 19.327056355384116), (0, 19.259383084958053), (0, 19.16732422434416), (0, 19.0715119499626), (0, 19.003154034948725), (0, 18.973749338094997), (0, 18.969123737251913), (0, 18.974322869021137), (0, 18.980958730732013), (0, 18.98387112285011), (0, 18.977797087053478), (0, 18.965164821671177), (0, 18.946816671887124), (0, 18.927874123402592), (0, 18.910338259596195), (0, 18.894884258618998), (0, 46.00479021589919), (0, 33.01206167992927), (0, 41.3829511603754), (0, 27.671878977496476), (0, 20.617492660941707), (0, 27.120619699656793), (0, 28.16453585650436), (0, 29.88733722153113), (0, 28.625390296781518), (0, 26.48075704035498), (0, 25.105567928476145), (0, 27.26699991799572), (0, 24.640595490740434), (0, 26.006303927843483), (0, 25.890427217742346), (0, 22.295618431993816), (0, 21.061167535920287), (0, 20.234379569430914), (0, 20.74192509877692), (0, 21.175203587040574), (0, 24.685939337330606), (0, 20.85602247007977), (0, 20.344667218959763), (0, 20.648951344350614), (0, 20.62502302063355), (0, 20.490165512736297), (0, 20.962257100461414), (0, 21.041776898174927), (0, 20.94384644049535), (0, 20.817097145403913), (0, 20.539612015339355), (0, 20.017901761128858), (0, 19.66427228101235), (0, 19.732553070287487), (0, 19.747465638448976), (0, 19.766231548081272), (0, 19.873534600134377), (0, 19.928395852574653), (0, 19.857726879681355), (0, 19.725090499152838), (0, 19.664603222234184), (0, 19.669977076248763), (0, 19.678784473650147), (0, 19.67969439020217), (0, 19.67547030999495), (0, 19.668062161212113), (0, 19.65827064542226), (0, 19.646362943406036), (0, 19.632346429819954), (0, 19.61602732668538), (0, 19.596899911971885), (0, 19.573841826790318), (0, 19.54474759053994), (0, 19.50762808009309), (0, 19.469731249068186), (0, 19.46035759908534), (0, 19.487104005568487), (0, 19.48706862061987), (0, 19.44053482168115), (0, 19.405850810173753), (0, 19.402119979720602), (0, 19.407827028792113), (0, 19.40489595190952), (0, 19.387527703011106), (0, 19.36029821355278), (0, 19.33813683766289), (0, 19.332854838265618), (0, 19.33381469598978), (0, 19.31667067275753), (0, 19.286978768561063), (0, 19.268772200451128), (0, 19.260057313030252), (0, 19.24463863447425), (0, 19.217910857600465), (0, 19.200989413172252), (0, 19.201479502330518), (0, 19.167568719288965), (0, 19.15842095577531), (0, 19.143190488418465), (0, 19.110311399651035), (0, 19.104494737392926), (0, 19.06812597217572), (0, 19.05856537472449), (0, 19.02824854507284), (0, 19.0220639781592), (0, 18.993905401794187), (0, 18.97070662789935), (0, 18.97749955053256), (0, 19.02404366783223), (0, 18.925277969662787), (0, 19.517727371705572), (0, 19.59190082073734), (0, 31.584525553053894), (0, 32.04129874668855), (0, 19.39615023256388), (0, 19.70358987064896), (0, 19.584696067933493), (0, 19.33291938000986), (0, 19.144594280124494), (0, 19.142404691322803), (0, 19.246637708730322), (0, 19.35323981026304), (0, 19.311625353025637), (0, 19.173281906039076), (0, 19.14637233863175), (0, 19.162874164173683), (0, 19.029068289732557), (0, 18.883691741606956), (0, 18.86723491122006), (0, 18.92983815914584), (0, 18.91656071298657), (0, 18.961618019315242), (0, 18.950093517904175), (0, 18.892809314247216), (0, 18.83872047278083), (0, 18.821285861761577), (0, 18.82758227143105), (0, 18.821671717359738), (0, 18.795238789854377), (0, 18.76495724868859), (0, 18.74373421772527), (0, 18.72376829767512), (0, 18.68942259086354), (0, 18.650130666943905), (0, 18.61757327129222), (0, 18.587263369897652), (0, 18.552003612394188), (0, 18.50594497243979), (0, 18.445505785137723), (0, 18.37362818452136), (0, 18.300200953616194), (0, 18.235738559790324), (0, 18.187309189380827), (0, 18.15973598616335), (0, 18.14509174169752), (0, 18.118058911124386), (0, 18.080336039777503), (0, 18.045876226110753), (0, 18.007712264378544), (0, 17.95588838208441), (0, 17.900991289031708), (0, 17.859481659825793), (0, 17.819628430712253), (0, 17.77563085691883), (0, 17.744417591325412), (0, 17.715085156728716), (0, 17.68031599749102), (0, 17.646293174865455), (0, 17.61697062956494), (0, 17.58386231221686), (0, 17.551235961965965), (0, 17.522961977442563), (0, 17.492150119990104), (0, 17.457529634371753), (0, 17.423017462280537), (0, 17.383515741341224), (0, 17.33454129735037), (0, 17.27820665304419), (0, 17.20931392992671), (0, 17.126173984108185), (0, 17.03666724167314), (0, 16.949968999319367), (0, 16.87545840005467), (0, 16.82239946363717), (0, 16.78906718731934), (0, 16.769548139332908), (0, 16.75508874401718), (0, 16.735678069570582), (0, 16.7096229205273), (0, 16.67807503961865), (0, 16.642503559747762), (0, 16.606323477919734), (0, 16.571653850159706), (0, 16.539014128392868), (0, 16.509413765095907), (0, 16.483009191137032), (0, 16.4589328777545), (0, 16.436819210373358), (0, 16.41646776229571), (0, 16.397084904150194), (0, 16.37813781913213), (0, 16.359549755201414), (0, 16.340977080307756), (0, 16.32218669360893), (0, 16.303435201229085), (0, 16.28496110940332), (0, 16.266833762772933), (0, 16.249249125318705), (0, 16.232375272155725), (0, 16.21614031580551), (0, 16.200417641662114), (0, 16.18517282916289), (0, 16.17035609920544), (0, 16.1558679758298), (0, 16.141667267485165), (0, 16.12775961905147), (0, 16.114095946890117), (0, 16.10060103384494), (0, 16.087252017096112), (0, 16.074045438581617), (0, 16.060959414322557), (0, 16.047996189858395), (0, 16.035184712095713), (0, 16.022528952704796), (0, 16.010013447046926), (0, 15.997639280173521), (0, 15.985411640792059), (0, 15.973322155600497), (0, 15.961367494293865), (0, 15.949554605532672), (0, 15.937879059545322), (0, 15.926323926426443), (0, 15.914876993061124), (0, 15.903529387372243), (0, 15.892267082485478), (0, 15.881079214939351), (0, 15.86996502506583), (0, 15.858924933472077), (0, 15.847955652703865), (0, 15.837056428425361), (0, 15.826229132595266), (0, 15.815472426485535), (0, 15.804783953596775), (0, 15.794164902284946), (0, 15.783616482410809), (0, 15.773136795001244), (0, 15.762724098891251), (0, 15.752377528717542), (0, 15.742094186430883), (0, 15.731870541682294), (0, 15.721705159680956), (0, 15.71159693739188), (0, 15.701543763316405), (0, 15.691544217627769), (0, 15.681597316480648), (0, 15.671700826450634), (0, 15.661852187208837), (0, 15.652049686968509), (0, 15.64229149070519), (0, 15.63257536190663), (0, 15.622899603451184), (0, 15.613262665046921), (0, 15.603662274929642), (0, 15.59409589580422), (0, 15.584560978822147), (0, 15.575054209017347), (0, 15.565571266183548), (0, 15.556106836905876), (0, 15.546653554319716), (0, 15.537200471980093), (0, 15.527731316838842), (0, 15.518220739769408), (0, 15.508626841706432), (0, 15.498876917681455), (0, 15.488837019522038), (0, 15.478243324504469), (0, 15.46654505082944), (0, 15.45256132438146), (0, 15.433906806146313), (0, 15.406645429650348), (0, 15.365882791184216), (0, 15.307107886103124), (0, 15.229167875754538), (0, 15.138216339417362), (0, 15.047536771425882), (0, 14.971965971363835), (0, 14.921420810223381), (0, 14.895451654658391), (0, 14.884938400929386), (0, 14.880421132701553), (0, 14.876022549023775), (0, 14.868798997703578), (0, 14.857738931827988), (0, 14.842665991550856), (0, 14.823651460673934), (0, 14.801532211919533), (0, 14.777714548079308), (0, 14.7533946875878), (0, 14.729781110813715), (0, 14.707780603248006), (0, 14.687550226837883), (0, 14.669219614711745), (0, 14.652663291977914), (0, 14.637423991699366), (0, 14.623285355532463), (0, 14.60995780286989), (0, 14.597134440676745), (0, 14.58468957210248), (0, 14.572422414167596), (0, 14.560131168872804), (0, 14.54771513404468), (0, 14.535094633406294), (0, 14.522253162831616), (0, 14.509272385947913), (0, 14.496234910535888), (0, 14.483196531399214), (0, 14.470234487025682), (0, 14.457418207665857), (0, 14.44477259095387), (0, 14.432316470703865), (0, 14.420072302611421), (0, 14.408031249374341), (0, 14.396168994296257), (0, 14.384471919087229), (0, 14.372916321540332), (0, 14.361469666300529), (0, 14.350117326408144), (0, 14.33885010764287), (0, 14.32765221243097), (0, 14.31651847123241), (0, 14.305448952100365), (0, 14.294435706870603), (0, 14.283475109643193), (0, 14.27256861632006), (0, 14.261711869944351), (0, 14.250902298338413), (0, 14.240141886173475), (0, 14.229428317223206), (0, 14.218758906737497), (0, 14.20813506439998), (0, 14.197556418632953), (0, 14.18702198007049), (0, 14.17653403308426), (0, 14.166093781014695), (0, 14.155700335975778), (0, 14.145354032033158), (0, 14.135054242584198), (0, 14.124798281164457), (0, 14.11458449951007), (0, 14.104411615287306), (0, 14.094277435600175), (0, 14.08418086033896), (0, 14.074121466009627), (0, 14.06409801926431), (0, 14.054109718666325), (0, 14.04415622878682), (0, 14.034236533021241), (0, 14.024349771670936), (0, 14.014495481602177), (0, 14.00467268411427), (0, 13.994880389770326), (0, 13.985117967358482), (0, 13.975384551215043), (0, 13.965679377014661), (0, 13.956002154824386), (0, 13.946352583072464), (0, 13.93673041301718), (0, 13.92713566727353), (0, 13.917568233894157), (0, 13.90802784719721), (0, 13.898514315193394), (0, 13.889027299779604), (0, 13.879566316745215), (0, 13.870130963961552), (0, 13.860720795553442), (0, 13.851335305161099), (0, 13.841974095675303), (0, 13.832636796529616), (0, 13.823323025293599), (0, 13.814032499039469), (0, 13.804764969727652), (0, 13.795520161990082), (0, 13.786297846021585), (0, 13.777097788356839), (0, 13.767919707622493), (0, 13.75876333526015), (0, 13.749628401608069), (0, 13.740514612970577), (0, 13.731421701665603), (0, 13.72234942042791), (0, 13.713297515874011), (0, 13.704265758945983), (0, 13.695253936917931), (0, 13.68626182884092), (0, 13.677289226069886), (0, 13.668335928434267), (0, 13.659401725359503), (0, 13.650486413727595), (0, 13.641589795052406), (0, 13.632711663054051), (0, 13.623851818431243), (0, 13.615010067910815), (0, 13.606186215287174), (0, 13.597380072375817), (0, 13.58859145707853), (0, 13.5798201860924), (0, 13.571066079069716), (0, 13.562328960342377), (0, 13.553608650383685), (0, 13.54490496969454), (0, 13.536217740752138), (0, 13.527546784143057), (0, 13.518891919599717), (0, 13.510252969243352), (0, 13.501629751966226), (0, 13.493022085181957), (0, 13.48442978652371), (0, 13.475852667811663), (0, 13.467290538855964), (0, 13.458743203350215), (0, 13.450210458219365), (0, 13.441692093347413), (0, 13.433187887486197), (0, 13.424697607974426), (0, 13.416221006126978), (0, 13.407757816170665), (0, 13.39930775046448), (0, 13.39087049301891), (0, 13.38244569536255), (0, 13.374032968080527), (0, 13.36563186910617), (0, 13.357241892923923), (0, 13.348862453519018), (0, 13.340492860856507), (0, 13.332132294250439), (0, 13.323779763687693), (0, 13.31543405578182), (0, 13.307093664095438), (0, 13.298756687929874), (0, 13.290420690056376), (0, 13.282082490992108), (0, 13.273737861812977), (0, 13.265381065569233), (0, 13.25700414133319), (0, 13.248595762717994), (0, 13.240139356859045), (0, 13.231609884071418), (0, 13.222968104199353), (0, 13.21414985991542), (0, 13.20504496371852), (0, 13.195453071047622), (0, 13.184985478442565), (0, 13.172833383709776), (0, 13.157204600734309), (0, 13.134058660230362), (0, 13.095375470327651), (0, 13.031028847950747), (0, 12.938853282432335), (0, 12.83439362467706), (0, 12.746512298614215), (0, 12.697091261047401), (0, 12.684953065693076), (0, 12.691427908211297), (0, 12.697512611262036), (0, 12.693273182708216), (0, 12.677220078326945), (0, 12.652110520831075), (0, 12.621984344300138), (0, 12.590726297529546), (0, 12.560987879923973), (0, 12.534126722908969), (0, 12.510620561819794), (0, 12.49026628713816), (0, 12.472708126607063), (0, 12.45747755009775), (0, 12.443931819376937), (0, 12.431464960330139), (0, 12.419438986316695), (0, 12.407396467663366), (0, 12.395108798180273), (0, 12.382483785817328), (0, 12.369579435215812), (0, 12.356437479704146), (0, 12.343121587827698), (0, 12.329744992186045), (0, 12.316394448423054), (0, 12.30318252155119), (0, 12.290215830789506), (0, 12.277545159203493), (0, 12.26520474042669), (0, 12.25318240147929), (0, 12.24142783132926), (0, 12.229892989841037), (0, 12.21851572226493), (0, 12.207251931874456), (0, 12.196079913156005), (0, 12.184981160792612), (0, 12.173957625000275), (0, 12.163009384339013), (0, 12.152132775059195), (0, 12.141328840327702), (0, 12.130588607991994), (0, 12.119905765674853), (0, 12.109275841252725), (0, 12.098691296648076), (0, 12.088151154912271), (0, 12.077653606174373), (0, 12.067197497852735), (0, 12.056785539756461), (0, 12.04641802910255), (0, 12.036097577730786), (0, 12.025827057672828), (0, 12.015606742616193), (0, 12.00543772874598), (0, 11.995318175497722), (0, 11.985245011980835), (0, 11.975215765079206), (0, 11.965226870124757), (0, 11.955276808407028), (0, 11.945364972683747), (0, 14.27893643494253), (0, 47.492225210172315), (0, 13.831942620424948), (0, 32.92208499091448), (0, 45.00949593171272), (0, 47.828292692621844), (0, 27.168737371109803), (0, 17.106490999029717), (0, 19.24824206104981), (0, 25.82195339289858), (0, 28.953198620262906), (0, 35.13364228221034), (0, 34.948339088794306), (0, 28.122277954758747), (0, 25.257206956799557), (0, 22.44920172169876), (0, 18.72163183699732), (0, 15.92953437575076), (0, 16.797037697238768), (0, 23.94088117085961), (0, 28.084392391963092), (0, 27.698451671551357), (0, 21.477265031013427), (0, 15.814312677699423), (0, 15.508461794724923), (0, 15.117199910683023), (0, 15.13855973582303), (0, 15.17058588941475), (0, 15.17166114019728), (0, 15.394815054250904), (0, 15.279962542247446), (0, 15.29310539547158), (0, 15.320696502704427), (0, 15.332152981199352), (0, 15.33152283066609), (0, 15.321768282332066), (0, 15.304650637254714), (0, 15.28087335891407), (0, 15.24930859914726), (0, 15.203347650872534), (0, 15.104580490139007), (0, 14.562195147570653), (0, 14.314450472845813), (0, 15.74599993914958), (0, 14.102929837395333), (0, 14.719616079303975), (0, 14.271409997166327), (0, 13.816879622501713), (0, 13.634223946125081), (0, 14.519518004621212), (0, 14.241049007054867), (0, 13.636220161854498), (0, 13.703737190524292), (0, 13.774543168779603), (0, 13.847699595636163), (0, 13.906932921714315), (0, 13.933713476752173), (0, 13.93289147769479), (0, 13.910370558368175), (0, 13.87099936741016), (0, 13.819275000736141), (0, 13.757816428866759), (0, 13.680945541991944), (0, 13.522005085710502), (0, 12.635670167863209), (0, 12.59732060564425), (0, 12.617484547010328), (0, 12.6173396859511), (0, 12.582839279685459), (0, 12.50685917258752), (0, 12.415021937068667), (0, 12.342004806165587), (0, 12.30052089562243), (0, 12.282665372885681), (0, 12.273466630041844), (0, 12.261562590522654), (0, 12.24098929656336), (0, 12.209523474696317), (0, 12.168710417676923), (0, 12.124927239409619), (0, 12.087188614082894), (0, 12.061199231519913), (0, 12.04606728829307), (0, 12.03528971240966), (0, 12.021132473822407), (0, 11.999670718028554), (0, 11.971583614306391), (0, 11.941923232099406), (0, 11.917062030356734), (0, 11.8989897219399), (0, 11.885345703156558), (0, 11.872526520223765), (0, 11.857729387689483), (0, 11.839945782493011), (0, 11.819984588295204), (0, 11.799646258240406), (0, 11.780606020787136), (0, 11.763674652942552), (0, 11.748679101493234), (0, 11.734726940207484), (0, 11.720628003359316), (0, 11.70546801246991), (0, 11.68909993333358), (0, 11.672103938212931), (0, 11.655259887970772), (0, 11.639071174434008), (0, 11.623646956346747), (0, 11.608810694827197), (0, 11.594250715400195), (0, 11.57965424943532), (0, 11.564811060007564), (0, 11.549665353100476), (0, 11.534302459347773), (0, 11.518884331750735), (0, 11.50357000471545), (0, 11.488456444464493), (0, 11.473556409445369), (0, 11.458810043546753), (0, 11.44411721814268), (0, 11.429376635744129), (0, 11.414518708553196), (0, 11.39952121636869), (0, 11.384403450698343), (0, 11.369204810648567), (0, 11.35396014114533), (0, 11.338682261569955), (0, 11.32335561816023), (0, 11.307939403157551), (0, 11.292375713380379), (0, 11.27659741243283), (0, 11.260530625994189), (0, 11.244089488604741), (0, 11.227168964099636), (0, 11.209658166965129), (0, 11.19151437436045), (0, 11.172926195433375), (0, 11.15451331715006), (0, 11.137307017762366), (0, 11.121837715308885), (0, 11.106758815686714), (0, 11.090956202318239), (0, 11.074957721088222), (0, 11.059680931450343), (0, 11.045643998110293), (0, 11.032724177075542), (0, 11.02032243679959), (0, 11.007816613861054), (0, 10.994927716884664), (0, 10.981774557013425), (0, 10.96872987329464), (0, 10.956260698927528), (0, 10.94482507454191), (0, 10.934686477859142), (0, 10.925365393514163), (0, 10.915641146601471), (0, 10.905218339153418), (0, 10.894918011950734), (0, 10.885531698355043), (0, 10.877137913406559), (0, 10.869171120319065), (0, 10.86099979339389), (0, 10.85239991446636), (0, 10.843577534058884), (0, 10.834899999789263), (0, 10.826602611823626), (0, 10.818650646129658), (0, 10.81081479564238), (0, 10.802868311655601), (0, 10.794735787728124), (0, 10.786501232102138), (0, 10.778311864017025), (0, 10.770266767636974), (0, 10.762360956594387), (0, 10.754508682849702), (0, 10.746617664362006), (0, 10.738654386142825), (0, 10.73065508989716), (0, 10.722684417745498), (0, 10.714780658720345), (0, 10.70692762179272), (0, 10.699065876120942), (0, 10.691124753115451), (0, 10.683042524178509), (0, 10.674749112837983), (0, 10.66609903223737), (0, 10.656747269791891), (0, 10.645975174316058), (0, 10.632548024486626), (0, 10.614672894506544), (0, 10.589903691944407), (0, 10.555189294404254), (0, 10.507841947865629), (0, 10.447927365965738), (0, 10.380818782314744), (0, 10.31608779802813), (0, 10.261505190622147), (0, 10.219436140796525), (0, 10.190094551211622), (0, 10.173617751397277), (0, 10.167089376030782), (0, 10.16397438196326), (0, 10.158187775814136), (0, 10.146875048038444), (0, 10.130097020561657), (0, 10.109533615739537), (0, 10.08736943448443), (0, 10.065520225767875), (0, 10.045238544209306), (0, 10.027081901031906), (0, 10.01109572969704), (0, 9.997035150068156), (0, 9.984530658372528), (0, 9.97318538171202), (0, 9.96262567113072), (0, 9.952527186667075), (0, 9.942629128896414), (0, 9.932741614891738), (0, 9.9227473914208), (0, 9.912597499608705), (0, 9.902300072473357), (0, 9.891902566432702), (0, 9.881470383765802), (0, 9.871067167609064), (0, 9.860741839375224), (0, 9.850524401839351), (0, 9.840428651400087), (0, 9.830457720536208), (0, 9.820608834554209), (0, 9.81087594079751), (0, 9.801251045225067), (0, 9.791725703042456), (0, 9.782293035365145), (0, 9.77294918037927), (0, 9.763692824025123), (0, 9.754522764687588), (0, 9.745435126483896), (0, 9.736422241808063), (0, 9.727473940008629), (0, 9.718580133290704), (0, 9.709732784199534), (0, 9.700926178906297), (0, 9.692156014352541), (0, 9.683418632077279), (0, 9.674711170101506), (0, 9.666032166005277), (0, 9.657381544665002), (0, 9.64875948024585), (0, 9.640164634458063), (0, 9.631592691706734), (0, 9.62303552714874), (0, 9.614480279376355), (0, 9.605906668047902), (0, 9.597279955272919), (0, 9.588534440037362), (0, 9.579534781539857), (0, 9.569984359819918), (0, 9.55923041413872), (0, 9.545991055414607), (0, 9.528233689419977), (0, 9.503197901870564), (0, 9.467662592824736), (0, 9.41974653111954), (0, 9.362694963876853), (0, 9.306856493747727), (0, 9.263637761602322), (0, 9.236024798732899), (0, 9.21923224878577), (0, 9.207829750890273), (0, 9.197588851955983), (0, 9.184803195553513), (0, 9.167455908725366), (0, 9.145847642043767), (0, 9.121938390085365), (0, 9.098206827075401), (0, 9.076564123327001), (0, 9.05781374510432), (0, 9.041797864493507), (0, 9.027873041941234), (0, 9.015315525409052), (0, 9.003525232579145), (0, 8.992081173849579), (0, 8.980727445189508), (0, 8.969337180884699), (0, 8.957874506095283), (0, 8.946361141310714), (0, 8.934849132415525), (0, 8.92339950742522), (0, 8.912066647284862), (0, 8.900888720599395), (0, 8.889884381755838), (0, 8.87905486451988), (0, 8.868389302835812), (0, 8.857870645953177), (0, 8.847480317594618), (0, 8.837201083450996), (0, 8.827018589356934), (0, 8.816922169214392), (0, 8.806905124253221), (0, 8.79696434342728), (0, 8.787099228656668), (0, 8.777310266729113), (0, 8.767597808473356), (0, 8.757961432711355), (0, 8.748399866566654), (0, 8.738911138544912), (0, 8.729492688060652), (0, 8.720141407533173), (0, 8.710853762730105), (0, 8.701626075789298), (0, 8.692454865621885), (0, 8.683337047792053), (0, 8.674269902445849), (0, 8.66525090366518), (0, 8.656277583855928), (0, 8.647347527275025), (0, 8.638458446830095), (0, 8.629608243654898), (0, 8.620795003136635), (0, 8.612016968326413), (0, 8.603272546579287), (0, 8.594560356733231), (0, 8.585879263881832), (0, 8.57722835407542), (0, 8.56860685325197), (0, 8.560014043159894), (0, 8.551449220338892), (0, 8.542911699826742), (0, 8.534400830376777), (0, 8.525915994308361), (0, 8.517456594425171), (0, 8.509022050074712), (0, 8.500611813585985), (0, 8.492225392046088), (0, 8.483862351403928), (0, 8.475522298978163), (0, 8.46720485821457), (0, 8.458909654392032), (0, 8.450636315512538), (0, 8.442384478061586), (0, 8.434153789046178), (0, 8.42594390196626), (0, 8.417754476882083), (0, 8.409585187254368), (0, 8.401435727762438), (0, 8.393305818330845), (0, 8.385195198088716), (0, 8.377103618088341), (0, 8.369030836048633), (0, 8.360976615950536), (0, 8.352940729264029), (0, 8.34492295336363), (0, 8.336923070183865), (0, 8.32894086541507), (0, 8.3209761295044), (0, 8.313028661279652), (0, 8.305098267713003), (0, 8.297184763299649), (0, 8.289287966569903), (0, 8.281407699505698), (0, 8.273543787267567), (0, 8.265696058709851), (0, 8.257864345312804), (0, 8.250048481731987), (0, 8.242248304889328), (0, 8.234463655602719), (0, 8.226694379442986), (0, 8.218940326078592), (0, 8.211201349447652), (0, 8.203477306790361), (0, 8.195768058309852), (0, 8.188073467374126), (0, 8.180393399640844), (0, 8.172727723560605), (0, 8.165076310179076), (0, 8.157439032448035), (0, 8.149815766244402), (0, 8.14220639027277), (0, 8.134610786230521), (0, 8.127028837811928), (0, 8.11946043126477), (0, 8.111905455020816), (0, 8.104363799843112), (0, 8.096835357904807), (0, 8.089320023388655), (0, 8.08181769215638), (0, 8.074328261762462), (0, 8.066851631722802), (0, 8.059387702712659), (0, 8.051936377223205), (0, 8.044497559215163), (0, 8.037071154054917), (0, 8.029657068701896), (0, 8.0222552108625), (0, 8.014865489633483), (0, 8.007487815171118), (0, 8.000122098647672), (0, 7.992768252214102), (0, 7.985426188937804), (0, 7.9780958229616985), (0, 7.970777068661449), (0, 7.963469841304047), (0, 7.956174056702321), (0, 7.948889631091535), (0, 7.941616480983061), (0, 7.934354523018418), (0, 7.9271036738239715), (0, 7.9198638498572596), (0, 7.912634967474601), (0, 7.9054169419747256), (0, 7.898209688094907), (0, 7.891013119485895), (0, 7.883827148394512), (0, 7.876651685285547), (0, 7.869486638391344), (0, 7.862331913188307), (0, 7.855187411786438), (0, 7.8480530322104585), (0, 7.840928667535936), (0, 7.833814204847157), (0, 7.826709523975502), (0, 7.81961449595773), (0, 7.812528981146434), (0, 7.805452826868667), (0, 7.79838586450507), (0, 7.7913279058267575), (0, 7.784278738364337), (0, 7.77723811949264), (0, 7.770205768810333), (0, 7.7631813582108045), (0, 7.7561644988159655), (0, 7.7491547235708955), (0, 7.742151463769784), (0, 7.735154016966605), (0, 7.72816150245533), (0, 7.721172798510857), (0, 7.714186452355845), (0, 7.707200548486272), (0, 7.700212511979977), (0, 7.693218807762396), (0, 7.686214468793765), (0, 7.6791923341962285), (0, 7.67214178091687), (0, 7.66504653258375), (0, 7.657880727242151), (0, 7.650601538781735), (0, 7.6431346255212915), (0, 7.635343763034241), (0, 7.626963314708807), (0, 7.617437887998999), (0, 7.605525083307699), (0, 7.588379175150805), (0, 7.5603184031993065), (0, 7.514478634657845), (0, 7.450437807634218), (0, 7.380858248187042), (0, 7.323372313642633), (0, 7.281673349447258), (0, 7.249813150107257), (0, 7.227754265749228), (0, 7.217417340607155), (0, 7.2153746272998935), (0, 7.215934125669896), (0, 7.214721723844734), (0, 7.209379929301079), (0, 7.199333582168014), (0, 7.185293656400058), (0, 7.16864700045041), (0, 7.1509148372234765), (0, 7.133389186575175), (0, 7.116952602606186), (0, 7.102046550654888), (0, 7.088749701852064), (0, 7.076911119184975), (0, 7.066273573224001), (0, 7.056551795171301), (0, 7.047472446349914), (0, 7.03879554684116), (0, 7.030325495252026), (0, 7.021913013083452), (0, 7.013452943310503), (0, 7.004882862178477), (0, 6.996180928374979), (0, 6.98735854854357), (0, 6.978448324760471), (0, 6.969492377432101), (0, 6.96053411945501), (0, 6.951611980351421), (0, 6.942753679261715), (0, 6.933973188539969), (0, 6.925272381372777), (0, 6.9166447616297795), (0, 6.908077249640677), (0, 6.8995499135688405), (0, 6.891035435635746), (0, 6.882496840620277), (0, 6.873879930086723), (0, 6.865098310870333), (0, 6.856006807482509), (0, 6.846347793308096)]