Model Setup for {PATIENT_GROUPS} Trained Network:

RNN Network Architecture Parameters
Input channels=1
Hidden channels=128
Output channels=4

Training hyperparameters
Optimizer=AdamW (
Parameter Group 0
    amsgrad: False
    betas: (0.9, 0.999)
    capturable: False
    differentiable: False
    eps: 1e-08
    foreach: None
    fused: None
    lr: 0.001
    maximize: False
    weight_decay: 1e-06
)Training Iterations=1000
Learning rate=0.001
Weight decay=1e-06
Optimizer reset frequency=1000

Dropout probability (after initial linear layer before NCDE): 0.0
Training Data Selection Parameters
(If not virtual, the only important params are the groups and whether data was normalized/standardized)
Patient groups=['Control']
Augmentation strategy=Uniform
Noise Magnitude=0.05
Normalized/standardized=None
Number of virtual patients per real patient=1
Label smoothing factor=0
Test Patient Combinations:
Control: None
MDD: None
Training batch size=1
Training Results:
Runtime=4.95641016960144
Loss over time=[(0, 132.25914999924493), (0, 105.28893679472111), (0, 105.27407666675776), (0, 105.25582616903094), (0, 105.21223772103407), (0, 105.00445025290873), (0, 104.78156547036191), (0, 104.51338350439704), (0, 104.2103774820374), (0, 103.87882568668883), (0, 103.52266093189957), (0, 103.14480944014792), (0, 102.74810106201555), (0, 102.33584509831424), (0, 101.90927623341612), (0, 101.47659904314312), (0, 101.03962386480381), (0, 100.6007408159266), (0, 100.16166441958477), (0, 99.724130073986), (0, 99.29053275824575), (0, 98.86389590928819), (0, 98.44691736368507), (0, 98.04142229329224), (0, 97.64889189073004), (0, 97.27106923963473), (0, 96.90999687993875), (0, 96.56770660758669), (0, 96.24581789603056), (0, 95.94519295058676), (0, 95.66573499927038), (0, 95.40641649355175), (0, 95.16546977666286), (0, 94.94061439190934), (0, 94.72946363058246), (0, 94.53009905939784), (0, 94.34142417177752), (0, 94.1630285347922), (0, 93.99474685154904), (0, 93.83628008266264), (0, 93.68707009978517), (0, 93.54638341455768), (0, 93.41343468678282), (0, 93.28745503694267), (0, 93.16765485629637), (0, 93.05316537411379), (0, 92.94313346121878), (0, 92.83687671365462), (0, 92.73393038093823), (0, 92.63400501442895), (0, 92.53692939542336), (0, 92.44260583321626), (0, 92.35097873072196), (0, 92.26201446549204), (0, 92.1756894668865), (0, 92.09198341159434), (0, 92.0108755232055), (0, 91.9323424582135), (0, 91.85635741160277), (0, 91.7828897462758), (0, 91.71190517990634), (0, 91.6433660173397), (0, 91.57723160864249), (0, 91.51345865768505), (0, 91.45200162934894), (0, 91.39281305192246), (0, 91.33584380910159), (0, 91.28104340192887), (0, 91.22836026951688), (0, 91.17774197680694), (0, 91.12913551957033), (0, 91.08248752889187), (0, 91.03774454641393), (0, 90.99485316041621), (0, 90.9537602381088), (0, 90.91441304398938), (0, 90.87675939348604), (0, 90.8407477151155), (0, 90.80632707138581), (0, 90.77344718516336), (0, 90.74205837342014), (0, 90.71211144772485), (0, 90.683557652973), (0, 90.65634854891276), (0, 90.63043600422252), (0, 90.60577220150844), (0, 90.5823097174492), (0, 90.5600016967039), (0, 90.53880204788287), (0, 90.518665563816), (0, 90.49954805248522), (0, 90.48140634133962), (0, 90.46419822130692), (0, 90.44788240127859), (0, 90.43241847427151), (0, 90.41776686825946), (0, 90.40388889831955), (0, 90.39074685776619), (0, 90.3783040898154), (0, 90.36652505682281), (0, 90.35537541715834), (0, 90.3448220487834), (0, 90.33483305252723), (0, 90.32537767272757), (0, 90.31642627632517), (0, 90.30795027041329), (0, 90.29992209848614), (0, 90.2923152741824), (0, 90.28510439916853), (0, 90.27826525278506), (0, 90.27177487622376), (0, 90.26561156026018), (0, 90.25975492130429), (0, 90.25418571603085), (0, 90.2488857748436), (0, 90.24383770732801), (0, 90.23902460724301), (0, 90.234429708847), (0, 90.2300361134983), (0, 90.22582662901867), (0, 90.22178392445012), (0, 90.21789084758791), (0, 90.2141309661177), (0, 90.21048888625145), (0, 90.20695034837368), (0, 90.20350201984121), (0, 90.20013120728979), (0, 90.19682627990228), (0, 90.19357904503472), (0, 90.1903909323302), (0, 90.18728298360168), (0, 90.1842968388787), (0, 90.18144251113031), (0, 90.17860276626665), (0, 90.17564128551788), (0, 90.17255971791965), (0, 90.16940893809353), (0, 90.16618483259298), (0, 90.16281781208909), (0, 90.15921733981037), (0, 90.15533197617101), (0, 90.1512246618892), (0, 90.14716514516134), (0, 90.14374336771174), (0, 90.14113672954703), (0, 90.13769046118657), (0, 90.13313983127404), (0, 90.12815700136419), (0, 90.12317293127346), (0, 90.11830119972855), (0, 90.11358310389473), (0, 90.10889964310164), (0, 90.10408280525556), (0, 90.0989170126424), (0, 90.09243005209214), (0, 90.08509668548619), (0, 90.07835252646356), (0, 90.07300912788412), (0, 90.06767894582586), (0, 90.06181045102872), (0, 90.05578596909962), (0, 90.0499224389413), (0, 90.04329341351662), (0, 90.03610152147972), (0, 90.02949086731263), (0, 90.02436916293232), (0, 90.02049274941416), (0, 90.01702259653628), (0, 90.01333374380792), (0, 90.00913408846009), (0, 90.0045173816919), (0, 89.99985227560889), (0, 89.99546090988008), (0, 89.99142085967348), (0, 89.98766288355195), (0, 89.9841663318805), (0, 89.98090878136532), (0, 89.97771751014874), (0, 89.97454459499193), (0, 89.97126942626791), (0, 89.96793708910006), (0, 89.96472050330289), (0, 89.96165532702346), (0, 89.95868477673542), (0, 89.95575390735786), (0, 89.95283722482156), (0, 89.94992934801638), (0, 89.94703606908334), (0, 89.94417225729481), (0, 89.94135936480829), (0, 89.93861694454746), (0, 89.93595105489102), (0, 89.93335007813504), (0, 89.93079493597274), (0, 89.92827370257949), (0, 89.92578377178135), (0, 89.92332132852772), (0, 89.92087182701769), (0, 89.91841111229158), (0, 89.91591955522782), (0, 89.9134109857172), (0, 89.9109688558273), (0, 89.90872595304839), (0, 89.90662486254458), (0, 89.90438381328022), (0, 89.90201322015004), (0, 89.89967057659831), (0, 89.8974329076215), (0, 89.89527570928408), (0, 89.89313715892808), (0, 89.8909767423793), (0, 89.88879033211573), (0, 89.88659651663477), (0, 89.88441744911981), (0, 89.8822656055028), (0, 89.88014004674251), (0, 89.87803102151375), (0, 89.87592797779737), (0, 89.87382501732621), (0, 89.87172129511708), (0, 89.86961797251634), (0, 89.86751571317308), (0, 89.86541446683947), (0, 89.86331438413616), (0, 89.86121637011513), (0, 89.85912158956802), (0, 89.8570304921569), (0, 89.85494236257287), (0, 89.8528559845), (0, 89.85077112877171), (0, 89.84868991375659), (0, 89.84661700507858), (0, 89.84455852669478), (0, 89.84252008037586), (0, 89.84050487814594), (0, 89.83851300374812), (0, 89.83654179872583), (0, 89.83458712242587), (0, 89.83264440088661), (0, 89.83070908901279), (0, 89.82877632654957), (0, 89.82684062773413), (0, 89.82489672015363), (0, 89.82294260157077), (0, 89.82098348427235), (0, 89.81902783779663), (0, 89.81706880632255), (0, 89.81508987227078), (0, 89.81310420381837), (0, 89.81113542958184), (0, 89.80918108628593), (0, 89.80722567326964), (0, 89.80526870983195), (0, 89.80332463347027), (0, 89.80140266531801), (0, 89.79949568118758), (0, 89.79759419551185), (0, 89.79569969592194), (0, 89.79381726707493), (0, 89.79194621661291), (0, 89.79008161676398), (0, 89.78822016373185), (0, 89.7863620647552), (0, 89.78450815825946), (0, 89.78265682410357), (0, 89.7808037296134), (0, 89.77894354634384), (0, 89.77707017049717), (0, 89.77517352539788), (0, 89.7732321003251), (0, 89.77119700905818), (0, 89.76895143587245), (0, 89.76620829901915), (0, 89.76238783051681), (0, 89.75713192311737), (0, 89.75159440012659), (0, 89.74782807005637), (0, 89.74644287614286), (0, 89.74598166236224), (0, 89.74515108363063), (0, 89.74364900224337), (0, 89.74154462092937), (0, 89.73896589452738), (0, 89.73607563463061), (0, 89.73309877383885), (0, 89.73030188478295), (0, 89.72790425821977), (0, 89.72596460206351), (0, 89.72433405153569), (0, 89.72274443988849), (0, 89.72096940004909), (0, 89.71892258169156), (0, 89.716652926205), (0, 89.71428548464559), (0, 89.71195350854143), (0, 89.70974626590089), (0, 89.70768673019474), (0, 89.70574044290288), (0, 89.70384368335029), (0, 89.70193346835352), (0, 89.69996752213304), (0, 89.69793137324564), (0, 89.69583543433305), (0, 89.69370618004652), (0, 89.6915750389388), (0, 89.68946800070852), (0, 89.6873983621872), (0, 89.6853642047411), (0, 89.68335087450777), (0, 89.68133705033084), (0, 89.679301621295), (0, 89.67722837652383), (0, 89.67510641171728), (0, 89.67292522315428), (0, 89.67066334230292), (0, 89.66826664961785), (0, 89.66560657201636), (0, 89.66241522914393), (0, 89.65832830366713), (0, 89.65353482017673), (0, 89.64956091683582), (0, 89.64744932326191), (0, 89.64598224281175), (0, 89.6440247687738), (0, 89.64134048224776), (0, 89.63803562195008), (0, 89.63438527974122), (0, 89.63080949999637), (0, 89.62772334971957), (0, 89.6252603297286), (0, 89.62314425739584), (0, 89.62093801043868), (0, 89.61839067581417), (0, 89.61553236468207), (0, 89.61256502617499), (0, 89.60970064552966), (0, 89.60704063189951), (0, 89.60455229087913), (0, 89.60212784618628), (0, 89.59965940841585), (0, 89.59708244155156), (0, 89.59438373370782), (0, 89.59158902747443), (0, 89.58874243330791), (0, 89.58588472064099), (0, 89.58303639313219), (0, 89.58019132730774), (0, 89.57732328823472), (0, 89.57440161031315), (0, 89.57140768358614), (0, 89.56834475638598), (0, 89.56523800190531), (0, 89.562126778807), (0, 89.55905353469369), (0, 89.55605373726833), (0, 89.55314962885866), (0, 89.55034864154085), (0, 89.54764569644715), (0, 89.54502768506357), (0, 89.54247825179729), (0, 89.53998143891637), (0, 89.53752344436533), (0, 89.53509274928038), (0, 89.532679197564), (0, 89.53027300245769), (0, 89.52786436654495), (0, 89.52544396611465), (0, 89.52300399400048), (0, 89.52053936333446), (0, 89.51804842342023), (0, 89.5155329727327), (0, 89.51299751005818), (0, 89.51044811697376), (0, 89.507891226868), (0, 89.50533260248226), (0, 89.50277681369808), (0, 89.50022710936982), (0, 89.49768555914869), (0, 89.495153397966), (0, 89.49263129657936), (0, 89.49011946680905), (0, 89.48761771933955), (0, 89.48512534330173), (0, 89.48264109114115), (0, 89.48016313780013), (0, 89.47768923660976), (0, 89.475216844332), (0, 89.47274335115043), (0, 89.47026615171762), (0, 89.46778272436065), (0, 89.46529054810735), (0, 89.46278716844017), (0, 89.46027052515286), (0, 89.45774026167004), (0, 89.45520036863347), (0, 89.45266046392776), (0, 89.45012827656518), (0, 89.44759789075611), (0, 89.44506378174776), (0, 89.442534073665), (0, 89.44001125163034), (0, 89.43748627692757), (0, 89.43495660757506), (0, 89.43243169627742), (0, 89.42991989065429), (0, 89.42742061585132), (0, 89.42492980458096), (0, 89.4224460903714), (0, 89.41996992262408), (0, 89.41750061295923), (0, 89.41503618415709), (0, 89.412575370684), (0, 89.4101187896907), (0, 89.40766806932831), (0, 89.40522442451123), (0, 89.40278805898781), (0, 89.40035853036537), (0, 89.39793538874905), (0, 89.39551852245233), (0, 89.39310811550466), (0, 89.3907044917618), (0, 89.38830793009993), (0, 89.38591862962365), (0, 89.38353672516719), (0, 89.3811623140411), (0, 89.37879547324718), (0, 89.37643626848893), (0, 89.37408475988404), (0, 89.3717410038745), (0, 89.36940505102001), (0, 89.36707694386673), (0, 89.36475673352803), (0, 89.36244445909074), (0, 89.36014020067283), (0, 89.35784407596458), (0, 89.35555622964276), (0, 89.35327680493039), (0, 89.35100591143896), (0, 89.34874360557504), (0, 89.34648989374315), (0, 89.34424476652379), (0, 89.34200819257329), (0, 89.33978017231776), (0, 89.33756072623105), (0, 89.33534987819442), (0, 89.33314763250878), (0, 89.33095396935187), (0, 89.32876880914733), (0, 89.32659205907544), (0, 89.32442361970152), (0, 89.32226340973385), (0, 89.3201113352991), (0, 89.31796731795589), (0, 89.31583127341847), (0, 89.31370311603142), (0, 89.31158272411417), (0, 89.30946997945246), (0, 89.30736477435542), (0, 89.30526698336931), (0, 89.30317649854018), (0, 89.30109322694018), (0, 89.29901705371223), (0, 89.29694787275254), (0, 89.29488558054764), (0, 89.2928300656684), (0, 89.29078121597985), (0, 89.288738919827), (0, 89.28670306057907), (0, 89.28467353305162), (0, 89.28265022642067), (0, 89.28063302983689), (0, 89.27862183318199), (0, 89.27661652791733), (0, 89.27461700862834), (0, 89.27262316910297), (0, 89.27063492127509), (0, 89.2686521814955), (0, 89.26667487962597), (0, 89.26470296186871), (0, 89.26273639223706), (0, 89.26077515077691), (0, 89.25881922825144), (0, 89.2568686178697), (0, 89.25492330683757), (0, 89.25298327789051), (0, 89.25104849660129), (0, 89.24911893875148), (0, 89.2471945978204), (0, 89.24527549217423), (0, 89.24336166253576), (0, 89.24145316177628), (0, 89.23955004942964), (0, 89.23765236977985), (0, 89.23576016899035), (0, 89.23387349448396), (0, 89.23199239866618), (0, 89.230116944118), (0, 89.22824718377363), (0, 89.22638317174163), (0, 89.22452495936926), (0, 89.22267257789521), (0, 89.22082605496513), (0, 89.21898541561335), (0, 89.21715066676457), (0, 89.21532181117098), (0, 89.21349884293893), (0, 89.21168172467536), (0, 89.20987039358239), (0, 89.20806474868886), (0, 89.20626461681383), (0, 89.2044697436631), (0, 89.202679719996), (0, 89.20089390477342), (0, 89.1991112160354), (0, 89.19732976824892), (0, 89.19554600675016), (0, 89.19375266877539), (0, 89.19193306593903), (0, 89.19004271686433), (0, 89.18793953215557), (0, 89.18513712616638), (0, 89.18124327215689), (0, 89.17849491438777), (0, 89.17697455750194), (0, 89.1754309531388), (0, 89.1735261904593), (0, 89.17139510893958), (0, 89.1692763641785), (0, 89.1673097552586), (0, 89.16550344912864), (0, 89.16379622034995), (0, 89.16211922156734), (0, 89.1604239685667), (0, 89.15868803964719), (0, 89.15691309777783), (0, 89.15512014495785), (0, 89.15334015590943), (0, 89.15160103408002), (0, 89.1499170440634), (0, 89.14828552900437), (0, 89.14669058410531), (0, 89.14511044605153), (0, 89.14352534000146), (0, 89.14192330489153), (0, 89.14030264549652), (0, 89.13867079393887), (0, 89.13704041132893), (0, 89.13542424075341), (0, 89.13383061428128), (0, 89.13226111940921), (0, 89.13071109419411), (0, 89.12917247685193), (0, 89.12763753997162), (0, 89.12610173205967), (0, 89.12456453094849), (0, 89.12302843254935), (0, 89.12149704849197), (0, 89.11997333781116), (0, 89.11845855670673), (0, 89.11695206507942), (0, 89.11545185721556), (0, 89.11395555064064), (0, 89.11246151719844), (0, 89.11096982965317), (0, 89.10948265404107), (0, 89.10800367142055), (0, 89.1065364242588), (0, 89.10508246433675), (0, 89.10364086281774), (0, 89.10220933402078), (0, 89.10078537181585), (0, 89.09936640099525), (0, 89.09795014538494), (0, 89.09653608545001), (0, 89.09512665003291), (0, 89.09372629370726), (0, 89.09233872691088), (0, 89.09096466574216), (0, 89.08960191715269), (0, 89.08824748199751), (0, 89.08689974262745), (0, 89.0855590701597), (0, 89.08422679753879), (0, 89.08290372357817), (0, 89.08158948877748), (0, 89.08028311843044), (0, 89.07898401566891), (0, 89.07769238967153), (0, 89.07640886809351), (0, 89.0751338707806), (0, 89.07386732608222), (0, 89.07260888162651), (0, 89.07135824424901), (0, 89.07011533729465), (0, 89.06888017579166), (0, 89.06765266599871), (0, 89.06643258376647), (0, 89.06521971164885), (0, 89.06401398030796), (0, 89.06281550296858), (0, 89.06162442383332), (0, 89.06044077684284), (0, 89.05926444249017), (0, 89.05809522605804), (0, 89.056933009532), (0, 89.0557777946051), (0, 89.05462966919255), (0, 89.0534886810509), (0, 89.05235478013371), (0, 89.05122783559744), (0, 89.0501077008166), (0, 89.04899430055808), (0, 89.04788762136353), (0, 89.04678768346203), (0, 89.04569446935338), (0, 89.04460792307826), (0, 89.04352795303093), (0, 89.04245448417844), (0, 89.04138746428613), (0, 89.04032685823051), (0, 89.03927264323677), (0, 89.03822477665904), (0, 89.03718321159369), (0, 89.03614788592672), (0, 89.0351187472207), (0, 89.03409573881574), (0, 89.03307881692069), (0, 89.03206793670786), (0, 89.03106305054885), (0, 89.03006411990806), (0, 89.02907109569534), (0, 89.02808393530013), (0, 89.02710259136735), (0, 89.02612701571273), (0, 89.02515717505818), (0, 89.0241930373216), (0, 89.02323456807801), (0, 89.02228173922505), (0, 89.02133451450119), (0, 89.02039285160092), (0, 89.01945671735517), (0, 89.01852607564783), (0, 89.01760088530484), (0, 89.01668110904254), (0, 89.01576669820346), (0, 89.01485759249007), (0, 89.01395373429719), (0, 89.01305505787165), (0, 89.0121614939842), (0, 89.0112729664926), (0, 89.01038940591931), (0, 89.00951073978447), (0, 89.00863690241117), (0, 89.00776783671678), (0, 89.00690351375668), (0, 89.00604392648758), (0, 89.00518909979847), (0, 89.0043390911396), (0, 89.0034940056907), (0, 89.00265398282883), (0, 89.00181919479853), (0, 89.00098983485096), (0, 89.00016609598836), (0, 88.99934816222617), (0, 88.99853617237702), (0, 88.99773020266336), (0, 88.99693024962659), (0, 88.99613622196975), (0, 88.9953479391468), (0, 88.99456515613814), (0, 88.99378757195406), (0, 88.99301485816224), (0, 88.99224668219172), (0, 88.99148272519378), (0, 88.990722691387), (0, 88.98996630341249), (0, 88.98921330335054), (0, 88.98846342015413), (0, 88.98771634456864), (0, 88.98697169110736), (0, 88.98622895037553), (0, 88.98548742732811), (0, 88.98474615678286), (0, 88.98400378176136), (0, 88.98325836325297), (0, 88.9825070951079), (0, 88.98174579906586), (0, 88.98096808435777), (0, 88.98016386290699), (0, 88.97931671009914), (0, 88.97839928344857), (0, 88.97736637519243), (0, 88.97614977504027), (0, 88.97467962941333), (0, 88.97299222683257), (0, 88.97137481172307), (0, 88.97016710013247), (0, 88.96934684380827), (0, 88.96863867192543), (0, 88.9678257146045), (0, 88.96682479042482), (0, 88.9656469837903), (0, 88.96435979133362), (0, 88.96306003122118), (0, 88.96184502731249), (0, 88.96078107977304), (0, 88.9598834188469), (0, 88.95912147889497), (0, 88.95844318636672), (0, 88.95779883069345), (0, 88.95715321101702), (0, 88.95648750236857), (0, 88.95579656637234), (0, 88.95508538385567), (0, 88.95436544381027), (0, 88.95365081892206), (0, 88.95295417046968), (0, 88.95228373586488), (0, 88.95164233256463), (0, 88.95102843353929), (0, 88.95043826102483), (0, 88.94986754295925), (0, 88.94931226582068), (0, 88.94876871544763), (0, 88.9482334844432), (0, 88.94770377411238), (0, 88.94717775108423), (0, 88.94665454361655), (0, 88.94613378627422), (0, 88.94561503768932), (0, 88.94509744146414), (0, 88.94457976012876), (0, 88.94406051659836), (0, 88.94353798514018), (0, 88.94300995877417), (0, 88.94247343733507), (0, 88.9419244058917), (0, 88.94135773382149), (0, 88.94076710710274), (0, 88.94014496639699), (0, 88.93948265343568), (0, 88.93877121768763), (0, 88.93800353594463), (0, 88.93717811077366), (0, 88.93630399299401), (0, 88.93540439777026), (0, 88.93451519553093), (0, 88.93367627381784), (0, 88.93291911039003), (0, 88.93225779769207), (0, 88.93168836788895), (0, 88.93119500860676), (0, 88.93075792157667), (0, 88.93035880695979), (0, 88.92998310877965), (0, 88.92962015696006), (0, 88.92926256044026), (0, 88.92890557188227), (0, 88.92854653399601), (0, 88.92818437242086), (0, 88.9278190826723), (0, 88.92745129273312), (0, 88.92708195403763), (0, 88.92671216177092), (0, 88.9263430613064), (0, 88.92597577468746), (0, 88.92561135372519), (0, 88.92525071509729), (0, 88.92489457647643), (0, 88.9245434050694), (0, 88.92419741193443), (0, 88.92385659595229), (0, 88.92352085180859), (0, 88.9231900437666), (0, 88.92286401260903), (0, 88.9225425325874), (0, 88.92222529534614), (0, 88.92191194536827), (0, 88.92160216486545), (0, 88.92129570369121), (0, 88.92099234926961), (0, 88.9206918798423), (0, 88.92039406199429), (0, 88.92009867725065), (0, 88.91980556340899), (0, 88.91951460321862), (0, 88.91922569637882), (0, 88.91893875036767), (0, 88.9186537010981), (0, 88.91837051869979), (0, 88.91808921024166), (0, 88.91780979651666), (0, 88.9175323041531), (0, 88.91725677411326), (0, 88.91698327214968), (0, 88.91671187057813), (0, 88.91644264124469), (0, 88.91617564264286), (0, 88.91591092215926), (0, 88.91564852357942), (0, 88.91538847437), (0, 88.91513078757173), (0, 88.91487545417675), (0, 88.91462244596886), (0, 88.91437172137118), (0, 88.9141232317587), (0, 88.91387691170692), (0, 88.91363268964139), (0, 88.91339048877053), (0, 88.91315023285358), (0, 88.9129118532171), (0, 88.91267527984361), (0, 88.91244045082932), (0, 88.91220730955749), (0, 88.91197580611745), (0, 88.91174590088471), (0, 88.91151755415979), (0, 88.91129073416542), (0, 88.9110654129254), (0, 88.91084156610442), (0, 88.91061917260558), (0, 88.9103982166797), (0, 88.91017867690992), (0, 88.90996053424473), (0, 88.90974376840006), (0, 88.90952835754065), (0, 88.90931428112532), (0, 88.90910150976681), (0, 88.90889001388545), (0, 88.90867976003481), (0, 88.90847071060278), (0, 88.9082628235589), (0, 88.90805605490652), (0, 88.90785034862374), (0, 88.90764564509963), (0, 88.90744187717162), (0, 88.90723896919035), (0, 88.90703683559283), (0, 88.90683538206066), (0, 88.90663449386241), (0, 88.90643404185482), (0, 88.90623387529998), (0, 88.90603381637399), (0, 88.90583365583467), (0, 88.90563313429514), (0, 88.90543193855171), (0, 88.90522968163087), (0, 88.90502588010763), (0, 88.90481992387737), (0, 88.9046110355221), (0, 88.9043982194045), (0, 88.904180182298), (0, 88.90395525316016), (0, 88.90372127499997), (0, 88.90347549900775), (0, 88.90321452332938), (0, 88.90293438454769), (0, 88.90263099289183), (0, 88.902301256204), (0, 88.9019451386034), (0, 88.9015683965017), (0, 88.90118444049386), (0, 88.90081275701333), (0, 88.90047291011227), (0, 88.90017728431746), (0, 88.89992760422163), (0, 88.8997168651712), (0, 88.89953411669353), (0, 88.8993687007862), (0, 88.89921238439008), (0, 88.89905968174405), (0, 88.89890729795545), (0, 88.89875344347034), (0, 88.89859729486501), (0, 88.89843865230186), (0, 88.89827773114871), (0, 88.89811502532253), (0, 88.8979512053487), (0, 88.89778703407362), (0, 88.89762329568268), (0, 88.89746072148972), (0, 88.8972999423663), (0, 88.89714144469004), (0, 88.89698555014579), (0, 88.89683241897787), (0, 88.89668207290882), (0, 88.89653443104797), (0, 88.89638934260286), (0, 88.89624662343073), (0, 88.8961060791571), (0, 88.89596752182256), (0, 88.89583078033804), (0, 88.89569570748452), (0, 88.8955621782352), (0, 88.89543009327917), (0, 88.89529937451151), (0, 88.89516995989088), (0, 88.8950417973169), (0, 88.89491483924971), (0, 88.89478903890823), (0, 88.89466435002959), (0, 88.89454072293564), (0, 88.89441810966545), (0, 88.89429646379342), (0, 88.89417574162489), (0, 88.89405590319276), (0, 88.89393691319043), (0, 88.89381874152538), (0, 88.89370136339295), (0, 88.89358475885106), (0, 88.89346891162921), (0, 88.89335380778233), (0, 88.89323943414287), (0, 88.89312577735292), (0, 88.89301282344036), (0, 88.89290055801679), (0, 88.89278896680798), (0, 88.89267803632379), (0, 88.89256775428524), (0, 88.89245810975525), (0, 88.89234909332158), (0, 88.89224069690165), (0, 88.8921329135655), (0, 88.89202573720601), (0, 88.89191916218147), (0, 88.89181318284398), (0, 88.89170779322065), (0, 88.89160298683521), (0, 88.89149875666527), (0, 88.89139509532949), (0, 88.89129199538111), (0, 88.89118944961778), (0, 88.89108745132465), (0, 88.89098599440875), (0, 88.89088507220636), (0, 88.89078468122487), (0, 88.89068481728164), (0, 88.89058547670864), (0, 88.89048665618813), (0, 88.89038835259221), (0, 88.89029056289628), (0, 88.8901932828761), (0, 88.8900965108151), (0, 88.89000024370026), (0, 88.88990447859652), (0, 88.88980921262164), (0, 88.88971444180056), (0, 88.88962016475764), (0, 88.88952637900651), (0, 88.88943308223102), (0, 88.88934027097486), (0, 88.88924794439497), (0, 88.88915610041963), (0, 88.88906473587122), (0, 88.88897385002494), (0, 88.88888344097087), (0, 88.88879350673247), (0, 88.88870404418257), (0, 88.88861505260549), (0, 88.88852653004167), (0, 88.88843847340026), (0, 88.88835088198869), (0, 88.88826375389935), (0, 88.8881770860177), (0, 88.88809087763212), (0, 88.88800512560157), (0, 88.88791982916001), (0, 88.88783498630357), (0, 88.88775059379671), (0, 88.88766665075094), (0, 88.88758315389535), (0, 88.88750010223559), (0, 88.88741749241234), (0, 88.88733532344945), (0, 88.88725359191984), (0, 88.88717229681215), (0, 88.88709143471452), (0, 88.88701100455013), (0, 88.88693100288874), (0, 88.88685142862624), (0, 88.88677227830989), (0, 88.88669355083948), (0, 88.88661524273887), (0, 88.88653735168445), (0, 88.88645987649463), (0, 88.8863828136674), (0, 88.88630616199904), (0, 88.88622991801307), (0, 88.88615407934738), (0, 88.88607864474456), (0, 88.88600361075954), (0, 88.88592897499042), (0, 88.8858547362037), (0, 88.88578089092516), (0, 88.8857074367868), (0, 88.88563437254925), (0, 88.88556169471397), (0, 88.88548940091647), (0, 88.8854174887959), (0, 88.88534595714577)]