Model Setup for {PATIENT_GROUPS} Trained Network:

RNN Network Architecture Parameters
Input channels=1
Hidden channels=128
Output channels=4

Training hyperparameters
Optimizer=AdamW (
Parameter Group 0
    amsgrad: False
    betas: (0.9, 0.999)
    capturable: False
    differentiable: False
    eps: 1e-08
    foreach: None
    fused: None
    lr: 0.001
    maximize: False
    weight_decay: 1e-06
)Training Iterations=1000
Learning rate=0.001
Weight decay=1e-06
Optimizer reset frequency=1000

Dropout probability (after initial linear layer before NCDE): 0.0
Training Data Selection Parameters
(If not virtual, the only important params are the groups and whether data was normalized/standardized)
Patient groups=['Control']
Augmentation strategy=Uniform
Noise Magnitude=0.05
Normalized/standardized=None
Number of virtual patients per real patient=1
Label smoothing factor=0
Test Patient Combinations:
Control: None
MDD: None
Training batch size=1
Training Results:
Runtime=4.561956882476807
Loss over time=[(0, 3620.764390564268), (0, 3475.9654218295964), (0, 522.8972695349663), (0, 206.73642250671486), (0, 205.8957419706629), (0, 205.06873468346242), (0, 204.24880973567622), (0, 203.43358915172416), (0, 202.6218541244995), (0, 201.8130412614583), (0, 201.00703616168846), (0, 200.2040289650925), (0, 199.4043996780068), (0, 198.6086324859988), (0, 197.81724993842784), (0, 197.03075242325545), (0, 196.2495707247925), (0, 195.47403137686712), (0, 194.7043466639476), (0, 193.9406330004936), (0, 193.18294483244048), (0, 192.4313142671042), (0, 191.68577973236916), (0, 190.9464041346177), (0, 190.21327691637373), (0, 189.48651200596524), (0, 188.76624304228935), (0, 188.05262006497506), (0, 187.34580489975468), (0, 186.6459694849274), (0, 185.95328805620116), (0, 185.2679324849783), (0, 184.59006491257531), (0, 183.91982900324183), (0, 183.2573441437317), (0, 182.60269911617877), (0, 181.95595105109948), (0, 181.31712385981587), (0, 180.686212194183), (0, 180.06318482228312), (0, 179.44359370159827), (0, 178.83548598149542), (0, 178.23503896486167), (0, 177.642196859803), (0, 177.05690818935517), (0, 176.47912888650964), (0, 175.90882131945781), (0, 175.3459516714124), (0, 174.7904852719417), (0, 174.242383189242), (0, 173.70159794033896), (0, 173.16807141425437), (0, 172.6417342162927), (0, 172.12250894945942), (0, 171.61031074934291), (0, 171.10505214389312), (0, 170.60664557091647), (0, 170.11500593072665), (0, 169.6300524040649), (0, 169.15170891283782), (0, 168.67990547630498), (0, 168.21457726028618), (0, 167.75566371041532), (0, 167.30310743149812), (0, 166.85685248010276), (0, 166.41684446649185), (0, 165.98302925350146), (0, 165.55535192438907), (0, 165.13375816167382), (0, 164.71819188197432), (0, 164.3085962296759), (0, 163.90491457384667), (0, 163.50708820016155), (0, 163.11505731284905), (0, 162.72876150649807), (0, 162.34813916812652), (0, 161.9731274674614), (0, 161.60366183498843), (0, 161.23967657906437), (0, 160.8811060762178), (0, 160.52788213692637), (0, 160.17993743410202), (0, 159.83720234313455), (0, 159.49960837906605), (0, 159.16708558842006), (0, 158.83956378258404), (0, 158.51697321821925), (0, 158.19924361516092), (0, 157.8863053670482), (0, 157.57808854405246), (0, 157.27452353801158), (0, 156.97554169176968), (0, 156.68107482519727), (0, 156.39105475410096), (0, 156.10541389773087), (0, 155.82408588129914), (0, 155.54700448107982), (0, 155.27410421592216), (0, 155.00532092089938), (0, 154.740590687114), (0, 154.47985097654782), (0, 154.22303954768873), (0, 153.97009501593882), (0, 153.72095686508493), (0, 153.47556600868273), (0, 153.23386369266927), (0, 152.99579260360846), (0, 152.76129522797532), (0, 152.5303160440244), (0, 152.30280043499403), (0, 152.07869361116022), (0, 151.8579428048648), (0, 151.640495661638), (0, 151.42630136930617), (0, 151.21530907215032), (0, 151.007470133397), (0, 150.80273715003824), (0, 150.60106300660487), (0, 150.40240324635747), (0, 150.2067146712895), (0, 150.01395617941756), (0, 149.824089095652), (0, 149.63707804540812), (0, 149.4528896021951), (0, 149.27149454292137), (0, 149.0928664376144), (0, 148.91697953640286), (0, 148.74380830950284), (0, 148.57332406356664), (0, 148.40548943073614), (0, 148.2402547863343), (0, 148.07755757932782), (0, 147.9173252640668), (0, 147.75948808104542), (0, 147.60398962421934), (0, 147.4507942614322), (0, 147.29988503120086), (0, 147.15125488376833), (0, 147.00489727641482), (0, 146.86079825972735), (0, 146.71893463888563), (0, 146.57927508884342), (0, 146.4417829930294), (0, 146.3064194946625), (0, 146.17314591461334), (0, 146.0419258254801), (0, 145.91272472565794), (0, 145.785510793573), (0, 145.6602547689607), (0, 145.53692965899964), (0, 145.41551034719896), (0, 145.29597314325414), (0, 145.1782958065038), (0, 145.0624553511956), (0, 144.94842960706012), (0, 144.836195031933), (0, 144.72572684134693), (0, 144.6169988968074), (0, 144.5099839923995), (0, 144.40465453482918), (0, 144.30098398677632), (0, 144.19894607707457), (0, 144.09851741529434), (0, 143.99967580382722), (0, 143.9024002568877), (0, 143.80666973420423), (0, 143.7124641026751), (0, 143.6197626680486), (0, 143.5285430231928), (0, 143.43878284327027), (0, 143.35046020029554), (0, 143.26355227502015), (0, 143.1780377754708), (0, 143.09389493890325), (0, 143.01110372715442), (0, 142.92964415247917), (0, 142.8494966853087), (0, 142.7706420876263), (0, 142.69306124909082), (0, 142.616735059125), (0, 142.54164434508465), (0, 142.46776989175993), (0, 142.3950930644515), (0, 142.32359432520764), (0, 142.25325550823416), (0, 142.18405774902723), (0, 142.11598365177957), (0, 142.04901562586937), (0, 141.9831363358892), (0, 141.9183286113876), (0, 141.8545753822059), (0, 141.79185965563016), (0, 141.7301645332418), (0, 141.66947325683742), (0, 141.60976925660538), (0, 141.55103619494705), (0, 141.4932585239912), (0, 141.4364198759303), (0, 141.38050465159742), (0, 141.325497990265), (0, 141.27138413178767), (0, 141.21814853711624), (0, 141.16577627311972), (0, 141.11425201981635), (0, 141.0635616937821), (0, 141.01369086112027), (0, 140.96462528768367), (0, 140.9163509466025), (0, 140.86885401320677), (0, 140.82212085277416), (0, 140.77613800675965), (0, 140.73089217960504), (0, 140.68637023464115), (0, 140.6425597288757), (0, 140.59944731308792), (0, 140.55702034424715), (0, 140.51526689250517), (0, 140.47417413687106), (0, 140.43373050442875), (0, 140.3939235256962), (0, 140.35474196733253), (0, 140.31617368789347), (0, 140.27820777424677), (0, 140.24083293451136), (0, 140.20403750073035), (0, 140.16781103402093), (0, 140.13214272366253), (0, 140.09702192004303), (0, 140.06243813467827), (0, 140.02838103730187), (0, 139.9948404513703), (0, 139.96180635297023), (0, 139.92926886654723), (0, 139.89721826582712), (0, 139.86564497193353), (0, 139.83453955487585), (0, 139.80389273220572), (0, 139.77369536811904), (0, 139.7439390067151), (0, 139.7146142670466), (0, 139.68571244359467), (0, 139.65722550357427), (0, 139.62914448403433), (0, 139.6014610927856), (0, 139.57416770622612), (0, 139.54725576809108), (0, 139.520717923208), (0, 139.49454588102566), (0, 139.4687325488535), (0, 139.44327042957076), (0, 139.41815161910887), (0, 139.39336940621305), (0, 139.36891667046007), (0, 139.34478588070294), (0, 139.32097069375206), (0, 139.29746435357777), (0, 139.2742602230045), (0, 139.25135178276142), (0, 139.2287326294635), (0, 139.20639647358576), (0, 139.1843366063893), (0, 139.16254749584527), (0, 139.14102318732725), (0, 139.11975783496487), (0, 139.09874623171117), (0, 139.0779822126802), (0, 139.05746024959697), (0, 139.03717491733948), (0, 139.017120891965), (0, 138.99729295070753), (0, 138.97768596857853), (0, 138.95829545049278), (0, 138.9391159336183), (0, 138.92014258092166), (0, 138.9013706496077), (0, 138.8827960201772), (0, 138.86441359981248), (0, 138.84621891731607), (0, 138.82820812056536), (0, 138.81037638079917), (0, 138.7927200174193), (0, 138.7752343702459), (0, 138.75791592543226), (0, 138.74076018662765), (0, 138.72376380055277), (0, 138.7069224294482), (0, 138.69023287630836), (0, 138.67369095624937), (0, 138.65729362285188), (0, 138.6409848589283), (0, 138.62486572301648), (0, 138.60888087410729), (0, 138.59302701994142), (0, 138.57730040551905), (0, 138.56169840535745), (0, 138.54621792915714), (0, 138.53085595132973), (0, 138.51560897787408), (0, 138.50047464005732), (0, 138.485450098715), (0, 138.470532574579), (0, 138.455719347539), (0, 138.44100775453074), (0, 138.4263946580366), (0, 138.41187803726248), (0, 138.39745539450368), (0, 138.3831242852443), (0, 138.3688823156108), (0, 138.35472714299328), (0, 138.3406564735003), (0, 138.32666806166876), (0, 138.31275970792606), (0, 138.29892925918492), (0, 138.2851751367169), (0, 138.27149474406662), (0, 138.25788605767372), (0, 138.24434709427806), (0, 138.2308759101381), (0, 138.21747060023458), (0, 138.20412929571714), (0, 138.19085069460817), (0, 138.1776324686095), (0, 138.16447285344663), (0, 138.1513701165281), (0, 138.13832308626053), (0, 138.12532956063734), (0, 138.11238789647925), (0, 138.0994964787307), (0, 138.08665424866868), (0, 138.07385911413922), (0, 138.0611095381572), (0, 138.048404538959), (0, 138.03574210093043), (0, 138.0231212938576), (0, 138.01054015518466), (0, 137.99799781164083), (0, 137.98549236218065), (0, 137.9730224722592), (0, 137.96058737847167), (0, 137.9481853078475), (0, 137.93581560561293), (0, 137.9234766304059), (0, 137.91116788888425), (0, 137.89888846985673), (0, 137.8866370728989), (0, 137.87441363424375), (0, 137.86221725547406), (0, 137.8500483785029), (0, 137.8379067271169), (0, 137.82579346862636), (0, 137.81370961996095), (0, 137.80165592312912), (0, 137.78963410339742), (0, 137.77764467697028), (0, 137.76568612309953), (0, 137.75375571836096), (0, 137.74184784181284), (0, 137.72995504578887), (0, 137.71807180237792), (0, 137.70619515433475), (0, 137.69432622213623), (0, 137.6824687864771), (0, 137.67062872311666), (0, 137.65881021387162), (0, 137.64701499133673), (0, 137.6352422140887), (0, 137.62348917750583), (0, 137.61175182726794), (0, 137.6000273302486), (0, 137.5883132255819), (0, 137.57660839752003), (0, 137.56491321457133), (0, 137.55322932403757), (0, 137.54155905021014), (0, 137.52990443284932), (0, 137.51826617215872), (0, 137.50664302076325), (0, 137.49503217453952), (0, 137.48343067792405), (0, 137.4718370359453), (0, 137.46025190828175), (0, 137.44867741634027), (0, 137.43711564716742), (0, 137.42556742062618), (0, 137.41403200476674), (0, 137.4025077338229), (0, 137.3909929911053), (0, 137.37948750346175), (0, 137.36799096221563), (0, 137.3565042246137), (0, 137.34502804598472), (0, 137.33356240516017), (0, 137.32210631774268), (0, 137.31065879669148), (0, 137.29921801147108), (0, 137.28778336906532), (0, 137.27635488307288), (0, 137.26493262843434), (0, 137.25351675882018), (0, 137.2421058208307), (0, 137.23069865697647), (0, 137.21929433074658), (0, 137.2078929204745), (0, 137.19649387231271), (0, 137.18509728417771), (0, 137.1737036146912), (0, 137.16231203351214), (0, 137.15092219405224), (0, 137.1395344900712), (0, 137.12814856625937), (0, 137.11676475620217), (0, 137.10538383597276), (0, 137.09400529920813), (0, 137.08262926045978), (0, 137.07125556939576), (0, 137.059884202232), (0, 137.04851525254807), (0, 137.03714881934613), (0, 137.02578491341401), (0, 137.01442346825206), (0, 137.00306444165653), (0, 136.99170790310768), (0, 136.98035402535365), (0, 136.9690029880606), (0, 136.95765488583126), (0, 136.94630971017068), (0, 136.93496740367934), (0, 136.9236279212731), (0, 136.91229124530986), (0, 136.90095735927886), (0, 136.88962648951872), (0, 136.87829833113975), (0, 136.86697287949167), (0, 136.85565018318087), (0, 136.84433031310576), (0, 136.83301356974258), (0, 136.82169965887545), (0, 136.81038849357392), (0, 136.79908022936613), (0, 136.78777449825307), (0, 136.77647120034612), (0, 136.76517049174683), (0, 136.7538719916713), (0, 136.74257584605513), (0, 136.73128167500974), (0, 136.71998961553038), (0, 136.7086992481177), (0, 136.6974106483468), (0, 136.686123349219), (0, 136.67483741806555), (0, 136.66355241116457), (0, 136.6522684209492), (0, 136.6409850101242), (0, 136.62970226107018), (0, 136.61841998691176), (0, 136.60713773327822), (0, 136.59585556679687), (0, 136.58457328566323), (0, 136.57329042645733), (0, 136.5620070617974), (0, 136.55072300929538), (0, 136.53943808732723), (0, 136.52815184464288), (0, 136.5168643502914), (0, 136.50557540892345), (0, 136.49428482743042), (0, 136.48299241510355), (0, 136.47169798269735), (0, 136.46040107822952), (0, 136.44910177720925), (0, 136.4377998884533), (0, 136.42649521529276), (0, 136.41518755547636), (0, 136.40387670471966), (0, 136.39256245911375), (0, 136.38124461350847), (0, 136.36992295982307), (0, 136.35859728549), (0, 136.3472673738723), (0, 136.3359330043545), (0, 136.3245939526136), (0, 136.3132499912414), (0, 136.30190089184353), (0, 136.29054642464862), (0, 136.27918661996114), (0, 136.2678209778389), (0, 136.2564492577817), (0, 136.24507121694091), (0, 136.23368660929304), (0, 136.22229518634833), (0, 136.2108969600121), (0, 136.19949141348735), (0, 136.18807828946515), (0, 136.17665732716594), (0, 136.16522852545975), (0, 136.1537913537288), (0, 136.1423455413701), (0, 136.13089081379445), (0, 136.1194271555055), (0, 136.1079540203995), (0, 136.0964711205557), (0, 136.0849784260437), (0, 136.07347537554), (0, 136.0619616652261), (0, 136.05043724836796), (0, 136.03890154524373), (0, 136.02735449552287), (0, 136.01579550550434), (0, 136.00422449985697), (0, 135.99264086895238), (0, 135.98104425773016), (0, 135.9694345647582), (0, 135.95781115210534), (0, 135.94617389752926), (0, 135.93452214096226), (0, 135.92285573607296), (0, 135.911174260336), (0, 135.89947701381783), (0, 135.8877638071633), (0, 135.87603390813578), (0, 135.86428709219362), (0, 135.8525225889757), (0, 135.84074013266982), (0, 135.82893917064513), (0, 135.81711886165292), (0, 135.80527886168682), (0, 135.79341826949462), (0, 135.78153667507772), (0, 135.7696333671306), (0, 135.7577073291041), (0, 135.7457580230973), (0, 135.73378459547806), (0, 135.72178587047983), (0, 135.70976113177724), (0, 135.697709325164), (0, 135.68562931192068), (0, 135.6735195944204), (0, 135.6613790912178), (0, 135.6492063323225), (0, 135.6369994406055), (0, 135.6247568979138), (0, 135.6124767299521), (0, 135.6001567367118), (0, 135.58779419051382), (0, 135.5753865769406), (0, 135.5629307487958), (0, 135.55042311874035), (0, 135.5378593107209), (0, 135.52523484340082), (0, 135.51254421424684), (0, 135.4997810093226), (0, 135.48693746042431), (0, 135.47400502842746), (0, 135.46097339571372), (0, 135.44783026035805), (0, 135.4345619887318), (0, 135.42115286213118), (0, 135.40758543649414), (0, 135.39384220699512), (0, 135.3799063645763), (0, 135.36576393697064), (0, 135.35140674022247), (0, 135.3368322283773), (0, 135.32204256517142), (0, 135.3070385308339), (0, 135.2918162141456), (0, 135.27636844863972), (0, 135.2606950981484), (0, 135.2448067350188), (0, 135.22871548423504), (0, 135.21241833869465), (0, 135.19589510511153), (0, 135.1791305340049), (0, 135.1621288029695), (0, 135.14489812060773), (0, 135.127425509287), (0, 135.10968635874445), (0, 135.09166624673685), (0, 135.07335378800312), (0, 135.0547278009451), (0, 135.03577829874843), (0, 135.01671126682723), (0, 134.99978883472752), (0, 134.98861638988984), (0, 134.96303742027965), (0, 134.94425419667175), (0, 134.92654314476448), (0, 134.9015324127909), (0, 134.8876925371616), (0, 134.86137651797986), (0, 134.84777717252908), (0, 134.82191058579818), (0, 134.80333407855275), (0, 134.78196839910476), (0, 134.75774217596123), (0, 134.73983780665716), (0, 134.71358928504085), (0, 134.6932345867686), (0, 134.67111168866504), (0, 134.64431735050232), (0, 134.62344117006353), (0, 134.59953598181252), (0, 134.57144805824635), (0, 134.54783032769421), (0, 134.5245011080999), (0, 134.49609095843462), (0, 134.46715046278322), (0, 134.44102455218652), (0, 134.41596666954933), (0, 134.38899574558488), (0, 134.35882354342118), (0, 134.32655920875797), (0, 134.29484636500646), (0, 134.26403853135758), (0, 134.23399474091573), (0, 134.20612998576658), (0, 134.18155956568546), (0, 134.1579830175168), (0, 134.10835666860606), (0, 134.0667673193884), (0, 134.0390647956313), (0, 134.01094719449043), (0, 133.97428117951222), (0, 133.92412786844247), (0, 133.89154416928065), (0, 133.86566290146013), (0, 133.80891325995682), (0, 133.7696448512265), (0, 133.73849419973067), (0, 133.67860737099892), (0, 133.6458157356011), (0, 133.59920687179206), (0, 133.54056721887088), (0, 133.4772892108767), (0, 133.41252702377898), (0, 133.32749726524284), (0, 133.27789563496947), (0, 133.12133267043876), (0, 133.15513416475432), (0, 133.10893930763802), (0, 133.404139590336), (0, 133.4479052455363), (0, 132.68379162094035), (0, 134.14753808283083), (0, 134.4524655672686), (0, 134.50026104360595), (0, 134.44189052860497), (0, 134.29299426471817), (0, 134.06981006902612), (0, 133.6798572315833), (0, 132.62051337155106), (0, 132.97874095870742), (0, 132.75931242330415), (0, 132.9217981635785), (0, 132.29195517563622), (0, 133.19637715043126), (0, 133.50079689959102), (0, 133.20424180476385), (0, 131.8673148492112), (0, 133.5895027107682), (0, 134.2233615969716), (0, 134.4473207280251), (0, 134.5386720140621), (0, 134.57083709818164), (0, 134.5687044120246), (0, 134.54130796610582), (0, 134.4908297732035), (0, 134.41712301135638), (0, 134.3223812493605), (0, 134.2175830053791), (0, 134.12948777072882), (0, 134.0772836717476), (0, 134.04073568896874), (0, 133.99720466519943), (0, 133.93945711150593), (0, 133.86465601730643), (0, 133.76561055484422), (0, 133.61179850639692), (0, 133.22469054551232), (0, 132.4075896745016), (0, 132.75109244415313), (0, 132.69837573487465), (0, 132.54027662133737), (0, 132.06557196912865), (0, 131.7781433786593), (0, 131.41185727260205), (0, 131.7439355902709), (0, 130.58133286128734), (0, 132.42288968433496), (0, 132.9412773090079), (0, 132.62170158679203), (0, 130.34562590031783), (0, 133.20750716884555), (0, 133.7387887844477), (0, 133.90510820518554), (0, 133.98382895372092), (0, 134.02567882672872), (0, 134.04798138377046), (0, 134.05865745798886), (0, 134.06192596621392), (0, 134.0602778827172), (0, 134.05530871951834), (0, 134.04810383205552), (0, 134.0394169811468), (0, 134.02975199113143), (0, 134.01941348051662), (0, 134.0085678512728), (0, 133.99730694332843), (0, 133.98568426758118), (0, 133.97372533577106), (0, 133.9614378404154), (0, 133.94882914725204), (0, 133.9359231153643), (0, 133.92276750315588), (0, 133.9094314655116), (0, 133.89599618934983), (0, 133.88254158321436), (0, 133.86913382842755), (0, 133.85581718318286), (0, 133.84261412644994), (0, 133.8295305983306), (0, 133.81656340984716), (0, 133.8037029187216), (0, 133.79093421560424), (0, 133.77823813370267), (0, 133.7655945723355), (0, 133.75298543652755), (0, 133.74039755752116), (0, 133.72782280555995), (0, 133.715257577267), (0, 133.7027008394189), (0, 133.69015291992008), (0, 133.67761430485658), (0, 133.6650857486912), (0, 133.65256915842673), (0, 133.64006727357364), (0, 133.62758293501972), (0, 133.6151181631731), (0, 133.6026732046175), (0, 133.5902458237548), (0, 133.57783207627088), (0, 133.56542628574599), (0, 133.55302187966757), (0, 133.54061166882383), (0, 133.5281876219309), (0, 133.51574156826223), (0, 133.50326496482694), (0, 133.4907497922467), (0, 133.47818835294362), (0, 133.46557389113713), (0, 133.45289988306533), (0, 133.44016016396031), (0, 133.4273479838831), (0, 133.41445622227027), (0, 133.40147686388661), (0, 133.38840100550135), (0, 133.3752193361921), (0, 133.36192188455607), (0, 133.34849834488472), (0, 133.3349383761154), (0, 133.32123204750917), (0, 133.3073704620161), (0, 133.2933465583035), (0, 133.2791560782382), (0, 133.26479868816455), (0, 133.25027923066682), (0, 133.23560904106247), (0, 133.2208071515375), (0, 133.20590104229154), (0, 133.1909264257351), (0, 133.17592545627366), (0, 133.16094286630081), (0, 133.146019950749), (0, 133.13118705293562), (0, 133.11645603371065), (0, 133.10181470298153), (0, 133.08722496330103), (0, 133.07262539345075), (0, 133.0579376175199), (0, 133.0430747348102), (0, 133.02794976724067), (0, 133.01248261847675), (0, 132.99660402886528), (0, 132.9802576953344), (0, 132.9633996130267), (0, 132.9459959982494), (0, 132.9280196272631), (0, 132.90944658313097), (0, 132.89025194168514), (0, 132.870406887553), (0, 132.8498755264771), (0, 132.82861376217173), (0, 132.8065685028297), (0, 132.7836786063392), (0, 132.75987750896607), (0, 132.73509606318123), (0, 132.70926611901496), (0, 132.682323838896), (0, 132.65421028806585), (0, 132.62486920119764), (0, 132.59424118827673), (0, 132.56225354807214), (0, 132.5288085054709), (0, 132.49377236913358), (0, 132.4569663696721), (0, 132.41816085304714), (0, 132.37706603659976), (0, 132.3333101988017), (0, 132.28638337079178), (0, 132.23551555044654), (0, 132.17943844228697), (0, 132.11595189879384), (0, 132.04121252844547), (0, 131.94888864494217), (0, 131.8308399634067), (0, 131.68600260509078), (0, 131.5394852127755), (0, 131.42116384771307), (0, 131.35964849231723), (0, 131.37037022477676), (0, 131.33774806989896), (0, 131.2179432914171), (0, 131.04363213364826), (0, 130.87331773556758), (0, 130.73178328475092), (0, 130.59291949432603), (0, 130.40426093741831), (0, 130.22573550276203), (0, 130.0840403423625), (0, 129.71606245761984), (0, 129.46142634298266), (0, 128.93861449266916), (0, 128.3882563554344), (0, 127.61072031333948), (0, 127.05622471692953), (0, 127.67895082833003), (0, 130.6034426848723), (0, 131.11468354773092), (0, 128.63248237900564), (0, 130.31074158918548), (0, 131.66660261013672), (0, 132.01931321763297), (0, 132.1735015777911), (0, 132.25793602627354), (0, 132.30780601203625), (0, 132.3377842972608), (0, 132.3551142881666), (0, 132.36371986780665), (0, 132.3658835956706), (0, 132.36300173954785), (0, 132.3559422820523), (0, 132.34523838693178), (0, 132.33122632966396), (0, 132.31415174593238), (0, 132.29422934221367), (0, 132.27167044527843), (0, 132.24672183556223), (0, 132.21972681419751), (0, 132.19118319597194), (0, 132.16175899577647), (0, 132.13224126025844), (0, 132.10341897463883), (0, 132.07592934014406), (0, 132.05010307967729), (0, 132.0258459567952), (0, 132.0026023159299), (0, 131.97943360407982), (0, 131.9551840175345), (0, 131.92865594505415), (0, 131.89873319406442), (0, 131.86443994836597), (0, 131.8249604521124), (0, 131.77966317526418), (0, 131.72817822675353), (0, 131.6705569473739), (0, 131.60744721637383), (0, 131.54001766413336), (0, 131.46929795460352), (0, 131.39515649398555), (0, 131.3158609047579), (0, 131.2285707408703), (0, 131.12986174268346), (0, 131.0155003047185), (0, 130.87936566511252), (0, 130.71088187194005), (0, 130.48797842460712), (0, 130.15830027891622), (0, 129.60734894366186), (0, 128.0985977426902), (0, 130.22072042454764), (0, 130.81798928343602), (0, 130.88922295675428), (0, 130.7106404618372), (0, 130.41142361400117), (0, 130.03076933957902), (0, 129.5263085853863), (0, 128.9334499728631), (0, 128.41599294302995), (0, 127.98642528339064), (0, 127.22082540010688), (0, 126.03599187610037), (0, 124.77262057935704), (0, 123.51600436596483), (0, 129.66297508810732), (0, 130.96932686616023), (0, 131.31937530393935), (0, 131.514985735282), (0, 131.63225088023938), (0, 131.70189656633983), (0, 131.7423191747333), (0, 131.76416096587727), (0, 131.77344757608148), (0, 131.77363160888552), (0, 131.76673213125176), (0, 131.75394723764674), (0, 131.73599337050237), (0, 131.7133113647016), (0, 131.6862140760674), (0, 131.65501341516716), (0, 131.6201377623141), (0, 131.58223281967017), (0, 131.5422556451713), (0, 131.50163002400828), (0, 131.4624341935103), (0, 131.42711408384628), (0, 131.3972026572996), (0, 131.37203425998268), (0, 131.34907323688296), (0, 131.3253600549234), (0, 131.29850424325235), (0, 131.26689339291136), (0, 119.67637913667414), (0, 74.62244262427568), (0, 7.685272332794315), (0, 7.772743560657705), (0, 7.893638710146386), (0, 8.009830495480927), (0, 8.093602177235525), (0, 8.147728598121805), (0, 8.180188239388078), (0, 8.201427968767865), (0, 8.215601974427363), (0, 8.223379087665515), (0, 8.225508411864455), (0, 8.222215632455786), (0, 8.21366009343312), (0, 8.200418875447435), (0, 8.182892181072566), (0, 8.160871144451056), (0, 8.133808495274128), (0, 8.10132305743998), (0, 8.0635274292785), (0, 8.021091877631166), (0, 7.975114042017357), (0, 7.926899489954966), (0, 7.877741489314308), (0, 7.828753389533571), (0, 7.780775931743023), (0, 7.734359255242234), (0, 7.689801520904343), (0, 7.647215615806068), (0, 7.606597157486622), (0, 7.567877915593274), (0, 7.530960702533263), (0, 7.495738851055977), (0, 7.462105419527152), (0, 7.429956553551122), (0, 7.39919199007061), (0, 7.369714494523729), (0, 7.341429181797143), (0, 7.3142431610360115), (0, 7.2880655815290885), (0, 7.262808034206149), (0, 7.238385188950497), (0, 7.214715598933078), (0, 7.191722650793657), (0, 7.169335694291692), (0, 7.147491413875664), (0, 7.126135478037975), (0, 7.105224454629404), (0, 7.084727858157668), (0, 7.064630039114306), (0, 7.044931454223545), (0, 7.0256487453007095), (0, 7.006813102694727), (0, 6.988466679404622), (0, 6.970657333564407), (0, 6.953432518873008), (0, 6.936833471754233), (0, 6.920890734092245), (0, 6.905621597352916), (0, 6.891029474425683), (0, 6.877104792307967), (0, 6.8638268502369755), (0, 6.851166148809913), (0, 6.8390868327151635), (0, 6.827549013330865), (0, 6.816510836060565), (0, 6.8059302103544255), (0, 6.795766173951586)]