Model Setup for {PATIENT_GROUPS} Trained Network:

RNN Network Architecture Parameters
Input channels=1
Hidden channels=128
Output channels=4

Training hyperparameters
Optimizer=AdamW (
Parameter Group 0
    amsgrad: False
    betas: (0.9, 0.999)
    capturable: False
    differentiable: False
    eps: 1e-08
    foreach: None
    fused: None
    lr: 0.001
    maximize: False
    weight_decay: 1e-06
)Training Iterations=2000
Learning rate=0.001
Weight decay=1e-06
Optimizer reset frequency=1000

Dropout probability (after initial linear layer before NCDE): 0.0
Training Data Selection Parameters
(If not virtual, the only important params are the groups and whether data was normalized/standardized)
Patient groups=['Control']
Augmentation strategy=Uniform
Noise Magnitude=0.05
Normalized/standardized=None
Number of virtual patients per real patient=1
Label smoothing factor=0
Test Patient Combinations:
Control: None
MDD: None
Training batch size=1
Training Results:
Runtime=9.713005781173706
Loss over time=[(0, 193.55566101876852), (0, 192.4267142824462), (0, 191.21309991433367), (0, 190.01985834792112), (0, 188.8684197004207), (0, 187.71585046706022), (0, 186.65613451013724), (0, 185.64721732182215), (0, 184.6808670652278), (0, 183.75206904451179), (0, 182.85366466908638), (0, 181.9806032271616), (0, 181.1297378683133), (0, 180.29950715651808), (0, 179.48899362322814), (0, 178.69725114993378), (0, 177.9234540852903), (0, 177.16720240853846), (0, 176.42813032097044), (0, 175.70534594122032), (0, 174.9973087379977), (0, 174.30226601161115), (0, 173.61896570806027), (0, 172.9468992101682), (0, 172.28617911311122), (0, 171.63716823019888), (0, 171.00009831394277), (0, 170.37525983680592), (0, 169.763407252314), (0, 169.16580293749152), (0, 168.583950487948), (0, 168.01927221913007), (0, 167.47277187932198), (0, 166.9448647038971), (0, 166.43552136871762), (0, 165.94444753426149), (0, 165.47137444196485), (0, 165.0163212894221), (0, 164.57910912237008), (0, 164.15848911551157), (0, 163.7520523592453), (0, 163.35698323937115), (0, 162.9709213078318), (0, 162.59242649434543), (0, 162.22103016198457), (0, 161.85701565894146), (0, 161.50098755267237), (0, 161.153357222598), (0, 160.81396896877592), (0, 160.48217488803988), (0, 160.15725996290757), (0, 159.83871959723328), (0, 159.5262665400621), (0, 159.21974100968686), (0, 158.91903857691776), (0, 158.62407116266218), (0, 158.33475042555074), (0, 158.05098519115657), (0, 157.7726792355816), (0, 157.4997307388109), (0, 157.23202960206078), (0, 156.96945878087445), (0, 156.71189360561624), (0, 156.459202614592), (0, 156.21124617535244), (0, 155.9678788252266), (0, 155.72894984520997), (0, 155.49430202606615), (0, 155.2637740191051), (0, 155.03720083561444), (0, 154.81441249785212), (0, 154.59523684155226), (0, 154.37949746425159), (0, 154.16701642534326), (0, 153.95761210345555), (0, 153.75110181132), (0, 153.54730017528829), (0, 153.34601928000552), (0, 153.1470705820069), (0, 152.95026319543183), (0, 152.75540454697014), (0, 152.5623003984049), (0, 152.37075483181397), (0, 152.1805701887947), (0, 151.99154694878916), (0, 151.8034841332804), (0, 151.61617721084383), (0, 151.42941946265472), (0, 151.24300137594636), (0, 151.05670862504064), (0, 150.87032098280073), (0, 150.68361269994332), (0, 150.49634899730296), (0, 150.3082846635748), (0, 150.11916253500527), (0, 149.9287098432824), (0, 149.736639587777), (0, 149.54264960097768), (0, 149.3464271505966), (0, 149.147657621767), (0, 148.9460392578812), (0, 148.7413054168871), (0, 148.53325185807503), (0, 148.32177091499568), (0, 148.1068865074582), (0, 147.88877935287152), (0, 147.6677953172423), (0, 147.44440471430613), (0, 147.21910496099906), (0, 146.99226841289834), (0, 145.90369441537808), (0, 139.5194512016481), (0, 139.81187333227928), (0, 139.8148029560559), (0, 139.78053848045326), (0, 139.73786259997988), (0, 139.6901642416409), (0, 139.63814806850837), (0, 139.5822505860266), (0, 139.5229220631832), (0, 139.46064945528502), (0, 139.3959454428213), (0, 139.32933301434312), (0, 139.2613304130989), (0, 139.19243889168087), (0, 139.1231313424435), (0, 139.05384403294119), (0, 138.98496885231316), (0, 138.91685031851273), (0, 138.8497819943962), (0, 138.7840058946891), (0, 138.71971362504732), (0, 138.65704949869126), (0, 138.59611320545446), (0, 138.53696593043873), (0, 138.47963324367322), (0, 138.42411291380472), (0, 138.37037735289917), (0, 138.31837946205502), (0, 138.2680580713111), (0, 138.21933965888883), (0, 138.1721437747113), (0, 138.1263842003881), (0, 138.08197169768542), (0, 138.03881629622208), (0, 137.99682757292584), (0, 137.95591669906523), (0, 137.91599660409733), (0, 137.8769818897893), (0, 137.83879013501695), (0, 137.80134141088385), (0, 137.76455760389283), (0, 137.72836362688156), (0, 137.692684563611), (0, 137.6574465481951), (0, 137.62257250628454), (0, 137.58798012135563), (0, 137.55357500282065), (0, 137.5192394785831), (0, 137.48481257487703), (0, 137.45004959236275), (0, 137.41454925398665), (0, 137.3776142401782), (0, 137.33801739952315), (0, 137.29367865180276), (0, 137.24142221524042), (0, 137.17751465232456), (0, 137.1009343566542), (0, 137.02100645353528), (0, 136.95514300180375), (0, 136.89345478571022), (0, 136.8290896109431), (0, 136.76119101494677), (0, 136.67725963230876), (0, 136.5793072397423), (0, 136.4636685383231), (0, 136.37451172496756), (0, 129.06877562366603), (0, 15.090867065006279), (0, 3.3557387987058407), (0, 3.3671834513384367), (0, 3.3853853844992963), (0, 3.408869491330802), (0, 3.435730376193183), (0, 3.464006635737486), (0, 3.4920151410997384), (0, 3.5185290615352187), (0, 3.542799078540258), (0, 3.5644712488439882), (0, 3.583468322585077), (0, 3.599881083069317), (0, 3.6138879397939556), (0, 3.6257029396583564), (0, 3.635545355744352), (0, 3.6436236352155214), (0, 3.650128049616868), (0, 3.655228326460977), (0, 3.659073899721822), (0, 3.661795512519198), (0, 3.6635073658437105), (0, 3.66430942730381), (0, 3.6642896871579493), (0, 3.6635263039183776), (0, 3.662089497689464), (0, 3.6600432685639417), (0, 3.657446858069636), (0, 3.6543559903836154), (0, 3.650823835085065), (0, 3.6469017101593058), (0, 3.6426395098056776), (0, 3.638085903503251), (0, 3.6332882249607534), (0, 3.6282921993470802), (0, 3.623141452886507), (0, 3.6178769774500372), (0, 3.6125364917751495), (0, 3.6071538917736037), (0, 3.601758768394735), (0, 3.596376123135585), (0, 3.5910262364459404), (0, 3.585724730117522), (0, 3.5804828001694737), (0, 3.575307600497472), (0, 3.570202713755674), (0, 3.5651686642004665), (0, 3.560203451151049), (0, 3.5553030591802717), (0, 3.5504618886929267), (0, 3.545673167775897), (0, 3.5409292851209124), (0, 3.5362220968195226), (0, 3.531543219752074), (0, 3.526884444017696), (0, 3.522238247791951), (0, 3.5175987151818364), (0, 3.512962963123962), (0, 3.5083333605495497), (0, 3.5037206614534475), (0, 3.4991477353579103), (0, 3.4946524980459595), (0, 3.4902869444874205), (0, 3.486107719186954), (0, 3.4821550545037905), (0, 3.478425146526039), (0, 3.4748532299906096), (0, 3.471326732410304), (0, 3.467728150200987), (0, 3.46398127135374), (0, 3.4600728717433937), (0, 3.456043554315678), (0, 3.451959728453509), (0, 3.447883337433568), (0, 3.443851599008699), (0, 3.4398715522630834), (0, 3.4359269036224047), (0, 3.431990475792168), (0, 3.4280362471425403), (0, 3.424048220926247), (0, 3.4200260329740644), (0, 3.415988004707972), (0, 3.4119715961239607), (0, 3.40803016340416), (0, 3.40422440985704), (0, 3.4006082858463675), (0, 3.397212361860763), (0, 3.3940308360121905), (0, 3.3910188223712447), (0, 3.388102370518654), (0, 3.3851974768474573), (0, 3.382230682760048), (0, 3.3791543250774168), (0, 3.3759529921467535), (0, 3.372641517426809), (0, 3.369256845727619), (0, 3.365846648561243), (0, 3.362457637959033), (0, 3.3591260209947897), (0, 3.3558720346849413), (0, 3.3526991178236676), (0, 3.3495970763722944), (0, 3.3465474400198016), (0, 3.343529077040338), (0, 3.340522757131511), (0, 3.3375139804867198), (0, 3.3344941768031147), (0, 3.3314606264439086), (0, 3.328415508101809), (0, 3.325364512630106), (0, 3.3223152252641395), (0, 3.3192755434801233), (0, 3.316252316119887), (0, 3.313250339317024), (0, 3.3102718784124288), (0, 3.30731669267053), (0, 3.304382502222127), (0, 3.3014657919917996), (0, 3.2985626926597567), (0, 3.2956697482162274), (0, 3.29278447164726), (0, 3.289905566299709), (0, 3.2870328802123905), (0, 3.2841671167447166), (0, 3.281309485933684), (0, 3.2784613226803296), (0, 3.275623799278777), (0, 3.2727977227506346), (0, 3.269983490987186), (0, 3.267181122738843), (0, 3.2643903646902075), (0, 3.2616107885602257), (0, 3.2588419254211933), (0, 3.25608333600123), (0, 3.253334651005119), (0, 3.2505955908749806), (0, 3.247865932243502), (0, 3.245145509247333), (0, 3.2424341900373617), (0, 3.239731868724778), (0, 3.2370384666025678), (0, 3.2343539201299065), (0, 3.2316781945628814), (0, 3.229011274231301), (0, 3.2263531561335017), (0, 3.2237038161951737), (0, 3.2210632109744637), (0, 3.218431260890404), (0, 3.2158078496575917), (0, 3.213192810268426), (0, 3.210585953066194), (0, 3.2079870727407713), (0, 3.2053959616803596), (0, 3.2028124241835054), (0, 3.200236289343256), (0, 3.197667397236949), (0, 3.195105614235361), (0, 3.1925508227692534), (0, 3.190002910872365), (0, 3.1874617721638696), (0, 3.184927280764176), (0, 3.1823993018529295), (0, 3.1798776837545923), (0, 3.1773622590991293), (0, 3.1748528449937354), (0, 3.172349253490506), (0, 3.1698512794894294), (0, 3.1673587206824045), (0, 3.164871373887911), (0, 3.1623890374444628), (0, 3.1599115125783435), (0, 3.157438599445806), (0, 3.15497010229634), (0, 3.152505812080952), (0, 3.150045518506524), (0, 3.147589004932315), (0, 3.1451360464698275), (0, 3.1426864098441394), (0, 3.1402398522768378), (0, 3.1377961291472256), (0, 3.1353549756743897), (0, 3.1329161251742983), (0, 3.130479303733266), (0, 3.128044229921868), (0, 3.125610616140748), (0, 3.1231781664595983), (0, 3.120746579064825), (0, 3.1183155456433114), (0, 3.115884757776392), (0, 3.113453892039593), (0, 3.1110226254476188), (0, 3.1085906342415943), (0, 3.1061575936472208), (0, 3.103723180323859), (0, 3.1012870770820857), (0, 3.098848974076683), (0, 3.0964085793422162), (0, 3.09396560540544), (0, 3.0915197927111944), (0, 3.089070908481857), (0, 3.0866187535907623), (0, 3.0841631700509384), (0, 3.0817040488098906), (0, 3.0792413387803874), (0, 3.0767750547510655), (0, 3.074305293150178), (0, 3.0718322240498543), (0, 3.06935611805125), (0, 3.066877347955613), (0, 3.064396397471258), (0, 3.061913865176242), (0, 3.0594304707517606), (0, 3.056947054950934), (0, 3.054464582179728), (0, 3.051984119760554), (0, 3.049506844205611), (0, 3.0470340206083626), (0, 3.044566985102508), (0, 3.0421071205307335), (0, 3.03965583061622), (0, 3.0372145099575043), (0, 3.034784511671217), (0, 3.0323671135744132), (0, 3.0299634869643515), (0, 3.0275746650703597), (0, 3.0252015156225953), (0, 3.0228447196257733), (0, 3.0205047540772556), (0, 3.0181818837632743), (0, 3.0158761571163892), (0, 3.0135874123305375), (0, 3.0113152878680642), (0, 3.0090592414384547), (0, 3.0068185701998313), (0, 3.004592437781608), (0, 3.0023799015646335), (0, 3.0001799378070313), (0, 2.997991482768592), (0, 2.99581344607819), (0, 2.993644739787269), (0, 2.9914842997547697), (0, 2.989331102949998), (0, 2.9871841779253834), (0, 2.985042630077342), (0, 2.98290563396657), (0, 2.980772442428468), (0, 2.9786423824882426), (0, 2.976514870105237), (0, 2.9743893919374456), (0, 2.9722655050097777), (0, 2.9701428321742678), (0, 2.968021050022457), (0, 2.9658998969388657), (0, 2.963779150646825), (0, 2.9616586270861784), (0, 2.9595381731724224), (0, 2.9574176554477845), (0, 2.9552969688311896), (0, 2.953176017249921), (0, 2.9510547129670703), (0, 2.948932974329924), (0, 2.946810720199014), (0, 2.944687868676056), (0, 2.942564329125034), (0, 2.940440016135393), (0, 2.9383148328989632), (0, 2.93618867563527), (0, 2.93406143321234), (0, 2.9319329862799703), (0, 2.929803208815847), (0, 2.9276719678213334), (0, 2.9255391187952573), (0, 2.9234045223370266), (0, 2.921268029139919), (0, 2.9191294870090134), (0, 2.9169887417763305), (0, 2.914845638254395), (0, 2.912700023037336), (0, 2.9105517442850157), (0, 2.908400655056256), (0, 2.906246614416064), (0, 2.9040894895421046), (0, 2.9019291574191866), (0, 2.899765508295016), (0, 2.8975984466390727), (0, 2.8954278950649694), (0, 2.893253795650873), (0, 2.89107611368285), (0, 2.888894840945642), (0, 2.8867099970664802), (0, 2.884521634123568), (0, 2.8823298391426486), (0, 2.8801347369633863), (0, 2.877936493320776), (0, 2.875735317062389), (0, 2.873531462677593), (0, 2.871325231601248), (0, 2.8691169747095038), (0, 2.8669070915541544), (0, 2.8646960305331155), (0, 2.8624842886716313), (0, 2.860272408072859), (0, 2.8580609790759555), (0, 2.855850620332627), (0, 2.8536419886793003), (0, 2.8514357672909827), (0, 2.849232657902615), (0, 2.8470333730580117), (0, 2.844838625198401), (0, 2.842649117746762), (0, 2.840465534064346), (0, 2.8382885263943702), (0, 2.8361187061849336), (0, 2.8339566330399006), (0, 2.831802806566214), (0, 2.829657657176729), (0, 2.8275215403250256), (0, 2.8253947304646196), (0, 2.8232774188521192), (0, 2.8211697113278915), (0, 2.8190716299463743), (0, 2.8169831150351583), (0, 2.81490403009536), (0, 2.812834168318715), (0, 2.8107732562553824), (0, 2.8087209759641434), (0, 2.8066769609323177), (0, 2.8046408110908545), (0, 2.802612103370501), (0, 2.80059039755145), (0, 2.798575258743074), (0, 2.7965662534416547), (0, 2.7945629614222405), (0, 2.7925649776337904), (0, 2.7905719316037754), (0, 2.7885834784505175), (0, 2.786599306022653), (0, 2.7846191318780895), (0, 2.7826427181690376), (0, 2.780669857640398), (0, 2.7787003724174344), (0, 2.776734125402581), (0, 2.7747710006109703), (0, 2.7728109181421075), (0, 2.7708538175061843), (0, 2.7688996539485875), (0, 2.766948410159605), (0, 2.7650000780623833), (0, 2.7630546557885003), (0, 2.7611121591250094), (0, 2.7591726006576005), (0, 2.757236004324701), (0, 2.7553023907466883), (0, 2.7533717754087412), (0, 2.751444179553894), (0, 2.74951961636606), (0, 2.747598090026182), (0, 2.745679607521499), (0, 2.743764160772463), (0, 2.7418517449957203), (0, 2.7399423433477073), (0, 2.7380359288653313), (0, 2.736132476480555), (0, 2.7342319468367475), (0, 2.7323343034108403), (0, 2.7304395002324844), (0, 2.7285474824427856), (0, 2.726658199636606), (0, 2.724771589317837), (0, 2.7228875945630926), (0, 2.7210061517095574), (0, 2.7191271909760673), (0, 2.717250649781696), (0, 2.7153764603477506), (0, 2.7135045499631025), (0, 2.711634855036663), (0, 2.709767303246601), (0, 2.7079018320569577), (0, 2.7060383755305337), (0, 2.7041768644579234), (0, 2.702317239959098), (0, 2.700459436419486), (0, 2.698603398676684), (0, 2.6967490698306062), (0, 2.6948963898032763), (0, 2.693045310465954), (0, 2.691195781378114), (0, 2.689347749914071), (0, 2.6875011751484905), (0, 2.6856560091403066), (0, 2.683812216293757), (0, 2.681969758193888), (0, 2.6801285950549643), (0, 2.6782886979416634), (0, 2.6764500362996904), (0, 2.674612577110459), (0, 2.672776298748828), (0, 2.6709411732737065), (0, 2.6691071838775753), (0, 2.6672743109939367), (0, 2.6654425329956126), (0, 2.6636118395053825), (0, 2.661782217625138), (0, 2.6599536516328186), (0, 2.6581261371037455), (0, 2.656299666747995), (0, 2.6544742300695128), (0, 2.6526498281909956), (0, 2.650826454000535), (0, 2.6490041117874936), (0, 2.6471828020159003), (0, 2.6453625222529804), (0, 2.6435432806370436), (0, 2.6417250819981546), (0, 2.6399079276036788), (0, 2.6380918290611626), (0, 2.6362767943250947), (0, 2.634462827293151), (0, 2.632649942599419), (0, 2.6308381506895606), (0, 2.6290274575413424), (0, 2.6272178797302956), (0, 2.625409428891239), (0, 2.6236021130483715), (0, 2.6217959493981056), (0, 2.619990950320793), (0, 2.618187124017068), (0, 2.616384488113497), (0, 2.6145830548700357), (0, 2.612782832420474), (0, 2.6109838370395466), (0, 2.6091860807737577), (0, 2.6073895744253353), (0, 2.605594324186327), (0, 2.603800344664986), (0, 2.6020076446964904), (0, 2.600216228274604), (0, 2.598426107577808), (0, 2.5966372888155864), (0, 2.5948497732201625), (0, 2.5930635699220588), (0, 2.5912786822480696), (0, 2.5894951078712882), (0, 2.587712852506672), (0, 2.5859319160201313), (0, 2.584152292411489), (0, 2.582373983648879), (0, 2.5805969862596276), (0, 2.578821290152469), (0, 2.5770468935770516), (0, 2.5752737892173374), (0, 2.573501963229195), (0, 2.571731410413352), (0, 2.569962119532916), (0, 2.568194077786143), (0, 2.5664272672578794), (0, 2.564661677872435), (0, 2.562897293865934), (0, 2.5611340938316136), (0, 2.559372064655154), (0, 2.5576111876922876), (0, 2.5558514387970375), (0, 2.554092802289981), (0, 2.55233525711671), (0, 2.5505787768948585), (0, 2.548823343898), (0, 2.547068935511824), (0, 2.5453155280399278), (0, 2.5435630929160333), (0, 2.5418116108964766), (0, 2.540061057033162), (0, 2.538311401906567), (0, 2.536562625430754), (0, 2.5348147020607326), (0, 2.5330676022536056), (0, 2.531321305027607), (0, 2.5295757851448655), (0, 2.5278310176512324), (0, 2.5260869724960795), (0, 2.5243436297279125), (0, 2.522600964252855), (0, 2.5208589470000504), (0, 2.519117558703026), (0, 2.517376775163383), (0, 2.51563657285158), (0, 2.5138969243553326), (0, 2.5121578112110106), (0, 2.5104192111640673), (0, 2.508681102380375), (0, 2.5069434588771085), (0, 2.505206264739248), (0, 2.5034694993024944), (0, 2.5017331381589107), (0, 2.4999971665980247), (0, 2.4982615658950666), (0, 2.496526317818989), (0, 2.4947913997552997), (0, 2.493056799513235), (0, 2.4913225004112087), (0, 2.4895884863661317), (0, 2.4878547371428668), (0, 2.4861212418962118), (0, 2.4843879862446685), (0, 2.482654955630639), (0, 2.4809221365538145), (0, 2.479189510936863), (0, 2.4774570699344203), (0, 2.4757248006956987), (0, 2.4739926909286027), (0, 2.472260723358819), (0, 2.4705288906201086), (0, 2.4687971802155393), (0, 2.467065579956314), (0, 2.4653340778973605), (0, 2.463602656775447), (0, 2.4618713085105655), (0, 2.4601400201621013), (0, 2.4584087786174744), (0, 2.4566775696353362), (0, 2.4549463739623403), (0, 2.453215181049011), (0, 2.451483974169578), (0, 2.4497527357719435), (0, 2.448021442737101), (0, 2.446290078993919), (0, 2.4445586225198945), (0, 2.4428270496258206), (0, 2.441095333832143), (0, 2.439363446781772), (0, 2.437631352492227), (0, 2.4358990206521964), (0, 2.434166413468299), (0, 2.4324334889075763), (0, 2.430700200507017), (0, 2.4289664923076564), (0, 2.4272323118613217), (0, 2.425497596210842), (0, 2.423762274767369), (0, 2.4220262695720782), (0, 2.420289488587099), (0, 2.4185518393310415), (0, 2.4168132129340076), (0, 2.4150734877591047), (0, 2.4133325266279373), (0, 2.4115901755070492), (0, 2.4098462564672722), (0, 2.4081005776142947), (0, 2.406352916437468), (0, 2.404603019137206), (0, 2.402850596556345), (0, 2.401095316952192), (0, 2.3993367940398516), (0, 2.3975745914103817), (0, 2.395808196425694), (0, 2.3940370118518346), (0, 2.3922603362207284), (0, 2.3904773430363258), (0, 2.388687052329179), (0, 2.386888290964749), (0, 2.385079662692722), (0, 2.3832594801566187), (0, 2.381425700997151), (0, 2.3795758438533867), (0, 2.3777068881829475), (0, 2.3758151557180964), (0, 2.373896183095828), (0, 2.3719445992431356), (0, 2.3699540447582295), (0, 2.3679172041866243), (0, 2.3658260757337497), (0, 2.3636726791872023), (0, 2.3614504750183336), (0, 2.359156777433903), (0, 2.3567962170294448), (0, 2.354384803068605), (0, 2.3519530433114166), (0, 2.349545738529714), (0, 2.347215890773218), (0, 2.3450121980089973), (0, 2.3429633912168213), (0, 2.3410666369969695), (0, 2.339286788470507), (0, 2.3375675467893835), (0, 2.3358487512596557), (0, 2.3340819610967984), (0, 2.332239300867854), (0, 2.330314760648135), (0, 2.3283200039343517), (0, 2.3262773607604763), (0, 2.3242124748530553), (0, 2.322148394160686), (0, 2.320102021784457), (0, 2.318083032439263), (0, 2.3160946356876124), (0, 2.3141352762438507), (0, 2.3122005753492902), (0, 2.3102850308282137), (0, 2.3083832906493478), (0, 2.306490966028502), (0, 2.3046050615234965), (0, 2.3027240670892795), (0, 2.300847843272126), (0, 2.2989773621992464), (0, 2.2971143771673597), (0, 2.2952610695213345), (0, 2.293419734033514), (0, 2.2915924904641582), (0, 2.2897810761557063), (0, 2.287986705080362), (0, 2.2862100152459988), (0, 2.2844510493414707), (0, 2.2827093205830695), (0, 2.280983885015629), (0, 2.2792734458518926), (0, 2.2775764800869065), (0, 2.2758913301706416), (0, 2.27421631864579), (0, 2.272549812399005), (0, 2.270890297815242), (0, 2.269236422542995), (0, 2.267587005996426), (0, 2.265941065520891), (0, 2.264297792820479), (0, 2.262656557773768), (0, 2.261016869670707), (0, 2.2593783727100543), (0, 2.257740803888386), (0, 2.2561039895322272), (0, 2.2544678075191964), (0, 2.2528321890371905), (0, 2.251197088298184), (0, 2.2495624897400117), (0, 2.247928384355015), (0, 2.246294781549315), (0, 2.2446616936274455), (0, 2.2430291329746335), (0, 2.2413971240497292), (0, 2.2397656852899357), (0, 2.238134845379912), (0, 2.2365046291236204), (0, 2.2348750571151283), (0, 2.233246157485735), (0, 2.2316179515721863), (0, 2.2299904536371296), (0, 2.2283636825021884), (0, 2.2267376476922465), (0, 2.2251123493657983), (0, 2.223487790605122), (0, 2.2218639648679446), (0, 2.22024085539182), (0, 2.218618449537824), (0, 2.2169967260731718), (0, 2.2153756553535215), (0, 2.213755214230167), (0, 2.2121353728537554), (0, 2.2105161005609437), (0, 2.208897362240219), (0, 2.2072791316553184), (0, 2.205661379471359), (0, 2.204044073682497), (0, 2.2024271925693015), (0, 2.2008107125451972), (0, 2.1991946118069596), (0, 2.1975788667420573), (0, 2.1959634642802373), (0, 2.1943483892568905), (0, 2.1927336237148944), (0, 2.191119159800086), (0, 2.1895049869792564), (0, 2.1878910955852344), (0, 2.186277472378622), (0, 2.184664113577044), (0, 2.1830510115327404), (0, 2.181438158895947), (0, 2.1798255440733767), (0, 2.1782131645184357), (0, 2.1766010132401745), (0, 2.174989083342539), (0, 2.173377363416607), (0, 2.1717658510813083), (0, 2.170154539150928), (0, 2.168543420508816), (0, 2.166932483859586), (0, 2.1653217262308844), (0, 2.1637111406747085), (0, 2.162100719754474), (0, 2.1604904520743964), (0, 2.1588803345733556), (0, 2.1572703602373453), (0, 2.1556605217618903), (0, 2.1540508073285616), (0, 2.1524412142551115), (0, 2.1508317352521606), (0, 2.14922236297689), (0, 2.147613085576425), (0, 2.146003900324078), (0, 2.1443947998930697), (0, 2.1427857769510577), (0, 2.141176819755558), (0, 2.139567925366171), (0, 2.1379590862568287), (0, 2.1363502952601747), (0, 2.134741540630877), (0, 2.133132819422211), (0, 2.1315241242904586), (0, 2.1299154478944673), (0, 2.1283067828972073), (0, 2.1266981175657858), (0, 2.125089448959361), (0, 2.123480769740447), (0, 2.1218720725702056), (0, 2.1202633457097937), (0, 2.118654586197703), (0, 2.117045786668719), (0, 2.1154369397434), (0, 2.1138280338550635), (0, 2.1122190657562685), (0, 2.1106100280032414), (0, 2.109000913127789), (0, 2.1073917092420764), (0, 2.105782413198124), (0, 2.1041730174196163), (0, 2.102563514289821), (0, 2.1009538961479284), (0, 2.0993441508994466), (0, 2.097734275213192), (0, 2.0961242612156914), (0, 2.0945141010235044), (0, 2.0929037821489906), (0, 2.091293301115987), (0, 2.0896826498325165), (0, 2.08807182017924), (0, 2.086460799478261), (0, 2.08484958376286), (0, 2.0832381645996714), (0, 2.081626533357838), (0, 2.080014681506102), (0, 2.078402595934516), (0, 2.076790272215959), (0, 2.0751777011749324), (0, 2.0735648738741737), (0, 2.071951776728832), (0, 2.0703384046648963), (0, 2.0687247482968765), (0, 2.067110797911607), (0, 2.0654965394842213), (0, 2.063881967330114), (0, 2.0622670714630913), (0, 2.060651841788608), (0, 2.059036267888103), (0, 2.057420334883662), (0, 2.0558040366794947), (0, 2.054187362457407), (0, 2.0525703013115715), (0, 2.050952842341526), (0, 2.0493349700868837), (0, 2.04771667782688), (0, 2.046097954317291), (0, 2.0444787883360944), (0, 2.0428591642291893), (0, 2.0412390752367258), (0, 2.0396185102910014), (0, 2.037997458325602), (0, 2.0363759083589703), (0, 2.0347538456299215), (0, 2.0331312639606676), (0, 2.03150815339238), (0, 2.0298845046040044), (0, 2.0282603084270994), (0, 2.0266355521839268), (0, 2.0250102326169364), (0, 2.023384343048151), (0, 2.0217578776642253), (0, 2.0201308318279843), (0, 2.018503197823452), (0, 2.0168749779949287), (0, 2.015246171897152), (0, 2.0136167806469607), (0, 2.0119868073964713), (0, 2.010356252829), (0, 2.0087251285823315), (0, 2.007093443953201), (0, 2.0054612106539995), (0, 2.0038284430888065), (0, 2.002195157768587), (0, 2.0005613696760847), (0, 1.998927104816601), (0, 1.9972923872863897), (0, 1.9956572438128257), (0, 1.9940217033064591), (0, 1.9923857966000418), (0, 1.9907495519790197), (0, 1.9891130080980366), (0, 1.987476200242813), (0, 1.9858391646103957), (0, 1.9842019378893505), (0, 1.9825645564369447), (0, 1.9809270518672188), (0, 1.9792894633248066), (0, 1.9776518241049343), (0, 1.9760141654660828), (0, 1.9743765161693685), (0, 1.9727389020513058), (0, 1.9711013457062705), (0, 1.9694638616782796), (0, 1.9678264692335208), (0, 1.9661891791813928), (0, 1.9645519982530109), (0, 1.9629149287250607), (0, 1.9612779684391741), (0, 1.9596411069259658), (0, 1.9580043379914078), (0, 1.956367647136696), (0, 1.9547310161839493), (0, 1.9530944233509868), (0, 1.9514578437545778), (0, 1.9498212494022398), (0, 1.948184605470403), (0, 1.946547883206761), (0, 1.9449110476738487), (0, 1.943274061922116), (0, 1.941636887674927), (0, 1.939999485188021), (0, 1.9125138829639705), (0, 1.8866420695647907), (0, 1.862480672755883), (0, 1.8395614266810825), (0, 1.8180837001505217), (0, 1.798149541724217), (0, 1.7795157952097496), (0, 1.7620757333332349), (0, 1.7457292273738756), (0, 1.730268269040222), (0, 1.7155281087778285), (0, 1.7014153479967242), (0, 1.6878040952172675), (0, 1.674524350063558), (0, 1.6614520437332627), (0, 1.6485326887211607), (0, 1.6357263160638735), (0, 1.6229915384373947), (0, 1.6103032946066982), (0, 1.597647454181115), (0, 1.585015361900753), (0, 1.572423649008319), (0, 1.559920648951285), (0, 1.5475599748501687), (0, 1.535375115555751), (0, 1.5233753729099302), (0, 1.5115530363973875), (0, 1.4998930009019975), (0, 1.4883854072363765), (0, 1.4770336557175092), (0, 1.465844616731879), (0, 1.45481542547645), (0, 1.4439340530682585), (0, 1.433181751256528), (0, 1.4225292582623614), (0, 1.4119411728079638), (0, 1.4013876814018278), (0, 1.3908431215212675), (0, 1.3802766727438163), (0, 1.3696547953643208), (0, 1.3589571105902079), (0, 1.3482058535004953), (0, 1.3375180864347969), (0, 1.3270296854892165), (0, 1.3163372604482586), (0, 1.3053691656027542), (0, 1.294101604423356), (0, 1.2821199036160897), (0, 1.269049147099572), (0, 1.2549603468641517), (0, 1.2404530933242481), (0, 1.2266052044356057), (0, 1.2143485445206381), (0, 1.2032692446030238), (0, 1.1923110515876734), (0, 1.180805241565078), (0, 1.1684598898141263), (0, 1.15518542334722), (0, 1.1409590076747336), (0, 1.1258367147074149), (0, 1.1102155145987085), (0, 1.095168924980622), (0, 1.082170177891812), (0, 1.071491111875074), (0, 1.0619030446123119), (0, 1.052434658308111), (0, 1.0425554156091128), (0, 1.0320666337043685), (0, 1.0211266565955242), (0, 1.0099763625819465), (0, 0.9987570389057325), (0, 0.9875723658765353), (0, 0.9765769158273153), (0, 0.9660021632844492), (0, 0.95604146181754), (0, 0.9466686804201154), (0, 0.9376375867089537), (0, 0.9287071993278591), (0, 0.919727765090349), (0, 0.9106032182659414), (0, 0.9013397509886034), (0, 0.8920948241744321), (0, 0.8830344361866473), (0, 0.8741455790543768), (0, 0.8652746316823823), (0, 0.8563188190827861), (0, 0.8473031635632335), (0, 0.8383657879662275), (0, 0.8297024591398633), (0, 0.8213524120181549), (0, 0.8132244069491465), (0, 0.8053915659400266), (0, 0.7977801837122666), (0, 0.7898983914397132), (0, 0.7815289607584994), (0, 0.7726638781304422), (0, 0.7633748797422323), (0, 0.7538803810037576), (0, 0.744140471491204), (0, 0.7328477680249387), (0, 0.7181653736794524), (0, 0.7000875441163056), (0, 0.6804717964177993), (0, 0.6620423814686384), (0, 0.6472410679095834), (0, 0.6368228353045198), (0, 0.6277491125972448), (0, 0.6157464335066793), (0, 0.6002516933768027), (0, 0.584168636359531), (0, 0.5711726594914055), (0, 0.5624778641192042), (0, 0.5563028276185468), (0, 0.5508323879737292), (0, 0.5455200372850836), (0, 0.5398974080496914), (0, 0.5332183152212633), (0, 0.5256435890149229), (0, 0.5180459859948671), (0, 0.5108411499591152), (0, 0.5039311512270397), (0, 0.4973873996833164), (0, 0.4915775296710936), (0, 0.4866430108738304), (0, 0.48211783937025793), (0, 0.47736443649784394), (0, 0.47216050680375504), (0, 0.4664106798973264), (0, 0.4596006501708694), (0, 0.45085365970633595), (0, 0.43978698912057324), (0, 0.42740055522706866), (0, 0.4153028155042967), (0, 0.40382936904267513), (0, 0.39211808713872426), (0, 0.380029010686013), (0, 0.36851763444198526), (0, 0.3588804176726265), (0, 0.35167598535235783), (0, 0.34633173917043875), (0, 0.341730104484563), (0, 0.33735295561869727), (0, 0.33325920459261243), (0, 0.3293399337751829), (0, 0.3253632596874485), (0, 0.32115431189670096), (0, 0.31671350266537035), (0, 0.31226194753330644), (0, 0.3080454074734711), (0, 0.3041485636498188), (0, 0.30044816760973325), (0, 0.2967639858041127), (0, 0.2930400435315792), (0, 0.2892819546027629), (0, 0.2854600904984503), (0, 0.28157929276463434), (0, 0.27774243215820404), (0, 0.2740985122922428), (0, 0.2707300972819212), (0, 0.26757428738240824), (0, 0.26455033057764804), (0, 0.261648387100271), (0, 0.25881989957256346), (0, 0.25596987443346336), (0, 0.25303499784645417), (0, 0.25001880641318425), (0, 0.24698822295344963), (0, 0.24405379341971803), (0, 0.24129272570055796), (0, 0.23865948039954976), (0, 0.2360791859045944), (0, 0.2335416271580064), (0, 0.23104807481120868), (0, 0.22858235407341526), (0, 0.22614350165561797), (0, 0.22373861859523964), (0, 0.2213573829371775), (0, 0.21899768011838333), (0, 0.2166737803158554), (0, 0.21439017646904887), (0, 0.21215231010907487), (0, 0.2099723599033236), (0, 0.20784346184578373), (0, 0.2057456670863643), (0, 0.20367189405839164), (0, 0.20162452251225402), (0, 0.19960134784143213), (0, 0.19759815457754884), (0, 0.19561659109928578), (0, 0.19365569641450808), (0, 0.19171001803518303), (0, 0.18978159662801278), (0, 0.18787362469343138), (0, 0.185989666812877), (0, 0.18413028527404948), (0, 0.18228322995488783), (0, 0.18045518849589923), (0, 0.17865112841299374), (0, 0.17687233064726865), (0, 0.1751350735033978), (0, 0.17342286505295468), (0, 0.17172594527501156), (0, 0.17005872897130822), (0, 0.1684208065366054), (0, 0.16680908293733704), (0, 0.16521514114544536), (0, 0.1636356818845856), (0, 0.1620765221682213), (0, 0.1605309145471385), (0, 0.15899877869835483), (0, 0.15748743320839292), (0, 0.15599573009121256), (0, 0.15452318109820415), (0, 0.1530688995099383), (0, 0.1516313622885961), (0, 0.1502103220064761), (0, 0.14880398935058184), (0, 0.14741373129966587), (0, 0.14603991863979846), (0, 0.1446802811600978), (0, 0.1433363041681193), (0, 0.14200634579446453), (0, 0.1406853068925992), (0, 0.13936947391070975), (0, 0.13805336808300175), (0, 0.13672709715638692), (0, 0.1353674955195813), (0, 0.13392703465444097), (0, 0.13233434949070272), (0, 0.1305553639010592), (0, 0.12870365692680857), (0, 0.12698019333200322), (0, 0.12547578338597157), (0, 0.1241260573100017), (0, 0.12279942121598707), (0, 0.1214299984396549), (0, 0.12002959188184449), (0, 0.11861877302173691), (0, 0.11720407557215982), (0, 0.11578734393899236), (0, 0.11436860053454288), (0, 0.112951036116549), (0, 0.11154318605155641), (0, 0.11016096254836599), (0, 0.10882175968165092), (0, 0.1075326112626649), (0, 0.10628678060520062), (0, 0.10506712576727696), (0, 0.10385523672360543), (0, 0.10264136154855975), (0, 0.10142921188892753), (0, 0.10023156668052617), (0, 0.09905922507770305), (0, 0.09791794328274378), (0, 0.09680739610501196), (0, 0.09572229934640634), (0, 0.0946564621171617), (0, 0.09360479982613469), (0, 0.09256574402000631), (0, 0.09154022550213192), (0, 0.09053029372544788), (0, 0.08953732766036857), (0, 0.08856274258407106), (0, 0.08760691866429189), (0, 0.08666937612941525), (0, 0.08574912761340248), (0, 0.08484493591769131), (0, 0.08395564320041042), (0, 0.08308052466835666), (0, 0.08221907815713467), (0, 0.08137058492220824), (0, 0.08053395516579784), (0, 0.07970726981851461), (0, 0.07888710010430694), (0, 0.07806444999947357), (0, 0.07721125626588664), (0, 0.07623773512101836), (0, 0.07493002627769793), (0, 0.07305411004340746), (0, 0.07073031670988941), (0, 0.06872479249531507), (0, 0.06775409315463797), (0, 0.06737406642205082), (0, 0.06670238318814867), (0, 0.06566607016517835), (0, 0.06452285473815024), (0, 0.06338783094385556), (0, 0.06234654912564685), (0, 0.061516941723359475), (0, 0.060863553478212394), (0, 0.060206780224750914), (0, 0.05945831730864127), (0, 0.05867494208947573), (0, 0.05788089869592077), (0, 0.05705688840495875), (0, 0.05625523444276926), (0, 0.05555537219386809), (0, 0.054931505442252455), (0, 0.05431152069622443), (0, 0.05369657594251124), (0, 0.05311650509205603), (0, 0.05254549603077129), (0, 0.05195495320495912), (0, 0.051371648574607826), (0, 0.050815564750965096), (0, 0.05026719188588021), (0, 0.049721734498900896), (0, 0.04920243328234178), (0, 0.04871238978272809), (0, 0.04823295486005992), (0, 0.04776387758508257), (0, 0.04731406523284863), (0, 0.04687412651255265), (0, 0.046433762098964236), (0, 0.04599944313942133), (0, 0.045578040199666416), (0, 0.045169489765394165), (0, 0.044774883619138006), (0, 0.04439424867663582), (0, 0.044023316787314345), (0, 0.04365984912797247), (0, 0.04330364268388815), (0, 0.042954232340543005), (0, 0.04261347934865579), (0, 0.04228084018375448), (0, 0.04195355256492104), (0, 0.041634450086582064), (0, 0.04132564071877876), (0, 0.04102392713081794), (0, 0.04072922565760794), (0, 0.04044268033015636), (0, 0.04016205869452115), (0, 0.03988615488146094), (0, 0.0396156006046427), (0, 0.039350293745873975), (0, 0.039090391543644014), (0, 0.03883622897378829), (0, 0.038587866816204484), (0, 0.03834582331861286), (0, 0.03810952336008038), (0, 0.03787802950006745), (0, 0.03765153566244792), (0, 0.03742989849739696), (0, 0.037212569759926255), (0, 0.03699986173038242), (0, 0.03679181266324302), (0, 0.036587968195133665), (0, 0.036388443353432394), (0, 0.036193245237203166), (0, 0.03600205686376062), (0, 0.03581481371611645), (0, 0.03563145079238071), (0, 0.035451794615999385), (0, 0.03527581644962735), (0, 0.03510342323090146), (0, 0.03493455957971474), (0, 0.03476921713680662), (0, 0.03460720978555901), (0, 0.03444839149615357), (0, 0.03429277254259055), (0, 0.03414023141903073), (0, 0.033990652450137576), (0, 0.033844052320692555), (0, 0.03370032329797817), (0, 0.03355931072422012), (0, 0.0334209943479214), (0, 0.03328534804544545), (0, 0.03315227618235344), (0, 0.03302171310868675), (0, 0.03289360720868254), (0, 0.032767880383918375), (0, 0.032644445803659966), (0, 0.0325232512631479), (0, 0.032404263627931626), (0, 0.03228743467938851), (0, 0.03217271403110374), (0, 0.03206006362357063), (0, 0.03194941867837667), (0, 0.031840709910314256), (0, 0.031733895697495976), (0, 0.0316289353865396), (0, 0.03152578615376665), (0, 0.03142441499651157), (0, 0.031324778248596655), (0, 0.03122682696511839), (0, 0.03113052123945305), (0, 0.031035819982303453), (0, 0.03094268438983334), (0, 0.03085108080961059), (0, 0.03076097328564597), (0, 0.030672326130231003), (0, 0.03058510176632533), (0, 0.030499265213106384), (0, 0.03041478614276921), (0, 0.030331630175734637), (0, 0.030249764573095743), (0, 0.030169159981503473), (0, 0.030089783923881102), (0, 0.030011605717702942), (0, 0.029934599053131106), (0, 0.029858734721736162), (0, 0.02978398370420862), (0, 0.02971031799800261), (0, 0.029637709466601565), (0, 0.02956612932686526), (0, 0.029495550365041603), (0, 0.029425947696861122), (0, 0.029357295127060656), (0, 0.029289566689712266), (0, 0.029222736098072452), (0, 0.02915677640288061), (0, 0.029091662202186234), (0, 0.02902736835429135), (0, 0.02896386836508296), (0, 0.028901135817072106), (0, 0.028839143573982526), (0, 0.028777864248574977), (0, 0.028717270110121037), (0, 0.02865733266819244), (0, 0.028598022627965628), (0, 0.028539309520604437), (0, 0.028481162604669204), (0, 0.028423550222562037), (0, 0.028366441640615046), (0, 0.028309813259813577), (0, 0.028253661860841325), (0, 0.02819812893224446), (0, 0.028143932771011525), (0, 0.02809551207115204), (0, 0.028065628521863194), (0, 0.02808734546802864), (0, 0.028136923758332585), (0, 0.028002888040452104), (0, 0.027826655878720238), (0, 0.027816260215641406), (0, 0.027814381548624357), (0, 0.027687721861909854), (0, 0.027628662755303755), (0, 0.0276320296520668), (0, 0.027535642446329164), (0, 0.0274681072987843), (0, 0.02746484285744563), (0, 0.02738927930207436), (0, 0.02731753694303479), (0, 0.027307303910766047), (0, 0.027255167376456717), (0, 0.027178102967631658), (0, 0.02715390557836288), (0, 0.027127105873326184), (0, 0.027058093049708166), (0, 0.02701043366601373), (0, 0.026992894055806554), (0, 0.026953371018213015), (0, 0.02689503075620173), (0, 0.02685626214571197), (0, 0.026835405368337912), (0, 0.026802958518679774), (0, 0.026754187764105763), (0, 0.026713725940369165), (0, 0.02668903526192673), (0, 0.026663542651154195), (0, 0.026626533742845203), (0, 0.0265858175845497), (0, 0.026554324378900006), (0, 0.026530334263738232), (0, 0.026502979736795912), (0, 0.026468982484451738), (0, 0.02643405130467062), (0, 0.026404797165643385), (0, 0.026380019811317018), (0, 0.026353821619773586), (0, 0.02632374252018883), (0, 0.026292353541430145), (0, 0.02626376484885604), (0, 0.02623847254281786), (0, 0.026213758519635512), (0, 0.02618736897644764), (0, 0.026159310807741077), (0, 0.026131571041920605), (0, 0.02610563382351227), (0, 0.0260813627695378), (0, 0.026057559903188827), (0, 0.02603313863283987), (0, 0.026008009458303897), (0, 0.025982719705255154), (0, 0.025958015300734057), (0, 0.02593424536148873), (0, 0.025911297349760984), (0, 0.025888814782998378), (0, 0.025866442469942512), (0, 0.025844023414806714), (0, 0.025821523232580492), (0, 0.02579907129208148), (0, 0.02577676881773231), (0, 0.02575473038742942), (0, 0.025732996753472504), (0, 0.025711579114424583), (0, 0.025690457332884078), (0, 0.025669604007926457), (0, 0.02564899679912753), (0, 0.025628621157029685), (0, 0.025608474191811375), (0, 0.02558857055880537), (0, 0.025568952581685254), (0, 0.02554971759605791), (0, 0.02553109859144543), (0, 0.025513590128593167), (0, 0.0254984213546592), (0, 0.025488009672901196), (0, 0.025487958017555226), (0, 0.025503118303352623), (0, 0.0255344732403848), (0, 0.025534092725377915), (0, 0.025473076492403365), (0, 0.025378986505283224), (0, 0.025354214581262746), (0, 0.02538797917989858), (0, 0.02538264692914321), (0, 0.025321235515581565), (0, 0.025278316899851244), (0, 0.025290387246462015), (0, 0.0252942130855805), (0, 0.025249618855326058), (0, 0.02521239181881044), (0, 0.025214393594255136), (0, 0.02521193628257366), (0, 0.025178853792778046), (0, 0.025148840090770126), (0, 0.025145278119847295), (0, 0.025139717072698305), (0, 0.02511235743107086), (0, 0.025087202804365376), (0, 0.02507969701899838), (0, 0.025071769140341794), (0, 0.02505012844224117), (0, 0.02502754862394746), (0, 0.025016458814269442), (0, 0.025007928245847355), (0, 0.024990666787323094), (0, 0.024970144535082686), (0, 0.024955962493643954), (0, 0.024946215228746856), (0, 0.024932911441478772), (0, 0.024915031712487955), (0, 0.02489869880431738), (0, 0.024886684927775963), (0, 0.024875396746884767), (0, 0.024861223279894963), (0, 0.024845109208950354), (0, 0.024830421078085592), (0, 0.024818152307235594), (0, 0.024806376237921035), (0, 0.024793182357147645), (0, 0.02477865899688168), (0, 0.024764368701907128), (0, 0.02475134646721747), (0, 0.024739288459970366), (0, 0.024727206272416802), (0, 0.02471442064075642), (0, 0.024701054576360532), (0, 0.024687647403033332), (0, 0.024674689836807345), (0, 0.02466230311541463), (0, 0.02465029191489824), (0, 0.02463837278714139), (0, 0.024626334529076966), (0, 0.02461412790153466), (0, 0.02460179077151817), (0, 0.024589427613865438), (0, 0.024577111225908218), (0, 0.02456490001050309), (0, 0.024552806241515186), (0, 0.024540829731763112), (0, 0.02452895494147395), (0, 0.024517167790804022), (0, 0.02450545589311875), (0, 0.02449381048477004), (0, 0.02448222579645542), (0, 0.02447069922224144), (0, 0.024459228635712305), (0, 0.02444781348264848), (0, 0.024436454806132057), (0, 0.024425155079913302), (0, 0.02441392425729688), (0, 0.02440278569981519), (0, 0.0243918046068682), (0, 0.024381152391942454), (0, 0.024371314112425397), (0, 0.024363627743596423), (0, 0.024362007069981192), (0, 0.024376730183543104), (0, 0.024433783161206632), (0, 0.024558749624329145), (0, 0.02470066885643325), (0, 0.024592503650089737), (0, 0.024332200941200366), (0, 0.024321966762002885), (0, 0.02447598624330213), (0, 0.02439170326079384), (0, 0.024247346179319867), (0, 0.02434590119579332), (0, 0.02435946785275349), (0, 0.02422744426291544), (0, 0.024264552617888287), (0, 0.024301191957896595), (0, 0.02420883167356939), (0, 0.024205781050341407), (0, 0.024245627538875637), (0, 0.024181816445583756), (0, 0.024160273830856633), (0, 0.024197400269621475), (0, 0.024149778180700913), (0, 0.024125523961700885), (0, 0.024151927468498032), (0, 0.024119764420246458), (0, 0.024094158657006724), (0, 0.024109232869099145), (0, 0.02409182157812241), (0, 0.02406334591701919), (0, 0.024070970030202504), (0, 0.024062101500209286), (0, 0.024035466849171717), (0, 0.024035244015824624), (0, 0.024030980966338898), (0, 0.024009872337262247), (0, 0.024001453810763754), (0, 0.024000109889547292), (0, 0.023984030952601897), (0, 0.02397066545529275), (0, 0.02396842587986497), (0, 0.023956977248635988), (0, 0.02394208348595507), (0, 0.023935547117267003), (0, 0.023927893084314502), (0, 0.02391334458051349), (0, 0.0239019804691504), (0, 0.023894215718582787), (0, 0.023880623559733482), (0, 0.02386458953154822), (0, 0.023850484211085675), (0, 0.02383304452683064), (0, 0.02380680454407385), (0, 0.023772854406719637), (0, 0.023729807824164485), (0, 0.023667223128871148), (0, 0.023562568255135398), (0, 0.023409302686720392), (0, 0.023200216925873124), (0, 0.02292248912997301), (0, 0.02264972815552886), (0, 0.02256166365782401), (0, 0.022182666965674103), (0, 0.021833949736661945), (0, 0.02160227992014164), (0, 0.021298213484548547), (0, 0.021153439289551004), (0, 0.02084592833349292), (0, 0.020629173751089885), (0, 0.020446122750367453), (0, 0.020184490294889), (0, 0.019935724494890127), (0, 0.019713529867057947), (0, 0.01947689681875697), (0, 0.019197823646790468), (0, 0.018957235151991353), (0, 0.0187069761355831), (0, 0.018492318224910143), (0, 0.018329707445016434), (0, 0.01834895118607139), (0, 0.01848278471156613), (0, 0.018719221335690536), (0, 0.01773231930113989), (0, 0.017215953910952014), (0, 0.017661462888673173), (0, 0.017210400712239112), (0, 0.016478502988289314), (0, 0.016579753845330385), (0, 0.016467719511801395), (0, 0.015903417653594883), (0, 0.015672834359513242), (0, 0.01573343189070013), (0, 0.01537276190366964), (0, 0.014914801100160052), (0, 0.014868363755394333), (0, 0.014771286264668629), (0, 0.014305746429064752), (0, 0.01405751300873367), (0, 0.014021950403854623), (0, 0.01371575374516416), (0, 0.013367419786057847), (0, 0.013244095847426238), (0, 0.013079965284962811), (0, 0.012742556928172112), (0, 0.012537471494635058), (0, 0.012404557752938524), (0, 0.012151779601507857), (0, 0.011885040919667496), (0, 0.011734877697024517), (0, 0.011542491901316473), (0, 0.011277612532523797), (0, 0.011076217018949184), (0, 0.010914113019612787), (0, 0.010685939007674368), (0, 0.010452250363281313), (0, 0.010276702278937686), (0, 0.010093495958216337), (0, 0.009873234930177135), (0, 0.009664447214585148), (0, 0.00949259626916594), (0, 0.009309437264361868), (0, 0.009104286851658054), (0, 0.008911009708284628), (0, 0.0087419433069472), (0, 0.008567535145865564), (0, 0.008379941071338716), (0, 0.008198218706199066), (0, 0.008033826273234235), (0, 0.007870848830594974), (0, 0.007699119258710311), (0, 0.0075287906650862825), (0, 0.007370474279557297), (0, 0.007218234245083037), (0, 0.007062357860566781), (0, 0.006905264146368905), (0, 0.006754120030508568), (0, 0.006611205921479065), (0, 0.0064698174778242065), (0, 0.006327303792760085), (0, 0.006186246456072227), (0, 0.0060509083433856045), (0, 0.005920691422788838), (0, 0.005792686884852948), (0, 0.005665161082200099), (0, 0.005539277507647829), (0, 0.0054172156582700665), (0, 0.005299363220199432), (0, 0.005184704774250342), (0, 0.0050716315730868905), (0, 0.0049601195783372425), (0, 0.004850698281665847), (0, 0.004744340868620777), (0, 0.004641145080528696), (0, 0.004540708712640552), (0, 0.004442462413066882), (0, 0.004346006316000976), (0, 0.00425140548364443), (0, 0.004158875105291733), (0, 0.004068692336933128), (0, 0.003980864390825723), (0, 0.0038953816012865096), (0, 0.0038119814331065392), (0, 0.003730534284064094), (0, 0.0036508806679642534), (0, 0.003572973377673393), (0, 0.003496812890322619), (0, 0.0034223827695502645), (0, 0.0033497140725104522), (0, 0.003278773077323689), (0, 0.0032095553835403065), (0, 0.003142003721554843), (0, 0.0030760952891932627), (0, 0.003011760005107023), (0, 0.0029489714886605923), (0, 0.002887677741151539), (0, 0.0028278459454083643), (0, 0.002769443671642259), (0, 0.002712439779360168), (0, 0.0026568261042415903), (0, 0.0026025885937376904), (0, 0.0025497597903697384), (0, 0.00249839896234561), (0, 0.002448662242575846), (0, 0.0024008751744313294), (0, 0.0023556386695026874), (0, 0.0023143119871795546), (0, 0.002279069581569481), (0, 0.002255262111243876), (0, 0.0022493578269391413), (0, 0.002278801620572005), (0, 0.002343990267433195), (0, 0.0024607320351368285), (0, 0.002498879230988568), (0, 0.0024193262774157677), (0, 0.0021287277076962583), (0, 0.001906004520154544), (0, 0.0019039643254749633), (0, 0.0020177723485416757), (0, 0.0020362902934282496), (0, 0.0018728976460206826), (0, 0.0017252147821123123), (0, 0.0017241914573859125), (0, 0.0017847918441401896), (0, 0.001759659536073573), (0, 0.0016383139827543143), (0, 0.0015655171073744945), (0, 0.001585324739634684), (0, 0.0015979923472687013), (0, 0.001538689196741712), (0, 0.0014595784610424332), (0, 0.0014381938533828448), (0, 0.0014515343184542677), (0, 0.0014300372549102595), (0, 0.0013717014413700723), (0, 0.001327327810623341), (0, 0.0013202787594272535), (0, 0.0013171848695504485), (0, 0.001285435132660828), (0, 0.001241317110041211), (0, 0.0012153942624847397), (0, 0.0012081748960316681), (0, 0.0011952044439737348), (0, 0.001164900937265379), (0, 0.0011329100238443295), (0, 0.0011143870551649732), (0, 0.0011042805111970155), (0, 0.001088235863835523), (0, 0.0010628248952869325), (0, 0.0010382303226439324), (0, 0.0010219227382354493), (0, 0.001010071688482469), (0, 0.0009947138144124927), (0, 0.0009740883441714601), (0, 0.0009536929417496249), (0, 0.0009379936433214285), (0, 0.0009255614395616594), (0, 0.0009119836954911628), (0, 0.0008953568086476436), (0, 0.00087793738665406), (0, 0.0008626625150100981), (0, 0.0008499622810753237), (0, 0.0008378587742371218), (0, 0.000824473449903364), (0, 0.0008098971369171284), (0, 0.0007955926011283276), (0, 0.0007827415680419622), (0, 0.0007711898090877886), (0, 0.0007598861033950144), (0, 0.0007480247294742721), (0, 0.0007356534281114705), (0, 0.0007234538114331715), (0, 0.0007120118741726839), (0, 0.0007013796929882664), (0, 0.0006911615016640501), (0, 0.0006809081557158503), (0, 0.0006704593932053645), (0, 0.0006599749977632256), (0, 0.0006497496844519999), (0, 0.0006399801119516434), (0, 0.0006306597536971975), (0, 0.0006216354638528326), (0, 0.0006127316559108645), (0, 0.0006038547367831817), (0, 0.0005950197309316866), (0, 0.0005863111749680467), (0, 0.0005778212354219149), (0, 0.0005695992551932858), (0, 0.0005616419417064224), (0, 0.0005539069770929576), (0, 0.0005463402658465414), (0, 0.0005389003972421456), (0, 0.0005315672787569917), (0, 0.0005243439080975545), (0, 0.0005172447620273729), (0, 0.0005102885970729501), (0, 0.000503488622409473), (0, 0.0004968512697370468), (0, 0.0004903749332022429), (0, 0.000484053032380534), (0, 0.0004778768677786017), (0, 0.0004718369737501564), (0, 0.00046592567597435154), (0, 0.00046013614824014416), (0, 0.0004544640687213555), (0, 0.00044890565633204854), (0, 0.00044345895231411806), (0, 0.00043812189188295543), (0, 0.0004328941737982622), (0, 0.00042777510563412626), (0, 0.00042276690931449814), (0, 0.0004178729663605939), (0, 0.00041310315038949736), (0, 0.0004084734160673931), (0, 0.0004040164130074945), (0, 0.00039978709561001256), (0, 0.00039588743166938534), (0, 0.0003924952105833359), (0, 0.00038993247640445035), (0, 0.0003887771219944714), (0, 0.0003900644617825766), (0, 0.00039567075455402266), (0, 0.0004088407968489852), (0, 0.00043516767229344), (0, 0.000482748056485797), (0, 0.0005615245714367992), (0, 0.0006716762661955532), (0, 0.00078821786086725), (0, 0.0008262867478359881), (0, 0.0007176933416537104), (0, 0.0004906243874489446), (0, 0.0003342141667689442), (0, 0.0003601482249153858), (0, 0.0004880632691539632), (0, 0.0005539089176995191), (0, 0.0004789353245223155), (0, 0.0003496949851338655), (0, 0.0002975016875535195), (0, 0.00034920455910687114), (0, 0.0004127963071799737), (0, 0.00039830092346050867), (0, 0.00032326301021215817), (0, 0.0002748556164917779), (0, 0.0002941282341998499), (0, 0.00033522889231652527), (0, 0.00033840941181026256), (0, 0.00030109106756367034), (0, 0.00026262735755468863), (0, 0.00025537752980580236), (0, 0.00027136510870265314), (0, 0.0002864337684976772), (0, 0.0002882078418983652), (0, 0.0002707882211063005), (0, 0.00024779882889493227), (0, 0.00023108868413528554), (0, 0.0002417315246891278), (0, 0.00025629314575357717), (0, 0.0002464683140697931), (0, 0.00023687157457853524), (0, 0.00022919907709080685), (0, 0.00021784176088494343), (0, 0.0002190911545689565), (0, 0.0002274601024443855), (0, 0.00022519525871903738), (0, 0.00021879177169330407), (0, 0.0002161520519393126), (0, 0.00020936101950422671), (0, 0.0002028801917500224), (0, 0.00020382219011061506), (0, 0.00020621018654580267), (0, 0.00020525824499404406), (0, 0.00020420492756763282), (0, 0.00020351517794605593), (0, 0.00019931056912388042), (0, 0.00019480318904657027), (0, 0.00019325626585662395), (0, 0.00019179405309321872), (0, 0.00018943586507928935), (0, 0.0001890754792008344), (0, 0.00018975453015614377), (0, 0.00018900107804112933), (0, 0.0001885097896956198), (0, 0.00018902606116858394), (0, 0.00018887991014504042), (0, 0.00018825429911192783), (0, 0.0001887575520124249), (0, 0.0001896301008032764), (0, 0.00019062234308858257), (0, 0.0001924944538216911), (0, 0.0001962223608297922), (0, 0.0002011860911690119), (0, 0.0002085914407117686), (0, 0.0002192414818968563), (0, 0.00023401682077534404), (0, 0.0002498797940094357), (0, 0.00026801583914979655), (0, 0.0002824464104026458), (0, 0.0002878901570877227), (0, 0.0002792955940146467), (0, 0.0002564701879530564), (0, 0.00022385136321315493), (0, 0.00019321831242312434), (0, 0.00017378764536041532), (0, 0.00017006241886632117), (0, 0.00017927604644573208), (0, 0.00019382992206462606), (0, 0.00020708672018653477), (0, 0.00021367590186220886), (0, 0.00021111653352785397), (0, 0.00020107549841814104), (0, 0.00018703852350131271), (0, 0.00017405876636775899), (0, 0.0001663529135370439), (0, 0.00016480502492128025), (0, 0.00016823335047252305), (0, 0.00017427239275582146), (0, 0.00018006957445951065), (0, 0.00018400926066872554), (0, 0.00018534534466531333), (0, 0.00018376977455609265), (0, 0.00018011262371323445), (0, 0.00017512749908427347), (0, 0.0001697790675881251), (0, 0.00016509878596099748), (0, 0.00016162408753377254), (0, 0.00015956924146213634), (0, 0.00015888924403511203), (0, 0.00015918437821842073), (0, 0.00016016577996218767), (0, 0.00016161751442378213), (0, 0.00016333841611866477)]