Model Setup for Uniformvirtual {PATIENT_GROUPS} Trained Network:

{NETWORK_TYPE} Network Architecture Parameters
Input channels=22
Hidden channels=128
Output channels=1

Training hyperparameters
Optimizer=AdamW (
Parameter Group 0
    amsgrad: False
    betas: (0.9, 0.999)
    capturable: False
    differentiable: False
    eps: 1e-08
    foreach: None
    fused: None
    lr: 0.001
    maximize: False
    weight_decay: 1e-06
)Training Iterations=20
Learning rate=0.001
Weight decay=1e-06
Optimizer reset frequency=None

Dropout probability (after initial linear layer before NCDE): 0
Training Data Selection Parameters
(If not virtual, the only important params are the groups and whether data was normalized/standardized)
Patient groups=['Control', 'MDD']
Augmentation strategy=Uniform
Noise Magnitude=0.05
Normalized/standardized=StandardizeAll
Number of virtual patients per real patient=100
Label smoothing factor=0
Test Patient Combinations:
Control: (35, 1, 31, 14, 19)
MDD: (2,)
Training batch size=200
Training Results:
Runtime=1.7894096374511719
Loss over time=[(0, 0.692566454410553), (1, 0.6794646978378296), (2, 0.673166036605835), (3, 0.6807911396026611), (4, 0.6765315532684326), (5, 0.6466443538665771), (6, 0.6350393891334534), (7, 0.6290577054023743), (8, 0.6353365778923035), (9, 0.6142733693122864), (10, 0.5920125246047974), (11, 0.5772543549537659), (12, 0.5638672709465027), (13, 0.5532416105270386), (14, 0.5339711904525757), (15, 0.5068634748458862), (16, 0.48941734433174133), (17, 0.5174347758293152), (18, 0.5405077934265137), (19, 0.4704017639160156), (20, 0.46655645966529846), (21, 0.43191707134246826), (22, 0.43565064668655396), (23, 0.4768792986869812), (24, 0.5128057599067688), (25, 0.40999725461006165), (26, 0.41695258021354675), (27, 0.4459204077720642), (28, 0.4531533420085907), (29, 0.4598548412322998), (30, 0.3527325391769409), (31, 0.3822864890098572), (32, 0.46939441561698914), (33, 0.3606070578098297), (34, 0.3877227008342743), (35, 0.43122783303260803), (36, 0.3875137269496918), (37, 0.3563922643661499), (38, 0.3833514153957367), (39, 0.3636120855808258), (40, 0.31480151414871216), (41, 0.33603569865226746), (42, 0.3972043991088867), (43, 0.3626910448074341), (44, 0.30413785576820374), (45, 0.29011234641075134), (46, 0.3289451599121094), (47, 0.24064968526363373), (48, 0.2986011207103729), (49, 0.2788785696029663), (50, 0.28238868713378906), (0, 0.3277525007724762), (1, 0.23842203617095947), (2, 0.27170518040657043), (3, 0.21120361983776093), (4, 0.22443300485610962), (5, 0.24918533861637115), (6, 0.19063179194927216), (7, 0.2089979499578476), (8, 0.18906250596046448), (9, 0.14668217301368713), (10, 0.21742933988571167), (11, 0.1835487335920334), (12, 0.15688104927539825), (13, 0.18218716979026794), (14, 0.1840461790561676), (15, 0.14098912477493286), (16, 0.15154671669006348), (17, 0.16219715774059296), (18, 0.14184099435806274), (19, 0.14588584005832672), (20, 0.13226498663425446), (21, 0.14148679375648499), (22, 0.0910697653889656), (23, 0.12753568589687347), (24, 0.15708445012569427), (25, 0.13551358878612518), (26, 0.1171894297003746), (27, 0.12148905545473099), (28, 0.10284033417701721), (29, 0.09676489979028702), (30, 0.12285000085830688), (31, 0.14663204550743103), (32, 0.08834368735551834), (33, 0.11264951527118683), (34, 0.07121632248163223), (35, 0.10782582312822342), (36, 0.0962800607085228), (37, 0.0814044252038002), (38, 0.11973247677087784), (39, 0.09307429939508438), (40, 0.07941294461488724), (41, 0.08295562118291855), (42, 0.06076886132359505), (43, 0.08132225275039673), (44, 0.08867555856704712), (45, 0.05615438148379326), (46, 0.03730878233909607), (47, 0.05168602615594864), (48, 0.05484879016876221), (49, 0.05888716131448746), (50, 0.09014514088630676), (0, 0.0640873908996582), (1, 0.06150802597403526), (2, 0.06929931789636612), (3, 0.0545399934053421), (4, 0.053222522139549255), (5, 0.049511298537254333), (6, 0.04449106752872467), (7, 0.052927762269973755), (8, 0.047954633831977844), (9, 0.05872688814997673), (10, 0.059290483593940735), (11, 0.0326671227812767), (12, 0.05283518135547638), (13, 0.0617358461022377), (14, 0.05132773891091347), (15, 0.09483513236045837), (16, 0.02337825857102871), (17, 0.10187091678380966), (18, 0.0484786257147789), (19, 0.06754260510206223), (20, 0.022978678345680237), (21, 0.05262736231088638), (22, 0.03988494351506233), (23, 0.03755988925695419), (24, 0.034167420119047165), (25, 0.057103365659713745), (26, 0.030112046748399734), (27, 0.07760507613420486), (28, 0.02428341656923294), (29, 0.03992317244410515), (30, 0.05262133479118347), (31, 0.02296140231192112), (32, 0.09495381265878677), (33, 0.018374130129814148), (34, 0.02571096457540989), (35, 0.05818486213684082), (36, 0.052410248667001724), (37, 0.02078048698604107), (38, 0.03780074417591095), (39, 0.06319181621074677), (40, 0.03999413177371025), (41, 0.04110199958086014), (42, 0.0845210924744606), (43, 0.03848744556307793), (44, 0.02066836878657341), (45, 0.060752023011446), (46, 0.009002769365906715), (47, 0.057799648493528366), (48, 0.0543113611638546), (49, 0.018503831699490547), (50, 0.04019258916378021), (0, 0.047196563333272934), (1, 0.008807667531073093), (2, 0.01944977603852749), (3, 0.053324006497859955), (4, 0.02442818135023117), (5, 0.008800599724054337), (6, 0.0241721011698246), (7, 0.04458129033446312), (8, 0.01743362843990326), (9, 0.01983284018933773), (10, 0.05075095221400261), (11, 0.02975880168378353), (12, 0.01258349884301424), (13, 0.012432835064828396), (14, 0.06069651246070862), (15, 0.027317499741911888), (16, 0.011384112760424614), (17, 0.07282692939043045), (18, 0.041229382157325745), (19, 0.013762842863798141), (20, 0.06636735796928406), (21, 0.02037988230586052), (22, 0.009279919788241386), (23, 0.013934576883912086), (24, 0.02403763309121132), (25, 0.018946917727589607), (26, 0.013449335470795631), (27, 0.007800661958754063), (28, 0.006115281023085117), (29, 0.020587246865034103), (30, 0.008603513240814209), (31, 0.008381327614188194), (32, 0.018537817522883415), (33, 0.008691574446856976), (34, 0.007414569146931171), (35, 0.005445520393550396), (36, 0.004100556951016188), (37, 0.008054760284721851), (38, 0.0022357336711138487), (39, 0.007072147913277149), (40, 0.00568982120603323), (41, 0.009454842656850815), (42, 0.005211766343563795), (43, 0.003702731803059578), (44, 0.0024139038287103176), (45, 0.0038483706302940845), (46, 0.006149256136268377), (47, 0.004133641719818115), (48, 0.005664405412971973), (49, 0.004903899505734444), (50, 0.0036304008681327105), (0, 0.005249547306448221), (1, 0.0040323566645383835), (2, 0.0036790526937693357), (3, 0.005012496840208769), (4, 0.0028412940446287394), (5, 0.004428056068718433), (6, 0.002682730555534363), (7, 0.002820670837536454), (8, 0.0043034544214606285), (9, 0.003766547655686736), (10, 0.002606702968478203), (11, 0.0022401802707463503), (12, 0.0023821506183594465), (13, 0.002387402579188347), (14, 0.0032638711854815483), (15, 0.0016047535464167595), (16, 0.001357361557893455), (17, 0.001809743931517005), (18, 0.0017610001377761364), (19, 0.002015433507040143), (20, 0.0023279821034520864), (21, 0.0026632901281118393), (22, 0.0024945903569459915), (23, 0.0016223074635490775), (24, 0.00128674297593534), (25, 0.0027787822764366865), (26, 0.0017822706140577793), (27, 0.0011136853136122227), (28, 0.0012092444812878966), (29, 0.0014774699229747057), (30, 0.0014022220857441425), (31, 0.0005944863660261035), (32, 0.0010738976998254657), (33, 0.001547648455016315), (34, 0.0015909649664536119), (35, 0.0016981865046545863), (36, 0.002072092378512025), (37, 0.001970444805920124), (38, 0.0017128358595073223), (39, 0.0011189234210178256), (40, 0.0011034271446987987), (41, 0.0011908287415280938), (42, 0.0015659804921597242), (43, 0.0012184696970507503), (44, 0.0014772954164072871), (45, 0.0014540322590619326), (46, 0.001375069608911872), (47, 0.0015722688985988498), (48, 0.0011935415677726269), (49, 0.0011329561239108443), (50, 0.000806698517408222), (0, 0.0012553523993119597), (1, 0.0012444815365597606), (2, 0.0008425206760875881), (3, 0.0009388162870891392), (4, 0.0007791097741574049), (5, 0.0023123908322304487), (6, 0.0009152863058261573), (7, 0.0007582709658890963), (8, 0.0010212869383394718), (9, 0.0010474761947989464), (10, 0.0014671694952994585), (11, 0.0008626961498521268), (12, 0.0012862798757851124), (13, 0.000812708749435842), (14, 0.0015574697172269225), (15, 0.0008629672229290009), (16, 0.001487918896600604), (17, 0.0005175230326130986), (18, 0.0007368827355094254), (19, 0.0011416072957217693), (20, 0.0006792423082515597), (21, 0.0010544979013502598), (22, 0.0007411460392177105), (23, 0.0007393795531243086), (24, 0.0006257882923819125), (25, 0.0006595283048227429), (26, 0.0007770576048642397), (27, 0.0006934728589840233), (28, 0.0005080085247755051), (29, 0.000769645965192467), (30, 0.0005870240856893361), (31, 0.0009601855417713523), (32, 0.0005592695088125765), (33, 0.0007712463266216218), (34, 0.0010482618818059564), (35, 0.0008854998741298914), (36, 0.0006674546166323125), (37, 0.0007322614546865225), (38, 0.0007721653091721237), (39, 0.0013215484796091914), (40, 0.0009163558715954423), (41, 0.0008437354117631912), (42, 0.0006380908889696002), (43, 0.0011191470548510551), (44, 0.0007804911583662033), (45, 0.0007319420110434294), (46, 0.0007280927384272218), (47, 0.0008309236727654934), (48, 0.0008313131984323263), (49, 0.0007107415585778654), (50, 0.0006019219290465117), (0, 0.0006244421238079667), (1, 0.0004514798056334257), (2, 0.0007822602055966854), (3, 0.0007272939546965063), (4, 0.0004873354046139866), (5, 0.0008251459803432226), (6, 0.0005784188979305327), (7, 0.0004958735662512481), (8, 0.0006544399075210094), (9, 0.00043639191426336765), (10, 0.0004655927186831832), (11, 0.0005760888452641666), (12, 0.000327505316818133), (13, 0.00043063811608590186), (14, 0.0005400636582635343), (15, 0.0004818738379981369), (16, 0.00046839789138175547), (17, 0.0007479606429114938), (18, 0.0003966341901104897), (19, 0.0004995763301849365), (20, 0.0004141959943808615), (21, 0.00041299042641185224), (22, 0.0007476083119399846), (23, 0.0005592989036813378), (24, 0.0003825221210718155), (25, 0.0002671129768714309), (26, 0.00039654914871789515), (27, 0.0003515411226544529), (28, 0.000598916201852262), (29, 0.0005710343830287457), (30, 0.0004826552467420697), (31, 0.0002957272226922214), (32, 0.0007042416837066412), (33, 0.0006096215802244842), (34, 0.0005081614945083857), (35, 0.0002878262894228101), (36, 0.0004924673703499138), (37, 0.00017474271589890122), (38, 0.0002524450537748635), (39, 0.0003584230726119131), (40, 0.0004931111470796168), (41, 0.0003371589118614793), (42, 0.0006619635969400406), (43, 0.0004534057807177305), (44, 0.00039702525828033686), (45, 0.0006709892186336219), (46, 0.0004419893666636199), (47, 0.0005033361376263201), (48, 0.0005211563548073173), (49, 0.00046707841102033854), (50, 0.0004077073244843632), (0, 0.00035465406836010516), (1, 0.0002546538016758859), (2, 0.00038476288318634033), (3, 0.0004237270331941545), (4, 0.00041216984391212463), (5, 0.00023355390294454992), (6, 0.0003915003326255828), (7, 0.0004175188369117677), (8, 0.00031587426201440394), (9, 0.000462041498394683), (10, 0.0002616223646327853), (11, 0.0003268131986260414), (12, 0.00024449790362268686), (13, 0.0002825239789672196), (14, 0.0002645711647346616), (15, 0.00026227044872939587), (16, 0.0004942938103340566), (17, 0.00036522679147310555), (18, 0.0002752867585513741), (19, 0.0003269454464316368), (20, 0.0003613293229136616), (21, 0.0004968498833477497), (22, 0.0005154780228622258), (23, 0.00028404948534443974), (24, 0.0003518045705277473), (25, 0.00027228548424318433), (26, 0.0002691738773137331), (27, 0.00031600764486938715), (28, 0.00020374305313453078), (29, 0.00033358120708726346), (30, 0.0002819337823893875), (31, 0.00039509142516180873), (32, 0.0004970417357981205), (33, 0.00020042815594933927), (34, 0.0002199210721300915), (35, 0.0002512928913347423), (36, 0.00026678742142394185), (37, 0.0002592100063338876), (38, 0.000164254626724869), (39, 0.00035508201108314097), (40, 0.0004877740575466305), (41, 0.0002305731177330017), (42, 0.0002284209622303024), (43, 0.0003254748589824885), (44, 0.00026415911270305514), (45, 0.00020940331160090864), (46, 0.0003263336548116058), (47, 0.00019721461285371333), (48, 0.0002997939591296017), (49, 0.0003269405569881201), (50, 0.00017399904027115554), (0, 0.00036904841545037925), (1, 0.0003332226478960365), (2, 0.00023734070418868214), (3, 7.086542609613389e-05), (4, 0.00020734593272209167), (5, 0.00017630601359996945), (6, 0.0002661198959685862), (7, 0.00030594668351113796), (8, 0.00014020828530192375), (9, 0.00022680233814753592), (10, 0.00029641244327649474), (11, 0.0002683618513401598), (12, 0.0003550559631548822), (13, 0.00018281796656083316), (14, 0.00018440918938722461), (15, 0.00019955258176196367), (16, 0.00019816435815300792), (17, 0.0001775087002897635), (18, 0.0001721507142065093), (19, 0.00021474015375133604), (20, 0.00012650075950659811), (21, 0.00026290383539162576), (22, 0.0003362477873452008), (23, 0.00020459484949242324), (24, 0.00018163530330639333), (25, 0.00023766189406160265), (26, 0.00023043874534778297), (27, 0.00016890192637220025), (28, 0.00022390633239410818), (29, 8.153194357873872e-05), (30, 0.00023950195463839918), (31, 0.000191548460861668), (32, 0.00023014530597720295), (33, 0.00017864351684693247), (34, 0.0002519330882932991), (35, 0.00026205595349892974), (36, 0.00010735548858065158), (37, 0.00013737478002440184), (38, 0.00010640895925462246), (39, 0.0001082802627934143), (40, 0.0002766750694718212), (41, 0.00014278026355896145), (42, 0.0003246459236834198), (43, 0.00016625526768621057), (44, 0.00019230965699534863), (45, 0.00012006128235952929), (46, 0.00010706597822718322), (47, 0.00016400583263020962), (48, 0.00021894343080930412), (49, 0.00015513287507928908), (50, 0.0002292340068379417), (0, 0.00016475185111630708), (1, 0.00033808447187766433), (2, 0.00014140902203507721), (3, 0.0002252267877338454), (4, 0.0001007053506327793), (5, 0.00022854210692457855), (6, 0.00019601432722993195), (7, 0.00020078006491530687), (8, 0.00015067214553710073), (9, 0.0001663408474996686), (10, 0.0002166078775189817), (11, 0.00011650258966255933), (12, 0.00015348602028097957), (13, 9.698530629975721e-05), (14, 0.0001664813607931137), (15, 0.00014308575191535056), (16, 0.00014386493421625346), (17, 0.00011057616939069703), (18, 0.00019563456589821726), (19, 0.00010255169763695449), (20, 0.00018906591867562383), (21, 0.00012858444824814796), (22, 0.00012741994578391314), (23, 0.00010068541450891644), (24, 0.00014597774134017527), (25, 0.00014970713527873158), (26, 0.00011494338832562789), (27, 0.00015528053336311132), (28, 0.00011835784971481189), (29, 0.0001014353329082951), (30, 8.90185619937256e-05), (31, 0.00018138019368052483), (32, 0.00014379300409927964), (33, 0.00013284719898365438), (34, 0.00012715531920548528), (35, 0.0001809667592169717), (36, 9.689712896943092e-05), (37, 0.00012111792602809146), (38, 0.00018336644279770553), (39, 8.737567986827344e-05), (40, 0.00010874940198846161), (41, 0.00013622696860693395), (42, 0.00012214733578730375), (43, 0.00014740863116458058), (44, 8.652359974803403e-05), (45, 0.00011138109402963892), (46, 0.00010888735414482653), (47, 8.797101327218115e-05), (48, 0.00026619117124937475), (49, 0.00011547077156137675), (50, 9.892341768136248e-05), (0, 0.00020936370128765702), (1, 0.00016432978736702353), (2, 0.00010447866225149482), (3, 0.00011133498628623784), (4, 0.0001102531241485849), (5, 0.0001330436789430678), (6, 8.989180787466466e-05), (7, 0.00015534648264292628), (8, 0.0001208975663757883), (9, 9.079051960725337e-05), (10, 8.514866203768179e-05), (11, 0.0001098042557714507), (12, 7.982428360264748e-05), (13, 0.00011625274055404589), (14, 0.00011702576739480719), (15, 0.00014955080405343324), (16, 9.359970863442868e-05), (17, 0.00013998881331644952), (18, 0.00011247332440689206), (19, 0.00013140264491084963), (20, 0.00011960986739723012), (21, 8.541964780306444e-05), (22, 8.529099432053044e-05), (23, 9.426564793102443e-05), (24, 8.359966159332544e-05), (25, 9.326500730821863e-05), (26, 9.857308032223955e-05), (27, 0.00010062407091027126), (28, 0.00013339096039999276), (29, 0.00013259981642477214), (30, 0.00010814217239385471), (31, 9.24496998777613e-05), (32, 0.00016509610577486455), (33, 0.00011242376058362424), (34, 0.00011200114386156201), (35, 6.742175901308656e-05), (36, 7.440567424055189e-05), (37, 7.548653229605407e-05), (38, 7.472592551494017e-05), (39, 8.094192162388936e-05), (40, 0.00015059341967571527), (41, 6.624499656027183e-05), (42, 0.000133145455038175), (43, 0.00012831931235268712), (44, 5.4829208238516e-05), (45, 0.00010609184391796589), (46, 8.78296050359495e-05), (47, 0.0001510977599537), (48, 0.00010881896741921082), (49, 0.00010292224760632962), (50, 6.502649921458215e-05), (0, 5.075682929600589e-05), (1, 0.00010784951882669702), (2, 8.595966937718913e-05), (3, 8.989041089080274e-05), (4, 9.375673835165799e-05), (5, 7.059386553009972e-05), (6, 7.613927300553769e-05), (7, 8.486233855364844e-05), (8, 0.00012993946438655257), (9, 8.135372627293691e-05), (10, 9.261706873076037e-05), (11, 6.62734018987976e-05), (12, 0.00010504233068786561), (13, 8.114494266919792e-05), (14, 9.436785330763087e-05), (15, 0.00010656515223672614), (16, 6.606888200622052e-05), (17, 0.00011077400267822668), (18, 9.023878374136984e-05), (19, 6.690122972941026e-05), (20, 3.965782161685638e-05), (21, 7.141295645851642e-05), (22, 6.31060975138098e-05), (23, 7.01190801919438e-05), (24, 0.00010882242349907756), (25, 7.848839595681056e-05), (26, 7.057862967485562e-05), (27, 5.2624454838223755e-05), (28, 6.684070103801787e-05), (29, 8.838950452627614e-05), (30, 4.985218765796162e-05), (31, 0.00010967772686854005), (32, 0.00011149963393108919), (33, 0.00011623642058111727), (34, 5.85805501032155e-05), (35, 5.924031574977562e-05), (36, 5.53451718587894e-05), (37, 7.332981476793066e-05), (38, 5.630632949760184e-05), (39, 6.820694397902116e-05), (40, 8.950463234214112e-05), (41, 9.169492113869637e-05), (42, 0.00012618796608876437), (43, 7.429618563037366e-05), (44, 7.095254841260612e-05), (45, 7.682151772314683e-05), (46, 8.079864346655086e-05), (47, 7.893782458268106e-05), (48, 6.129080429673195e-05), (49, 6.558535824296996e-05), (50, 8.130163769237697e-05), (0, 5.8227265981258824e-05), (1, 9.948280057869852e-05), (2, 4.4745793275069445e-05), (3, 6.58656790619716e-05), (4, 6.640984065597877e-05), (5, 5.419258013716899e-05), (6, 7.248498150147498e-05), (7, 0.00012142896594014019), (8, 4.5483338908525184e-05), (9, 5.5833839724073187e-05), (10, 8.124759187921882e-05), (11, 7.3634299042169e-05), (12, 7.186706352513283e-05), (13, 4.342610918683931e-05), (14, 7.61210176278837e-05), (15, 7.560065569123253e-05), (16, 8.315494051203132e-05), (17, 4.591205652104691e-05), (18, 4.0900122257880867e-05), (19, 4.884795271209441e-05), (20, 3.960407411796041e-05), (21, 7.441584602929652e-05), (22, 6.38883575447835e-05), (23, 6.701317761326209e-05), (24, 4.465439269552007e-05), (25, 8.845938282320276e-05), (26, 5.5112570407800376e-05), (27, 6.78880387567915e-05), (28, 4.391636321088299e-05), (29, 7.104905671440065e-05), (30, 3.887802449753508e-05), (31, 4.8992700612870976e-05), (32, 7.450226985383779e-05), (33, 9.233136370312423e-05), (34, 6.504239718196914e-05), (35, 4.511667793849483e-05), (36, 6.153567665023729e-05), (37, 6.339202082017437e-05), (38, 4.543195973383263e-05), (39, 3.281726822024211e-05), (40, 5.131961006554775e-05), (41, 3.112378908554092e-05), (42, 6.247258716030046e-05), (43, 6.950466922717169e-05), (44, 6.363496504491195e-05), (45, 8.336799510288984e-05), (46, 7.560117956018075e-05), (47, 6.822764407843351e-05), (48, 6.316576764220372e-05), (49, 8.96897618076764e-05), (50, 5.645709461532533e-05), (0, 4.1271388909081e-05), (1, 5.823285391670652e-05), (2, 3.2041793019743636e-05), (3, 4.581800021696836e-05), (4, 6.468166247941554e-05), (5, 3.457299681031145e-05), (6, 5.4462128900922835e-05), (7, 6.117999146226794e-05), (8, 6.585405208170414e-05), (9, 4.5542867155745625e-05), (10, 7.344957703026012e-05), (11, 6.889403448440135e-05), (12, 3.811139322351664e-05), (13, 6.070592280593701e-05), (14, 5.173493264010176e-05), (15, 8.287833770737052e-05), (16, 6.818346446380019e-05), (17, 3.253589238738641e-05), (18, 6.558279710588977e-05), (19, 7.038146577542648e-05), (20, 5.096521999803372e-05), (21, 4.5763375965179875e-05), (22, 6.371331255650148e-05), (23, 4.046901085530408e-05), (24, 2.419039810774848e-05), (25, 4.336769779911265e-05), (26, 5.0314105465076864e-05), (27, 4.888111652689986e-05), (28, 3.9965325413504615e-05), (29, 4.0155649912776425e-05), (30, 3.348712925799191e-05), (31, 3.22940613841638e-05), (32, 0.00011154733510920778), (33, 6.227703124750406e-05), (34, 4.705169703811407e-05), (35, 3.403683513170108e-05), (36, 4.826865188078955e-05), (37, 5.616522321361117e-05), (38, 4.9426504119765013e-05), (39, 2.3193550077849068e-05), (40, 3.937699511880055e-05), (41, 5.714740473194979e-05), (42, 4.0756709495326504e-05), (43, 3.2748754165368155e-05), (44, 5.102917202748358e-05), (45, 6.999785546213388e-05), (46, 2.5441739126108587e-05), (47, 6.425209721783176e-05), (48, 2.5818209905992262e-05), (49, 3.6398632801137865e-05), (50, 3.960121102863923e-05), (0, 4.239209010847844e-05), (1, 2.9975715733598918e-05), (2, 4.277316475054249e-05), (3, 4.099222496734001e-05), (4, 4.023677684017457e-05), (5, 3.458434730418958e-05), (6, 3.923000622307882e-05), (7, 3.8110389141365886e-05), (8, 5.5527034419355914e-05), (9, 2.0162340661045164e-05), (10, 4.071383591508493e-05), (11, 5.5050790251698345e-05), (12, 4.930830982630141e-05), (13, 3.291702159913257e-05), (14, 7.031361747067422e-05), (15, 3.839587952825241e-05), (16, 5.1048846216872334e-05), (17, 8.4758794400841e-05), (18, 2.836834937625099e-05), (19, 4.0178580093197525e-05), (20, 5.1549581257859245e-05), (21, 2.468503953423351e-05), (22, 6.211266736499965e-05), (23, 3.5456640034681186e-05), (24, 3.918072980013676e-05), (25, 2.7008543838746846e-05), (26, 4.842102498514578e-05), (27, 3.917202411685139e-05), (28, 1.5901907318038866e-05), (29, 6.619088526349515e-05), (30, 3.633740925579332e-05), (31, 2.8477792511694133e-05), (32, 3.8211212086025625e-05), (33, 4.926969268126413e-05), (34, 3.1475563446292654e-05), (35, 3.557131640263833e-05), (36, 4.1023700759978965e-05), (37, 4.060251740156673e-05), (38, 2.752582986431662e-05), (39, 3.0937299015931785e-05), (40, 3.60671037924476e-05), (41, 5.0346250645816326e-05), (42, 4.1816310840658844e-05), (43, 4.220861956127919e-05), (44, 5.159763168194331e-05), (45, 2.1326042769942433e-05), (46, 2.737900649663061e-05), (47, 2.7541305826161988e-05), (48, 2.8341461074887775e-05), (49, 4.717944102594629e-05), (50, 2.982638579851482e-05), (0, 5.571269502979703e-05), (1, 2.3333097487920895e-05), (2, 2.8417896828614175e-05), (3, 4.8738344048615545e-05), (4, 2.7641079213935882e-05), (5, 2.7072706870967522e-05), (6, 2.5727185857249424e-05), (7, 3.6551078665070236e-05), (8, 4.900265412288718e-05), (9, 2.7132662580697797e-05), (10, 4.1271265217801556e-05), (11, 3.5270943044452e-05), (12, 3.218312849639915e-05), (13, 4.605870708473958e-05), (14, 3.478578946669586e-05), (15, 3.305028076283634e-05), (16, 1.7907739675138146e-05), (17, 3.005720463988837e-05), (18, 2.6309562599635683e-05), (19, 2.6178535335930064e-05), (20, 4.708133565145545e-05), (21, 6.89724984113127e-05), (22, 3.0262484870036133e-05), (23, 3.5201745049562305e-05), (24, 3.8814345316495746e-05), (25, 5.198788858251646e-05), (26, 2.7440903068054467e-05), (27, 2.3820421120035462e-05), (28, 2.5978830308304168e-05), (29, 2.881535874621477e-05), (30, 4.1455459722783417e-05), (31, 2.3462138415197842e-05), (32, 3.526968430378474e-05), (33, 3.173220102326013e-05), (34, 2.0445590052986518e-05), (35, 2.154736102966126e-05), (36, 4.836466541746631e-05), (37, 3.0403682103496976e-05), (38, 2.3391643480863422e-05), (39, 2.9713663025177084e-05), (40, 3.763586937566288e-05), (41, 2.891378062486183e-05), (42, 2.5832525352598168e-05), (43, 3.007975647051353e-05), (44, 3.781704435823485e-05), (45, 3.350224869791418e-05), (46, 2.900106665038038e-05), (47, 2.126490289811045e-05), (48, 2.8168002245365642e-05), (49, 3.562371421139687e-05), (50, 3.0727936973562464e-05), (0, 2.663176564965397e-05), (1, 3.2870353606995195e-05), (2, 2.1483614546013996e-05), (3, 3.378848487045616e-05), (4, 2.624956141517032e-05), (5, 2.7792146283900365e-05), (6, 3.624875171226449e-05), (7, 1.4248616935219616e-05), (8, 2.4434368242509663e-05), (9, 3.084253694396466e-05), (10, 3.487025969661772e-05), (11, 2.7028130716644228e-05), (12, 2.9276914574438706e-05), (13, 2.1329768060240895e-05), (14, 3.94363742088899e-05), (15, 2.0269506421755068e-05), (16, 3.2019477657740936e-05), (17, 2.6868059649132192e-05), (18, 2.5082004867726937e-05), (19, 2.6919888114207424e-05), (20, 2.8213522455189377e-05), (21, 2.213361585745588e-05), (22, 2.6419085770612583e-05), (23, 3.982501948485151e-05), (24, 5.099540067021735e-05), (25, 4.2042411223519593e-05), (26, 2.398677315795794e-05), (27, 4.149881351622753e-05), (28, 3.5228727938374504e-05), (29, 1.5890656868577935e-05), (30, 3.074809137615375e-05), (31, 3.288089283159934e-05), (32, 3.138768079224974e-05), (33, 3.0115021218080074e-05), (34, 2.4119301087921485e-05), (35, 3.217690027668141e-05), (36, 1.5574418284813873e-05), (37, 2.213796142314095e-05), (38, 5.09578749188222e-05), (39, 3.910025043296628e-05), (40, 1.771099414327182e-05), (41, 3.579244366846979e-05), (42, 1.8266924598719925e-05), (43, 2.1059464415884577e-05), (44, 1.6653575585223734e-05), (45, 1.8425334928906523e-05), (46, 2.028215203608852e-05), (47, 2.939639125543181e-05), (48, 2.8991096769459546e-05), (49, 1.601820440555457e-05), (50, 1.548239561088849e-05), (0, 3.092388215009123e-05), (1, 2.8306045351200737e-05), (2, 2.6344756406615488e-05), (3, 3.217248013243079e-05), (4, 2.2758242266718298e-05), (5, 3.898361683241092e-05), (6, 2.5996838303399272e-05), (7, 3.0389488529181108e-05), (8, 3.0063256417633966e-05), (9, 1.6444302673335187e-05), (10, 2.071424933092203e-05), (11, 2.5601031666155905e-05), (12, 2.0611032596207224e-05), (13, 2.8938386094523594e-05), (14, 2.495501030352898e-05), (15, 1.9282009816379286e-05), (16, 2.568304080341477e-05), (17, 2.210209822806064e-05), (18, 3.0616643925895914e-05), (19, 3.203097730875015e-05), (20, 2.4575583665864542e-05), (21, 2.4839784600771964e-05), (22, 2.7671823772834614e-05), (23, 2.3434864488081075e-05), (24, 2.2910086045158096e-05), (25, 1.5390132830361836e-05), (26, 1.7395286704413593e-05), (27, 2.4595079594291747e-05), (28, 2.2487418391392566e-05), (29, 1.3653680980496574e-05), (30, 2.0915465938742273e-05), (31, 3.0502027584589086e-05), (32, 2.3444225007551722e-05), (33, 1.5209840967145283e-05), (34, 4.41971787950024e-05), (35, 1.4103739886195399e-05), (36, 2.5706542146508582e-05), (37, 1.1775038728956133e-05), (38, 1.6170866729225963e-05), (39, 1.7914378986461088e-05), (40, 1.9277955288998783e-05), (41, 1.8118733351002447e-05), (42, 2.486113407940138e-05), (43, 2.5322842702735215e-05), (44, 2.691548979782965e-05), (45, 3.0743911338504404e-05), (46, 1.5224837625282817e-05), (47, 1.648860597924795e-05), (48, 1.9444278223090805e-05), (49, 2.1950942027615383e-05), (50, 2.964581290143542e-05), (0, 1.7390737411915325e-05), (1, 2.1497593479580246e-05), (2, 1.036402227327926e-05), (3, 2.7038813641411252e-05), (4, 2.6436553525854833e-05), (5, 2.2280986740952358e-05), (6, 2.199664777435828e-05), (7, 2.190781378885731e-05), (8, 2.3957771190907806e-05), (9, 1.8479804566595703e-05), (10, 2.2357800844474696e-05), (11, 1.9267343304818496e-05), (12, 2.5511222702334635e-05), (13, 9.078999028133694e-06), (14, 1.4699508938065264e-05), (15, 3.425374234211631e-05), (16, 2.0678131477325223e-05), (17, 1.8487555280444212e-05), (18, 2.2840296878712252e-05), (19, 1.7546153685543686e-05), (20, 1.6043835785239935e-05), (21, 1.657812754274346e-05), (22, 1.9208793673897162e-05), (23, 2.7064665118814446e-05), (24, 1.2783297279383987e-05), (25, 2.0329856852185912e-05), (26, 2.337827390874736e-05), (27, 2.4954555556178093e-05), (28, 1.580047501192894e-05), (29, 1.8225917301606387e-05), (30, 2.8077538445359096e-05), (31, 2.0466031855903566e-05), (32, 2.2558389900950715e-05), (33, 1.5607167370035313e-05), (34, 1.7762240531737916e-05), (35, 1.3837456208420917e-05), (36, 2.5568499040673487e-05), (37, 2.4235858290921897e-05), (38, 4.090069705853239e-05), (39, 1.7032305549946614e-05), (40, 1.8736840502242558e-05), (41, 1.8646398530108854e-05), (42, 2.5158849894069135e-05), (43, 1.6415962818427943e-05), (44, 1.9288856492494233e-05), (45, 1.84225536941085e-05), (46, 2.029046845564153e-05), (47, 1.597399023012258e-05), (48, 1.9851093384204432e-05), (49, 2.2638590962742455e-05), (50, 6.926039986865362e-06), (0, 2.250542638648767e-05), (1, 1.5209848243102897e-05), (2, 1.3399761883192696e-05), (3, 2.040104300249368e-05), (4, 3.181444844813086e-05), (5, 2.0575918824761175e-05), (6, 2.3364491426036693e-05), (7, 2.1764215489383787e-05), (8, 2.1793774067191407e-05), (9, 1.6076081010396592e-05), (10, 1.6998426872305572e-05), (11, 1.851799970609136e-05), (12, 2.8393207685439847e-05), (13, 1.4460029888141435e-05), (14, 1.557071846036706e-05), (15, 1.4912386177456938e-05), (16, 2.246501207991969e-05), (17, 2.9602846552734263e-05), (18, 1.1197806998097803e-05), (19, 1.3010268958169036e-05), (20, 3.326365549582988e-05), (21, 1.824628452595789e-05), (22, 1.8850967535399832e-05), (23, 1.3892704373574816e-05), (24, 1.128098119806964e-05), (25, 1.2164769032096956e-05), (26, 1.0293845662090462e-05), (27, 2.2057691239751875e-05), (28, 1.054877520800801e-05), (29, 1.2495696864789352e-05), (30, 1.3996043890074361e-05), (31, 1.5640380297554657e-05), (32, 1.6279509509331547e-05), (33, 2.1633935830323026e-05), (34, 1.8814382201526314e-05), (35, 1.033560693031177e-05), (36, 2.5263167117373087e-05), (37, 1.3526465409086086e-05), (38, 1.343309304502327e-05), (39, 1.4946751434763428e-05), (40, 1.9144861653330736e-05), (41, 2.0117542590014637e-05), (42, 1.872251959866844e-05), (43, 1.3900476005801465e-05), (44, 1.8518332581152208e-05), (45, 1.4484526218438987e-05), (46, 1.3078600204607937e-05), (47, 2.0657873392337933e-05), (48, 2.027879236266017e-05), (49, 1.525189418316586e-05), (50, 1.9574623365770094e-05)]