Model Setup for Uniformvirtual {PATIENT_GROUPS} Trained Network:

{NETWORK_TYPE} Network Architecture Parameters
Input channels=22
Hidden channels=128
Output channels=1

Training hyperparameters
Optimizer=AdamW (
Parameter Group 0
    amsgrad: False
    betas: (0.9, 0.999)
    capturable: False
    differentiable: False
    eps: 1e-08
    foreach: None
    fused: None
    lr: 0.001
    maximize: False
    weight_decay: 1e-06
)Training Iterations=30
Learning rate=0.001
Weight decay=1e-06
Optimizer reset frequency=None

Dropout probability (after initial linear layer before NCDE): 0
Training Data Selection Parameters
(If not virtual, the only important params are the groups and whether data was normalized/standardized)
Patient groups=['Control', 'MDD']
Augmentation strategy=Uniform
Noise Magnitude=0.05
Normalized/standardized=StandardizeAll
Number of virtual patients per real patient=100
Label smoothing factor=0
Test Patient Combinations:
Control: (35, 1, 31, 14, 19)
MDD: (0, 30, 46, 17, 23)
Training batch size=200
Training Results:
Runtime=2.5914409160614014
Loss over time=[(0, 0.6933006048202515), (1, 0.6826454401016235), (2, 0.6693442463874817), (3, 0.6630916595458984), (4, 0.6540302038192749), (5, 0.6630556583404541), (6, 0.6340687870979309), (7, 0.6206371784210205), (8, 0.603507936000824), (9, 0.6017957925796509), (10, 0.5661794543266296), (11, 0.5910701155662537), (12, 0.5894319415092468), (13, 0.5336444973945618), (14, 0.5387280583381653), (15, 0.4817847013473511), (16, 0.4879227578639984), (17, 0.5055592060089111), (18, 0.4668002724647522), (19, 0.49896949529647827), (20, 0.3961870074272156), (21, 0.4482095241546631), (22, 0.4333306550979614), (23, 0.3980298936367035), (24, 0.47836416959762573), (25, 0.41108307242393494), (26, 0.3894093632698059), (27, 0.4822842478752136), (28, 0.4428751766681671), (29, 0.4405866861343384), (30, 0.41497698426246643), (31, 0.4084354341030121), (32, 0.4146864414215088), (33, 0.37507593631744385), (34, 0.3647545278072357), (35, 0.3403337597846985), (36, 0.39605122804641724), (37, 0.40131205320358276), (38, 0.28715449571609497), (39, 0.39384227991104126), (40, 0.32633891701698303), (41, 0.3537503480911255), (42, 0.38319897651672363), (43, 0.28294098377227783), (44, 0.32115310430526733), (45, 0.30788955092430115), (46, 0.34954211115837097), (47, 0.2656888961791992), (48, 0.3074198067188263), (0, 0.25915318727493286), (1, 0.2756190598011017), (2, 0.23937968909740448), (3, 0.2252478450536728), (4, 0.2685180902481079), (5, 0.2508169114589691), (6, 0.21695205569267273), (7, 0.21731814742088318), (8, 0.24041664600372314), (9, 0.19460012018680573), (10, 0.21712303161621094), (11, 0.20951156318187714), (12, 0.2384505271911621), (13, 0.18583263456821442), (14, 0.17437124252319336), (15, 0.195074200630188), (16, 0.19346971809864044), (17, 0.19989965856075287), (18, 0.16623450815677643), (19, 0.267050564289093), (20, 0.13752871751785278), (21, 0.2569901943206787), (22, 0.12814849615097046), (23, 0.1654617190361023), (24, 0.2158285677433014), (25, 0.17153187096118927), (26, 0.11457248777151108), (27, 0.1348111927509308), (28, 0.11728879064321518), (29, 0.13591937720775604), (30, 0.15515458583831787), (31, 0.09120259433984756), (32, 0.14571638405323029), (33, 0.06835994869470596), (34, 0.09790673106908798), (35, 0.08748171478509903), (36, 0.09691266715526581), (37, 0.10573587566614151), (38, 0.07409900426864624), (39, 0.13013429939746857), (40, 0.09521882236003876), (41, 0.07888419926166534), (42, 0.14069640636444092), (43, 0.10695522278547287), (44, 0.10365917533636093), (45, 0.12112957239151001), (46, 0.0684441477060318), (47, 0.11572036892175674), (48, 0.10230181366205215), (0, 0.07426172494888306), (1, 0.17264802753925323), (2, 0.094087153673172), (3, 0.09286066889762878), (4, 0.10027939081192017), (5, 0.10437396168708801), (6, 0.09043032675981522), (7, 0.06598833203315735), (8, 0.03977586328983307), (9, 0.1838873028755188), (10, 0.06144076958298683), (11, 0.10064372420310974), (12, 0.13965080678462982), (13, 0.06287401169538498), (14, 0.07952199876308441), (15, 0.16924011707305908), (16, 0.06570708006620407), (17, 0.07703494280576706), (18, 0.1072845458984375), (19, 0.08741100132465363), (20, 0.07297004014253616), (21, 0.11462375521659851), (22, 0.07281515002250671), (23, 0.07029011845588684), (24, 0.04908207803964615), (25, 0.06551995128393173), (26, 0.04117157310247421), (27, 0.05995076149702072), (28, 0.054658517241477966), (29, 0.05591027811169624), (30, 0.06876365840435028), (31, 0.06942803412675858), (32, 0.029758624732494354), (33, 0.0557447150349617), (34, 0.05654386058449745), (35, 0.036873865872621536), (36, 0.03614058345556259), (37, 0.036185372620821), (38, 0.032119475305080414), (39, 0.0411766953766346), (40, 0.02711835317313671), (41, 0.03847896680235863), (42, 0.059187669306993484), (43, 0.02232605777680874), (44, 0.03416847437620163), (45, 0.030489910393953323), (46, 0.0313156321644783), (47, 0.046528205275535583), (48, 0.020262379199266434), (0, 0.025562258437275887), (1, 0.017554309219121933), (2, 0.01663179136812687), (3, 0.019076010212302208), (4, 0.030973317101597786), (5, 0.022081006318330765), (6, 0.019391220062971115), (7, 0.011565652675926685), (8, 0.015463849529623985), (9, 0.01624300330877304), (10, 0.00927150622010231), (11, 0.01673114113509655), (12, 0.01857532560825348), (13, 0.010059336200356483), (14, 0.011799488216638565), (15, 0.016578055918216705), (16, 0.008596217259764671), (17, 0.0073663657531142235), (18, 0.009373392909765244), (19, 0.014649797230958939), (20, 0.01009492389857769), (21, 0.015617544762790203), (22, 0.010932305827736855), (23, 0.007511978968977928), (24, 0.015273775905370712), (25, 0.008793704211711884), (26, 0.013300304301083088), (27, 0.006736315321177244), (28, 0.008187948726117611), (29, 0.010904592461884022), (30, 0.0035262303426861763), (31, 0.005423130001872778), (32, 0.00862021092325449), (33, 0.005561667028814554), (34, 0.005393649451434612), (35, 0.006959372200071812), (36, 0.005646456032991409), (37, 0.0038871848955750465), (38, 0.005228640977293253), (39, 0.004658231046050787), (40, 0.00531794922426343), (41, 0.010737857781350613), (42, 0.004589694086462259), (43, 0.0026852902956306934), (44, 0.01122511737048626), (45, 0.0030830728355795145), (46, 0.003988110926002264), (47, 0.018562978133559227), (48, 0.00497387396171689), (0, 0.011907558888196945), (1, 0.006151931826025248), (2, 0.00244715204462409), (3, 0.006456540897488594), (4, 0.008818428963422775), (5, 0.0047392998822033405), (6, 0.009740164503455162), (7, 0.004418686497956514), (8, 0.00323216849938035), (9, 0.002862790133804083), (10, 0.00389304687269032), (11, 0.010874193161725998), (12, 0.0018026817124336958), (13, 0.0045913695357739925), (14, 0.01211532112210989), (15, 0.0013797153951600194), (16, 0.0019898759201169014), (17, 0.01243236567825079), (18, 0.0032306036446243525), (19, 0.0029175442177802324), (20, 0.004267125856131315), (21, 0.0057556708343327045), (22, 0.004367433022707701), (23, 0.0014274807181209326), (24, 0.0015489017823711038), (25, 0.013091642409563065), (26, 0.0013048448599874973), (27, 0.0032170992344617844), (28, 0.006439520511776209), (29, 0.0021651459392160177), (30, 0.001380733447149396), (31, 0.0038597595412284136), (32, 0.0005177214043214917), (33, 0.0015527807408943772), (34, 0.0021023578010499477), (35, 0.0012437287950888276), (36, 0.0008714327705092728), (37, 0.0009791183983907104), (38, 0.0013909541303291917), (39, 0.0012394828954711556), (40, 0.0009165708906948566), (41, 0.0008053056662902236), (42, 0.0009378994000144303), (43, 0.0006695977062918246), (44, 0.0007667156169191003), (45, 0.0011671037646010518), (46, 0.0009728773729875684), (47, 0.001070712343789637), (48, 0.0006455638795159757), (0, 0.0012125270441174507), (1, 0.0006528021185658872), (2, 0.0009005442843772471), (3, 0.0011238382430747151), (4, 0.0006530287209898233), (5, 0.0006597258616238832), (6, 0.0006163465441204607), (7, 0.0006928867660462856), (8, 0.0009639913332648575), (9, 0.0005208758520893753), (10, 0.00041857652831822634), (11, 0.0006107510416768491), (12, 0.0004986668354831636), (13, 0.00043240352533757687), (14, 0.0006905849440954626), (15, 0.00043953218846581876), (16, 0.0006185805541463196), (17, 0.0005093016079626977), (18, 0.0004164221463724971), (19, 0.0006675918120890856), (20, 0.0004646967863664031), (21, 0.0003967135271523148), (22, 0.0006114559946581721), (23, 0.0004318459250498563), (24, 0.0007238674443215132), (25, 0.0006447122432291508), (26, 0.0004201604751870036), (27, 0.0005576835828833282), (28, 0.0003523165069054812), (29, 0.0006123751518316567), (30, 0.00039703137008473277), (31, 0.0006507550715468824), (32, 0.0004166490980423987), (33, 0.0007317516719922423), (34, 0.00039510626811534166), (35, 0.0003572932328097522), (36, 0.0003219114150851965), (37, 0.00033133738907054067), (38, 0.0006248652352951467), (39, 0.00039221360930241644), (40, 0.00039663270581513643), (41, 0.00020731087715830654), (42, 0.0004832238773815334), (43, 0.0004889722331427038), (44, 0.0004484511155169457), (45, 0.0005099880509078503), (46, 0.000411755230743438), (47, 0.0002912832424044609), (48, 0.0003973054117523134), (0, 0.0003473518299870193), (1, 0.00040780415292829275), (2, 0.0002354718162678182), (3, 0.00029658962739631534), (4, 0.00022257291129790246), (5, 0.00030159493326209486), (6, 0.00046520298928953707), (7, 0.00022513676958624274), (8, 0.0003316395450383425), (9, 0.00043043188634328544), (10, 0.0004750579537358135), (11, 0.0003733108169399202), (12, 0.0002553771482780576), (13, 0.00034587920526973903), (14, 0.00035308461519889534), (15, 0.00035015001776628196), (16, 0.0003119755128864199), (17, 0.0002783239760901779), (18, 0.0004220245755277574), (19, 0.00028504524379968643), (20, 0.00032017091871239245), (21, 0.0002866542781703174), (22, 0.0002908402238972485), (23, 0.0003277295327279717), (24, 0.00033740123035386205), (25, 0.00027308633434586227), (26, 0.00029261279269121587), (27, 0.00021143090270925313), (28, 0.0004050908610224724), (29, 0.0002866080030798912), (30, 0.0003868121712002903), (31, 0.0002875560021493584), (32, 0.00041086383862420917), (33, 0.000330381648382172), (34, 0.0004636625526472926), (35, 0.0003181841457262635), (36, 0.0003747709561139345), (37, 0.0002178514696424827), (38, 0.0002584290341474116), (39, 0.0002378207864239812), (40, 0.00025439963792450726), (41, 0.0002908846945501864), (42, 0.00023536424851045012), (43, 0.0001701501605566591), (44, 0.0002622998727019876), (45, 0.0002141715813195333), (46, 0.0002090087509714067), (47, 0.0002928449830505997), (48, 0.00016700995911378413), (0, 0.0003089033125434071), (1, 0.0002739557239692658), (2, 0.0002055167278740555), (3, 0.00018530586385168135), (4, 0.00023802835494279861), (5, 0.00030085223261266947), (6, 0.0002765855169855058), (7, 0.00029134025680832565), (8, 0.0002596147242002189), (9, 0.00026768562383949757), (10, 0.0002646547800395638), (11, 0.00018677979824133217), (12, 0.00029750465182587504), (13, 0.00020700327877420932), (14, 0.00025320795248262584), (15, 0.000181857161805965), (16, 0.00016175811470020562), (17, 0.00021681490761693567), (18, 0.000192807856365107), (19, 0.00030796683859080076), (20, 0.0002914935175795108), (21, 0.00030313816387206316), (22, 0.0002080182748613879), (23, 0.0001958744542207569), (24, 0.00024112059327308089), (25, 0.00020999483240302652), (26, 0.00017341497004963458), (27, 0.00014323483628686517), (28, 0.00015679662465117872), (29, 0.00018225310486741364), (30, 0.00021953476243652403), (31, 0.00014297798043116927), (32, 0.00015678070485591888), (33, 0.00012686350964941084), (34, 0.0001980707747861743), (35, 0.00021354274940676987), (36, 0.00018745932902675122), (37, 0.0002987076877616346), (38, 0.00013207440497353673), (39, 0.0002797046909108758), (40, 0.00012973780394531786), (41, 0.00013582580140791833), (42, 0.00013608697918243706), (43, 0.00019432023691479117), (44, 0.00021592556731775403), (45, 0.00022078730398789048), (46, 0.00011815963080152869), (47, 0.00010549003491178155), (48, 0.00017838171334005892), (0, 0.00016333295207004994), (1, 0.00013757860870100558), (2, 0.00016492872964590788), (3, 0.00021986138017382473), (4, 0.0001504322572145611), (5, 0.00015643471851944923), (6, 0.00016038356989156455), (7, 0.0001220206540892832), (8, 0.00016249458712991327), (9, 0.00013699624105356634), (10, 0.00011016994540113956), (11, 0.00018572570115793496), (12, 0.00015734594489913434), (13, 0.0002156393020413816), (14, 0.00024604014470241964), (15, 0.0001638705434743315), (16, 0.00022317557886708528), (17, 0.0001960542576853186), (18, 0.00015420877025462687), (19, 0.00014313591236714274), (20, 0.00017315680452156812), (21, 0.00015842927678022534), (22, 0.00018877802358474582), (23, 0.00014763673243578523), (24, 0.00020695553394034505), (25, 0.00014924918650649488), (26, 0.00016037988825701177), (27, 0.00012959219748154283), (28, 0.00010319969442207366), (29, 0.00013555114855989814), (30, 0.00013575890625361353), (31, 0.00011309425462968647), (32, 0.00015026693290565163), (33, 9.966066136257723e-05), (34, 0.0001113496909965761), (35, 0.00016230929759331048), (36, 0.00011449954763520509), (37, 0.00015999097377061844), (38, 0.00012959573359694332), (39, 0.00018933329556602985), (40, 8.5099833086133e-05), (41, 0.00013707354082725942), (42, 0.00011252718832110986), (43, 0.00011306352826068178), (44, 0.00010458833276061341), (45, 0.00015383654681500047), (46, 0.0001403484056936577), (47, 0.00017436085909139365), (48, 0.000154821143951267), (0, 0.00015439360868185759), (1, 0.00012049838551320136), (2, 0.00011834126780740917), (3, 0.00013828472583554685), (4, 0.00011800824722740799), (5, 0.00015643294318579137), (6, 0.00016947828407865018), (7, 0.00013939253403805196), (8, 0.00015607972454745322), (9, 0.0001299143914366141), (10, 0.00010936001490335912), (11, 0.00016200570098590106), (12, 7.057157199596986e-05), (13, 7.704317249590531e-05), (14, 0.00012771117326337844), (15, 0.00017954612849280238), (16, 0.00013682509597856551), (17, 9.48285887716338e-05), (18, 8.858521323418245e-05), (19, 0.00011435234046075493), (20, 0.00013296783436089754), (21, 0.00010168521839659661), (22, 0.00016415731806773692), (23, 5.9941023209830746e-05), (24, 0.00010087009286507964), (25, 8.275824802694842e-05), (26, 0.00010699146514525637), (27, 0.00019597390200942755), (28, 0.00011420615192037076), (29, 0.00011677984002744779), (30, 0.00013201689580455422), (31, 9.055892587639391e-05), (32, 0.00010390474199084565), (33, 9.57748488872312e-05), (34, 0.00011394128523534164), (35, 0.00010264693992212415), (36, 9.04093321878463e-05), (37, 0.00012156207230873406), (38, 0.00010749984357971698), (39, 0.0001195966251543723), (40, 9.048412903212011e-05), (41, 8.122250437736511e-05), (42, 8.587131014792249e-05), (43, 8.705748041393235e-05), (44, 0.00012712563329841942), (45, 0.00013333656534086913), (46, 0.00010437424498377368), (47, 9.748186857905239e-05), (48, 0.00010050787386717275), (0, 8.017514483071864e-05), (1, 0.00015957800496835262), (2, 9.669020073488355e-05), (3, 5.351975414669141e-05), (4, 9.970666724257171e-05), (5, 9.733214392326772e-05), (6, 7.417448796331882e-05), (7, 9.018724813358858e-05), (8, 6.293741898844019e-05), (9, 0.00012917775893583894), (10, 7.652713975403458e-05), (11, 0.00010093215678352863), (12, 7.690041093155742e-05), (13, 0.00011442966933827847), (14, 9.191474237013608e-05), (15, 0.00011031327449018136), (16, 0.00014501065015792847), (17, 5.831316957483068e-05), (18, 6.38329511275515e-05), (19, 0.00010397573350928724), (20, 0.00012343718844931573), (21, 0.00011704573989845812), (22, 9.79881951934658e-05), (23, 9.536396828480065e-05), (24, 8.782126678852364e-05), (25, 9.330555622000247e-05), (26, 7.096328045008704e-05), (27, 0.00011616397387115285), (28, 7.290642679436132e-05), (29, 0.00012277893256396055), (30, 0.00010709440539358184), (31, 8.613070531282574e-05), (32, 9.506294736638665e-05), (33, 9.721508831717074e-05), (34, 0.00010155579366255552), (35, 8.564007293898612e-05), (36, 8.706913649803028e-05), (37, 7.355518755502999e-05), (38, 5.6992987083503976e-05), (39, 7.40242176107131e-05), (40, 9.495162521488965e-05), (41, 4.7171815822366625e-05), (42, 4.8978981794789433e-05), (43, 8.605487528257072e-05), (44, 0.00010944905079668388), (45, 6.726735591655597e-05), (46, 9.21440587262623e-05), (47, 7.517987978644669e-05), (48, 8.265157521236688e-05), (0, 9.495024278294295e-05), (1, 8.039450040087104e-05), (2, 9.232320735463873e-05), (3, 7.814829587005079e-05), (4, 4.826003350899555e-05), (5, 5.9351761592552066e-05), (6, 8.143387822201476e-05), (7, 4.901927604805678e-05), (8, 7.051949796732515e-05), (9, 0.0001046025354298763), (10, 6.523773481603712e-05), (11, 3.364675285411067e-05), (12, 6.572395795956254e-05), (13, 4.939349673804827e-05), (14, 6.0677379224216565e-05), (15, 6.682027742499486e-05), (16, 5.915090878261253e-05), (17, 5.306436287355609e-05), (18, 7.11209504515864e-05), (19, 0.00013769167708233), (20, 7.751787052256986e-05), (21, 6.432247027987614e-05), (22, 5.7483717682771385e-05), (23, 7.071900472510606e-05), (24, 8.259640890173614e-05), (25, 8.414065814577043e-05), (26, 6.256114284042269e-05), (27, 7.547596032964066e-05), (28, 6.907327042426914e-05), (29, 6.0617159761022776e-05), (30, 7.153527258196846e-05), (31, 6.031839075149037e-05), (32, 6.664579996140674e-05), (33, 7.261592691065744e-05), (34, 9.177351603284478e-05), (35, 6.664826651103795e-05), (36, 8.084628643700853e-05), (37, 6.38894343865104e-05), (38, 5.825491462019272e-05), (39, 6.325841968646273e-05), (40, 5.816052362206392e-05), (41, 5.034373316448182e-05), (42, 7.920185453258455e-05), (43, 4.093340248800814e-05), (44, 5.820885780849494e-05), (45, 4.3098720198031515e-05), (46, 7.311962690437213e-05), (47, 6.661136285401881e-05), (48, 7.761312008369714e-05), (0, 3.460851075942628e-05), (1, 7.767730130581185e-05), (2, 8.790331048658118e-05), (3, 4.622952837962657e-05), (4, 6.439648859668523e-05), (5, 4.863562935497612e-05), (6, 4.6191671572159976e-05), (7, 6.36936747469008e-05), (8, 5.57311468583066e-05), (9, 2.846743882400915e-05), (10, 6.516701978398487e-05), (11, 6.206991383805871e-05), (12, 5.0687584007391706e-05), (13, 6.847493932582438e-05), (14, 5.056875670561567e-05), (15, 4.1590170440031216e-05), (16, 7.527576963184401e-05), (17, 7.525781256845221e-05), (18, 5.257631710264832e-05), (19, 5.476188744069077e-05), (20, 5.808555579278618e-05), (21, 4.494700988288969e-05), (22, 5.359234273782931e-05), (23, 5.051007610745728e-05), (24, 7.72287676227279e-05), (25, 5.87288559472654e-05), (26, 1.7499778550700285e-05), (27, 2.486203084117733e-05), (28, 4.109201472601853e-05), (29, 5.454686834127642e-05), (30, 4.2147585190832615e-05), (31, 3.685366391437128e-05), (32, 6.095967546571046e-05), (33, 4.329701914684847e-05), (34, 6.562505586771294e-05), (35, 3.753472992684692e-05), (36, 3.402141010155901e-05), (37, 3.55614502041135e-05), (38, 5.839976074639708e-05), (39, 2.7520309231476858e-05), (40, 5.7039436796912923e-05), (41, 4.385231659398414e-05), (42, 3.5885237593902275e-05), (43, 2.9161172278691083e-05), (44, 5.074635555502027e-05), (45, 4.958276986144483e-05), (46, 4.4905696995556355e-05), (47, 5.2287014113971964e-05), (48, 3.296625436632894e-05), (0, 3.0990500818006694e-05), (1, 4.244632145855576e-05), (2, 4.046285175718367e-05), (3, 4.693715527537279e-05), (4, 4.723788151750341e-05), (5, 4.9003447202267125e-05), (6, 4.255777093931101e-05), (7, 4.2985375330317765e-05), (8, 6.967772060306743e-05), (9, 4.445721788215451e-05), (10, 2.1238154658931307e-05), (11, 6.115359428804368e-05), (12, 2.522040085750632e-05), (13, 3.4600623621372506e-05), (14, 4.748681385535747e-05), (15, 5.582909216172993e-05), (16, 4.860236731474288e-05), (17, 4.355826968094334e-05), (18, 3.7070640246383846e-05), (19, 4.168589657638222e-05), (20, 2.97189035336487e-05), (21, 4.273129525245167e-05), (22, 3.116951847914606e-05), (23, 5.048147795605473e-05), (24, 2.6645690013538115e-05), (25, 3.4455420973245054e-05), (26, 3.127524541923776e-05), (27, 3.0106701160548255e-05), (28, 4.664771768148057e-05), (29, 4.332265962148085e-05), (30, 1.95746779354522e-05), (31, 2.415209382888861e-05), (32, 3.060713061131537e-05), (33, 4.362413164926693e-05), (34, 2.373637653363403e-05), (35, 2.0992858480894938e-05), (36, 3.7506481021409854e-05), (37, 3.0533759854733944e-05), (38, 2.590533040347509e-05), (39, 3.778179961955175e-05), (40, 2.176630005124025e-05), (41, 1.695594437478576e-05), (42, 2.4870096240192652e-05), (43, 3.308282612124458e-05), (44, 3.3248026738874614e-05), (45, 1.7225296687684022e-05), (46, 2.5346420443383977e-05), (47, 3.04621244140435e-05), (48, 2.131498695234768e-05), (0, 2.3208580387290567e-05), (1, 2.7285757823847234e-05), (2, 1.6113470337586477e-05), (3, 2.791085898934398e-05), (4, 4.1730247176019475e-05), (5, 2.4158243832062e-05), (6, 2.7881143978447653e-05), (7, 1.6893860447453335e-05), (8, 2.6643498131306842e-05), (9, 2.3769702238496393e-05), (10, 2.7710879294318147e-05), (11, 3.2369756809202954e-05), (12, 3.46127271768637e-05), (13, 2.6409361453261226e-05), (14, 3.5741020838031545e-05), (15, 2.465167381160427e-05), (16, 2.6360794436186552e-05), (17, 3.072121398872696e-05), (18, 2.0441551896510646e-05), (19, 1.5207641808956396e-05), (20, 2.389452129136771e-05), (21, 1.5333318515331484e-05), (22, 3.0049108318053186e-05), (23, 2.7286479962640442e-05), (24, 1.524359959148569e-05), (25, 3.4625842090463266e-05), (26, 2.3344671717495658e-05), (27, 2.7086502086604014e-05), (28, 2.3166456230683252e-05), (29, 1.7788383047445677e-05), (30, 2.270265031256713e-05), (31, 3.0235927624744363e-05), (32, 2.5313463993370533e-05), (33, 2.121013676514849e-05), (34, 1.81126051757019e-05), (35, 3.476345955277793e-05), (36, 2.265678449475672e-05), (37, 1.4288305465015583e-05), (38, 2.0161443899269216e-05), (39, 2.1642306819558144e-05), (40, 2.2167712813825347e-05), (41, 2.148783823940903e-05), (42, 2.544207927712705e-05), (43, 1.952850288944319e-05), (44, 2.0266235878807493e-05), (45, 2.5689503672765568e-05), (46, 2.2874888600199483e-05), (47, 1.970537232409697e-05), (48, 1.8991902834386565e-05), (0, 1.6593421605648473e-05), (1, 1.2503805010055657e-05), (2, 2.2612386601394974e-05), (3, 1.5256160622811876e-05), (4, 1.4706182810186874e-05), (5, 2.2794138203607872e-05), (6, 1.3100795513310004e-05), (7, 2.3689462977927178e-05), (8, 1.2591191079991404e-05), (9, 2.1178266251808964e-05), (10, 1.6585805497015826e-05), (11, 1.874502413556911e-05), (12, 1.533906106487848e-05), (13, 1.4655710401711985e-05), (14, 1.6438365491922013e-05), (15, 2.2867408915772103e-05), (16, 2.2263164282776415e-05), (17, 8.593491656938568e-06), (18, 2.280522858200129e-05), (19, 2.794233660097234e-05), (20, 1.334875742031727e-05), (21, 1.589621024322696e-05), (22, 2.4585378923802637e-05), (23, 2.1695776013075374e-05), (24, 1.4098509382165503e-05), (25, 1.3964938261779025e-05), (26, 1.594921195646748e-05), (27, 7.29661269360804e-06), (28, 1.6662723282934166e-05), (29, 2.1504778487724252e-05), (30, 1.603321470611263e-05), (31, 2.217531255155336e-05), (32, 1.0760800250864122e-05), (33, 1.2617226275324356e-05), (34, 2.8372536689857952e-05), (35, 1.5877674741204828e-05), (36, 1.4162198567646556e-05), (37, 1.1490258657431696e-05), (38, 2.1171746993786655e-05), (39, 1.2006609722448047e-05), (40, 1.556927054480184e-05), (41, 1.0959986866510008e-05), (42, 1.8919816284324042e-05), (43, 1.857289498730097e-05), (44, 1.0581645256024785e-05), (45, 1.0860368092835415e-05), (46, 1.3548729839385487e-05), (47, 1.5325013009714894e-05), (48, 1.3676136404683348e-05), (0, 1.8026337784249336e-05), (1, 8.781772521615494e-06), (2, 1.3483861948770937e-05), (3, 1.0394658602308482e-05), (4, 1.453314416721696e-05), (5, 9.872780537989456e-06), (6, 1.6976553524727933e-05), (7, 2.0907515136059374e-05), (8, 8.21272078610491e-06), (9, 1.390777288179379e-05), (10, 1.2399896149872802e-05), (11, 1.1868707588291727e-05), (12, 1.5548657756880857e-05), (13, 7.4101135396631435e-06), (14, 7.357804406638024e-06), (15, 1.4253331755753607e-05), (16, 1.9460390831227414e-05), (17, 9.798397513804957e-06), (18, 1.1431709936005063e-05), (19, 1.2989031347387936e-05), (20, 7.61344563215971e-06), (21, 1.5981759133865125e-05), (22, 1.145618261944037e-05), (23, 8.288881872431375e-06), (24, 1.3729104466619901e-05), (25, 1.4025968994246796e-05), (26, 9.763487469172105e-06), (27, 9.885940016829409e-06), (28, 1.0936037142528221e-05), (29, 8.042461558943614e-06), (30, 9.244844477507286e-06), (31, 1.2818045433959924e-05), (32, 9.07238973013591e-06), (33, 1.428855011909036e-05), (34, 1.2154499017924536e-05), (35, 1.178516868094448e-05), (36, 1.5111784705368336e-05), (37, 1.0952125194307882e-05), (38, 1.1685604476951994e-05), (39, 1.0938549166894518e-05), (40, 1.2261397387192119e-05), (41, 8.006938514881767e-06), (42, 7.387537607428385e-06), (43, 1.0153240509680472e-05), (44, 1.2178887118352577e-05), (45, 9.644569217925891e-06), (46, 1.3410816791292746e-05), (47, 9.542339284962509e-06), (48, 1.1150393220304977e-05), (0, 7.451908459188417e-06), (1, 8.87317492015427e-06), (2, 8.759418960835319e-06), (3, 8.484908903483301e-06), (4, 1.1676494068524335e-05), (5, 8.510018233209848e-06), (6, 9.634881280362606e-06), (7, 1.1690585779433604e-05), (8, 1.7882688553072512e-05), (9, 1.3283608495839871e-05), (10, 1.0470567758602556e-05), (11, 8.337032340932637e-06), (12, 1.2405515008140355e-05), (13, 7.4964918894693255e-06), (14, 1.047376099450048e-05), (15, 1.0930796634056605e-05), (16, 8.066213013080414e-06), (17, 1.2656028957280796e-05), (18, 6.5710351009329315e-06), (19, 5.956153017905308e-06), (20, 8.95698212843854e-06), (21, 7.924222700239625e-06), (22, 8.552107829018496e-06), (23, 1.1915390132344328e-05), (24, 1.0500707503524609e-05), (25, 7.992782229848672e-06), (26, 1.191515002574306e-05), (27, 5.627000518870773e-06), (28, 7.965353688632604e-06), (29, 5.513101314136293e-06), (30, 8.420431186095811e-06), (31, 7.185646609286778e-06), (32, 5.322358902049018e-06), (33, 7.2238021857629064e-06), (34, 8.1879898061743e-06), (35, 6.152529749670066e-06), (36, 7.226797606563196e-06), (37, 5.228048394201323e-06), (38, 9.412329745828174e-06), (39, 1.0257695066684391e-05), (40, 7.600034678034717e-06), (41, 5.44560589332832e-06), (42, 1.270788925467059e-05), (43, 8.904914466256741e-06), (44, 9.729992598295212e-06), (45, 7.080182513163891e-06), (46, 6.013584425090812e-06), (47, 7.626924798387336e-06), (48, 5.61021397516015e-06), (0, 9.133718776865862e-06), (1, 8.325190719915554e-06), (2, 6.528937774419319e-06), (3, 7.764889232930727e-06), (4, 6.948999271116918e-06), (5, 7.12766950528021e-06), (6, 4.87355009681778e-06), (7, 7.352110060310224e-06), (8, 4.940291546517983e-06), (9, 7.572974936920218e-06), (10, 5.842422069690656e-06), (11, 8.187580533558503e-06), (12, 5.084418717160588e-06), (13, 9.920120646711439e-06), (14, 6.9524699028988834e-06), (15, 8.401392733503599e-06), (16, 6.206093985383632e-06), (17, 4.228473699185997e-06), (18, 8.186303602997214e-06), (19, 1.2058478205290157e-05), (20, 4.709228051069658e-06), (21, 6.655803190369625e-06), (22, 4.351206825958798e-06), (23, 7.371495485131163e-06), (24, 6.9502948463195935e-06), (25, 5.991368652757956e-06), (26, 6.936207682883833e-06), (27, 7.412590093736071e-06), (28, 5.350960236683022e-06), (29, 5.716774467146024e-06), (30, 5.144110218679998e-06), (31, 4.127609827264678e-06), (32, 4.714032911579125e-06), (33, 8.781599717622157e-06), (34, 7.828189154679421e-06), (35, 7.869398359616753e-06), (36, 5.8293744586990215e-06), (37, 5.641712505166652e-06), (38, 1.0886674317589495e-05), (39, 7.643518983968534e-06), (40, 4.926426299789455e-06), (41, 8.625348527857568e-06), (42, 6.941718311281875e-06), (43, 4.8278448048222344e-06), (44, 7.066528269206174e-06), (45, 7.492797067243373e-06), (46, 6.1991131588001736e-06), (47, 6.3161396610667e-06), (48, 3.291022039775271e-06), (0, 7.230459232232533e-06), (1, 6.7700752879318316e-06), (2, 7.69031248637475e-06), (3, 5.2354257604747545e-06), (4, 5.4222100516199134e-06), (5, 8.123934094328433e-06), (6, 7.95746200310532e-06), (7, 5.911588687013136e-06), (8, 6.083992957428563e-06), (9, 4.113028808205854e-06), (10, 4.355914825282525e-06), (11, 6.4083992583618965e-06), (12, 4.986249223293271e-06), (13, 3.900935098499758e-06), (14, 3.970074885728536e-06), (15, 6.500500148831634e-06), (16, 5.731109467888018e-06), (17, 5.938603862887248e-06), (18, 4.251478458172642e-06), (19, 4.836759671889013e-06), (20, 4.538353550742613e-06), (21, 1.1088285646110307e-05), (22, 4.204604465485318e-06), (23, 5.1284114306326956e-06), (24, 3.848807864414994e-06), (25, 7.710516911174636e-06), (26, 4.816357886738842e-06), (27, 5.7155511967721395e-06), (28, 5.778435934189474e-06), (29, 3.0959788546169875e-06), (30, 4.4347825678414665e-06), (31, 9.652224434830714e-06), (32, 5.691868864232674e-06), (33, 6.194943125592545e-06), (34, 4.971073394699488e-06), (35, 4.887523118668469e-06), (36, 4.607897608366329e-06), (37, 5.227596375334542e-06), (38, 2.984345201184624e-06), (39, 4.024583631689893e-06), (40, 4.354319116828265e-06), (41, 2.8430233669496374e-06), (42, 5.184973815630656e-06), (43, 4.073083800903987e-06), (44, 4.854870439885417e-06), (45, 3.5128362014802406e-06), (46, 3.6994374568166677e-06), (47, 4.763193828694057e-06), (48, 4.682394774135901e-06), (0, 6.352409400278702e-06), (1, 4.313985755288741e-06), (2, 5.473008513945388e-06), (3, 3.172247488691937e-06), (4, 5.171308202989167e-06), (5, 4.962425919075031e-06), (6, 1.8447545926392195e-06), (7, 6.3842394411040004e-06), (8, 3.7484910535567906e-06), (9, 4.676836397266015e-06), (10, 3.82584948965814e-06), (11, 3.7435806916619185e-06), (12, 3.29144222632749e-06), (13, 3.7041077121102717e-06), (14, 3.5382697660679696e-06), (15, 6.4878486227826215e-06), (16, 4.509615791903343e-06), (17, 4.5646029320778325e-06), (18, 3.980637302447576e-06), (19, 5.488946953846607e-06), (20, 4.017483661300503e-06), (21, 4.725754934042925e-06), (22, 2.728989556999295e-06), (23, 5.1429392442514654e-06), (24, 6.548675173689844e-06), (25, 3.4780175610649167e-06), (26, 3.0451578822976444e-06), (27, 5.463880370371044e-06), (28, 4.472082764550578e-06), (29, 2.7647981823974987e-06), (30, 4.977723165211501e-06), (31, 3.4797858461388387e-06), (32, 7.161181201809086e-06), (33, 5.489795057656011e-06), (34, 3.424766191528761e-06), (35, 3.1425461202161387e-06), (36, 4.2383976506243926e-06), (37, 2.5140634534182027e-06), (38, 5.11250073031988e-06), (39, 4.942624400428031e-06), (40, 4.24012523581041e-06), (41, 4.950887159793638e-06), (42, 4.1788548514887225e-06), (43, 3.8576886254304554e-06), (44, 4.307827111915685e-06), (45, 3.5282146200188436e-06), (46, 3.886977538059e-06), (47, 5.501127361640101e-06), (48, 2.9215980248409323e-06), (0, 2.667296257641283e-06), (1, 3.40890665029292e-06), (2, 3.581251348805381e-06), (3, 5.566899744735565e-06), (4, 5.094301286590053e-06), (5, 3.5713555917027406e-06), (6, 2.8469148674048483e-06), (7, 5.941853032709332e-06), (8, 1.6355276102331118e-06), (9, 3.653341764220386e-06), (10, 3.964613824791741e-06), (11, 4.4969851842324715e-06), (12, 2.591849806776736e-06), (13, 4.309376436140155e-06), (14, 4.6946479415055364e-06), (15, 3.98372230847599e-06), (16, 6.728933840349782e-06), (17, 3.717121444424265e-06), (18, 4.795591394213261e-06), (19, 3.5868288250640035e-06), (20, 2.13297198570217e-06), (21, 2.3920608782646013e-06), (22, 2.3470629457733594e-06), (23, 3.102996743109543e-06), (24, 4.243012426741188e-06), (25, 2.8976999146834714e-06), (26, 3.3661688121355837e-06), (27, 3.880220447172178e-06), (28, 3.0745507046958664e-06), (29, 3.695176246765186e-06), (30, 3.862041467073141e-06), (31, 3.5552004646888236e-06), (32, 2.6983273073710734e-06), (33, 4.843371698370902e-06), (34, 5.416372459876584e-06), (35, 3.251913312851684e-06), (36, 2.065950866381172e-06), (37, 2.482386435076478e-06), (38, 4.438405085238628e-06), (39, 5.073922238807427e-06), (40, 3.3298347261734307e-06), (41, 3.5933858271164354e-06), (42, 3.3860885650938144e-06), (43, 2.0963620954717044e-06), (44, 4.071543571626535e-06), (45, 3.030741709153517e-06), (46, 4.234894277033163e-06), (47, 1.9949377474404173e-06), (48, 2.973781874970882e-06), (0, 3.1670665521232877e-06), (1, 3.402022912268876e-06), (2, 3.794246822508285e-06), (3, 5.332584350981051e-06), (4, 4.479087237996282e-06), (5, 4.633967819245299e-06), (6, 2.6898567284661112e-06), (7, 3.90353670809418e-06), (8, 2.606777343316935e-06), (9, 2.3926154426590074e-06), (10, 2.4571845642640255e-06), (11, 4.433966751093976e-06), (12, 3.99537748307921e-06), (13, 2.628758466016734e-06), (14, 4.343583896115888e-06), (15, 2.9884031391702592e-06), (16, 3.6481039842328755e-06), (17, 3.4631684684427455e-06), (18, 2.453183924444602e-06), (19, 2.247835027446854e-06), (20, 1.8081611870002234e-06), (21, 3.575170921976678e-06), (22, 1.2586377806655946e-06), (23, 2.7349651645636186e-06), (24, 3.6997871575294994e-06), (25, 2.4910727915994357e-06), (26, 3.3070100471377373e-06), (27, 3.5932703212893102e-06), (28, 2.805706117214868e-06), (29, 3.7665729450964136e-06), (30, 2.8249553452042164e-06), (31, 3.6009366795042297e-06), (32, 3.932258096028818e-06), (33, 1.9426950075285276e-06), (34, 3.381006763447658e-06), (35, 2.161461452487856e-06), (36, 2.447605766064953e-06), (37, 2.889494453484076e-06), (38, 3.2373291105614044e-06), (39, 2.4970295271486975e-06), (40, 1.8319640275876736e-06), (41, 1.2684836292464752e-06), (42, 2.2318772607832216e-06), (43, 2.554010052335798e-06), (44, 2.716695234994404e-06), (45, 3.61426441486401e-06), (46, 3.4957326988660498e-06), (47, 4.48748369308305e-06), (48, 1.7785755517252255e-06), (0, 3.322779775771778e-06), (1, 2.6080422230734257e-06), (2, 1.8889840021074633e-06), (3, 2.3408113065670477e-06), (4, 2.2375775188265834e-06), (5, 1.4330408930618432e-06), (6, 2.3526370114268502e-06), (7, 2.2342514967022e-06), (8, 2.585185484349495e-06), (9, 2.955707032015198e-06), (10, 3.4573881748656277e-06), (11, 2.199353957621497e-06), (12, 2.9566272132797167e-06), (13, 2.9252823878778145e-06), (14, 2.0911379579047207e-06), (15, 2.9796794933645288e-06), (16, 2.5070401079574367e-06), (17, 4.303678451833548e-06), (18, 2.6281427381036337e-06), (19, 2.521269152566674e-06), (20, 2.4180048967537005e-06), (21, 3.4149654766224558e-06), (22, 2.1768466922367224e-06), (23, 2.2951226128498092e-06), (24, 2.4309040327352704e-06), (25, 3.111943442490883e-06), (26, 3.888275841745781e-06), (27, 2.268563548568636e-06), (28, 1.947853206729633e-06), (29, 1.9458682345430134e-06), (30, 1.7224067505594576e-06), (31, 2.5591427856852533e-06), (32, 2.4683290575922e-06), (33, 2.6037637326226104e-06), (34, 2.3521104139945237e-06), (35, 2.809044644891401e-06), (36, 4.496064320846926e-06), (37, 2.7595563096838305e-06), (38, 3.4268457511643646e-06), (39, 1.8720082834988716e-06), (40, 2.9054779133730335e-06), (41, 2.6446423362358473e-06), (42, 3.042150638066232e-06), (43, 3.5950026813225122e-06), (44, 4.116127001907444e-06), (45, 2.183912329201121e-06), (46, 1.574999714648584e-06), (47, 2.754102524704649e-06), (48, 1.2585251170094125e-06), (0, 1.6912497358134715e-06), (1, 3.090405016337172e-06), (2, 2.8258655220270157e-06), (3, 2.251551222798298e-06), (4, 2.2671733859169763e-06), (5, 2.6649056508176727e-06), (6, 3.88985017707455e-06), (7, 3.343835487612523e-06), (8, 2.4172015855583595e-06), (9, 2.871207243515528e-06), (10, 2.5067624846997205e-06), (11, 1.7826082512328867e-06), (12, 2.5276160613429965e-06), (13, 2.857176014003926e-06), (14, 2.6598311251291307e-06), (15, 2.5660724531917367e-06), (16, 2.561909695941722e-06), (17, 1.848640977186733e-06), (18, 1.7400120668753516e-06), (19, 1.3418233493212028e-06), (20, 2.65889457295998e-06), (21, 2.4897742605389794e-06), (22, 2.592177224869374e-06), (23, 1.2238649560458725e-06), (24, 3.4505801522755064e-06), (25, 2.3207749109133147e-06), (26, 3.0638416319561657e-06), (27, 1.6243086520262295e-06), (28, 3.201901790816919e-06), (29, 3.4474755921110045e-06), (30, 3.012186880368972e-06), (31, 1.7045842923835153e-06), (32, 1.675129510658735e-06), (33, 1.461541955904977e-06), (34, 2.724242904150742e-06), (35, 2.2830695343145635e-06), (36, 1.2389382391120307e-06), (37, 2.0710056105599506e-06), (38, 1.756179699441418e-06), (39, 1.3499213764589513e-06), (40, 1.3699780083697988e-06), (41, 2.9163359158701496e-06), (42, 2.4696450964256655e-06), (43, 1.5309504988181288e-06), (44, 1.9780634374910733e-06), (45, 2.1664277483068872e-06), (46, 1.258343559129571e-06), (47, 2.6153536509809783e-06), (48, 1.7753444581103395e-06), (0, 2.2062743028072873e-06), (1, 2.5009687760757515e-06), (2, 1.37618326334632e-06), (3, 1.6297943830068107e-06), (4, 1.5891928342171013e-06), (5, 1.3996359484735876e-06), (6, 3.1694164590589935e-06), (7, 2.3358952603302896e-06), (8, 2.1723508325521834e-06), (9, 1.116921907851065e-06), (10, 2.2968324628891423e-06), (11, 2.024596142291557e-06), (12, 1.2086993592674844e-06), (13, 1.6440670833617332e-06), (14, 1.8649069488674286e-06), (15, 1.996630999201443e-06), (16, 2.5398878733540187e-06), (17, 2.194993385273847e-06), (18, 1.960675945156254e-06), (19, 3.2509776701772353e-06), (20, 1.3714815167986671e-06), (21, 2.7597009193414124e-06), (22, 2.6790141873789253e-06), (23, 2.411163450233289e-06), (24, 1.5367891137429979e-06), (25, 1.4526377754009445e-06), (26, 1.0369952860855847e-06), (27, 2.1436701445054496e-06), (28, 1.8468429061613278e-06), (29, 2.506471901142504e-06), (30, 1.9612789401435293e-06), (31, 2.1565942915913183e-06), (32, 1.471120071983023e-06), (33, 1.6658283357173786e-06), (34, 1.7197719444084214e-06), (35, 2.537399041102617e-06), (36, 2.8649506020883564e-06), (37, 2.059023927358794e-06), (38, 1.7853756162367063e-06), (39, 2.2944732336327434e-06), (40, 1.9894964680133853e-06), (41, 1.487177655690175e-06), (42, 2.4478608793288004e-06), (43, 2.252276090075611e-06), (44, 2.6098914531758055e-06), (45, 1.1254717264819192e-06), (46, 2.5027138690347783e-06), (47, 1.940916718012886e-06), (48, 2.024428795266431e-06), (0, 1.5127870938158594e-06), (1, 1.5562816315650707e-06), (2, 1.6101782875921344e-06), (3, 1.6628864614176564e-06), (4, 2.73510181614256e-06), (5, 1.2409394685164443e-06), (6, 1.7145445099231438e-06), (7, 1.3427677458821563e-06), (8, 2.204959400842199e-06), (9, 1.9330091163283214e-06), (10, 1.4715719771629665e-06), (11, 3.064817065023817e-06), (12, 1.522076331639255e-06), (13, 2.0422801298991544e-06), (14, 2.6027566946140723e-06), (15, 1.959138671736582e-06), (16, 2.3452689674741123e-06), (17, 3.5436057714832714e-06), (18, 1.5111805851120153e-06), (19, 2.2144756712805247e-06), (20, 1.995773345697671e-06), (21, 2.3559443889098475e-06), (22, 2.23172264668392e-06), (23, 2.564308488217648e-06), (24, 7.017640655249124e-07), (25, 1.670384904173261e-06), (26, 1.4617423857998801e-06), (27, 8.660992989462102e-07), (28, 1.371620442114363e-06), (29, 1.7790214315027697e-06), (30, 2.1655014279531315e-06), (31, 1.8865569018089445e-06), (32, 1.2344783044682117e-06), (33, 2.1657031084032496e-06), (34, 1.993965042856871e-06), (35, 2.1635817120113643e-06), (36, 1.8715487613008008e-06), (37, 1.173009877675213e-06), (38, 8.278548193629831e-07), (39, 1.3013623174629174e-06), (40, 1.3668895917362534e-06), (41, 1.4581989944417728e-06), (42, 1.428334371667006e-06), (43, 1.4146422699923278e-06), (44, 1.3490597439158591e-06), (45, 1.2700154456979362e-06), (46, 1.8131682963939966e-06), (47, 1.698523647064576e-06), (48, 2.1720770746469498e-06), (0, 2.0535171643132344e-06), (1, 9.817501904763049e-07), (2, 1.4874956377752824e-06), (3, 1.883272489067167e-06), (4, 1.3908819482821855e-06), (5, 1.6872554624569602e-06), (6, 1.5791450778124272e-06), (7, 1.665630520619743e-06), (8, 2.2071033072279533e-06), (9, 1.7753587826518924e-06), (10, 1.389882868352288e-06), (11, 1.4400293366634287e-06), (12, 1.1677200291160261e-06), (13, 1.2761807965944172e-06), (14, 1.7100220475185779e-06), (15, 1.5676321254431969e-06), (16, 1.3871998589820578e-06), (17, 1.742166887197527e-06), (18, 2.1548733002418885e-06), (19, 1.933551629917929e-06), (20, 1.834333716033143e-06), (21, 1.490856334385171e-06), (22, 1.6245245433310629e-06), (23, 2.736363285293919e-06), (24, 1.494267166890495e-06), (25, 6.943832886463497e-07), (26, 8.478363611175155e-07), (27, 1.3600604233943159e-06), (28, 1.3165030168238445e-06), (29, 1.5431114661623724e-06), (30, 1.2750310816045385e-06), (31, 1.6477824829053134e-06), (32, 1.8120533695764607e-06), (33, 1.6350725218217121e-06), (34, 1.2691166375589091e-06), (35, 1.329534256910847e-06), (36, 2.5001895664900076e-06), (37, 8.253251735368394e-07), (38, 1.8380721940047806e-06), (39, 1.8106808283846476e-06), (40, 1.2847092420997797e-06), (41, 1.3937999483459862e-06), (42, 1.3178278095438145e-06), (43, 1.4906598835295881e-06), (44, 1.1677440170387854e-06), (45, 1.8320928347748122e-06), (46, 1.3037035841989564e-06), (47, 2.3712223082839046e-06), (48, 2.5918475330399815e-06), (0, 1.687768872216111e-06), (1, 1.5947470046739909e-06), (2, 7.22143283837795e-07), (3, 1.478431386203738e-06), (4, 1.0250342938888934e-06), (5, 1.7323500287602656e-06), (6, 8.874425247995532e-07), (7, 1.3537951417674776e-06), (8, 9.583324072082178e-07), (9, 1.5003363387222635e-06), (10, 2.138335275958525e-06), (11, 1.569335040585429e-06), (12, 2.3008965399640147e-06), (13, 1.8521535594118177e-06), (14, 1.531364546281111e-06), (15, 1.2005248208879493e-06), (16, 9.113113605963008e-07), (17, 1.4742099665454589e-06), (18, 1.3785560213364079e-06), (19, 1.7499382920505013e-06), (20, 1.6546016468055313e-06), (21, 7.407493285427336e-07), (22, 1.77385197730473e-06), (23, 5.986045152894803e-07), (24, 1.2395046269375598e-06), (25, 1.6758043557274505e-06), (26, 1.2103400877094828e-06), (27, 1.073945895768702e-06), (28, 1.8493774405214936e-06), (29, 1.6969312355286092e-06), (30, 1.618424107618921e-06), (31, 2.0407944703038083e-06), (32, 2.021844466071343e-06), (33, 1.618817805137951e-06), (34, 1.2056493687850889e-06), (35, 1.9704568785527954e-06), (36, 1.6856458842084976e-06), (37, 1.2093078112229705e-06), (38, 1.306895228481153e-06), (39, 1.3719181879423559e-06), (40, 1.0522891216169228e-06), (41, 1.7014115201163804e-06), (42, 9.441685620004137e-07), (43, 1.2142303376094787e-06), (44, 1.3084863894619048e-06), (45, 1.845735710048757e-06), (46, 1.1776263590945746e-06), (47, 1.5154795391936204e-06), (48, 1.0616910230965004e-06), (0, 1.2777070423908299e-06), (1, 1.424831680196803e-06), (2, 1.9163164779456565e-06), (3, 1.0165415460505756e-06), (4, 9.78379375737859e-07), (5, 1.3455506859827437e-06), (6, 1.7255379134439863e-06), (7, 7.364598673120781e-07), (8, 1.392211402162502e-06), (9, 1.0442298616908374e-06), (10, 6.177068030410737e-07), (11, 1.045283624989679e-06), (12, 1.1303571909593302e-06), (13, 1.064376306203485e-06), (14, 1.5788031078045606e-06), (15, 1.7355575891997432e-06), (16, 1.5532432371401228e-06), (17, 1.045638100549695e-06), (18, 9.415063004780677e-07), (19, 1.2226790886415984e-06), (20, 1.1234553767280886e-06), (21, 1.6663258293192484e-06), (22, 1.7933675735548604e-06), (23, 1.3120827588863904e-06), (24, 8.355935960935312e-07), (25, 1.279444290958054e-06), (26, 1.306987542193383e-06), (27, 7.403276072182052e-07), (28, 1.5753560091980034e-06), (29, 1.5621463944626157e-06), (30, 1.6190451788133942e-06), (31, 1.7060572190530365e-06), (32, 1.3477634865921573e-06), (33, 1.3657929684995906e-06), (34, 1.3422729807643918e-06), (35, 1.660096927480481e-06), (36, 2.0628203856176697e-06), (37, 1.3995147583045764e-06), (38, 8.696911208971869e-07), (39, 6.16350462223636e-07), (40, 1.2471062973418157e-06), (41, 1.251699245585769e-06), (42, 1.8223903452962986e-06), (43, 1.3253302313387394e-06), (44, 1.3143709338692133e-06), (45, 1.711699610495998e-06), (46, 1.2141581464675255e-06), (47, 9.795479627427994e-07), (48, 1.0705248314479832e-06)]