Model Setup for Uniformvirtual {PATIENT_GROUPS} Trained Network:

Network Architecture Parameters
Input channels=2
Hidden channels=32
Output channels=1

Training hyperparameters
Optimizer=AdamW (
Parameter Group 0
    amsgrad: False
    betas: (0.9, 0.999)
    capturable: False
    differentiable: False
    eps: 1e-08
    foreach: None
    fused: None
    lr: 0.001
    maximize: False
    weight_decay: 1e-06
)Training Iterations=100
Learning rate=0.001
Weight decay=1e-06
Optimizer reset frequency=None

Dropout probability (after initial linear layer before NCDE): 0
Training Data Selection Parameters
(If not virtual, the only important params are the groups and whether data was normalized/standardized)
Patient groups=['Control', 'Atypical']
Augmentation strategy=Uniform
Noise Magnitude=0.01
Normalized/standardized=StandardizeAll
Number of virtual patients per real patient=100
Label smoothing factor=0
Test Patient Combinations:
Control: (2, 12, 10, 5, 1)
MDD: (0,)
Training batch size=200
Training Results:
Runtime=114.21076774597168
Loss over time=[(0, 0.68086838722229), (1, 0.6729559898376465), (2, 0.6786368489265442), (3, 0.683925986289978), (4, 0.6914766430854797), (5, 0.6965841054916382), (6, 0.6883236765861511), (7, 0.7040216326713562), (8, 0.6939789652824402), (9, 0.6764599680900574), (10, 0.6660957336425781), (11, 0.6690472960472107), (0, 0.6774016618728638), (1, 0.684425950050354), (2, 0.6893032789230347), (3, 0.6686227917671204), (4, 0.6762301921844482), (5, 0.6794537305831909), (6, 0.6798955798149109), (7, 0.6792340278625488), (8, 0.6702008247375488), (9, 0.6847518086433411), (10, 0.6683753132820129), (11, 0.690457284450531), (0, 0.6758240461349487), (1, 0.6763760447502136), (2, 0.6830765008926392), (3, 0.6544622182846069), (4, 0.6711052060127258), (5, 0.6673038005828857), (6, 0.6815475225448608), (7, 0.6816221475601196), (8, 0.6869385242462158), (9, 0.6649852991104126), (10, 0.6692688465118408), (11, 0.6820359826087952), (0, 0.6864887475967407), (1, 0.6658938527107239), (2, 0.6628676652908325), (3, 0.6473934054374695), (4, 0.680724024772644), (5, 0.6722604632377625), (6, 0.6581432819366455), (7, 0.6818786859512329), (8, 0.6775970458984375), (9, 0.6590536236763), (10, 0.686897337436676), (11, 0.6675900220870972), (0, 0.659691333770752), (1, 0.6464715600013733), (2, 0.6823763251304626), (3, 0.6779884099960327), (4, 0.65069979429245), (5, 0.671817421913147), (6, 0.6823298931121826), (7, 0.65080726146698), (8, 0.6630297303199768), (9, 0.6803997159004211), (10, 0.6654501557350159), (11, 0.6651403903961182), (0, 0.6665981411933899), (1, 0.6631767749786377), (2, 0.6434757113456726), (3, 0.6719411611557007), (4, 0.6399604082107544), (5, 0.631640613079071), (6, 0.6879565715789795), (7, 0.6653571128845215), (8, 0.6353215575218201), (9, 0.6828404068946838), (10, 0.6751196384429932), (11, 0.6787754893302917), (0, 0.6465530395507812), (1, 0.6451486945152283), (2, 0.6457923054695129), (3, 0.6700441837310791), (4, 0.636074423789978), (5, 0.6611542701721191), (6, 0.6410544514656067), (7, 0.6799689531326294), (8, 0.6396796703338623), (9, 0.6779448986053467), (10, 0.6449653506278992), (11, 0.6709428429603577), (0, 0.6406686902046204), (1, 0.6350048184394836), (2, 0.655483067035675), (3, 0.6501399278640747), (4, 0.6532071828842163), (5, 0.6439967155456543), (6, 0.6508962512016296), (7, 0.6553922295570374), (8, 0.6520096063613892), (9, 0.6249423027038574), (10, 0.6743186116218567), (11, 0.6205577254295349), (0, 0.6578767895698547), (1, 0.6145632266998291), (2, 0.6481816172599792), (3, 0.6714951992034912), (4, 0.6466107368469238), (5, 0.6408825516700745), (6, 0.6151782870292664), (7, 0.6177191138267517), (8, 0.637123703956604), (9, 0.642111599445343), (10, 0.6423347592353821), (11, 0.6471968293190002), (0, 0.6260133981704712), (1, 0.6440413594245911), (2, 0.6502813696861267), (3, 0.6183459162712097), (4, 0.6381426453590393), (5, 0.6416603326797485), (6, 0.6374604105949402), (7, 0.6116909384727478), (8, 0.6126348376274109), (9, 0.6544756293296814), (10, 0.612068235874176), (11, 0.6333634853363037), (0, 0.6469278931617737), (1, 0.6266831755638123), (2, 0.6240751147270203), (3, 0.6205782890319824), (4, 0.6373321413993835), (5, 0.6234610080718994), (6, 0.6302841901779175), (7, 0.588936984539032), (8, 0.6064714193344116), (9, 0.6293687224388123), (10, 0.6142998337745667), (11, 0.6190341114997864), (0, 0.6155529022216797), (1, 0.6211217641830444), (2, 0.6503946185112), (3, 0.6124120950698853), (4, 0.614062488079071), (5, 0.5878850817680359), (6, 0.6062328815460205), (7, 0.5996886491775513), (8, 0.6145468354225159), (9, 0.6325939297676086), (10, 0.59203040599823), (11, 0.6090561151504517), (0, 0.6252785921096802), (1, 0.6222159266471863), (2, 0.6209542751312256), (3, 0.6136903762817383), (4, 0.6212964653968811), (5, 0.5915189385414124), (6, 0.5729653835296631), (7, 0.5819506049156189), (8, 0.618034839630127), (9, 0.5829009413719177), (10, 0.58256995677948), (11, 0.61737060546875), (0, 0.5839671492576599), (1, 0.6332353353500366), (2, 0.5721444487571716), (3, 0.601260244846344), (4, 0.5880393981933594), (5, 0.5850856304168701), (6, 0.5888593792915344), (7, 0.5926985740661621), (8, 0.6380590200424194), (9, 0.604995846748352), (10, 0.5805027484893799), (11, 0.5365996360778809), (0, 0.5980114936828613), (1, 0.5996911525726318), (2, 0.5613387227058411), (3, 0.5955670475959778), (4, 0.599277138710022), (5, 0.5965738892555237), (6, 0.5781072378158569), (7, 0.5695527791976929), (8, 0.5902930498123169), (9, 0.5798922181129456), (10, 0.5899354815483093), (11, 0.5517615079879761), (0, 0.554253101348877), (1, 0.5773725509643555), (2, 0.5995925664901733), (3, 0.5755161046981812), (4, 0.5753341913223267), (5, 0.5812581181526184), (6, 0.5797833800315857), (7, 0.5640677809715271), (8, 0.5876302123069763), (9, 0.5742231011390686), (10, 0.5872113704681396), (11, 0.5690427422523499), (0, 0.5813992619514465), (1, 0.591347336769104), (2, 0.5745403170585632), (3, 0.6175289750099182), (4, 0.5226991772651672), (5, 0.5827172994613647), (6, 0.5270158648490906), (7, 0.5571432709693909), (8, 0.561210572719574), (9, 0.567432701587677), (10, 0.5799562335014343), (11, 0.6002331376075745), (0, 0.5748899579048157), (1, 0.5855897665023804), (2, 0.5562611222267151), (3, 0.5522761344909668), (4, 0.5484567880630493), (5, 0.5344544649124146), (6, 0.590318500995636), (7, 0.5759506225585938), (8, 0.5607004165649414), (9, 0.5668290853500366), (10, 0.532344400882721), (11, 0.5959924459457397), (0, 0.5312905311584473), (1, 0.5792787671089172), (2, 0.5605043768882751), (3, 0.5944487452507019), (4, 0.5630891919136047), (5, 0.5841553807258606), (6, 0.5256747603416443), (7, 0.554309606552124), (8, 0.5254759192466736), (9, 0.5492047667503357), (10, 0.5344923138618469), (11, 0.580502450466156), (0, 0.5588652491569519), (1, 0.5518563985824585), (2, 0.547728955745697), (3, 0.5286074876785278), (4, 0.5615571737289429), (5, 0.5450001955032349), (6, 0.5484798550605774), (7, 0.5568517446517944), (8, 0.5019817352294922), (9, 0.5579802989959717), (10, 0.5760560631752014), (11, 0.5445190668106079), (0, 0.5369994044303894), (1, 0.5785887837409973), (2, 0.49156510829925537), (3, 0.5320754051208496), (4, 0.5378252267837524), (5, 0.539217472076416), (6, 0.5696427822113037), (7, 0.5436400175094604), (8, 0.560309112071991), (9, 0.5691382884979248), (10, 0.5070664286613464), (11, 0.5403408408164978), (0, 0.5350509881973267), (1, 0.5518258810043335), (2, 0.5172309279441833), (3, 0.5666441321372986), (4, 0.5415964126586914), (5, 0.539203405380249), (6, 0.5359987020492554), (7, 0.5461001992225647), (8, 0.5113226771354675), (9, 0.5331695079803467), (10, 0.5361331105232239), (11, 0.5170829892158508), (0, 0.4892804026603699), (1, 0.4698299169540405), (2, 0.5722401738166809), (3, 0.5538983345031738), (4, 0.5125987529754639), (5, 0.55685955286026), (6, 0.551383912563324), (7, 0.4971279501914978), (8, 0.5429534316062927), (9, 0.5556462407112122), (10, 0.52850341796875), (11, 0.549130380153656), (0, 0.5540204048156738), (1, 0.49564093351364136), (2, 0.5283389091491699), (3, 0.5241926312446594), (4, 0.5262148976325989), (5, 0.500417172908783), (6, 0.5225163102149963), (7, 0.523891270160675), (8, 0.48677071928977966), (9, 0.5851943492889404), (10, 0.5227541923522949), (11, 0.5475528240203857), (0, 0.524580180644989), (1, 0.5314891934394836), (2, 0.5195735096931458), (3, 0.5288590788841248), (4, 0.48979640007019043), (5, 0.5350826382637024), (6, 0.5401951670646667), (7, 0.524631142616272), (8, 0.4822985827922821), (9, 0.5420201420783997), (10, 0.5020282864570618), (11, 0.5375658869743347), (0, 0.4698694348335266), (1, 0.5236234068870544), (2, 0.5281451940536499), (3, 0.5153114795684814), (4, 0.5173462629318237), (5, 0.5075918436050415), (6, 0.532737672328949), (7, 0.5361467599868774), (8, 0.5472630858421326), (9, 0.509972870349884), (10, 0.5245775580406189), (11, 0.4644469916820526), (0, 0.49817362427711487), (1, 0.5240224003791809), (2, 0.4999510645866394), (3, 0.5326101779937744), (4, 0.4725387692451477), (5, 0.4983781576156616), (6, 0.5760295987129211), (7, 0.5556584000587463), (8, 0.5203584432601929), (9, 0.5041970610618591), (10, 0.476194828748703), (11, 0.4976236820220947), (0, 0.5144991278648376), (1, 0.5283899903297424), (2, 0.5185496807098389), (3, 0.5401245355606079), (4, 0.48027756810188293), (5, 0.5052298903465271), (6, 0.5372339487075806), (7, 0.4805605411529541), (8, 0.48044154047966003), (9, 0.4706818759441376), (10, 0.5340218544006348), (11, 0.5541108250617981), (0, 0.5285947322845459), (1, 0.5242007970809937), (2, 0.47461071610450745), (3, 0.501810610294342), (4, 0.5057648420333862), (5, 0.5058310031890869), (6, 0.5096401572227478), (7, 0.5033910870552063), (8, 0.5023581981658936), (9, 0.5278026461601257), (10, 0.5070073008537292), (11, 0.49179980158805847), (0, 0.4964120090007782), (1, 0.5095411539077759), (2, 0.504689633846283), (3, 0.47564223408699036), (4, 0.5206096768379211), (5, 0.5611090064048767), (6, 0.4924025237560272), (7, 0.5317448973655701), (8, 0.46689319610595703), (9, 0.5296294689178467), (10, 0.47776931524276733), (11, 0.4759036898612976), (0, 0.5365676283836365), (1, 0.5206558704376221), (2, 0.5247486233711243), (3, 0.4863981306552887), (4, 0.4722800552845001), (5, 0.48979976773262024), (6, 0.4839226007461548), (7, 0.4974605143070221), (8, 0.5211552977561951), (9, 0.5057030320167542), (10, 0.47754043340682983), (11, 0.518502414226532), (0, 0.5379993915557861), (1, 0.5162587761878967), (2, 0.4781762659549713), (3, 0.49229416251182556), (4, 0.4666929244995117), (5, 0.494852751493454), (6, 0.5534709692001343), (7, 0.47428590059280396), (8, 0.5176818370819092), (9, 0.4790010154247284), (10, 0.4691261053085327), (11, 0.5288002490997314), (0, 0.49170371890068054), (1, 0.48989638686180115), (2, 0.5369170904159546), (3, 0.470327764749527), (4, 0.4928135573863983), (5, 0.46116310358047485), (6, 0.512042224407196), (7, 0.5392597317695618), (8, 0.5087289214134216), (9, 0.5360735058784485), (10, 0.4498403072357178), (11, 0.47842252254486084), (0, 0.4777953624725342), (1, 0.5019016265869141), (2, 0.46792927384376526), (3, 0.506497859954834), (4, 0.4844023585319519), (5, 0.5235629081726074), (6, 0.4926092028617859), (7, 0.49481135606765747), (8, 0.4883077144622803), (9, 0.5078214406967163), (10, 0.5029906630516052), (11, 0.5057299137115479), (0, 0.4543364644050598), (1, 0.4905397891998291), (2, 0.4965411126613617), (3, 0.4461613595485687), (4, 0.49424049258232117), (5, 0.4947904944419861), (6, 0.43799149990081787), (7, 0.4907875955104828), (8, 0.5077003240585327), (9, 0.5310684442520142), (10, 0.543142557144165), (11, 0.5795900225639343), (0, 0.4406264126300812), (1, 0.4831698536872864), (2, 0.5370681881904602), (3, 0.5471946597099304), (4, 0.4815824031829834), (5, 0.4934608042240143), (6, 0.4990498721599579), (7, 0.5200178623199463), (8, 0.4734034836292267), (9, 0.4644021987915039), (10, 0.49106937646865845), (11, 0.4529332220554352), (0, 0.4446568787097931), (1, 0.5110129714012146), (2, 0.5108630657196045), (3, 0.5037463903427124), (4, 0.4926154613494873), (5, 0.43158653378486633), (6, 0.4992089569568634), (7, 0.5205068588256836), (8, 0.5179243683815002), (9, 0.47399353981018066), (10, 0.5000284314155579), (11, 0.47249898314476013), (0, 0.43672603368759155), (1, 0.5088897347450256), (2, 0.5034165382385254), (3, 0.4854517877101898), (4, 0.469257116317749), (5, 0.46201667189598083), (6, 0.507161557674408), (7, 0.4814721941947937), (8, 0.5326604247093201), (9, 0.5063186883926392), (10, 0.5021079182624817), (11, 0.45124751329421997), (0, 0.4781333804130554), (1, 0.503696858882904), (2, 0.538682222366333), (3, 0.5008573532104492), (4, 0.5214480757713318), (5, 0.3893568813800812), (6, 0.5011100172996521), (7, 0.4689467251300812), (8, 0.4691263437271118), (9, 0.5425705909729004), (10, 0.48509812355041504), (11, 0.4196823835372925), (0, 0.507962167263031), (1, 0.4718037545681), (2, 0.4568138122558594), (3, 0.4718642830848694), (4, 0.5089522004127502), (5, 0.5074504017829895), (6, 0.47804999351501465), (7, 0.4772440195083618), (8, 0.4235612452030182), (9, 0.5186659097671509), (10, 0.5123136639595032), (11, 0.49904075264930725), (0, 0.5254286527633667), (1, 0.484965980052948), (2, 0.4677893817424774), (3, 0.4888257086277008), (4, 0.5047096014022827), (5, 0.4914489984512329), (6, 0.5283995866775513), (7, 0.4192669689655304), (8, 0.44919681549072266), (9, 0.4817236661911011), (10, 0.44756266474723816), (11, 0.5249215364456177), (0, 0.46827399730682373), (1, 0.4993812143802643), (2, 0.5005738139152527), (3, 0.5280917882919312), (4, 0.4567272961139679), (5, 0.5067510604858398), (6, 0.47690391540527344), (7, 0.48656216263771057), (8, 0.4608575105667114), (9, 0.4596192240715027), (10, 0.48958659172058105), (11, 0.36852169036865234), (0, 0.460181325674057), (1, 0.4892682731151581), (2, 0.5055339336395264), (3, 0.4308772683143616), (4, 0.5554507374763489), (5, 0.46597743034362793), (6, 0.4400201141834259), (7, 0.42679351568222046), (8, 0.5252512097358704), (9, 0.4916836619377136), (10, 0.46717333793640137), (11, 0.47843077778816223), (0, 0.43775904178619385), (1, 0.4532896876335144), (2, 0.4732014834880829), (3, 0.4915338158607483), (4, 0.5247030854225159), (5, 0.48290497064590454), (6, 0.5138777494430542), (7, 0.4341766834259033), (8, 0.5034401416778564), (9, 0.45582303404808044), (10, 0.4849439263343811), (11, 0.424701452255249), (0, 0.49251362681388855), (1, 0.4472787380218506), (2, 0.4603056311607361), (3, 0.4942087233066559), (4, 0.5177475214004517), (5, 0.44933563470840454), (6, 0.46686461567878723), (7, 0.4656515419483185), (8, 0.46603813767433167), (9, 0.45954570174217224), (10, 0.46989545226097107), (11, 0.4925515055656433), (0, 0.42359790205955505), (1, 0.4900543987751007), (2, 0.47597581148147583), (3, 0.4856051504611969), (4, 0.46315041184425354), (5, 0.523942768573761), (6, 0.4948855936527252), (7, 0.40578749775886536), (8, 0.4720695912837982), (9, 0.4930141568183899), (10, 0.509736955165863), (11, 0.43864139914512634), (0, 0.4844007194042206), (1, 0.4624182879924774), (2, 0.4886128306388855), (3, 0.47080492973327637), (4, 0.45982739329338074), (5, 0.44574394822120667), (6, 0.5156853199005127), (7, 0.4469772279262543), (8, 0.4255150854587555), (9, 0.4890894591808319), (10, 0.4509231448173523), (11, 0.5076444149017334), (0, 0.4123212695121765), (1, 0.49100762605667114), (2, 0.49890249967575073), (3, 0.43282973766326904), (4, 0.4307262897491455), (5, 0.43729111552238464), (6, 0.4937131106853485), (7, 0.5203667283058167), (8, 0.4972110688686371), (9, 0.4342215359210968), (10, 0.46151188015937805), (11, 0.44918370246887207), (0, 0.44483253359794617), (1, 0.4231801927089691), (2, 0.45494797825813293), (3, 0.5188388824462891), (4, 0.4385068118572235), (5, 0.4517703354358673), (6, 0.46092459559440613), (7, 0.4799748957157135), (8, 0.4536466896533966), (9, 0.48785531520843506), (10, 0.47602614760398865), (11, 0.490365207195282), (0, 0.4442793130874634), (1, 0.4757011830806732), (2, 0.43164992332458496), (3, 0.4780086278915405), (4, 0.5160049796104431), (5, 0.45270705223083496), (6, 0.44864600896835327), (7, 0.535459578037262), (8, 0.47594085335731506), (9, 0.4430708587169647), (10, 0.44330111145973206), (11, 0.4425026774406433), (0, 0.42854297161102295), (1, 0.43016594648361206), (2, 0.429462730884552), (3, 0.4524182379245758), (4, 0.4431890845298767), (5, 0.4560950994491577), (6, 0.4588019847869873), (7, 0.48444634675979614), (8, 0.4897611141204834), (9, 0.46021896600723267), (10, 0.4745834469795227), (11, 0.4607301354408264), (0, 0.4283069372177124), (1, 0.42688480019569397), (2, 0.44692572951316833), (3, 0.45515647530555725), (4, 0.4866095781326294), (5, 0.4441358149051666), (6, 0.42031899094581604), (7, 0.4405089318752289), (8, 0.4447290301322937), (9, 0.4123314321041107), (10, 0.5116374492645264), (11, 0.49186569452285767), (0, 0.4343761205673218), (1, 0.48395153880119324), (2, 0.4382297396659851), (3, 0.44612035155296326), (4, 0.45201820135116577), (5, 0.4135265350341797), (6, 0.46398812532424927), (7, 0.4557390511035919), (8, 0.4423912763595581), (9, 0.47056353092193604), (10, 0.4058021605014801), (11, 0.45555171370506287), (0, 0.42540472745895386), (1, 0.45570361614227295), (2, 0.4717746675014496), (3, 0.4529832899570465), (4, 0.46056583523750305), (5, 0.44674384593963623), (6, 0.4279617965221405), (7, 0.412293404340744), (8, 0.4519859254360199), (9, 0.42658665776252747), (10, 0.43404465913772583), (11, 0.40754151344299316), (0, 0.42820730805397034), (1, 0.4444016218185425), (2, 0.42270222306251526), (3, 0.4277026653289795), (4, 0.4618206024169922), (5, 0.4418318569660187), (6, 0.5287179350852966), (7, 0.4054793417453766), (8, 0.43833279609680176), (9, 0.40196123719215393), (10, 0.4390661120414734), (11, 0.42370688915252686), (0, 0.4063144326210022), (1, 0.46866706013679504), (2, 0.37184154987335205), (3, 0.38142481446266174), (4, 0.39936184883117676), (5, 0.4426892101764679), (6, 0.470270037651062), (7, 0.4761407971382141), (8, 0.41625526547431946), (9, 0.48243674635887146), (10, 0.4355073571205139), (11, 0.5285709500312805), (0, 0.5111308693885803), (1, 0.4451160430908203), (2, 0.481770396232605), (3, 0.4261361062526703), (4, 0.4318307638168335), (5, 0.4468785524368286), (6, 0.4137730896472931), (7, 0.49147310853004456), (8, 0.42852649092674255), (9, 0.41463932394981384), (10, 0.42971524596214294), (11, 0.42277267575263977), (0, 0.4505671262741089), (1, 0.42348170280456543), (2, 0.4042660593986511), (3, 0.442742258310318), (4, 0.44952625036239624), (5, 0.47824913263320923), (6, 0.4330591857433319), (7, 0.3501700460910797), (8, 0.44879546761512756), (9, 0.47662514448165894), (10, 0.413615882396698), (11, 0.4611951410770416), (0, 0.3832675516605377), (1, 0.3985579013824463), (2, 0.3921208083629608), (3, 0.45875823497772217), (4, 0.47893211245536804), (5, 0.44297078251838684), (6, 0.4289258122444153), (7, 0.48200827836990356), (8, 0.43725520372390747), (9, 0.48149436712265015), (10, 0.3691292703151703), (11, 0.4009423553943634), (0, 0.41946709156036377), (1, 0.4954143464565277), (2, 0.41320478916168213), (3, 0.42983582615852356), (4, 0.39254680275917053), (5, 0.4639475345611572), (6, 0.47502315044403076), (7, 0.4188319146633148), (8, 0.4555753469467163), (9, 0.3844791352748871), (10, 0.40036436915397644), (11, 0.3597797751426697), (0, 0.4578455090522766), (1, 0.4540660083293915), (2, 0.4504956901073456), (3, 0.4174474775791168), (4, 0.36505985260009766), (5, 0.4649978578090668), (6, 0.4863065779209137), (7, 0.3581916391849518), (8, 0.3886745572090149), (9, 0.438132107257843), (10, 0.406037837266922), (11, 0.41421452164649963), (0, 0.4021540880203247), (1, 0.4563692808151245), (2, 0.3553229868412018), (3, 0.40860649943351746), (4, 0.44624611735343933), (5, 0.4937899112701416), (6, 0.48996424674987793), (7, 0.42935025691986084), (8, 0.39682793617248535), (9, 0.38399121165275574), (10, 0.43313542008399963), (11, 0.37709328532218933), (0, 0.43841689825057983), (1, 0.3747119903564453), (2, 0.41414985060691833), (3, 0.42894408106803894), (4, 0.5179517865180969), (5, 0.424552321434021), (6, 0.35758286714553833), (7, 0.39316698908805847), (8, 0.44473251700401306), (9, 0.4565313756465912), (10, 0.4297651946544647), (11, 0.38055911660194397), (0, 0.39243626594543457), (1, 0.41173240542411804), (2, 0.4182060956954956), (3, 0.3990393579006195), (4, 0.4106951057910919), (5, 0.45552733540534973), (6, 0.3834057152271271), (7, 0.3758000433444977), (8, 0.5063215494155884), (9, 0.4073943793773651), (10, 0.46603134274482727), (11, 0.4525028467178345), (0, 0.4283907413482666), (1, 0.4464895725250244), (2, 0.45612502098083496), (3, 0.3745708167552948), (4, 0.3853697180747986), (5, 0.3983081579208374), (6, 0.44054698944091797), (7, 0.45093804597854614), (8, 0.42207881808280945), (9, 0.48049548268318176), (10, 0.402531236410141), (11, 0.32721781730651855), (0, 0.44547340273857117), (1, 0.42478373646736145), (2, 0.3445643186569214), (3, 0.41439419984817505), (4, 0.38936829566955566), (5, 0.46115410327911377), (6, 0.44397270679473877), (7, 0.48879706859588623), (8, 0.3974977731704712), (9, 0.37742263078689575), (10, 0.47648146748542786), (11, 0.525759220123291), (0, 0.4608081579208374), (1, 0.531797468662262), (2, 0.42456135153770447), (3, 0.46473056077957153), (4, 0.5202443599700928), (5, 0.4688892662525177), (6, 0.5290961265563965), (7, 0.5008705258369446), (8, 0.541896402835846), (9, 0.5168509483337402), (10, 0.5615849494934082), (11, 0.41079390048980713), (0, 0.48979586362838745), (1, 0.558000385761261), (2, 0.5314404964447021), (3, 0.5213037133216858), (4, 0.4766271114349365), (5, 0.48350751399993896), (6, 0.46434399485588074), (7, 0.5080394148826599), (8, 0.460493803024292), (9, 0.4400903284549713), (10, 0.4831693172454834), (11, 0.5314987897872925), (0, 0.511716902256012), (1, 0.4531800150871277), (2, 0.3670508861541748), (3, 0.42951083183288574), (4, 0.4585462510585785), (5, 0.5138818621635437), (6, 0.42410433292388916), (7, 0.44844678044319153), (8, 0.46950802206993103), (9, 0.4835413694381714), (10, 0.4578881859779358), (11, 0.5173290967941284), (0, 0.38892823457717896), (1, 0.48407402634620667), (2, 0.42097359895706177), (3, 0.45758360624313354), (4, 0.45607033371925354), (5, 0.45301303267478943), (6, 0.3911108076572418), (7, 0.43404442071914673), (8, 0.4724486172199249), (9, 0.4559422433376312), (10, 0.41311901807785034), (11, 0.4088013768196106), (0, 0.47881606221199036), (1, 0.489309161901474), (2, 0.41065818071365356), (3, 0.44484299421310425), (4, 0.36852893233299255), (5, 0.4530770778656006), (6, 0.42204365134239197), (7, 0.45605409145355225), (8, 0.37898141145706177), (9, 0.39840155839920044), (10, 0.4119308888912201), (11, 0.42192208766937256), (0, 0.39867356419563293), (1, 0.4479803442955017), (2, 0.4889458417892456), (3, 0.4231879711151123), (4, 0.35012245178222656), (5, 0.4388624429702759), (6, 0.3651544451713562), (7, 0.4121607542037964), (8, 0.42618516087532043), (9, 0.41598597168922424), (10, 0.47042325139045715), (11, 0.3655043840408325), (0, 0.4398052990436554), (1, 0.4270261526107788), (2, 0.418803334236145), (3, 0.4441286325454712), (4, 0.44677725434303284), (5, 0.4769156575202942), (6, 0.34063586592674255), (7, 0.38671237230300903), (8, 0.4200880825519562), (9, 0.4177058935165405), (10, 0.4227297902107239), (11, 0.3042655289173126), (0, 0.4475334882736206), (1, 0.4200219213962555), (2, 0.34357306361198425), (3, 0.42214566469192505), (4, 0.37536317110061646), (5, 0.41015487909317017), (6, 0.34881848096847534), (7, 0.45502224564552307), (8, 0.4100046455860138), (9, 0.444541335105896), (10, 0.4736265242099762), (11, 0.4598204791545868), (0, 0.49683526158332825), (1, 0.4103051424026489), (2, 0.48610150814056396), (3, 0.3842589855194092), (4, 0.3806600272655487), (5, 0.41614624857902527), (6, 0.3701775372028351), (7, 0.3862307667732239), (8, 0.36655905842781067), (9, 0.40664196014404297), (10, 0.4597474932670593), (11, 0.4064798653125763), (0, 0.42467039823532104), (1, 0.42115461826324463), (2, 0.44019341468811035), (3, 0.37294426560401917), (4, 0.3865055739879608), (5, 0.47812607884407043), (6, 0.4593774080276489), (7, 0.376740425825119), (8, 0.4019200801849365), (9, 0.46457383036613464), (10, 0.3683704435825348), (11, 0.33028802275657654), (0, 0.41117873787879944), (1, 0.412749320268631), (2, 0.4120359718799591), (3, 0.3678530156612396), (4, 0.434584379196167), (5, 0.4558951258659363), (6, 0.4334220588207245), (7, 0.4333816170692444), (8, 0.348224937915802), (9, 0.41952618956565857), (10, 0.42283812165260315), (11, 0.4375956058502197), (0, 0.3723500967025757), (1, 0.41437309980392456), (2, 0.3843374252319336), (3, 0.4503924548625946), (4, 0.4053535759449005), (5, 0.45263394713401794), (6, 0.4148883521556854), (7, 0.47008639574050903), (8, 0.4029842019081116), (9, 0.41464346647262573), (10, 0.3832530975341797), (11, 0.35366198420524597), (0, 0.48405760526657104), (1, 0.41360169649124146), (2, 0.4719509184360504), (3, 0.44751274585723877), (4, 0.33988192677497864), (5, 0.40705230832099915), (6, 0.40801358222961426), (7, 0.43090903759002686), (8, 0.40032848715782166), (9, 0.3592430353164673), (10, 0.35434195399284363), (11, 0.4347529709339142), (0, 0.42632460594177246), (1, 0.36907804012298584), (2, 0.435403972864151), (3, 0.3885370194911957), (4, 0.421609491109848), (5, 0.43391990661621094), (6, 0.42231133580207825), (7, 0.3485761880874634), (8, 0.4015248417854309), (9, 0.4187013506889343), (10, 0.44162195920944214), (11, 0.4244813919067383), (0, 0.4467335641384125), (1, 0.4672951400279999), (2, 0.3591364324092865), (3, 0.434220552444458), (4, 0.4246443808078766), (5, 0.3565904200077057), (6, 0.43456801772117615), (7, 0.4510030448436737), (8, 0.3611942231655121), (9, 0.39436596632003784), (10, 0.39210745692253113), (11, 0.3859998285770416), (0, 0.4073476493358612), (1, 0.3887208104133606), (2, 0.38774004578590393), (3, 0.4836219549179077), (4, 0.41358569264411926), (5, 0.43061450123786926), (6, 0.3766348659992218), (7, 0.42207691073417664), (8, 0.3344465494155884), (9, 0.4090176522731781), (10, 0.4193446636199951), (11, 0.46650397777557373), (0, 0.4147072732448578), (1, 0.40298545360565186), (2, 0.4145483672618866), (3, 0.428079217672348), (4, 0.4300686717033386), (5, 0.41146618127822876), (6, 0.3523310720920563), (7, 0.465873122215271), (8, 0.41038453578948975), (9, 0.3732002377510071), (10, 0.385600745677948), (11, 0.43853136897087097), (0, 0.3920283019542694), (1, 0.3770265579223633), (2, 0.40230149030685425), (3, 0.4021924138069153), (4, 0.4013865292072296), (5, 0.45167866349220276), (6, 0.4488602876663208), (7, 0.37979450821876526), (8, 0.3978688418865204), (9, 0.4732365310192108), (10, 0.35574281215667725), (11, 0.42322638630867004), (0, 0.3773399591445923), (1, 0.4219733476638794), (2, 0.3590635359287262), (3, 0.39083728194236755), (4, 0.4154985547065735), (5, 0.3873342275619507), (6, 0.4019731879234314), (7, 0.3824681043624878), (8, 0.47824132442474365), (9, 0.4478706419467926), (10, 0.41121700406074524), (11, 0.4226055145263672), (0, 0.4080590009689331), (1, 0.41109251976013184), (2, 0.4123549163341522), (3, 0.361783891916275), (4, 0.42891037464141846), (5, 0.4073749780654907), (6, 0.43047645688056946), (7, 0.4395371973514557), (8, 0.43190303444862366), (9, 0.3593098819255829), (10, 0.3792090117931366), (11, 0.41560208797454834), (0, 0.46039462089538574), (1, 0.42030030488967896), (2, 0.44864651560783386), (3, 0.3455231487751007), (4, 0.3873431384563446), (5, 0.3364683985710144), (6, 0.4148150682449341), (7, 0.44425347447395325), (8, 0.4055185616016388), (9, 0.44012874364852905), (10, 0.38140109181404114), (11, 0.36677342653274536), (0, 0.4567068815231323), (1, 0.3929086923599243), (2, 0.4261396825313568), (3, 0.3692910075187683), (4, 0.3474147319793701), (5, 0.41914841532707214), (6, 0.41719940304756165), (7, 0.39556941390037537), (8, 0.4367823898792267), (9, 0.41785162687301636), (10, 0.40253105759620667), (11, 0.3643515408039093), (0, 0.40172508358955383), (1, 0.43473950028419495), (2, 0.4429577887058258), (3, 0.43058037757873535), (4, 0.4070732593536377), (5, 0.42683154344558716), (6, 0.31604185700416565), (7, 0.4463545083999634), (8, 0.4104873538017273), (9, 0.3886047303676605), (10, 0.39115819334983826), (11, 0.33344632387161255), (0, 0.4034874737262726), (1, 0.4091370105743408), (2, 0.4522086977958679), (3, 0.4062611758708954), (4, 0.38056331872940063), (5, 0.38261306285858154), (6, 0.38005006313323975), (7, 0.36827319860458374), (8, 0.3939461410045624), (9, 0.4266197085380554), (10, 0.46484971046447754), (11, 0.37517333030700684), (0, 0.45626410841941833), (1, 0.42619502544403076), (2, 0.38664835691452026), (3, 0.37341731786727905), (4, 0.38016754388809204), (5, 0.34772300720214844), (6, 0.4047108590602875), (7, 0.43144434690475464), (8, 0.4117356240749359), (9, 0.34655895829200745), (10, 0.43879371881484985), (11, 0.499594122171402), (0, 0.34348976612091064), (1, 0.4295423924922943), (2, 0.39649543166160583), (3, 0.4214603006839752), (4, 0.454682856798172), (5, 0.5214250683784485), (6, 0.3980507254600525), (7, 0.39535367488861084), (8, 0.3302042484283447), (9, 0.38300856947898865), (10, 0.392821729183197), (11, 0.3597782552242279), (0, 0.36367160081863403), (1, 0.4300854504108429), (2, 0.4576742649078369), (3, 0.3239797353744507), (4, 0.46835434436798096), (5, 0.3635677397251129), (6, 0.37085846066474915), (7, 0.47316592931747437), (8, 0.4536679983139038), (9, 0.3291560709476471), (10, 0.40925872325897217), (11, 0.38302963972091675), (0, 0.44351184368133545), (1, 0.44087445735931396), (2, 0.37230271100997925), (3, 0.35051456093788147), (4, 0.44164517521858215), (5, 0.40781113505363464), (6, 0.35389313101768494), (7, 0.3711800277233124), (8, 0.4591442942619324), (9, 0.4014354944229126), (10, 0.4260268807411194), (11, 0.3247247338294983), (0, 0.45881256461143494), (1, 0.4324365556240082), (2, 0.3965637981891632), (3, 0.34170791506767273), (4, 0.35696515440940857), (5, 0.3918653726577759), (6, 0.3982642889022827), (7, 0.4260672628879547), (8, 0.380634605884552), (9, 0.4068402945995331), (10, 0.44664546847343445), (11, 0.3791859447956085), (0, 0.4101419150829315), (1, 0.38582736253738403), (2, 0.4124348759651184), (3, 0.4131830632686615), (4, 0.3920978307723999), (5, 0.404586523771286), (6, 0.38415953516960144), (7, 0.41350558400154114), (8, 0.4210028052330017), (9, 0.36776867508888245), (10, 0.40964898467063904), (11, 0.41504138708114624), (0, 0.3595055043697357), (1, 0.44972845911979675), (2, 0.4205404222011566), (3, 0.35554876923561096), (4, 0.41587868332862854), (5, 0.38285255432128906), (6, 0.3992116153240204), (7, 0.41979262232780457), (8, 0.3943258225917816), (9, 0.3812088668346405), (10, 0.424971342086792), (11, 0.441414475440979), (0, 0.3809746503829956), (1, 0.3975846469402313), (2, 0.38326358795166016), (3, 0.4124155044555664), (4, 0.5220719575881958), (5, 0.3526417016983032), (6, 0.39236393570899963), (7, 0.3923419117927551), (8, 0.3793855905532837), (9, 0.4216717779636383), (10, 0.3647255599498749), (11, 0.41666123270988464), (0, 0.40520331263542175), (1, 0.42665794491767883), (2, 0.4867580533027649), (3, 0.41754522919654846), (4, 0.4477476477622986), (5, 0.41104263067245483), (6, 0.4129796326160431), (7, 0.3712977468967438), (8, 0.3589807152748108), (9, 0.3497564196586609), (10, 0.3491895794868469), (11, 0.3353017568588257), (0, 0.482736200094223), (1, 0.3795037865638733), (2, 0.3381785452365875), (3, 0.3725080192089081), (4, 0.4277777075767517), (5, 0.4223395586013794), (6, 0.39331522583961487), (7, 0.38489460945129395), (8, 0.40240833163261414), (9, 0.3849186301231384), (10, 0.40298110246658325), (11, 0.41932982206344604)]