Model Setup for Uniformvirtual {PATIENT_GROUPS} Trained Network:

Network Architecture Parameters
Input channels=2
Hidden channels=32
Output channels=1

Training hyperparameters
Optimizer=AdamW (
Parameter Group 0
    amsgrad: False
    betas: (0.9, 0.999)
    capturable: False
    differentiable: False
    eps: 1e-08
    foreach: None
    fused: None
    lr: 0.001
    maximize: False
    weight_decay: 1e-06
)Training Iterations=200
Learning rate=0.001
Weight decay=1e-06
Optimizer reset frequency=None

Dropout probability (after initial linear layer before NCDE): 0
Training Data Selection Parameters
(If not virtual, the only important params are the groups and whether data was normalized/standardized)
Patient groups=['Control', 'Atypical']
Augmentation strategy=Uniform
Noise Magnitude=0.05
Normalized/standardized=StandardizeAll
Number of virtual patients per real patient=100
Label smoothing factor=0
Test Patient Combinations:
Control: (13, 11, 8, 14, 6)
MDD: (0,)
Training batch size=200
Training Results:
Runtime=301.03732895851135
Loss over time=[(0, 0.6980328559875488), (1, 0.6936776041984558), (2, 0.6922532916069031), (3, 0.6925424337387085), (4, 0.69098961353302), (5, 0.6900734901428223), (6, 0.6904460191726685), (7, 0.6839306354522705), (8, 0.6835256218910217), (9, 0.6838027834892273), (10, 0.6877996325492859), (11, 0.6762450933456421), (0, 0.6891223788261414), (1, 0.6727868914604187), (2, 0.6696082949638367), (3, 0.6917144656181335), (4, 0.6871902346611023), (5, 0.6810352802276611), (6, 0.6750152707099915), (7, 0.6701410412788391), (8, 0.6773679852485657), (9, 0.6670473217964172), (10, 0.6821949481964111), (11, 0.6796337962150574), (0, 0.6638891696929932), (1, 0.6700590252876282), (2, 0.6843863725662231), (3, 0.684495210647583), (4, 0.6793978810310364), (5, 0.6758513450622559), (6, 0.6687098145484924), (7, 0.6792264580726624), (8, 0.66193687915802), (9, 0.6598011255264282), (10, 0.6971212029457092), (11, 0.6317646503448486), (0, 0.6720592975616455), (1, 0.6615066528320312), (2, 0.6600184440612793), (3, 0.6912624835968018), (4, 0.6709405779838562), (5, 0.6746985912322998), (6, 0.6788139343261719), (7, 0.6618974804878235), (8, 0.6576853394508362), (9, 0.6587668657302856), (10, 0.6552413702011108), (11, 0.6567791700363159), (0, 0.6714463829994202), (1, 0.6495563387870789), (2, 0.6532266139984131), (3, 0.6551747918128967), (4, 0.6838119029998779), (5, 0.6703470349311829), (6, 0.666500449180603), (7, 0.6599903106689453), (8, 0.6613489389419556), (9, 0.6589077711105347), (10, 0.6438301205635071), (11, 0.6436913013458252), (0, 0.6718123555183411), (1, 0.6654624342918396), (2, 0.6707644462585449), (3, 0.6397106647491455), (4, 0.6466873288154602), (5, 0.6476994156837463), (6, 0.6491873264312744), (7, 0.6613649129867554), (8, 0.6622902154922485), (9, 0.6549175381660461), (10, 0.6299609541893005), (11, 0.6364972591400146), (0, 0.6443732976913452), (1, 0.6376132369041443), (2, 0.6596187353134155), (3, 0.6401713490486145), (4, 0.6426762342453003), (5, 0.6587289571762085), (6, 0.6435394883155823), (7, 0.6304051876068115), (8, 0.654587984085083), (9, 0.6456603407859802), (10, 0.6557771563529968), (11, 0.6374505758285522), (0, 0.6397796869277954), (1, 0.6214868426322937), (2, 0.6351883411407471), (3, 0.6633350849151611), (4, 0.6470017433166504), (5, 0.6610772609710693), (6, 0.6449264287948608), (7, 0.6159251928329468), (8, 0.6255680918693542), (9, 0.6306219696998596), (10, 0.6376699209213257), (11, 0.6366400122642517), (0, 0.6346435546875), (1, 0.6476047039031982), (2, 0.6362168788909912), (3, 0.6365363001823425), (4, 0.616980791091919), (5, 0.6414711475372314), (6, 0.6245251297950745), (7, 0.629227876663208), (8, 0.6282848119735718), (9, 0.6317800283432007), (10, 0.6101228594779968), (11, 0.5990725159645081), (0, 0.634937047958374), (1, 0.6154181957244873), (2, 0.6245163679122925), (3, 0.6381633281707764), (4, 0.6100449562072754), (5, 0.6242563128471375), (6, 0.6082110404968262), (7, 0.5954186916351318), (8, 0.6254174709320068), (9, 0.612930953502655), (10, 0.6131819486618042), (11, 0.6197542548179626), (0, 0.5981883406639099), (1, 0.5998744964599609), (2, 0.6162034273147583), (3, 0.6130224466323853), (4, 0.5927931070327759), (5, 0.5883792638778687), (6, 0.6120378375053406), (7, 0.6176999807357788), (8, 0.5979068279266357), (9, 0.5902958512306213), (10, 0.6385324001312256), (11, 0.6095079183578491), (0, 0.5909361243247986), (1, 0.6051372289657593), (2, 0.5981674790382385), (3, 0.6272423267364502), (4, 0.5853129029273987), (5, 0.5776956677436829), (6, 0.5941203236579895), (7, 0.5883595943450928), (8, 0.5863651037216187), (9, 0.5953819751739502), (10, 0.5741885900497437), (11, 0.5715628266334534), (0, 0.5900055766105652), (1, 0.5871488451957703), (2, 0.5822844505310059), (3, 0.6072267889976501), (4, 0.5792557597160339), (5, 0.5639335513114929), (6, 0.5780720114707947), (7, 0.5614765286445618), (8, 0.5905177593231201), (9, 0.5663119554519653), (10, 0.5475278496742249), (11, 0.5517040491104126), (0, 0.5407682061195374), (1, 0.5492942333221436), (2, 0.5614688992500305), (3, 0.5766777992248535), (4, 0.5566555857658386), (5, 0.5503280162811279), (6, 0.5703064799308777), (7, 0.5741161108016968), (8, 0.5568889379501343), (9, 0.568626344203949), (10, 0.5608060359954834), (11, 0.566109836101532), (0, 0.541709840297699), (1, 0.5469622015953064), (2, 0.5476011037826538), (3, 0.5460206866264343), (4, 0.5580182671546936), (5, 0.5219149589538574), (6, 0.5389196276664734), (7, 0.5574026703834534), (8, 0.5454570651054382), (9, 0.5510441064834595), (10, 0.5512908101081848), (11, 0.5283010601997375), (0, 0.550681471824646), (1, 0.528652548789978), (2, 0.5385899543762207), (3, 0.5111828446388245), (4, 0.5415965914726257), (5, 0.5085973143577576), (6, 0.5352891683578491), (7, 0.5399700403213501), (8, 0.513531506061554), (9, 0.5072686076164246), (10, 0.5523597002029419), (11, 0.5523660778999329), (0, 0.5347179770469666), (1, 0.5289992690086365), (2, 0.5112656950950623), (3, 0.536039412021637), (4, 0.5065187811851501), (5, 0.5157201290130615), (6, 0.4867219626903534), (7, 0.5583360195159912), (8, 0.4891180694103241), (9, 0.5175665020942688), (10, 0.5192734599113464), (11, 0.531460702419281), (0, 0.5099472999572754), (1, 0.5188454389572144), (2, 0.5280678272247314), (3, 0.5151517391204834), (4, 0.49174413084983826), (5, 0.49834567308425903), (6, 0.5065208077430725), (7, 0.5029565691947937), (8, 0.5254583954811096), (9, 0.5040344595909119), (10, 0.5064367055892944), (11, 0.49001893401145935), (0, 0.5003752112388611), (1, 0.49552494287490845), (2, 0.47230538725852966), (3, 0.4966731667518616), (4, 0.49161091446876526), (5, 0.5064412951469421), (6, 0.49992820620536804), (7, 0.5309133529663086), (8, 0.5068454742431641), (9, 0.4733286201953888), (10, 0.49274441599845886), (11, 0.5425418615341187), (0, 0.5009074211120605), (1, 0.4648430645465851), (2, 0.5276773571968079), (3, 0.4697110056877136), (4, 0.470011442899704), (5, 0.4821772873401642), (6, 0.4872312843799591), (7, 0.485013872385025), (8, 0.49754852056503296), (9, 0.4893171191215515), (10, 0.5290469527244568), (11, 0.47874632477760315), (0, 0.4927193522453308), (1, 0.43594807386398315), (2, 0.502907395362854), (3, 0.4725240468978882), (4, 0.4897264242172241), (5, 0.4888722598552704), (6, 0.5110694169998169), (7, 0.5053907036781311), (8, 0.4715335965156555), (9, 0.49671822786331177), (10, 0.4670242965221405), (11, 0.46578407287597656), (0, 0.4583776891231537), (1, 0.45667582750320435), (2, 0.46177875995635986), (3, 0.5016351938247681), (4, 0.46395501494407654), (5, 0.48703575134277344), (6, 0.4663858413696289), (7, 0.4981588125228882), (8, 0.4694836735725403), (9, 0.47864750027656555), (10, 0.5086915493011475), (11, 0.46683791279792786), (0, 0.46989381313323975), (1, 0.46055716276168823), (2, 0.4835401177406311), (3, 0.5059396028518677), (4, 0.4557725489139557), (5, 0.47030186653137207), (6, 0.4605444371700287), (7, 0.487447589635849), (8, 0.4863758087158203), (9, 0.45326223969459534), (10, 0.4625590443611145), (11, 0.4503520727157593), (0, 0.4915992021560669), (1, 0.4532158374786377), (2, 0.4515015482902527), (3, 0.49215084314346313), (4, 0.467369943857193), (5, 0.4541647732257843), (6, 0.44136810302734375), (7, 0.458802729845047), (8, 0.49862590432167053), (9, 0.4279230535030365), (10, 0.4888492226600647), (11, 0.45226356387138367), (0, 0.4784955680370331), (1, 0.4678204655647278), (2, 0.4798355996608734), (3, 0.4599723517894745), (4, 0.4090785086154938), (5, 0.4464431703090668), (6, 0.4730551242828369), (7, 0.45503371953964233), (8, 0.4460180699825287), (9, 0.4681544899940491), (10, 0.45977237820625305), (11, 0.49887293577194214), (0, 0.46115341782569885), (1, 0.4368566572666168), (2, 0.43836814165115356), (3, 0.4674206078052521), (4, 0.456584632396698), (5, 0.425100713968277), (6, 0.47281184792518616), (7, 0.42805197834968567), (8, 0.4826613962650299), (9, 0.4579791724681854), (10, 0.4683362543582916), (11, 0.46157827973365784), (0, 0.43332985043525696), (1, 0.44483107328414917), (2, 0.4520384967327118), (3, 0.4656726121902466), (4, 0.4357038140296936), (5, 0.43433624505996704), (6, 0.4522087574005127), (7, 0.4645341634750366), (8, 0.42138373851776123), (9, 0.5031223297119141), (10, 0.4686009883880615), (11, 0.4511888921260834), (0, 0.4446788728237152), (1, 0.4777717888355255), (2, 0.407416433095932), (3, 0.4462401568889618), (4, 0.4341844618320465), (5, 0.47832757234573364), (6, 0.4430916905403137), (7, 0.4301334321498871), (8, 0.49049732089042664), (9, 0.44265082478523254), (10, 0.46217477321624756), (11, 0.4059063196182251), (0, 0.4386236071586609), (1, 0.4692625403404236), (2, 0.439169317483902), (3, 0.43940985202789307), (4, 0.4446740746498108), (5, 0.4668554365634918), (6, 0.4345420002937317), (7, 0.46727466583251953), (8, 0.4269436299800873), (9, 0.4511573314666748), (10, 0.4350389838218689), (11, 0.3892064690589905), (0, 0.41656985878944397), (1, 0.41124698519706726), (2, 0.4474326968193054), (3, 0.46656954288482666), (4, 0.4423551857471466), (5, 0.44985488057136536), (6, 0.4243634343147278), (7, 0.4025789499282837), (8, 0.44431647658348083), (9, 0.4595857262611389), (10, 0.45824578404426575), (11, 0.44586798548698425), (0, 0.45789486169815063), (1, 0.45265433192253113), (2, 0.4125443696975708), (3, 0.47448691725730896), (4, 0.4482097923755646), (5, 0.40482157468795776), (6, 0.40308234095573425), (7, 0.4250926971435547), (8, 0.43702590465545654), (9, 0.438386470079422), (10, 0.4564591944217682), (11, 0.3708212673664093), (0, 0.4348393380641937), (1, 0.44163426756858826), (2, 0.44837313890457153), (3, 0.44446060061454773), (4, 0.4607110619544983), (5, 0.43874186277389526), (6, 0.4367709755897522), (7, 0.3949987292289734), (8, 0.4126341640949249), (9, 0.4395737051963806), (10, 0.38702094554901123), (11, 0.42595261335372925), (0, 0.43111732602119446), (1, 0.399224191904068), (2, 0.40646836161613464), (3, 0.4139716625213623), (4, 0.47374916076660156), (5, 0.4344959557056427), (6, 0.44035884737968445), (7, 0.39909854531288147), (8, 0.4101230204105377), (9, 0.4289196729660034), (10, 0.4563401937484741), (11, 0.43610793352127075), (0, 0.4251755177974701), (1, 0.39116108417510986), (2, 0.339741975069046), (3, 0.4626949727535248), (4, 0.3927714228630066), (5, 0.43343982100486755), (6, 0.42500439286231995), (7, 0.4405312240123749), (8, 0.4947051703929901), (9, 0.4129791259765625), (10, 0.4247352182865143), (11, 0.4643411338329315), (0, 0.4127961993217468), (1, 0.43810513615608215), (2, 0.4010125994682312), (3, 0.4476456940174103), (4, 0.4396775960922241), (5, 0.4792390465736389), (6, 0.4030560255050659), (7, 0.38497406244277954), (8, 0.39557570219039917), (9, 0.4272511601448059), (10, 0.4019094705581665), (11, 0.4192601144313812), (0, 0.3835085332393646), (1, 0.4116572439670563), (2, 0.435506671667099), (3, 0.435705304145813), (4, 0.38049644231796265), (5, 0.4062741994857788), (6, 0.41942769289016724), (7, 0.4022672772407532), (8, 0.44696044921875), (9, 0.41906318068504333), (10, 0.42524704337120056), (11, 0.48055052757263184), (0, 0.39496421813964844), (1, 0.4126436710357666), (2, 0.4503236413002014), (3, 0.46375033259391785), (4, 0.43979141116142273), (5, 0.3950437307357788), (6, 0.38254788517951965), (7, 0.4136337339878082), (8, 0.3944950997829437), (9, 0.39726969599723816), (10, 0.4225071966648102), (11, 0.4150058329105377), (0, 0.41216403245925903), (1, 0.3957664370536804), (2, 0.3690391778945923), (3, 0.40130510926246643), (4, 0.4426635801792145), (5, 0.4091964364051819), (6, 0.43204566836357117), (7, 0.44323065876960754), (8, 0.4063001871109009), (9, 0.4106385111808777), (10, 0.45302826166152954), (11, 0.34295403957366943), (0, 0.3755283057689667), (1, 0.4126461446285248), (2, 0.39244553446769714), (3, 0.42898499965667725), (4, 0.41596758365631104), (5, 0.42073073983192444), (6, 0.405950665473938), (7, 0.42141056060791016), (8, 0.4000795781612396), (9, 0.41200417280197144), (10, 0.4096250832080841), (11, 0.44717085361480713), (0, 0.4130791425704956), (1, 0.3869234323501587), (2, 0.37645623087882996), (3, 0.3983634114265442), (4, 0.38354775309562683), (5, 0.4411786198616028), (6, 0.4023648202419281), (7, 0.40909117460250854), (8, 0.4369674026966095), (9, 0.4501321315765381), (10, 0.3909120261669159), (11, 0.39547351002693176), (0, 0.42283394932746887), (1, 0.42022591829299927), (2, 0.3832049071788788), (3, 0.38450127840042114), (4, 0.4415714144706726), (5, 0.3929113447666168), (6, 0.37194767594337463), (7, 0.44397369027137756), (8, 0.3962938189506531), (9, 0.4227643609046936), (10, 0.36533820629119873), (11, 0.43051353096961975), (0, 0.3569830060005188), (1, 0.4214961528778076), (2, 0.4219815135002136), (3, 0.3782346248626709), (4, 0.4242708086967468), (5, 0.42684850096702576), (6, 0.41819676756858826), (7, 0.3800874650478363), (8, 0.424687922000885), (9, 0.37992018461227417), (10, 0.4236135184764862), (11, 0.36676710844039917), (0, 0.4107664227485657), (1, 0.3998091220855713), (2, 0.4164994955062866), (3, 0.44896259903907776), (4, 0.37461912631988525), (5, 0.37060996890068054), (6, 0.3918871283531189), (7, 0.4187081456184387), (8, 0.36766374111175537), (9, 0.41803497076034546), (10, 0.38739970326423645), (11, 0.4107251763343811), (0, 0.43403756618499756), (1, 0.3703559935092926), (2, 0.400303453207016), (3, 0.38762253522872925), (4, 0.3910753130912781), (5, 0.4093248248100281), (6, 0.40850943326950073), (7, 0.3698219954967499), (8, 0.41616466641426086), (9, 0.44102323055267334), (10, 0.3844330310821533), (11, 0.3569251596927643), (0, 0.4272955358028412), (1, 0.41098567843437195), (2, 0.4039355218410492), (3, 0.37681370973587036), (4, 0.39109551906585693), (5, 0.41595393419265747), (6, 0.3544977307319641), (7, 0.3831733465194702), (8, 0.4080239236354828), (9, 0.37499743700027466), (10, 0.4159679710865021), (11, 0.4083055853843689), (0, 0.42078322172164917), (1, 0.40278053283691406), (2, 0.3594435155391693), (3, 0.4074920415878296), (4, 0.4267832040786743), (5, 0.3862239718437195), (6, 0.40164703130722046), (7, 0.3930855691432953), (8, 0.4238090515136719), (9, 0.38110703229904175), (10, 0.3701729476451874), (11, 0.34597712755203247), (0, 0.3906405568122864), (1, 0.4100869297981262), (2, 0.4048727750778198), (3, 0.3793717920780182), (4, 0.39186856150627136), (5, 0.407735675573349), (6, 0.384172260761261), (7, 0.3566976487636566), (8, 0.43267470598220825), (9, 0.3982844650745392), (10, 0.39063939452171326), (11, 0.34865185618400574), (0, 0.3977218270301819), (1, 0.38104209303855896), (2, 0.34651193022727966), (3, 0.37514418363571167), (4, 0.42324280738830566), (5, 0.3977658748626709), (6, 0.37837132811546326), (7, 0.376470148563385), (8, 0.39986878633499146), (9, 0.3943502902984619), (10, 0.4299628436565399), (11, 0.4056956470012665), (0, 0.36493536829948425), (1, 0.40343865752220154), (2, 0.39068490266799927), (3, 0.4317549765110016), (4, 0.41642409563064575), (5, 0.37921997904777527), (6, 0.40272483229637146), (7, 0.35359692573547363), (8, 0.3689576983451843), (9, 0.4029482305049896), (10, 0.3711898922920227), (11, 0.402342826128006), (0, 0.409392774105072), (1, 0.3566432297229767), (2, 0.42535316944122314), (3, 0.3839403986930847), (4, 0.3784829080104828), (5, 0.4022681713104248), (6, 0.40716618299484253), (7, 0.3770188093185425), (8, 0.3504273593425751), (9, 0.4078485369682312), (10, 0.370574414730072), (11, 0.39275404810905457), (0, 0.3997700810432434), (1, 0.38755717873573303), (2, 0.4037640690803528), (3, 0.3945450186729431), (4, 0.3700884282588959), (5, 0.41556185483932495), (6, 0.41064417362213135), (7, 0.3753207325935364), (8, 0.3655051290988922), (9, 0.3605312407016754), (10, 0.3825732469558716), (11, 0.3709157705307007), (0, 0.3683432638645172), (1, 0.34518784284591675), (2, 0.44654572010040283), (3, 0.39740490913391113), (4, 0.3648221492767334), (5, 0.368351548910141), (6, 0.4006730914115906), (7, 0.36569318175315857), (8, 0.3971707820892334), (9, 0.37158066034317017), (10, 0.40153512358665466), (11, 0.42646458745002747), (0, 0.41412922739982605), (1, 0.36930927634239197), (2, 0.38081976771354675), (3, 0.37856242060661316), (4, 0.34752872586250305), (5, 0.40445780754089355), (6, 0.3865596354007721), (7, 0.4215654730796814), (8, 0.38499215245246887), (9, 0.37541958689689636), (10, 0.3555901348590851), (11, 0.3947966396808624), (0, 0.3823195993900299), (1, 0.38450485467910767), (2, 0.35601872205734253), (3, 0.38534900546073914), (4, 0.37474000453948975), (5, 0.4053947329521179), (6, 0.3873162567615509), (7, 0.35198256373405457), (8, 0.40543219447135925), (9, 0.36713001132011414), (10, 0.378625750541687), (11, 0.4640224874019623), (0, 0.36433231830596924), (1, 0.37807726860046387), (2, 0.3426457345485687), (3, 0.4031989574432373), (4, 0.3923501670360565), (5, 0.3861614167690277), (6, 0.3833440840244293), (7, 0.34343212842941284), (8, 0.42622801661491394), (9, 0.40211182832717896), (10, 0.3626161217689514), (11, 0.421921968460083), (0, 0.39280417561531067), (1, 0.39582937955856323), (2, 0.3807061016559601), (3, 0.3922199308872223), (4, 0.36035656929016113), (5, 0.35903021693229675), (6, 0.38813477754592896), (7, 0.4005999267101288), (8, 0.3769597113132477), (9, 0.36881089210510254), (10, 0.3746643364429474), (11, 0.37645217776298523), (0, 0.36525145173072815), (1, 0.3811946213245392), (2, 0.3817358911037445), (3, 0.39009514451026917), (4, 0.3723606467247009), (5, 0.3682360351085663), (6, 0.4083389341831207), (7, 0.3778582513332367), (8, 0.36672577261924744), (9, 0.4047253429889679), (10, 0.34963172674179077), (11, 0.40148231387138367), (0, 0.38125625252723694), (1, 0.34100574254989624), (2, 0.4291038513183594), (3, 0.39819470047950745), (4, 0.3470841944217682), (5, 0.39252331852912903), (6, 0.37570831179618835), (7, 0.38033050298690796), (8, 0.3744502663612366), (9, 0.36223456263542175), (10, 0.3728983700275421), (11, 0.39732566475868225), (0, 0.3340783417224884), (1, 0.354887992143631), (2, 0.35965847969055176), (3, 0.35957255959510803), (4, 0.3850324749946594), (5, 0.4059326648712158), (6, 0.38989943265914917), (7, 0.42043113708496094), (8, 0.3749634623527527), (9, 0.445316880941391), (10, 0.3438858389854431), (11, 0.3388231694698334), (0, 0.3757164776325226), (1, 0.40579497814178467), (2, 0.37057575583457947), (3, 0.3859034478664398), (4, 0.4107791781425476), (5, 0.3244270980358124), (6, 0.3491560220718384), (7, 0.4097898602485657), (8, 0.3743743598461151), (9, 0.3457408845424652), (10, 0.3959433436393738), (11, 0.36756080389022827), (0, 0.3638276755809784), (1, 0.3617148995399475), (2, 0.39806118607521057), (3, 0.41111457347869873), (4, 0.3805537819862366), (5, 0.3886285424232483), (6, 0.34050118923187256), (7, 0.36562877893447876), (8, 0.3604908883571625), (9, 0.3909015655517578), (10, 0.3723268508911133), (11, 0.3709968626499176), (0, 0.4150785505771637), (1, 0.34394609928131104), (2, 0.40060174465179443), (3, 0.3541886806488037), (4, 0.3672776520252228), (5, 0.38820064067840576), (6, 0.38539353013038635), (7, 0.36500877141952515), (8, 0.342025488615036), (9, 0.37376266717910767), (10, 0.3604074716567993), (11, 0.43231940269470215), (0, 0.3313053548336029), (1, 0.3705500066280365), (2, 0.3640523850917816), (3, 0.3547304570674896), (4, 0.3691648244857788), (5, 0.3506372570991516), (6, 0.3522547781467438), (7, 0.41129007935523987), (8, 0.45216163992881775), (9, 0.38037431240081787), (10, 0.398283988237381), (11, 0.32376912236213684), (0, 0.3316674530506134), (1, 0.39509567618370056), (2, 0.3540187180042267), (3, 0.4008556604385376), (4, 0.35706672072410583), (5, 0.38195618987083435), (6, 0.3754808306694031), (7, 0.3576856255531311), (8, 0.3323192596435547), (9, 0.3990098834037781), (10, 0.4168773591518402), (11, 0.3749207556247711), (0, 0.3879432678222656), (1, 0.37586522102355957), (2, 0.374556303024292), (3, 0.3289516568183899), (4, 0.3661346435546875), (5, 0.35691365599632263), (6, 0.3506346642971039), (7, 0.3852759301662445), (8, 0.3999086618423462), (9, 0.3756153881549835), (10, 0.4076195955276489), (11, 0.34915196895599365), (0, 0.3859255313873291), (1, 0.3798397183418274), (2, 0.389179527759552), (3, 0.3589586615562439), (4, 0.31606656312942505), (5, 0.3883522152900696), (6, 0.35249024629592896), (7, 0.3555227220058441), (8, 0.37225884199142456), (9, 0.3601936995983124), (10, 0.3997569978237152), (11, 0.4223126471042633), (0, 0.39506444334983826), (1, 0.3732038736343384), (2, 0.37234389781951904), (3, 0.38166412711143494), (4, 0.3657745122909546), (5, 0.344664067029953), (6, 0.3781706988811493), (7, 0.3594110608100891), (8, 0.3461187481880188), (9, 0.3828393220901489), (10, 0.3457235097885132), (11, 0.4453579783439636), (0, 0.3793920874595642), (1, 0.4266175925731659), (2, 0.3356083333492279), (3, 0.36339297890663147), (4, 0.3795170485973358), (5, 0.3428537845611572), (6, 0.3849402666091919), (7, 0.3534189462661743), (8, 0.39143508672714233), (9, 0.34771063923835754), (10, 0.3614236116409302), (11, 0.373230904340744), (0, 0.3848344385623932), (1, 0.3471517562866211), (2, 0.3799799680709839), (3, 0.4085020124912262), (4, 0.3983210623264313), (5, 0.3302936851978302), (6, 0.37824857234954834), (7, 0.3720148801803589), (8, 0.35013800859451294), (9, 0.33054232597351074), (10, 0.3805662989616394), (11, 0.3570652902126312), (0, 0.35519739985466003), (1, 0.3190593421459198), (2, 0.33491963148117065), (3, 0.367055207490921), (4, 0.4090312719345093), (5, 0.414749413728714), (6, 0.36741116642951965), (7, 0.40212929248809814), (8, 0.37229689955711365), (9, 0.3631400763988495), (10, 0.3500511646270752), (11, 0.35330238938331604), (0, 0.361459344625473), (1, 0.3956718444824219), (2, 0.34077566862106323), (3, 0.43122199177742004), (4, 0.3627903461456299), (5, 0.3461430072784424), (6, 0.39230623841285706), (7, 0.34648001194000244), (8, 0.35769063234329224), (9, 0.38864296674728394), (10, 0.3062516450881958), (11, 0.3886341452598572), (0, 0.39905646443367004), (1, 0.3668951392173767), (2, 0.38125061988830566), (3, 0.3806172311306), (4, 0.3735281229019165), (5, 0.35242122411727905), (6, 0.34931766986846924), (7, 0.34901145100593567), (8, 0.3492501378059387), (9, 0.3633948862552643), (10, 0.38009020686149597), (11, 0.3404632806777954), (0, 0.35231614112854004), (1, 0.41173020005226135), (2, 0.36786431074142456), (3, 0.34761929512023926), (4, 0.3714606761932373), (5, 0.3676266372203827), (6, 0.36833804845809937), (7, 0.33701932430267334), (8, 0.32970306277275085), (9, 0.4270133972167969), (10, 0.3552640676498413), (11, 0.35217052698135376), (0, 0.3491095006465912), (1, 0.35977500677108765), (2, 0.3786355257034302), (3, 0.35650932788848877), (4, 0.3379270136356354), (5, 0.3847716450691223), (6, 0.36929386854171753), (7, 0.34625494480133057), (8, 0.38272035121917725), (9, 0.4013864994049072), (10, 0.3221067786216736), (11, 0.43760159611701965), (0, 0.33338409662246704), (1, 0.3967468738555908), (2, 0.3681984841823578), (3, 0.4104185104370117), (4, 0.33821773529052734), (5, 0.3572574853897095), (6, 0.33362677693367004), (7, 0.42167946696281433), (8, 0.31469032168388367), (9, 0.348927766084671), (10, 0.4042753279209137), (11, 0.32988089323043823), (0, 0.36583220958709717), (1, 0.3547564744949341), (2, 0.3397730588912964), (3, 0.3586391508579254), (4, 0.35274723172187805), (5, 0.4190739393234253), (6, 0.38251110911369324), (7, 0.36632975935935974), (8, 0.3394784927368164), (9, 0.3544384241104126), (10, 0.3393423557281494), (11, 0.4345851242542267), (0, 0.3381080627441406), (1, 0.3664485514163971), (2, 0.3631834089756012), (3, 0.37625452876091003), (4, 0.3797876238822937), (5, 0.40430504083633423), (6, 0.3634411692619324), (7, 0.33627018332481384), (8, 0.3469538986682892), (9, 0.3744426965713501), (10, 0.35142993927001953), (11, 0.35773971676826477), (0, 0.39666926860809326), (1, 0.3714311718940735), (2, 0.3492843210697174), (3, 0.33961811661720276), (4, 0.397993266582489), (5, 0.32873809337615967), (6, 0.39476364850997925), (7, 0.3508070409297943), (8, 0.33707430958747864), (9, 0.38827240467071533), (10, 0.34478265047073364), (11, 0.35315218567848206), (0, 0.3447086811065674), (1, 0.39328184723854065), (2, 0.36771777272224426), (3, 0.3972165286540985), (4, 0.3804880976676941), (5, 0.37732064723968506), (6, 0.3539133071899414), (7, 0.3548295497894287), (8, 0.316426157951355), (9, 0.34001925587654114), (10, 0.3661986291408539), (11, 0.3546009361743927), (0, 0.3432024419307709), (1, 0.36653897166252136), (2, 0.3425852060317993), (3, 0.38813546299934387), (4, 0.3956919014453888), (5, 0.3415146768093109), (6, 0.3338877856731415), (7, 0.36069148778915405), (8, 0.35930052399635315), (9, 0.36194151639938354), (10, 0.3979417681694031), (11, 0.3472791314125061), (0, 0.3834046423435211), (1, 0.35719403624534607), (2, 0.3713395297527313), (3, 0.3399519622325897), (4, 0.37076225876808167), (5, 0.2964438498020172), (6, 0.3575790822505951), (7, 0.3545181155204773), (8, 0.377165824174881), (9, 0.3992813229560852), (10, 0.3207087218761444), (11, 0.4514886438846588), (0, 0.36992818117141724), (1, 0.3784920573234558), (2, 0.34089046716690063), (3, 0.3618023693561554), (4, 0.3413570821285248), (5, 0.3819390833377838), (6, 0.34310951828956604), (7, 0.35473713278770447), (8, 0.322449654340744), (9, 0.3883025348186493), (10, 0.39072853326797485), (11, 0.34611842036247253), (0, 0.33951422572135925), (1, 0.32786205410957336), (2, 0.3589961528778076), (3, 0.3933849036693573), (4, 0.3436519503593445), (5, 0.3852723240852356), (6, 0.40064865350723267), (7, 0.33439093828201294), (8, 0.30501991510391235), (9, 0.3801550269126892), (10, 0.36805352568626404), (11, 0.3992488384246826), (0, 0.34672096371650696), (1, 0.3356449604034424), (2, 0.4024624526500702), (3, 0.40782755613327026), (4, 0.4357910454273224), (5, 0.3630680739879608), (6, 0.34512242674827576), (7, 0.3276045620441437), (8, 0.2998991310596466), (9, 0.34595152735710144), (10, 0.31733134388923645), (11, 0.40974798798561096), (0, 0.3530125319957733), (1, 0.31358602643013), (2, 0.34840309619903564), (3, 0.3905690014362335), (4, 0.3876663148403168), (5, 0.3676334321498871), (6, 0.37123343348503113), (7, 0.37215352058410645), (8, 0.38049277663230896), (9, 0.33124497532844543), (10, 0.3558610677719116), (11, 0.3081642985343933), (0, 0.3762412965297699), (1, 0.42078015208244324), (2, 0.32455766201019287), (3, 0.3407142758369446), (4, 0.33834609389305115), (5, 0.35614752769470215), (6, 0.3554201126098633), (7, 0.3189258873462677), (8, 0.3929743468761444), (9, 0.3694411814212799), (10, 0.3390701413154602), (11, 0.3733004033565521), (0, 0.35960742831230164), (1, 0.3666977286338806), (2, 0.3898845911026001), (3, 0.3615618646144867), (4, 0.36449387669563293), (5, 0.29056185483932495), (6, 0.34630393981933594), (7, 0.3657100200653076), (8, 0.32799309492111206), (9, 0.3418731987476349), (10, 0.39224061369895935), (11, 0.4195948839187622), (0, 0.38274306058883667), (1, 0.37975841760635376), (2, 0.34075847268104553), (3, 0.3669055104255676), (4, 0.35297882556915283), (5, 0.3318050503730774), (6, 0.36465758085250854), (7, 0.3587368428707123), (8, 0.3299863338470459), (9, 0.31649526953697205), (10, 0.4126570224761963), (11, 0.3341046869754791), (0, 0.3644523322582245), (1, 0.36114463210105896), (2, 0.3767133355140686), (3, 0.36722496151924133), (4, 0.38578951358795166), (5, 0.34328988194465637), (6, 0.3673240542411804), (7, 0.3570714294910431), (8, 0.29292646050453186), (9, 0.33653342723846436), (10, 0.37712082266807556), (11, 0.3459617495536804), (0, 0.29677650332450867), (1, 0.39329639077186584), (2, 0.3558518886566162), (3, 0.3570784330368042), (4, 0.37295353412628174), (5, 0.35538777709007263), (6, 0.33376652002334595), (7, 0.3406573534011841), (8, 0.3388679027557373), (9, 0.3701610267162323), (10, 0.3913412392139435), (11, 0.3754802346229553), (0, 0.3605591654777527), (1, 0.3225032389163971), (2, 0.36248618364334106), (3, 0.3958451747894287), (4, 0.38531407713890076), (5, 0.3554530441761017), (6, 0.3672560751438141), (7, 0.3327639698982239), (8, 0.32863497734069824), (9, 0.3648918569087982), (10, 0.34263497591018677), (11, 0.34065863490104675), (0, 0.3110639452934265), (1, 0.38113898038864136), (2, 0.36459338665008545), (3, 0.3283102810382843), (4, 0.37325844168663025), (5, 0.3959256410598755), (6, 0.3594111502170563), (7, 0.36831048130989075), (8, 0.31778213381767273), (9, 0.3468606173992157), (10, 0.3535088300704956), (11, 0.36366957426071167), (0, 0.37704333662986755), (1, 0.3783207833766937), (2, 0.33593153953552246), (3, 0.31517937779426575), (4, 0.32989752292633057), (5, 0.34155917167663574), (6, 0.3194311559200287), (7, 0.39602962136268616), (8, 0.3788852393627167), (9, 0.3754291236400604), (10, 0.3572426736354828), (11, 0.3483867645263672), (0, 0.335948646068573), (1, 0.37200725078582764), (2, 0.3757869601249695), (3, 0.3178677260875702), (4, 0.361278772354126), (5, 0.3467363119125366), (6, 0.3599722981452942), (7, 0.3302835524082184), (8, 0.39207345247268677), (9, 0.3139054775238037), (10, 0.3968989849090576), (11, 0.34877121448516846), (0, 0.32866477966308594), (1, 0.3434975743293762), (2, 0.35212773084640503), (3, 0.3556506335735321), (4, 0.3809365928173065), (5, 0.39216452836990356), (6, 0.3520899713039398), (7, 0.37069350481033325), (8, 0.3080580234527588), (9, 0.33651968836784363), (10, 0.3676271140575409), (11, 0.3598489761352539), (0, 0.3355420231819153), (1, 0.31767982244491577), (2, 0.3246530294418335), (3, 0.3252730667591095), (4, 0.38846084475517273), (5, 0.3709903955459595), (6, 0.3769938349723816), (7, 0.373348593711853), (8, 0.38742688298225403), (9, 0.3084982931613922), (10, 0.36448395252227783), (11, 0.37735626101493835), (0, 0.36792442202568054), (1, 0.3678007423877716), (2, 0.36394158005714417), (3, 0.3468337953090668), (4, 0.3574409782886505), (5, 0.33954399824142456), (6, 0.3333602547645569), (7, 0.3090576231479645), (8, 0.39716339111328125), (9, 0.3850329518318176), (10, 0.33725911378860474), (11, 0.3263166546821594), (0, 0.31321799755096436), (1, 0.3598451614379883), (2, 0.36495083570480347), (3, 0.3135424852371216), (4, 0.35585907101631165), (5, 0.3376429080963135), (6, 0.3753540515899658), (7, 0.3611751198768616), (8, 0.3851626515388489), (9, 0.36016929149627686), (10, 0.3562191128730774), (11, 0.33817240595817566), (0, 0.36805298924446106), (1, 0.3669658601284027), (2, 0.31902843713760376), (3, 0.2887505292892456), (4, 0.32472336292266846), (5, 0.3826310336589813), (6, 0.3791137635707855), (7, 0.34953081607818604), (8, 0.39588555693626404), (9, 0.3815508782863617), (10, 0.3156912922859192), (11, 0.3421860933303833), (0, 0.3574434220790863), (1, 0.414932519197464), (2, 0.3402121663093567), (3, 0.36155691742897034), (4, 0.36130452156066895), (5, 0.3761613368988037), (6, 0.37246987223625183), (7, 0.3246663808822632), (8, 0.2923123836517334), (9, 0.30499640107154846), (10, 0.3685188293457031), (11, 0.3343161344528198), (0, 0.342116117477417), (1, 0.39334216713905334), (2, 0.3418632745742798), (3, 0.31418728828430176), (4, 0.394211083650589), (5, 0.39152228832244873), (6, 0.3500622510910034), (7, 0.3137219548225403), (8, 0.3620917797088623), (9, 0.3526777923107147), (10, 0.2895466089248657), (11, 0.3849795460700989), (0, 0.3489817678928375), (1, 0.31484028697013855), (2, 0.38725903630256653), (3, 0.3640176057815552), (4, 0.33206385374069214), (5, 0.35509711503982544), (6, 0.33199477195739746), (7, 0.361799418926239), (8, 0.34852710366249084), (9, 0.31467464566230774), (10, 0.34855830669403076), (11, 0.43881431221961975), (0, 0.34680554270744324), (1, 0.3956429362297058), (2, 0.334259569644928), (3, 0.40071842074394226), (4, 0.34956642985343933), (5, 0.3172536790370941), (6, 0.31105244159698486), (7, 0.39832955598831177), (8, 0.39331406354904175), (9, 0.3122674822807312), (10, 0.3098073899745941), (11, 0.3194546401500702), (0, 0.33623310923576355), (1, 0.3077085316181183), (2, 0.3692758083343506), (3, 0.3848930299282074), (4, 0.38090264797210693), (5, 0.3483494222164154), (6, 0.3187241852283478), (7, 0.35884079337120056), (8, 0.34389522671699524), (9, 0.3528439402580261), (10, 0.35406211018562317), (11, 0.34358859062194824), (0, 0.35884368419647217), (1, 0.35453280806541443), (2, 0.3770696222782135), (3, 0.3590432107448578), (4, 0.4012521505355835), (5, 0.33324623107910156), (6, 0.3287735879421234), (7, 0.3464033901691437), (8, 0.34516510367393494), (9, 0.33343011140823364), (10, 0.30538806319236755), (11, 0.3494340181350708), (0, 0.366362988948822), (1, 0.3067706823348999), (2, 0.3206319510936737), (3, 0.3461197018623352), (4, 0.33280879259109497), (5, 0.3220076858997345), (6, 0.33615395426750183), (7, 0.3677498698234558), (8, 0.3638990521430969), (9, 0.36625558137893677), (10, 0.38806283473968506), (11, 0.38545700907707214), (0, 0.33703750371932983), (1, 0.31387612223625183), (2, 0.3718171715736389), (3, 0.3578444719314575), (4, 0.3341449499130249), (5, 0.33131760358810425), (6, 0.3318038582801819), (7, 0.4054846167564392), (8, 0.3339979648590088), (9, 0.3711213171482086), (10, 0.3478972911834717), (11, 0.3326950967311859), (0, 0.34397101402282715), (1, 0.31840741634368896), (2, 0.39353588223457336), (3, 0.38658854365348816), (4, 0.36063873767852783), (5, 0.3035113513469696), (6, 0.33103838562965393), (7, 0.2815859317779541), (8, 0.3889284133911133), (9, 0.3574073016643524), (10, 0.33720242977142334), (11, 0.38477057218551636), (0, 0.3343159556388855), (1, 0.33596816658973694), (2, 0.37972986698150635), (3, 0.3644396662712097), (4, 0.3799396753311157), (5, 0.3239031732082367), (6, 0.3371504843235016), (7, 0.35350242257118225), (8, 0.3380231559276581), (9, 0.3264891505241394), (10, 0.34335896372795105), (11, 0.36474114656448364), (0, 0.377104252576828), (1, 0.32587122917175293), (2, 0.33064866065979004), (3, 0.37300679087638855), (4, 0.3750634491443634), (5, 0.3182966709136963), (6, 0.3504355549812317), (7, 0.3713400959968567), (8, 0.35184037685394287), (9, 0.30210477113723755), (10, 0.32568585872650146), (11, 0.37442341446876526), (0, 0.31105366349220276), (1, 0.3619999289512634), (2, 0.37065643072128296), (3, 0.3485938608646393), (4, 0.403217077255249), (5, 0.3504990041255951), (6, 0.32700756192207336), (7, 0.33180683851242065), (8, 0.32585689425468445), (9, 0.3531416058540344), (10, 0.32921290397644043), (11, 0.34045299887657166), (0, 0.36374810338020325), (1, 0.349060982465744), (2, 0.31821784377098083), (3, 0.40918219089508057), (4, 0.3085039258003235), (5, 0.36374393105506897), (6, 0.36011093854904175), (7, 0.3449360728263855), (8, 0.33829542994499207), (9, 0.37807631492614746), (10, 0.28520438075065613), (11, 0.3121189773082733), (0, 0.3356367349624634), (1, 0.35567906498908997), (2, 0.32690897583961487), (3, 0.3493397831916809), (4, 0.3823939859867096), (5, 0.35641756653785706), (6, 0.34639766812324524), (7, 0.3796639144420624), (8, 0.3055609464645386), (9, 0.3131118416786194), (10, 0.3212123215198517), (11, 0.39520272612571716), (0, 0.34484562277793884), (1, 0.34312599897384644), (2, 0.3401113450527191), (3, 0.3178967535495758), (4, 0.31114479899406433), (5, 0.3698867857456207), (6, 0.3752773404121399), (7, 0.33824434876441956), (8, 0.30249494314193726), (9, 0.37617629766464233), (10, 0.369939386844635), (11, 0.34433260560035706), (0, 0.30535271763801575), (1, 0.3391798436641693), (2, 0.3800942897796631), (3, 0.37846648693084717), (4, 0.30502140522003174), (5, 0.29274311661720276), (6, 0.34742945432662964), (7, 0.36519184708595276), (8, 0.3510182499885559), (9, 0.3547525107860565), (10, 0.3561072051525116), (11, 0.3645857274532318), (0, 0.36259856820106506), (1, 0.30474036931991577), (2, 0.3358231484889984), (3, 0.33493807911872864), (4, 0.3228766620159149), (5, 0.370071679353714), (6, 0.3192380666732788), (7, 0.38273563981056213), (8, 0.38768669962882996), (9, 0.33405181765556335), (10, 0.33938068151474), (11, 0.32016995549201965), (0, 0.3250683844089508), (1, 0.3615100085735321), (2, 0.32350167632102966), (3, 0.3461509644985199), (4, 0.2951533794403076), (5, 0.3779681324958801), (6, 0.2997971475124359), (7, 0.3496657907962799), (8, 0.3616000711917877), (9, 0.3656655550003052), (10, 0.36904799938201904), (11, 0.34692227840423584), (0, 0.3349326252937317), (1, 0.3478771150112152), (2, 0.29188284277915955), (3, 0.2940620481967926), (4, 0.34533053636550903), (5, 0.371606707572937), (6, 0.33122625946998596), (7, 0.35203951597213745), (8, 0.4081328213214874), (9, 0.33619338274002075), (10, 0.34539058804512024), (11, 0.3760879635810852), (0, 0.35660824179649353), (1, 0.3399704098701477), (2, 0.32365524768829346), (3, 0.3032991886138916), (4, 0.3485337197780609), (5, 0.3375871777534485), (6, 0.30642572045326233), (7, 0.3930045962333679), (8, 0.32454758882522583), (9, 0.3590487241744995), (10, 0.3915550112724304), (11, 0.31523939967155457), (0, 0.3335389792919159), (1, 0.3469356298446655), (2, 0.3246855139732361), (3, 0.3511368930339813), (4, 0.31801220774650574), (5, 0.3102085590362549), (6, 0.32740241289138794), (7, 0.3988453149795532), (8, 0.37480422854423523), (9, 0.3228743076324463), (10, 0.3325901925563812), (11, 0.3941410779953003), (0, 0.29554736614227295), (1, 0.33820030093193054), (2, 0.31184035539627075), (3, 0.33625373244285583), (4, 0.33840298652648926), (5, 0.3331330120563507), (6, 0.37513500452041626), (7, 0.38210809230804443), (8, 0.35393548011779785), (9, 0.3450949192047119), (10, 0.3431819677352905), (11, 0.34833571314811707), (0, 0.34875184297561646), (1, 0.38121986389160156), (2, 0.3009318709373474), (3, 0.3634548485279083), (4, 0.293857216835022), (5, 0.32178357243537903), (6, 0.3541511297225952), (7, 0.35143375396728516), (8, 0.32201504707336426), (9, 0.363287091255188), (10, 0.3487570285797119), (11, 0.3539227545261383), (0, 0.3381754159927368), (1, 0.2862382233142853), (2, 0.34486427903175354), (3, 0.4044077396392822), (4, 0.3426530063152313), (5, 0.3161408603191376), (6, 0.30992913246154785), (7, 0.38272085785865784), (8, 0.3387361764907837), (9, 0.3256269097328186), (10, 0.3277285397052765), (11, 0.4060503840446472), (0, 0.34026801586151123), (1, 0.3405044972896576), (2, 0.28860941529273987), (3, 0.3710092306137085), (4, 0.3538527190685272), (5, 0.29995137453079224), (6, 0.33002883195877075), (7, 0.3133774697780609), (8, 0.3789035379886627), (9, 0.3948141932487488), (10, 0.3477005064487457), (11, 0.3047896921634674), (0, 0.3241434395313263), (1, 0.3620132803916931), (2, 0.3527604341506958), (3, 0.33330753445625305), (4, 0.32524433732032776), (5, 0.31652432680130005), (6, 0.3434597849845886), (7, 0.3249940872192383), (8, 0.34437641501426697), (9, 0.40397483110427856), (10, 0.31139254570007324), (11, 0.3314598798751831), (0, 0.39146938920021057), (1, 0.2774569094181061), (2, 0.36736640334129333), (3, 0.35248371958732605), (4, 0.3146321177482605), (5, 0.3084838390350342), (6, 0.3905373811721802), (7, 0.35996493697166443), (8, 0.33823585510253906), (9, 0.315822035074234), (10, 0.33387696743011475), (11, 0.3067248463630676), (0, 0.38553574681282043), (1, 0.3388441205024719), (2, 0.34899619221687317), (3, 0.3416958749294281), (4, 0.3347327411174774), (5, 0.3087945580482483), (6, 0.32455867528915405), (7, 0.32448631525039673), (8, 0.3204714059829712), (9, 0.36217498779296875), (10, 0.34819942712783813), (11, 0.3199746310710907), (0, 0.3455806076526642), (1, 0.3169719874858856), (2, 0.31572970747947693), (3, 0.3891293704509735), (4, 0.35389506816864014), (5, 0.3690827190876007), (6, 0.3205219507217407), (7, 0.2977569103240967), (8, 0.3284350335597992), (9, 0.35066723823547363), (10, 0.35633495450019836), (11, 0.30842286348342896), (0, 0.3492108881473541), (1, 0.33037853240966797), (2, 0.3365117907524109), (3, 0.34779247641563416), (4, 0.32734793424606323), (5, 0.3788869380950928), (6, 0.3179779052734375), (7, 0.3213682174682617), (8, 0.35500529408454895), (9, 0.3366212844848633), (10, 0.32349440455436707), (11, 0.32123562693595886), (0, 0.3192988336086273), (1, 0.32796919345855713), (2, 0.36265790462493896), (3, 0.3445427715778351), (4, 0.3514908254146576), (5, 0.3131113052368164), (6, 0.3065258860588074), (7, 0.30979427695274353), (8, 0.33153319358825684), (9, 0.39348679780960083), (10, 0.35050010681152344), (11, 0.36462509632110596), (0, 0.31920695304870605), (1, 0.37007537484169006), (2, 0.33006301522254944), (3, 0.31548380851745605), (4, 0.3550792932510376), (5, 0.3495529294013977), (6, 0.34263503551483154), (7, 0.31115952134132385), (8, 0.32292041182518005), (9, 0.34779906272888184), (10, 0.38378292322158813), (11, 0.27463430166244507), (0, 0.3625025153160095), (1, 0.3355117738246918), (2, 0.3655601143836975), (3, 0.3062264323234558), (4, 0.33576586842536926), (5, 0.3739239573478699), (6, 0.28848040103912354), (7, 0.3005319833755493), (8, 0.3504154086112976), (9, 0.3124195337295532), (10, 0.3566442131996155), (11, 0.38151437044143677), (0, 0.3300526440143585), (1, 0.3749048113822937), (2, 0.282952219247818), (3, 0.3176625072956085), (4, 0.3612021505832672), (5, 0.32655051350593567), (6, 0.32221320271492004), (7, 0.35649585723876953), (8, 0.34010452032089233), (9, 0.31685829162597656), (10, 0.35048210620880127), (11, 0.38453197479248047), (0, 0.2852165102958679), (1, 0.32791760563850403), (2, 0.32337042689323425), (3, 0.33242782950401306), (4, 0.35816559195518494), (5, 0.34461215138435364), (6, 0.3464156985282898), (7, 0.36506417393684387), (8, 0.364937961101532), (9, 0.3350259065628052), (10, 0.3336014151573181), (11, 0.2944721281528473), (0, 0.3555469810962677), (1, 0.32642143964767456), (2, 0.3196053206920624), (3, 0.3535803556442261), (4, 0.27725517749786377), (5, 0.3193367123603821), (6, 0.37506529688835144), (7, 0.34113943576812744), (8, 0.3692401945590973), (9, 0.32132139801979065), (10, 0.3382556140422821), (11, 0.3283722698688507), (0, 0.28829535841941833), (1, 0.3318423330783844), (2, 0.3755047619342804), (3, 0.291715532541275), (4, 0.32398727536201477), (5, 0.3252599835395813), (6, 0.3249847888946533), (7, 0.33716124296188354), (8, 0.3581320643424988), (9, 0.3949863910675049), (10, 0.3351178765296936), (11, 0.3359387516975403), (0, 0.3507745862007141), (1, 0.34794557094573975), (2, 0.36608248949050903), (3, 0.32543930411338806), (4, 0.2940138578414917), (5, 0.3526063561439514), (6, 0.372297465801239), (7, 0.2703346014022827), (8, 0.33774951100349426), (9, 0.34220024943351746), (10, 0.3376782238483429), (11, 0.30148181319236755), (0, 0.3006740212440491), (1, 0.32652226090431213), (2, 0.3149281442165375), (3, 0.3383047580718994), (4, 0.32004979252815247), (5, 0.3168829083442688), (6, 0.37627163529396057), (7, 0.34925538301467896), (8, 0.3148057162761688), (9, 0.3419433832168579), (10, 0.3645303249359131), (11, 0.34870967268943787), (0, 0.29818016290664673), (1, 0.3642757534980774), (2, 0.28541576862335205), (3, 0.333578497171402), (4, 0.374227374792099), (5, 0.32947298884391785), (6, 0.3226347267627716), (7, 0.352459192276001), (8, 0.34898892045021057), (9, 0.3096901774406433), (10, 0.3514504134654999), (11, 0.3319796323776245), (0, 0.344102144241333), (1, 0.3670532703399658), (2, 0.340769499540329), (3, 0.33662575483322144), (4, 0.3250173330307007), (5, 0.35366785526275635), (6, 0.30032679438591003), (7, 0.3265201449394226), (8, 0.34229907393455505), (9, 0.2926076054573059), (10, 0.3301863372325897), (11, 0.3421410024166107), (0, 0.3183486759662628), (1, 0.30566883087158203), (2, 0.35159575939178467), (3, 0.3955974578857422), (4, 0.29695168137550354), (5, 0.36458924412727356), (6, 0.3345804214477539), (7, 0.32509249448776245), (8, 0.32329699397087097), (9, 0.33726954460144043), (10, 0.3283260762691498), (11, 0.289823442697525), (0, 0.32318705320358276), (1, 0.3377085030078888), (2, 0.3708525002002716), (3, 0.33682650327682495), (4, 0.3221891522407532), (5, 0.3080894351005554), (6, 0.33111485838890076), (7, 0.3564116954803467), (8, 0.3233277201652527), (9, 0.31783393025398254), (10, 0.3409671485424042), (11, 0.3048110902309418), (0, 0.3517571985721588), (1, 0.28164735436439514), (2, 0.34883156418800354), (3, 0.3550635576248169), (4, 0.3220229744911194), (5, 0.30630913376808167), (6, 0.34761977195739746), (7, 0.34339314699172974), (8, 0.31495341658592224), (9, 0.3366047143936157), (10, 0.3463580310344696), (11, 0.32585760951042175), (0, 0.37546074390411377), (1, 0.33386340737342834), (2, 0.36954161524772644), (3, 0.3155953586101532), (4, 0.2939482033252716), (5, 0.3196127414703369), (6, 0.34949490427970886), (7, 0.3379351794719696), (8, 0.3142148554325104), (9, 0.3713420629501343), (10, 0.29933327436447144), (11, 0.27338603138923645), (0, 0.319536417722702), (1, 0.3125922679901123), (2, 0.349193274974823), (3, 0.3263216018676758), (4, 0.32330814003944397), (5, 0.3430815041065216), (6, 0.35855501890182495), (7, 0.3316459357738495), (8, 0.3412238657474518), (9, 0.32545486092567444), (10, 0.32611575722694397), (11, 0.31466376781463623), (0, 0.3162540793418884), (1, 0.31975409388542175), (2, 0.32495108246803284), (3, 0.3274224102497101), (4, 0.35482531785964966), (5, 0.286284476518631), (6, 0.31998950242996216), (7, 0.3372744023799896), (8, 0.36749571561813354), (9, 0.3490069508552551), (10, 0.3422125577926636), (11, 0.32031020522117615), (0, 0.33272984623908997), (1, 0.3214118182659149), (2, 0.29798945784568787), (3, 0.3238375782966614), (4, 0.3010327219963074), (5, 0.3436305522918701), (6, 0.34849122166633606), (7, 0.3191666901111603), (8, 0.3295086622238159), (9, 0.3405954837799072), (10, 0.3569329082965851), (11, 0.37383392453193665), (0, 0.29831746220588684), (1, 0.314009428024292), (2, 0.3061949610710144), (3, 0.30995747447013855), (4, 0.34007737040519714), (5, 0.3590719997882843), (6, 0.328776478767395), (7, 0.34716740250587463), (8, 0.3490845859050751), (9, 0.3410170376300812), (10, 0.30990666151046753), (11, 0.38096627593040466), (0, 0.3252503573894501), (1, 0.34417083859443665), (2, 0.3525513708591461), (3, 0.3413393497467041), (4, 0.3449249267578125), (5, 0.3267311453819275), (6, 0.2963898777961731), (7, 0.28585657477378845), (8, 0.3359101414680481), (9, 0.3581477701663971), (10, 0.32387349009513855), (11, 0.3076314628124237), (0, 0.30092623829841614), (1, 0.3276362717151642), (2, 0.308378130197525), (3, 0.30299118161201477), (4, 0.3558577597141266), (5, 0.3235965967178345), (6, 0.35171014070510864), (7, 0.3591439723968506), (8, 0.3257807493209839), (9, 0.3320445120334625), (10, 0.33624348044395447), (11, 0.3260113000869751), (0, 0.3324291706085205), (1, 0.2960939407348633), (2, 0.35914191603660583), (3, 0.3275323808193207), (4, 0.3130648136138916), (5, 0.3349967896938324), (6, 0.328561931848526), (7, 0.35090401768684387), (8, 0.29111388325691223), (9, 0.34136882424354553), (10, 0.33989498019218445), (11, 0.33691900968551636), (0, 0.38263997435569763), (1, 0.3448590040206909), (2, 0.3394835591316223), (3, 0.3237728178501129), (4, 0.34264713525772095), (5, 0.30678102374076843), (6, 0.32307201623916626), (7, 0.3018740117549896), (8, 0.32940635085105896), (9, 0.3288359045982361), (10, 0.2997739017009735), (11, 0.3119797110557556), (0, 0.3185080289840698), (1, 0.33809271454811096), (2, 0.3278927206993103), (3, 0.31693530082702637), (4, 0.3330053687095642), (5, 0.3544931709766388), (6, 0.317456990480423), (7, 0.314165323972702), (8, 0.3345852792263031), (9, 0.35023486614227295), (10, 0.3034079074859619), (11, 0.3409116268157959), (0, 0.3399353325366974), (1, 0.33498767018318176), (2, 0.3327237665653229), (3, 0.31934109330177307), (4, 0.3482067584991455), (5, 0.2797403037548065), (6, 0.33061841130256653), (7, 0.3507500886917114), (8, 0.37406185269355774), (9, 0.28874534368515015), (10, 0.3098134696483612), (11, 0.3270624577999115), (0, 0.3517562448978424), (1, 0.3420249819755554), (2, 0.32925334572792053), (3, 0.31767281889915466), (4, 0.3491957485675812), (5, 0.3334486782550812), (6, 0.3152202367782593), (7, 0.3600081503391266), (8, 0.32773008942604065), (9, 0.2539888322353363), (10, 0.3492739796638489), (11, 0.2677064538002014), (0, 0.3339195251464844), (1, 0.3103798031806946), (2, 0.3627281188964844), (3, 0.34754082560539246), (4, 0.2641068994998932), (5, 0.3108077347278595), (6, 0.3302370011806488), (7, 0.2922289967536926), (8, 0.3515700399875641), (9, 0.32617199420928955), (10, 0.3584546744823456), (11, 0.3461110293865204), (0, 0.32533881068229675), (1, 0.26800957322120667), (2, 0.38065826892852783), (3, 0.3282081186771393), (4, 0.31884464621543884), (5, 0.34336331486701965), (6, 0.3445919156074524), (7, 0.3007718324661255), (8, 0.3152230978012085), (9, 0.3549823760986328), (10, 0.31686416268348694), (11, 0.32687774300575256), (0, 0.2734679877758026), (1, 0.32961586117744446), (2, 0.29384487867355347), (3, 0.34954482316970825), (4, 0.3151077926158905), (5, 0.40321338176727295), (6, 0.319489449262619), (7, 0.35685649514198303), (8, 0.3492799401283264), (9, 0.27679958939552307), (10, 0.33483895659446716), (11, 0.3138475716114044), (0, 0.3444870412349701), (1, 0.3381015658378601), (2, 0.30808451771736145), (3, 0.30162811279296875), (4, 0.3109116852283478), (5, 0.36097225546836853), (6, 0.3284866213798523), (7, 0.3024478852748871), (8, 0.29780739545822144), (9, 0.3270390033721924), (10, 0.33441293239593506), (11, 0.3935639262199402), (0, 0.3521643877029419), (1, 0.305791437625885), (2, 0.34550559520721436), (3, 0.34833472967147827), (4, 0.34087416529655457), (5, 0.2802865505218506), (6, 0.3310962915420532), (7, 0.2877429723739624), (8, 0.3234598934650421), (9, 0.32907959818840027), (10, 0.33511435985565186), (11, 0.325959175825119), (0, 0.37438321113586426), (1, 0.3122534453868866), (2, 0.3206055462360382), (3, 0.28862932324409485), (4, 0.3355160653591156), (5, 0.31989312171936035), (6, 0.3465183973312378), (7, 0.3543875813484192), (8, 0.3388090431690216), (9, 0.28887107968330383), (10, 0.3156716227531433), (11, 0.2849460542201996), (0, 0.31240805983543396), (1, 0.33130785822868347), (2, 0.3411909341812134), (3, 0.3564399778842926), (4, 0.3107120096683502), (5, 0.35537517070770264), (6, 0.33480438590049744), (7, 0.3180043697357178), (8, 0.2601780593395233), (9, 0.3745519518852234), (10, 0.2767280638217926), (11, 0.3382452130317688), (0, 0.2912260591983795), (1, 0.3387710154056549), (2, 0.3210130035877228), (3, 0.32249435782432556), (4, 0.3397216498851776), (5, 0.3077278137207031), (6, 0.32090285420417786), (7, 0.35965317487716675), (8, 0.3603885769844055), (9, 0.35036277770996094), (10, 0.2703174352645874), (11, 0.30898192524909973), (0, 0.34519240260124207), (1, 0.2767508327960968), (2, 0.3226800262928009), (3, 0.3683072328567505), (4, 0.3239883482456207), (5, 0.3274790942668915), (6, 0.3052610158920288), (7, 0.3298279643058777), (8, 0.3282107412815094), (9, 0.30197611451148987), (10, 0.3235333263874054), (11, 0.347334086894989), (0, 0.3538496494293213), (1, 0.33563733100891113), (2, 0.27990102767944336), (3, 0.30589866638183594), (4, 0.3327752351760864), (5, 0.34864306449890137), (6, 0.31653186678886414), (7, 0.37669655680656433), (8, 0.35652241110801697), (9, 0.2773706912994385), (10, 0.32288944721221924), (11, 0.23135806620121002), (0, 0.32450875639915466), (1, 0.3052211403846741), (2, 0.36170560121536255), (3, 0.3042667508125305), (4, 0.317301481962204), (5, 0.32714393734931946), (6, 0.37054377794265747), (7, 0.32916179299354553), (8, 0.27411365509033203), (9, 0.29728934168815613), (10, 0.3420296609401703), (11, 0.33880504965782166), (0, 0.2909148335456848), (1, 0.32987767457962036), (2, 0.3369007408618927), (3, 0.297190397977829), (4, 0.32490310072898865), (5, 0.3719944655895233), (6, 0.2687673270702362), (7, 0.3184642493724823), (8, 0.3601284921169281), (9, 0.3598232567310333), (10, 0.3080885410308838), (11, 0.2984977066516876), (0, 0.3064470589160919), (1, 0.29999905824661255), (2, 0.29177483916282654), (3, 0.318324476480484), (4, 0.34539854526519775), (5, 0.32693615555763245), (6, 0.3418852686882019), (7, 0.31468942761421204), (8, 0.2952533960342407), (9, 0.2988000512123108), (10, 0.37500351667404175), (11, 0.3971853256225586), (0, 0.3253549337387085), (1, 0.308925598859787), (2, 0.3292068541049957), (3, 0.3319213092327118), (4, 0.35328209400177), (5, 0.31015557050704956), (6, 0.3034059405326843), (7, 0.32129958271980286), (8, 0.33694973587989807), (9, 0.2824195623397827), (10, 0.3404313623905182), (11, 0.3299363851547241), (0, 0.3413994610309601), (1, 0.356052041053772), (2, 0.2971079349517822), (3, 0.35726550221443176), (4, 0.31518685817718506), (5, 0.3075485825538635), (6, 0.32450076937675476), (7, 0.2813945412635803), (8, 0.3353402018547058), (9, 0.31945565342903137), (10, 0.29761287569999695), (11, 0.3404569625854492), (0, 0.407143771648407), (1, 0.3214797079563141), (2, 0.33889275789260864), (3, 0.30374306440353394), (4, 0.3141463100910187), (5, 0.2798984944820404), (6, 0.3064904510974884), (7, 0.29509174823760986), (8, 0.3248727023601532), (9, 0.35430046916007996), (10, 0.29294896125793457), (11, 0.32174769043922424), (0, 0.28837907314300537), (1, 0.3453720211982727), (2, 0.29402071237564087), (3, 0.30494424700737), (4, 0.3443029820919037), (5, 0.33987265825271606), (6, 0.3335060775279999), (7, 0.3123392164707184), (8, 0.3688850402832031), (9, 0.2869085371494293), (10, 0.3358146548271179), (11, 0.2912353277206421), (0, 0.30913102626800537), (1, 0.3012572228908539), (2, 0.3372395634651184), (3, 0.3449748158454895), (4, 0.31926554441452026), (5, 0.3115580976009369), (6, 0.3259364068508148), (7, 0.3255271911621094), (8, 0.3403666317462921), (9, 0.3151552081108093), (10, 0.31529831886291504), (11, 0.29617542028427124), (0, 0.3017650842666626), (1, 0.3256944715976715), (2, 0.37609997391700745), (3, 0.37212127447128296), (4, 0.33804789185523987), (5, 0.26881924271583557), (6, 0.3022702634334564), (7, 0.297219842672348), (8, 0.3566506505012512), (9, 0.3150736093521118), (10, 0.2836785614490509), (11, 0.3055436611175537), (0, 0.36540186405181885), (1, 0.3377513587474823), (2, 0.26234129071235657), (3, 0.32881903648376465), (4, 0.318471759557724), (5, 0.2855665683746338), (6, 0.31167033314704895), (7, 0.31726396083831787), (8, 0.3680754601955414), (9, 0.32159724831581116), (10, 0.318266361951828), (11, 0.29293227195739746), (0, 0.3379594385623932), (1, 0.30799761414527893), (2, 0.2929494380950928), (3, 0.2713404893875122), (4, 0.3047512471675873), (5, 0.2909316122531891), (6, 0.3222454786300659), (7, 0.3610236644744873), (8, 0.34193530678749084), (9, 0.34444180130958557), (10, 0.3434509038925171), (11, 0.3327285349369049), (0, 0.31096944212913513), (1, 0.34581032395362854), (2, 0.3386881649494171), (3, 0.28087836503982544), (4, 0.3679567575454712), (5, 0.3370215892791748), (6, 0.2898305654525757), (7, 0.3414912521839142), (8, 0.3358476758003235), (9, 0.3066394329071045), (10, 0.28044235706329346), (11, 0.28450700640678406), (0, 0.33633336424827576), (1, 0.336419939994812), (2, 0.2902732789516449), (3, 0.29056695103645325), (4, 0.359313428401947), (5, 0.3268156349658966), (6, 0.322733610868454), (7, 0.31347331404685974), (8, 0.2921760678291321), (9, 0.3105624318122864), (10, 0.360551655292511), (11, 0.26251131296157837), (0, 0.27911096811294556), (1, 0.31596073508262634), (2, 0.32686787843704224), (3, 0.29847538471221924), (4, 0.34599465131759644), (5, 0.3221752941608429), (6, 0.3278485834598541), (7, 0.3796476721763611), (8, 0.3213161528110504), (9, 0.3012930154800415), (10, 0.30010443925857544), (11, 0.28957638144493103), (0, 0.2813487946987152), (1, 0.30959394574165344), (2, 0.30908581614494324), (3, 0.2926584482192993), (4, 0.38418301939964294), (5, 0.28649312257766724), (6, 0.3494066298007965), (7, 0.2905423641204834), (8, 0.32090312242507935), (9, 0.35890090465545654), (10, 0.32599490880966187), (11, 0.29995307326316833), (0, 0.3094322681427002), (1, 0.3313511908054352), (2, 0.32009175419807434), (3, 0.3179914355278015), (4, 0.3330516815185547), (5, 0.27763304114341736), (6, 0.3157353103160858), (7, 0.3015210032463074), (8, 0.32635098695755005), (9, 0.3280814290046692), (10, 0.30655959248542786), (11, 0.37741029262542725), (0, 0.31358832120895386), (1, 0.317141592502594), (2, 0.3438636064529419), (3, 0.2952273488044739), (4, 0.3288627862930298), (5, 0.32391396164894104), (6, 0.3223069906234741), (7, 0.27762556076049805), (8, 0.3160361349582672), (9, 0.36155804991722107), (10, 0.3020959794521332), (11, 0.3015715479850769), (0, 0.3060557246208191), (1, 0.3433248996734619), (2, 0.3143700361251831), (3, 0.31172817945480347), (4, 0.26132088899612427), (5, 0.3245711922645569), (6, 0.34411337971687317), (7, 0.3592676818370819), (8, 0.3278447389602661), (9, 0.3060103952884674), (10, 0.3061639070510864), (11, 0.2899635434150696), (0, 0.2968517541885376), (1, 0.3068939745426178), (2, 0.2890787124633789), (3, 0.2927151024341583), (4, 0.31275421380996704), (5, 0.3115149438381195), (6, 0.3321717381477356), (7, 0.36249130964279175), (8, 0.33118870854377747), (9, 0.34278321266174316), (10, 0.29095980525016785), (11, 0.360970675945282), (0, 0.3456583321094513), (1, 0.31847354769706726), (2, 0.29382193088531494), (3, 0.29208454489707947), (4, 0.3305163085460663), (5, 0.3084140717983246), (6, 0.33506566286087036), (7, 0.27334633469581604), (8, 0.32745909690856934), (9, 0.34531134366989136), (10, 0.28359290957450867), (11, 0.3727911412715912), (0, 0.27640852332115173), (1, 0.30747711658477783), (2, 0.3333083391189575), (3, 0.2922325134277344), (4, 0.39181697368621826), (5, 0.32904207706451416), (6, 0.344248503446579), (7, 0.3209262192249298), (8, 0.2969783842563629), (9, 0.28429001569747925), (10, 0.29330092668533325), (11, 0.33472779393196106), (0, 0.3227847218513489), (1, 0.312788188457489), (2, 0.32136696577072144), (3, 0.3160899877548218), (4, 0.347425639629364), (5, 0.30400288105010986), (6, 0.2866796553134918), (7, 0.36213597655296326), (8, 0.29328519105911255), (9, 0.33868294954299927), (10, 0.29650458693504333), (11, 0.26274043321609497), (0, 0.3487448990345001), (1, 0.30655360221862793), (2, 0.2985302805900574), (3, 0.29782214760780334), (4, 0.3412092328071594), (5, 0.29523757100105286), (6, 0.28316378593444824), (7, 0.28062814474105835), (8, 0.32554805278778076), (9, 0.34453853964805603), (10, 0.34795504808425903), (11, 0.33867016434669495), (0, 0.34625929594039917), (1, 0.28124451637268066), (2, 0.3526515066623688), (3, 0.3142484724521637), (4, 0.313132643699646), (5, 0.332179456949234), (6, 0.31356897950172424), (7, 0.3243056535720825), (8, 0.27798283100128174), (9, 0.33011966943740845), (10, 0.28478190302848816), (11, 0.3285897970199585), (0, 0.37095901370048523), (1, 0.3119485378265381), (2, 0.3341819643974304), (3, 0.30937397480010986), (4, 0.32608532905578613), (5, 0.31014686822891235), (6, 0.2975712716579437), (7, 0.3296436667442322), (8, 0.30809342861175537), (9, 0.2703627049922943), (10, 0.3070131838321686), (11, 0.28437840938568115), (0, 0.30107399821281433), (1, 0.35286518931388855), (2, 0.3028312623500824), (3, 0.3240381181240082), (4, 0.3115948736667633), (5, 0.3119070827960968), (6, 0.2879698872566223), (7, 0.32809731364250183), (8, 0.3125232458114624), (9, 0.2963044345378876), (10, 0.3359685242176056), (11, 0.292691171169281), (0, 0.35462528467178345), (1, 0.3252731263637543), (2, 0.3151639699935913), (3, 0.3147335350513458), (4, 0.30891457200050354), (5, 0.3017347753047943), (6, 0.32371506094932556), (7, 0.3206018805503845), (8, 0.3031712472438812), (9, 0.27497851848602295), (10, 0.3061543405056), (11, 0.31073784828186035), (0, 0.3585306406021118), (1, 0.2718336582183838), (2, 0.27044475078582764), (3, 0.32007309794425964), (4, 0.33493462204933167), (5, 0.31835779547691345), (6, 0.29645827412605286), (7, 0.31145012378692627), (8, 0.32715603709220886), (9, 0.29606854915618896), (10, 0.33248454332351685), (11, 0.3310031592845917), (0, 0.35852470993995667), (1, 0.2843267023563385), (2, 0.3358324468135834), (3, 0.31483519077301025), (4, 0.3324958086013794), (5, 0.31247952580451965), (6, 0.29333776235580444), (7, 0.27617156505584717), (8, 0.3046538233757019), (9, 0.31515833735466003), (10, 0.3220134377479553), (11, 0.3063671886920929), (0, 0.3016868829727173), (1, 0.27132314443588257), (2, 0.3046092092990875), (3, 0.3090474605560303), (4, 0.3208942115306854), (5, 0.3445754945278168), (6, 0.36843341588974), (7, 0.3037981390953064), (8, 0.32987087965011597), (9, 0.30988749861717224), (10, 0.2949022352695465), (11, 0.2641544044017792), (0, 0.3401089608669281), (1, 0.315890908241272), (2, 0.29361996054649353), (3, 0.29044657945632935), (4, 0.3300859034061432), (5, 0.28825974464416504), (6, 0.355599045753479), (7, 0.25289782881736755), (8, 0.32548290491104126), (9, 0.3187675476074219), (10, 0.31377971172332764), (11, 0.33159321546554565), (0, 0.3500702381134033), (1, 0.3393634855747223), (2, 0.31195971369743347), (3, 0.3022487163543701), (4, 0.30931758880615234), (5, 0.33200186491012573), (6, 0.309131920337677), (7, 0.29964545369148254), (8, 0.2877033054828644), (9, 0.31461992859840393), (10, 0.27478042244911194), (11, 0.30968841910362244), (0, 0.3001474142074585), (1, 0.3391541540622711), (2, 0.32296451926231384), (3, 0.2728900611400604), (4, 0.3017474114894867), (5, 0.25770947337150574), (6, 0.29444560408592224), (7, 0.34340956807136536), (8, 0.3326680064201355), (9, 0.3054502010345459), (10, 0.33114320039749146), (11, 0.360291063785553), (0, 0.35124585032463074), (1, 0.31045621633529663), (2, 0.2775741517543793), (3, 0.33372563123703003), (4, 0.2889149785041809), (5, 0.33232051134109497), (6, 0.2909558117389679), (7, 0.32166099548339844), (8, 0.2766144275665283), (9, 0.31913405656814575), (10, 0.3140161633491516), (11, 0.31501173973083496), (0, 0.30662181973457336), (1, 0.2635941505432129), (2, 0.3196071684360504), (3, 0.23925046622753143), (4, 0.3383794128894806), (5, 0.29741522669792175), (6, 0.3093283772468567), (7, 0.36656445264816284), (8, 0.28829994797706604), (9, 0.30793195962905884), (10, 0.32755687832832336), (11, 0.40451809763908386)]