Model Setup for Uniformvirtual {PATIENT_GROUPS} Trained Network:

{NETWORK_TYPE} Network Architecture Parameters
Input channels=22
Hidden channels=128
Output channels=1

Training hyperparameters
Optimizer=AdamW (
Parameter Group 0
    amsgrad: False
    betas: (0.9, 0.999)
    capturable: False
    differentiable: False
    eps: 1e-08
    foreach: None
    fused: None
    lr: 0.001
    maximize: False
    weight_decay: 1e-06
)Training Iterations=50
Learning rate=0.001
Weight decay=1e-06
Optimizer reset frequency=None

Dropout probability (after initial linear layer before NCDE): 0
Training Data Selection Parameters
(If not virtual, the only important params are the groups and whether data was normalized/standardized)
Patient groups=['Control', 'MDD']
Augmentation strategy=Uniform
Noise Magnitude=0.05
Normalized/standardized=StandardizeAll
Number of virtual patients per real patient=100
Label smoothing factor=0
Test Patient Combinations:
Control: (25, 44, 40, 41, 43)
MDD: (4, 32, 48, 44, 31)
Training batch size=200
Training Results:
Runtime=4.083432197570801
Loss over time=[(0, 0.693635880947113), (1, 0.6797704100608826), (2, 0.6759216785430908), (3, 0.6648083329200745), (4, 0.6467604041099548), (5, 0.6507652401924133), (6, 0.641325831413269), (7, 0.6253145337104797), (8, 0.5996623635292053), (9, 0.5805758833885193), (10, 0.583457350730896), (11, 0.6000905632972717), (12, 0.582883894443512), (13, 0.5584219098091125), (14, 0.5389668941497803), (15, 0.522625744342804), (16, 0.5067154765129089), (17, 0.5110710859298706), (18, 0.5203393697738647), (19, 0.49374091625213623), (20, 0.49130821228027344), (21, 0.4561525285243988), (22, 0.4575219750404358), (23, 0.44416603446006775), (24, 0.47390151023864746), (25, 0.38496190309524536), (26, 0.4563490152359009), (27, 0.39549216628074646), (28, 0.4231633245944977), (29, 0.3783190846443176), (30, 0.39855408668518066), (31, 0.3778497278690338), (32, 0.3467508554458618), (33, 0.35200396180152893), (34, 0.45360663533210754), (35, 0.3446490168571472), (36, 0.3110635280609131), (37, 0.3470030128955841), (38, 0.33654525876045227), (39, 0.3835773468017578), (40, 0.3433118760585785), (41, 0.2996906042098999), (42, 0.24853794276714325), (43, 0.25287482142448425), (44, 0.23915190994739532), (45, 0.25449252128601074), (46, 0.2453463226556778), (47, 0.24399536848068237), (48, 0.21369022130966187), (0, 0.21482034027576447), (1, 0.23998421430587769), (2, 0.20630988478660583), (3, 0.1741071194410324), (4, 0.13963019847869873), (5, 0.15841597318649292), (6, 0.15475113689899445), (7, 0.1345951110124588), (8, 0.1133972704410553), (9, 0.1208912655711174), (10, 0.15272942185401917), (11, 0.13620758056640625), (12, 0.14774560928344727), (13, 0.09852626174688339), (14, 0.1689777970314026), (15, 0.09488773345947266), (16, 0.09812869131565094), (17, 0.25053074955940247), (18, 0.12029525637626648), (19, 0.11338143050670624), (20, 0.10663396865129471), (21, 0.07663772255182266), (22, 0.08576380461454391), (23, 0.06881939619779587), (24, 0.09000448137521744), (25, 0.073045514523983), (26, 0.06608261913061142), (27, 0.06479179114103317), (28, 0.054435886442661285), (29, 0.06966845691204071), (30, 0.04786984622478485), (31, 0.062444161623716354), (32, 0.05682438984513283), (33, 0.05740028992295265), (34, 0.053073491901159286), (35, 0.06191309913992882), (36, 0.058333177119493484), (37, 0.054101258516311646), (38, 0.05194289982318878), (39, 0.04105197265744209), (40, 0.042662911117076874), (41, 0.03892802819609642), (42, 0.03606057167053223), (43, 0.040170956403017044), (44, 0.03519395366311073), (45, 0.03674669936299324), (46, 0.028969494625926018), (47, 0.022287802770733833), (48, 0.029048414900898933), (0, 0.017082685604691505), (1, 0.017300918698310852), (2, 0.03561005741357803), (3, 0.020376740023493767), (4, 0.02706768922507763), (5, 0.027076683938503265), (6, 0.020150907337665558), (7, 0.01708119362592697), (8, 0.026052502915263176), (9, 0.01738555170595646), (10, 0.017487086355686188), (11, 0.011974973604083061), (12, 0.012654361315071583), (13, 0.014670447446405888), (14, 0.010597811080515385), (15, 0.009514751844108105), (16, 0.02941766008734703), (17, 0.013004224747419357), (18, 0.0078537343069911), (19, 0.021090637892484665), (20, 0.017244627699255943), (21, 0.0064681703224778175), (22, 0.010973975993692875), (23, 0.010513829067349434), (24, 0.014960521832108498), (25, 0.005854212678968906), (26, 0.008330486714839935), (27, 0.014669719152152538), (28, 0.012318768538534641), (29, 0.003767178626731038), (30, 0.008837006986141205), (31, 0.02351597137749195), (32, 0.002740836702287197), (33, 0.009395615197718143), (34, 0.04392741620540619), (35, 0.005939127877354622), (36, 0.08796364814043045), (37, 0.003953175153583288), (38, 0.006162227597087622), (39, 0.09151270240545273), (40, 0.002987609477713704), (41, 0.00957986805588007), (42, 0.060667358338832855), (43, 0.03397949039936066), (44, 0.008717566728591919), (45, 0.06864185631275177), (46, 0.032128915190696716), (47, 0.006073328200727701), (48, 0.030096299946308136), (0, 0.037195052951574326), (1, 0.010743314400315285), (2, 0.006433519534766674), (3, 0.019306598231196404), (4, 0.08265620470046997), (5, 0.007281332742422819), (6, 0.009594500996172428), (7, 0.041713595390319824), (8, 0.028376441448926926), (9, 0.00442156009376049), (10, 0.0048350184224545956), (11, 0.010024274699389935), (12, 0.04251475632190704), (13, 0.009532222524285316), (14, 0.0029372128192335367), (15, 0.0028903400525450706), (16, 0.004806975834071636), (17, 0.0032881880179047585), (18, 0.013355747796595097), (19, 0.00667925551533699), (20, 0.01306318398565054), (21, 0.0027387929148972034), (22, 0.0022717323154211044), (23, 0.006311036180704832), (24, 0.005369291175156832), (25, 0.01308001484721899), (26, 0.0045886291190981865), (27, 0.0028058819007128477), (28, 0.002412854228168726), (29, 0.0022715404629707336), (30, 0.0021316215861588717), (31, 0.007508402690291405), (32, 0.006223770789802074), (33, 0.002429809421300888), (34, 0.002042884938418865), (35, 0.0024189436808228493), (36, 0.0011026456486433744), (37, 0.0015047547640278935), (38, 0.0017893649637699127), (39, 0.0010897367028519511), (40, 0.001885110978037119), (41, 0.0024942858144640923), (42, 0.0015402591088786721), (43, 0.001981831854209304), (44, 0.0014804149977862835), (45, 0.002502446062862873), (46, 0.001483177300542593), (47, 0.0013430857798084617), (48, 0.0015894322423264384), (0, 0.0016319554997608066), (1, 0.001301153446547687), (2, 0.0012375202495604753), (3, 0.0009217922925017774), (4, 0.0007789841038174927), (5, 0.0011426520068198442), (6, 0.0010489352280274034), (7, 0.0011388784041628242), (8, 0.0013494606828317046), (9, 0.0011990031925961375), (10, 0.0007310185465030372), (11, 0.0009510460658930242), (12, 0.0012514482950791717), (13, 0.0008485884754918516), (14, 0.0010858711320906878), (15, 0.0014379427302628756), (16, 0.000832645979244262), (17, 0.0008362334920093417), (18, 0.0007599844830110669), (19, 0.0006275243358686566), (20, 0.0005733692087233067), (21, 0.0010039019398391247), (22, 0.0006242230883799493), (23, 0.0007444489165209234), (24, 0.0006944775814190507), (25, 0.000784089439548552), (26, 0.000733731547370553), (27, 0.0007209863397292793), (28, 0.0009556397562846541), (29, 0.0006055572885088623), (30, 0.0007643172866664827), (31, 0.0007191115873865783), (32, 0.0005523052532225847), (33, 0.00071761041181162), (34, 0.0006201627547852695), (35, 0.0008003032417036593), (36, 0.0007626254810020328), (37, 0.000541507441084832), (38, 0.0007714919629506767), (39, 0.0006746420403942466), (40, 0.0007208406459540129), (41, 0.0006503193872049451), (42, 0.0005593065870925784), (43, 0.0005844216211698949), (44, 0.0003595452872104943), (45, 0.000647173379547894), (46, 0.0006152291898615658), (47, 0.0006792453932575881), (48, 0.0005122793954797089), (0, 0.00030211854027584195), (1, 0.0004611788026522845), (2, 0.0004108983266633004), (3, 0.000814969593193382), (4, 0.0004950581351295114), (5, 0.0005322032375261188), (6, 0.0003728301380760968), (7, 0.0003502086619846523), (8, 0.0005259558092802763), (9, 0.0006585803348571062), (10, 0.0007162487599998713), (11, 0.0003841796424239874), (12, 0.0005917779635637999), (13, 0.0005013598711229861), (14, 0.00039341364754363894), (15, 0.0006192701403051615), (16, 0.0004326323396526277), (17, 0.0003735469654202461), (18, 0.0004882939392700791), (19, 0.000608710222877562), (20, 0.00038973838672973216), (21, 0.0004027687828056514), (22, 0.0003661604132503271), (23, 0.00035226900945417583), (24, 0.00031810044310986996), (25, 0.0004499836650211364), (26, 0.00035406890674494207), (27, 0.000535970029886812), (28, 0.00042131025111302733), (29, 0.0004512856830842793), (30, 0.0004290618235245347), (31, 0.0003372139763087034), (32, 0.0005246445653028786), (33, 0.0006135657895356417), (34, 0.0003952757397200912), (35, 0.00035060892696492374), (36, 0.00041432949365116656), (37, 0.00029612774960696697), (38, 0.0003584132355172187), (39, 0.0003646676486823708), (40, 0.00045960492570884526), (41, 0.0004089476424269378), (42, 0.0002894466451834887), (43, 0.0003181395586580038), (44, 0.0002965392777696252), (45, 0.0004007033130619675), (46, 0.00020460106316022575), (47, 0.00033260826603509486), (48, 0.0003071717801503837), (0, 0.00024450532509945333), (1, 0.0003389027260709554), (2, 0.00043930369429290295), (3, 0.0002897894009947777), (4, 0.00026759234606288373), (5, 0.00033491835347376764), (6, 0.0005031429463997483), (7, 0.00023083639098331332), (8, 0.00037146423710510135), (9, 0.00019838957814499736), (10, 0.00023961816623341292), (11, 0.0002764448581729084), (12, 0.0003579683252610266), (13, 0.00029374207952059805), (14, 0.00022998731583356857), (15, 0.000305594177916646), (16, 0.00023630401119589806), (17, 0.0003027773927897215), (18, 0.00034167751437053084), (19, 0.00045110529754310846), (20, 0.00023676373530179262), (21, 0.00028269426547922194), (22, 0.00036335847107693553), (23, 0.0002618085709400475), (24, 0.0002593323588371277), (25, 0.00023717487056273967), (26, 0.0003453305980656296), (27, 0.00027157110162079334), (28, 0.00017179873248096555), (29, 0.00022084124793764204), (30, 0.00021650383132509887), (31, 0.00020385860989335924), (32, 0.00028372605447657406), (33, 0.00025657471269369125), (34, 0.00024320668308064342), (35, 0.000271567638264969), (36, 0.00029613240621984005), (37, 0.00016734922246541828), (38, 0.00018609387916512787), (39, 0.00021252087026368827), (40, 0.0002879947714973241), (41, 0.00023577097454108298), (42, 0.00024114569532684982), (43, 0.00015509621880482882), (44, 0.00032526080030947924), (45, 0.00022911335690878332), (46, 0.0002430729946354404), (47, 0.0002634127449709922), (48, 0.00015133320994209498), (0, 0.00022176915081217885), (1, 0.00017414843023288995), (2, 0.00014703387569170445), (3, 0.00021044145978521556), (4, 0.00023476664500776678), (5, 0.00022296792303677648), (6, 0.00016225573199335486), (7, 0.0001488017733208835), (8, 0.0002885730646084994), (9, 0.00015708889986854047), (10, 0.0001262114237761125), (11, 0.00019709007756318897), (12, 0.00015126286598388106), (13, 0.00019586870621424168), (14, 0.000184419026481919), (15, 0.00016500914352945983), (16, 0.00015886507753748447), (17, 0.00012122576299589127), (18, 9.234951721737161e-05), (19, 0.00014495062350761145), (20, 0.00011363576777512208), (21, 0.00021730674779973924), (22, 0.00011458354856586084), (23, 0.00013406256039161235), (24, 0.00026961768162436783), (25, 7.68330501159653e-05), (26, 0.00015007698675617576), (27, 0.00011741965863620862), (28, 0.00012796481314580888), (29, 9.639505879022181e-05), (30, 0.00011858261859742925), (31, 0.00016838277224451303), (32, 0.0002034934441326186), (33, 9.425740427104756e-05), (34, 0.000173265187186189), (35, 0.00018447138427291065), (36, 0.00014655188715551049), (37, 0.00013032028800807893), (38, 0.0001556550123495981), (39, 0.00013671917258761823), (40, 0.00015940744196996093), (41, 0.00012823785073123872), (42, 0.00011620099394349381), (43, 0.00015745419659651816), (44, 9.973725536838174e-05), (45, 0.00017441909585613757), (46, 0.00017092637426685542), (47, 0.00013916852185502648), (48, 8.131506911013275e-05), (0, 0.00014392535376828164), (1, 9.8298660304863e-05), (2, 9.084850898943841e-05), (3, 0.0001146109207184054), (4, 0.00012864106975030154), (5, 0.0001290323125431314), (6, 0.00011174946848768741), (7, 7.586686842842028e-05), (8, 0.0001552155736135319), (9, 8.223664190154523e-05), (10, 0.00012797214731108397), (11, 0.00011977795657003298), (12, 0.00015859406266827136), (13, 8.497590170009062e-05), (14, 8.152202644851059e-05), (15, 9.151763515546918e-05), (16, 0.00012463793973438442), (17, 8.635679841972888e-05), (18, 0.00012598880857694894), (19, 7.689863559789956e-05), (20, 8.94194163265638e-05), (21, 9.442932059755549e-05), (22, 0.00014430430019274354), (23, 7.579861994599923e-05), (24, 0.00010377208673162386), (25, 0.00011618414282565936), (26, 0.0001047443292918615), (27, 7.950272265588865e-05), (28, 7.579702651128173e-05), (29, 0.0001108520373236388), (30, 9.284581756219268e-05), (31, 0.00010386384383309633), (32, 8.29491182230413e-05), (33, 8.042110857786611e-05), (34, 0.000105297687696293), (35, 9.130513353738934e-05), (36, 7.177397492341697e-05), (37, 7.336265844060108e-05), (38, 7.56902591092512e-05), (39, 8.66030968609266e-05), (40, 0.00010631589248077944), (41, 8.7544227426406e-05), (42, 7.614370406372473e-05), (43, 9.739778761286288e-05), (44, 9.691934246802703e-05), (45, 7.095128239598125e-05), (46, 6.295526691246778e-05), (47, 0.00010258617112413049), (48, 7.471401477232575e-05), (0, 9.174875594908372e-05), (1, 8.48781710374169e-05), (2, 8.113819785648957e-05), (3, 6.314004713203758e-05), (4, 6.572499842150137e-05), (5, 8.07753749541007e-05), (6, 6.339376705000177e-05), (7, 5.675030843121931e-05), (8, 8.003178663784638e-05), (9, 7.329154323088005e-05), (10, 8.904435526346788e-05), (11, 8.285298099508509e-05), (12, 9.339470125269145e-05), (13, 7.316194387385622e-05), (14, 0.00010565682896412909), (15, 4.471850115805864e-05), (16, 8.663436165079474e-05), (17, 8.552389044780284e-05), (18, 9.020815923577175e-05), (19, 7.009046385064721e-05), (20, 5.494476863532327e-05), (21, 7.653147622477263e-05), (22, 7.92551800259389e-05), (23, 8.182496821973473e-05), (24, 4.613277633325197e-05), (25, 5.9735739341704175e-05), (26, 7.6341450039763e-05), (27, 7.160700624808669e-05), (28, 6.566350202774629e-05), (29, 6.738770025549456e-05), (30, 6.228654820006341e-05), (31, 5.297374809742905e-05), (32, 5.732666249969043e-05), (33, 6.725190905854106e-05), (34, 4.90362144773826e-05), (35, 6.496499554486945e-05), (36, 4.555212217383087e-05), (37, 4.6441153244813904e-05), (38, 3.766144800465554e-05), (39, 0.00011001001257682219), (40, 6.952322291908786e-05), (41, 5.3757408750243485e-05), (42, 5.379854701459408e-05), (43, 6.138678872957826e-05), (44, 7.7432683610823e-05), (45, 5.9267578762955964e-05), (46, 4.471754073165357e-05), (47, 6.665213004453108e-05), (48, 8.658948354423046e-05), (0, 6.265440606512129e-05), (1, 4.402913691592403e-05), (2, 5.664186392095871e-05), (3, 4.3907402869081125e-05), (4, 5.266409425530583e-05), (5, 5.025002974434756e-05), (6, 4.622925189323723e-05), (7, 7.906337850727141e-05), (8, 5.126929681864567e-05), (9, 6.216292240424082e-05), (10, 4.8456877266289666e-05), (11, 4.216986781102605e-05), (12, 6.337431841529906e-05), (13, 4.658993202610873e-05), (14, 4.9103768105851486e-05), (15, 4.9005324399331585e-05), (16, 5.4043652198743075e-05), (17, 7.98059263615869e-05), (18, 7.567890133941546e-05), (19, 6.240524089662358e-05), (20, 5.839533332618885e-05), (21, 6.291062891250476e-05), (22, 6.280429079197347e-05), (23, 4.134291157242842e-05), (24, 5.452261393656954e-05), (25, 7.330780499614775e-05), (26, 5.738036270486191e-05), (27, 4.879704283666797e-05), (28, 6.11711002420634e-05), (29, 4.317472848924808e-05), (30, 3.920402014045976e-05), (31, 5.465333742904477e-05), (32, 4.333678589318879e-05), (33, 4.9273305194219574e-05), (34, 6.284166738623753e-05), (35, 5.4801559599582106e-05), (36, 5.1259223255328834e-05), (37, 5.262604099698365e-05), (38, 5.7330118579557166e-05), (39, 4.724850077764131e-05), (40, 4.41601914644707e-05), (41, 5.857982614543289e-05), (42, 3.509060843498446e-05), (43, 3.433643723838031e-05), (44, 5.2866806072415784e-05), (45, 3.8067297282395884e-05), (46, 4.075321339769289e-05), (47, 5.8080171584151685e-05), (48, 5.085023076389916e-05), (0, 4.975930642103776e-05), (1, 4.004198490292765e-05), (2, 4.646176967071369e-05), (3, 3.3758908102754503e-05), (4, 3.861126606352627e-05), (5, 5.356732799555175e-05), (6, 4.4602365960599855e-05), (7, 3.627633486757986e-05), (8, 5.8486137277213857e-05), (9, 6.114234565757215e-05), (10, 3.301310061942786e-05), (11, 3.737172664841637e-05), (12, 2.726799539232161e-05), (13, 2.7050531571148895e-05), (14, 3.552293492248282e-05), (15, 4.6125598601065576e-05), (16, 4.367084693512879e-05), (17, 3.732261393452063e-05), (18, 4.65630364487879e-05), (19, 4.6867309720255435e-05), (20, 2.8654676498263143e-05), (21, 4.662184073822573e-05), (22, 4.8758145567262545e-05), (23, 3.312170156277716e-05), (24, 3.88937332900241e-05), (25, 2.5762192308320664e-05), (26, 2.734984809649177e-05), (27, 2.3815278836991638e-05), (28, 3.1346920877695084e-05), (29, 2.8873620976810344e-05), (30, 3.091541657340713e-05), (31, 4.3982156057609245e-05), (32, 4.4864093069918454e-05), (33, 4.4955744670005515e-05), (34, 3.1301122362492606e-05), (35, 5.650578532367945e-05), (36, 3.262799509684555e-05), (37, 3.6553818063111976e-05), (38, 2.8649385058088228e-05), (39, 2.6468842406757176e-05), (40, 4.084052125108428e-05), (41, 3.294925772934221e-05), (42, 5.230943133938126e-05), (43, 3.515766002237797e-05), (44, 4.272312071407214e-05), (45, 2.885510002670344e-05), (46, 3.4521719499025494e-05), (47, 3.2714866392780095e-05), (48, 2.3299469830817543e-05), (0, 5.385177064454183e-05), (1, 1.7882233805721626e-05), (2, 3.640045542852022e-05), (3, 5.0225964514538646e-05), (4, 3.5804430808639154e-05), (5, 2.0922627300024033e-05), (6, 3.203539745300077e-05), (7, 2.2085157979745418e-05), (8, 2.265466537210159e-05), (9, 3.707973155542277e-05), (10, 4.7835692384978756e-05), (11, 2.3921234969748184e-05), (12, 3.5562668927013874e-05), (13, 3.295500937383622e-05), (14, 2.3933869670145214e-05), (15, 2.2526730390382e-05), (16, 3.0410248655243777e-05), (17, 3.484451735857874e-05), (18, 3.3696574973873794e-05), (19, 3.269097942393273e-05), (20, 2.672264054126572e-05), (21, 3.409410055610351e-05), (22, 2.8406735509634018e-05), (23, 4.129692024434917e-05), (24, 4.2137427954003215e-05), (25, 2.0862151359324344e-05), (26, 2.7711801521945745e-05), (27, 2.0870482330792584e-05), (28, 2.242001937702298e-05), (29, 2.8617219868465327e-05), (30, 2.167121238016989e-05), (31, 2.0901125026284717e-05), (32, 1.894958950288128e-05), (33, 3.792154529946856e-05), (34, 2.1155901777092367e-05), (35, 2.4451277568005025e-05), (36, 2.7669408154906705e-05), (37, 3.318715971545316e-05), (38, 2.262751331727486e-05), (39, 2.7222500648349524e-05), (40, 2.728732033574488e-05), (41, 2.8291822673054412e-05), (42, 4.232089486322366e-05), (43, 2.911870069510769e-05), (44, 2.1222414943622425e-05), (45, 2.7951546144322492e-05), (46, 2.2238293240661733e-05), (47, 3.4009888622676954e-05), (48, 3.0234070436563343e-05), (0, 2.657641925907228e-05), (1, 2.991385554196313e-05), (2, 4.029117553727701e-05), (3, 2.4089131329674274e-05), (4, 1.47176870086696e-05), (5, 2.7795502319349907e-05), (6, 2.6388939659227617e-05), (7, 2.9650442229467444e-05), (8, 2.011406650126446e-05), (9, 2.3688131477683783e-05), (10, 3.198787453584373e-05), (11, 2.6434072424308397e-05), (12, 4.730159344035201e-05), (13, 2.9087988878018223e-05), (14, 2.732918073888868e-05), (15, 2.6660849471227266e-05), (16, 2.4297405616380274e-05), (17, 2.5762261429918e-05), (18, 2.48346223088447e-05), (19, 2.5218492737622e-05), (20, 2.9657301638508216e-05), (21, 2.0723182387882844e-05), (22, 2.7825648430734873e-05), (23, 2.113438858941663e-05), (24, 1.9985292965429835e-05), (25, 1.987256655411329e-05), (26, 2.1524680050788447e-05), (27, 2.109558045049198e-05), (28, 2.7061612854595296e-05), (29, 1.7256330465897918e-05), (30, 1.7258069419767708e-05), (31, 2.19332523556659e-05), (32, 1.6520665667485446e-05), (33, 1.5304007320082746e-05), (34, 2.1361656763474457e-05), (35, 2.8523299988592044e-05), (36, 1.790337046259083e-05), (37, 2.4514076358173043e-05), (38, 2.9202283258200623e-05), (39, 2.585344554972835e-05), (40, 1.7736174413585104e-05), (41, 2.6312216505175456e-05), (42, 1.648261968512088e-05), (43, 1.9739796698559076e-05), (44, 2.2335623725666665e-05), (45, 1.5773217455716804e-05), (46, 2.6865080144489184e-05), (47, 1.7576676327735186e-05), (48, 2.417911855445709e-05), (0, 1.7519425455247983e-05), (1, 3.154367732349783e-05), (2, 1.932992017827928e-05), (3, 1.0954453500744421e-05), (4, 2.361882980039809e-05), (5, 2.083712570311036e-05), (6, 2.168918763345573e-05), (7, 3.0619645258411765e-05), (8, 1.2594373401952907e-05), (9, 1.6655772924423218e-05), (10, 3.285817365394905e-05), (11, 2.1754494810011238e-05), (12, 2.1405110601335764e-05), (13, 1.3495276107278187e-05), (14, 1.535894443804864e-05), (15, 2.4242044673883356e-05), (16, 1.656026506680064e-05), (17, 1.5731793610029854e-05), (18, 1.6959067579591647e-05), (19, 2.6465837436262518e-05), (20, 2.4862407371983863e-05), (21, 2.1122745238244534e-05), (22, 1.8804727005772293e-05), (23, 1.519851230114e-05), (24, 2.056599078059662e-05), (25, 2.6136900487472303e-05), (26, 1.715576581773348e-05), (27, 2.3073262127581984e-05), (28, 1.4830779946350958e-05), (29, 1.6091307770693675e-05), (30, 1.3929047781857662e-05), (31, 2.6854173484025523e-05), (32, 1.9025954316020943e-05), (33, 1.9770954168052413e-05), (34, 2.211838000221178e-05), (35, 1.711021104711108e-05), (36, 1.7118043615482748e-05), (37, 2.0003795725642703e-05), (38, 2.4124323317664675e-05), (39, 1.7613869204069488e-05), (40, 1.449560295441188e-05), (41, 2.596890044515021e-05), (42, 2.3658429199713282e-05), (43, 1.6199277524719946e-05), (44, 2.3866370611358434e-05), (45, 1.6628215234959498e-05), (46, 1.348812111245934e-05), (47, 1.9999686628580093e-05), (48, 2.4033384761423804e-05), (0, 1.6166306522791274e-05), (1, 1.8760447346721776e-05), (2, 1.3359611330088228e-05), (3, 1.6932108337641694e-05), (4, 1.7442138414480723e-05), (5, 1.648163924983237e-05), (6, 2.3575459636049345e-05), (7, 1.3981780284666456e-05), (8, 1.799266283342149e-05), (9, 2.9372484277701005e-05), (10, 1.6633835912216455e-05), (11, 1.949777106347028e-05), (12, 1.4754502444702666e-05), (13, 1.605492980161216e-05), (14, 1.1674987945298199e-05), (15, 1.604614226380363e-05), (16, 1.7542772184242494e-05), (17, 2.2770589566789567e-05), (18, 1.958249595190864e-05), (19, 1.742110907798633e-05), (20, 1.6112704543047585e-05), (21, 1.7416494301869534e-05), (22, 1.4881524293741677e-05), (23, 1.937068736879155e-05), (24, 1.8776030628941953e-05), (25, 1.2189298104203772e-05), (26, 1.5107993021956645e-05), (27, 2.0539993784041144e-05), (28, 1.2961048923898488e-05), (29, 2.0854487956967205e-05), (30, 1.875841735454742e-05), (31, 2.3292226615012623e-05), (32, 1.711882032395806e-05), (33, 1.779439116944559e-05), (34, 1.7384438251610845e-05), (35, 1.3510766621038783e-05), (36, 2.2008382075000554e-05), (37, 2.1472424123203382e-05), (38, 1.7915917851496488e-05), (39, 2.248626151413191e-05), (40, 1.454229095543269e-05), (41, 1.8391618141322397e-05), (42, 1.2187319043732714e-05), (43, 1.3341299563762732e-05), (44, 1.3233182471594773e-05), (45, 1.6238729585893452e-05), (46, 1.756404344632756e-05), (47, 1.1374198038538452e-05), (48, 1.4177896446199156e-05), (0, 1.4470682799583301e-05), (1, 2.971906360471621e-05), (2, 1.583267658133991e-05), (3, 1.0085338544740807e-05), (4, 1.352429262624355e-05), (5, 1.4012210158398375e-05), (6, 1.3786829185846727e-05), (7, 1.4699391613248736e-05), (8, 1.1439728950790595e-05), (9, 2.0274126654840074e-05), (10, 1.2876816072093789e-05), (11, 1.1245238965784665e-05), (12, 1.7774182197172195e-05), (13, 1.3673070498043671e-05), (14, 9.714537554827984e-06), (15, 1.4844620636722539e-05), (16, 1.3489725461113267e-05), (17, 2.0741428670589812e-05), (18, 1.1641740456980187e-05), (19, 1.0785897757159546e-05), (20, 1.6867779777385294e-05), (21, 1.764771695889067e-05), (22, 2.19174016820034e-05), (23, 1.0618412488838658e-05), (24, 1.6223690181504935e-05), (25, 9.631470675230958e-06), (26, 1.0324118193238974e-05), (27, 1.6267284081550315e-05), (28, 9.367347047373187e-06), (29, 1.4072476005821954e-05), (30, 1.9864761270582676e-05), (31, 1.4520644072035793e-05), (32, 1.6386524293920957e-05), (33, 1.33590328914579e-05), (34, 1.4619190551456995e-05), (35, 1.0130004739039578e-05), (36, 1.4415267287404276e-05), (37, 7.01296494298731e-06), (38, 2.1380266844062135e-05), (39, 1.754228833306115e-05), (40, 1.942261769727338e-05), (41, 1.046444504027022e-05), (42, 1.239411903952714e-05), (43, 9.117988156503998e-06), (44, 1.7711909094941802e-05), (45, 1.2823379620385822e-05), (46, 1.756181154632941e-05), (47, 1.5144979442993645e-05), (48, 1.1478714441182092e-05), (0, 1.4894721971359104e-05), (1, 1.806390173442196e-05), (2, 1.0414876669528894e-05), (3, 9.19258309295401e-06), (4, 8.081278792815283e-06), (5, 1.2325218449404929e-05), (6, 1.7438553186366335e-05), (7, 1.3757022315985523e-05), (8, 2.036835576291196e-05), (9, 1.7398140698787756e-05), (10, 1.4662210560345557e-05), (11, 1.0402237421658356e-05), (12, 1.0840075447049458e-05), (13, 1.4461569662671536e-05), (14, 1.2861178220191505e-05), (15, 1.0944815585389733e-05), (16, 1.5567811715300195e-05), (17, 1.350778984487988e-05), (18, 1.3112735359754879e-05), (19, 1.0125497283297591e-05), (20, 1.4349395314638969e-05), (21, 1.1312455171719193e-05), (22, 1.1788953997893259e-05), (23, 1.1947392522415612e-05), (24, 1.287402574234875e-05), (25, 1.1624879334704019e-05), (26, 9.135232176049612e-06), (27, 1.4101838132773992e-05), (28, 1.0417034900456201e-05), (29, 1.600228097231593e-05), (30, 1.5002707186795305e-05), (31, 1.6500413039466366e-05), (32, 1.3340348232304677e-05), (33, 7.9903347796062e-06), (34, 9.830017916101497e-06), (35, 1.1485444701975212e-05), (36, 1.1772229299822357e-05), (37, 1.2841262105212081e-05), (38, 9.215018508257344e-06), (39, 6.967502940824488e-06), (40, 1.1044401617255062e-05), (41, 1.2182181308162399e-05), (42, 1.5156589142861776e-05), (43, 1.7379237760906108e-05), (44, 1.1482204172352795e-05), (45, 9.466587471251842e-06), (46, 2.269397009513341e-05), (47, 1.175148099719081e-05), (48, 9.539289749227464e-06), (0, 1.1893829650944099e-05), (1, 1.1006410204572603e-05), (2, 1.0232176464342047e-05), (3, 1.2668611816479824e-05), (4, 1.2546079233288765e-05), (5, 1.1929318134207278e-05), (6, 1.163320575869875e-05), (7, 9.417726687388495e-06), (8, 1.7149846826214343e-05), (9, 1.1648840882116929e-05), (10, 1.0994367585226428e-05), (11, 1.7741771443979815e-05), (12, 1.2065519513271283e-05), (13, 1.3547667549573816e-05), (14, 1.0417796147521585e-05), (15, 7.151943464123178e-06), (16, 7.883184480306227e-06), (17, 9.484127076575533e-06), (18, 1.4423534594243392e-05), (19, 1.2433846677595284e-05), (20, 2.029574716289062e-05), (21, 1.2173197319498286e-05), (22, 7.898858711996581e-06), (23, 1.011584208754357e-05), (24, 1.0076333637698554e-05), (25, 1.0322190064471215e-05), (26, 8.956431884143967e-06), (27, 1.5177348359429743e-05), (28, 5.881615379621508e-06), (29, 1.217071167047834e-05), (30, 1.2621001587831415e-05), (31, 1.106085710489424e-05), (32, 1.094451636163285e-05), (33, 1.1284918400633615e-05), (34, 8.525395969627425e-06), (35, 1.227034954354167e-05), (36, 7.424184786941623e-06), (37, 1.0752700291050132e-05), (38, 1.2021735528833233e-05), (39, 7.676539098611102e-06), (40, 1.274174155696528e-05), (41, 6.6174088715342805e-06), (42, 1.1020893907698337e-05), (43, 8.615360457042698e-06), (44, 8.00095858721761e-06), (45, 1.0792090506583918e-05), (46, 1.0629521966620814e-05), (47, 1.044061627908377e-05), (48, 8.301769412355497e-06), (0, 1.042746316670673e-05), (1, 1.373708619212266e-05), (2, 9.867486369330436e-06), (3, 6.719802513543982e-06), (4, 1.1187957170477603e-05), (5, 8.810044164420106e-06), (6, 7.227959940792061e-06), (7, 9.542635780235287e-06), (8, 1.1855794582515955e-05), (9, 1.289310966967605e-05), (10, 1.1192119018232916e-05), (11, 1.2794484064215794e-05), (12, 8.227755643019918e-06), (13, 1.0105057299369946e-05), (14, 1.4192037269822322e-05), (15, 9.989591490011662e-06), (16, 1.1166190233780071e-05), (17, 7.874084985814989e-06), (18, 1.146721751865698e-05), (19, 1.3666242921317462e-05), (20, 8.484994395985268e-06), (21, 1.3914839655626565e-05), (22, 1.2855924069299363e-05), (23, 5.506132310983958e-06), (24, 8.387909474549815e-06), (25, 1.0017722161137499e-05), (26, 1.140877247962635e-05), (27, 8.260694812634028e-06), (28, 9.907073945214506e-06), (29, 9.45336159929866e-06), (30, 1.3878086974727921e-05), (31, 9.483318535785656e-06), (32, 6.525887783936923e-06), (33, 9.257808414986357e-06), (34, 8.413899195147678e-06), (35, 9.193498044623993e-06), (36, 9.411694918526337e-06), (37, 5.4285819715005346e-06), (38, 7.0231312747637276e-06), (39, 1.1102823918918148e-05), (40, 7.631622793269344e-06), (41, 1.3276011486595962e-05), (42, 6.569274319190299e-06), (43, 8.583600902056787e-06), (44, 7.170668141043279e-06), (45, 7.770156116748694e-06), (46, 8.983044608612545e-06), (47, 1.0986754205077887e-05), (48, 9.573315765010193e-06), (0, 8.76731974130962e-06), (1, 6.767783816030715e-06), (2, 1.0379899322288111e-05), (3, 6.594460955966497e-06), (4, 7.209702744148672e-06), (5, 1.0015642146754544e-05), (6, 8.584080205764621e-06), (7, 7.348144208663143e-06), (8, 1.0748751265055034e-05), (9, 6.482312983280281e-06), (10, 8.45591421239078e-06), (11, 6.24005815552664e-06), (12, 5.687213160854299e-06), (13, 1.0212725101155229e-05), (14, 7.616725270054303e-06), (15, 9.895539733406622e-06), (16, 1.065384094545152e-05), (17, 9.519231753074564e-06), (18, 1.0380152161815204e-05), (19, 8.947283276938833e-06), (20, 8.681794497533701e-06), (21, 6.4041814766824245e-06), (22, 1.0927684343187138e-05), (23, 8.757082468946464e-06), (24, 8.541889656044077e-06), (25, 9.049934305949137e-06), (26, 1.0494331036170479e-05), (27, 6.447597570513608e-06), (28, 9.956576832337305e-06), (29, 1.0327042218705174e-05), (30, 1.2916862942802254e-05), (31, 7.026140792731894e-06), (32, 6.959960046515334e-06), (33, 6.425072569982149e-06), (34, 1.1689254279190209e-05), (35, 8.901904948288575e-06), (36, 8.892526238923892e-06), (37, 5.256354143057251e-06), (38, 7.41243547963677e-06), (39, 9.828207112150267e-06), (40, 7.148337317630649e-06), (41, 1.3272016985865775e-05), (42, 1.139997948484961e-05), (43, 8.537119356333278e-06), (44, 1.0251894309476484e-05), (45, 7.596418072353117e-06), (46, 4.704498223873088e-06), (47, 8.701188562554307e-06), (48, 1.1414277651056182e-05), (0, 1.2047271411574911e-05), (1, 7.517459380323999e-06), (2, 7.251581337186508e-06), (3, 5.879172022105195e-06), (4, 7.108093541319249e-06), (5, 7.7364557000692e-06), (6, 6.486953225248726e-06), (7, 7.540187198173953e-06), (8, 8.607550626038574e-06), (9, 7.882917998358607e-06), (10, 7.97921802586643e-06), (11, 7.5532234404818155e-06), (12, 1.0010639925894793e-05), (13, 4.913895281788427e-06), (14, 8.790074389253277e-06), (15, 7.697304681641981e-06), (16, 7.198517778306268e-06), (17, 9.770672477316111e-06), (18, 6.612978268094594e-06), (19, 1.0986807865265291e-05), (20, 6.713683887937805e-06), (21, 8.08054392109625e-06), (22, 1.2532067557913251e-05), (23, 9.283651706937235e-06), (24, 6.052439402992604e-06), (25, 8.732553396839648e-06), (26, 8.685037755640224e-06), (27, 6.7406722337182146e-06), (28, 6.833421139162965e-06), (29, 5.385802978707943e-06), (30, 8.719833203940652e-06), (31, 9.390520972374361e-06), (32, 6.698550350847654e-06), (33, 5.521516413864447e-06), (34, 4.813835403183475e-06), (35, 7.063998964440543e-06), (36, 1.0483362530067097e-05), (37, 8.145670108206104e-06), (38, 1.1102336429757997e-05), (39, 6.393261173798237e-06), (40, 6.123662387835793e-06), (41, 7.446007657563314e-06), (42, 7.206901955214562e-06), (43, 7.5254101830068976e-06), (44, 8.543060175725259e-06), (45, 9.118372872762848e-06), (46, 7.150131750677247e-06), (47, 6.620279691560427e-06), (48, 7.717712833255064e-06), (0, 8.270794751297217e-06), (1, 5.4768102017987985e-06), (2, 7.552428996859817e-06), (3, 8.150111170834862e-06), (4, 6.956910965527641e-06), (5, 1.0185030077991541e-05), (6, 5.630321084026946e-06), (7, 8.722696293261833e-06), (8, 5.729420990974177e-06), (9, 7.87822045822395e-06), (10, 7.856727279431652e-06), (11, 7.938333510537632e-06), (12, 7.592212114104768e-06), (13, 5.274889190332033e-06), (14, 7.734896826150361e-06), (15, 5.087853423901834e-06), (16, 5.863048045284813e-06), (17, 6.3934794525266625e-06), (18, 6.704460702167125e-06), (19, 7.668230864510406e-06), (20, 5.307856099534547e-06), (21, 6.664378361165291e-06), (22, 8.478007657686248e-06), (23, 5.238639005256118e-06), (24, 6.559814664797159e-06), (25, 4.2345568544988055e-06), (26, 7.65960430726409e-06), (27, 7.553270734206308e-06), (28, 6.882972229504958e-06), (29, 7.153982096497202e-06), (30, 6.4922264755296055e-06), (31, 7.928348168206867e-06), (32, 5.863783371751197e-06), (33, 5.980349214951275e-06), (34, 5.3319781727623194e-06), (35, 5.754824996984098e-06), (36, 6.240421953407349e-06), (37, 6.2933545450505335e-06), (38, 8.239479939220473e-06), (39, 9.174891602015123e-06), (40, 5.81188578507863e-06), (41, 8.346442882611882e-06), (42, 7.675435881537851e-06), (43, 8.865309609973338e-06), (44, 1.0065659807878546e-05), (45, 6.541366474266397e-06), (46, 6.239528829610208e-06), (47, 9.41912003327161e-06), (48, 4.836286734644091e-06), (0, 7.687503966735676e-06), (1, 5.266542302706512e-06), (2, 6.446815859817434e-06), (3, 6.219550414243713e-06), (4, 8.737533789826557e-06), (5, 7.70339829614386e-06), (6, 1.0005843250837643e-05), (7, 8.662101208756212e-06), (8, 5.279686320136534e-06), (9, 6.3290099205914885e-06), (10, 5.286151463224087e-06), (11, 9.681515621196013e-06), (12, 7.2675570663705e-06), (13, 6.897910679981578e-06), (14, 6.086707799113356e-06), (15, 4.991263722331496e-06), (16, 4.301360149838729e-06), (17, 5.850868546986021e-06), (18, 6.1415171330736484e-06), (19, 4.9460613809060305e-06), (20, 5.851364676345838e-06), (21, 5.009596861782484e-06), (22, 7.4237473199900705e-06), (23, 1.0429731446492951e-05), (24, 6.565901003341423e-06), (25, 4.2272872633475345e-06), (26, 6.274475708778482e-06), (27, 7.15742316970136e-06), (28, 4.593471658154158e-06), (29, 4.611684289557161e-06), (30, 7.41047097108094e-06), (31, 4.485203589865705e-06), (32, 7.837869816285092e-06), (33, 8.82502536114771e-06), (34, 5.672759925801074e-06), (35, 6.5895355874090455e-06), (36, 6.023170044500148e-06), (37, 6.215841494849883e-06), (38, 5.0817257033486385e-06), (39, 4.599849489750341e-06), (40, 6.349182058329461e-06), (41, 5.723876711272169e-06), (42, 3.9268079490284435e-06), (43, 5.784126642538467e-06), (44, 4.822171831619926e-06), (45, 6.374262738972902e-06), (46, 7.4860222412098665e-06), (47, 7.492973054468166e-06), (48, 5.5541609071951825e-06), (0, 7.241319963213755e-06), (1, 5.418399723566836e-06), (2, 6.58687531540636e-06), (3, 9.120216418523341e-06), (4, 7.06661376170814e-06), (5, 4.629763225239003e-06), (6, 6.883351034048246e-06), (7, 4.756978796649491e-06), (8, 4.934520802635234e-06), (9, 4.463707227841951e-06), (10, 5.5387286010954995e-06), (11, 6.339842911984306e-06), (12, 8.344181878783274e-06), (13, 7.184038622654043e-06), (14, 7.932545486255549e-06), (15, 6.48885315968073e-06), (16, 6.048183877283009e-06), (17, 3.7118979889783077e-06), (18, 4.606277343555121e-06), (19, 4.9014702199201565e-06), (20, 4.32528668170562e-06), (21, 8.16789088275982e-06), (22, 4.9401896831113845e-06), (23, 5.5892678574309684e-06), (24, 6.4791693148436025e-06), (25, 5.5991649787756614e-06), (26, 5.341687483451096e-06), (27, 4.917609203403117e-06), (28, 6.1467558225558605e-06), (29, 4.776409696205519e-06), (30, 3.896352609444875e-06), (31, 5.517443696589908e-06), (32, 4.030764557683142e-06), (33, 9.033574315253645e-06), (34, 6.40622101855115e-06), (35, 7.6225674092711415e-06), (36, 3.943813680962194e-06), (37, 3.863971414830303e-06), (38, 3.9029764593578875e-06), (39, 3.608229462770396e-06), (40, 7.96559834270738e-06), (41, 4.64465892946464e-06), (42, 5.660091574100079e-06), (43, 2.7783132736658445e-06), (44, 7.422928320011124e-06), (45, 4.302177785575623e-06), (46, 6.308652245934354e-06), (47, 6.193580247781938e-06), (48, 6.236832177819451e-06), (0, 4.590250227920478e-06), (1, 6.2543344938603695e-06), (2, 4.782754331245087e-06), (3, 6.931112693564501e-06), (4, 4.437270945345517e-06), (5, 4.63759488411597e-06), (6, 5.319207048160024e-06), (7, 4.65088123746682e-06), (8, 6.971338279981865e-06), (9, 5.623003744403832e-06), (10, 4.918131253361935e-06), (11, 5.2326499826449435e-06), (12, 5.771264113718644e-06), (13, 4.5019319259154145e-06), (14, 6.810004833823768e-06), (15, 3.815093805314973e-06), (16, 5.815248641738435e-06), (17, 4.091605205758242e-06), (18, 4.2341121115896385e-06), (19, 4.546815944195259e-06), (20, 6.137645868875552e-06), (21, 9.145000149146654e-06), (22, 4.761167019751156e-06), (23, 7.976882443472277e-06), (24, 6.1144646679167636e-06), (25, 3.828018179774517e-06), (26, 8.702843842911534e-06), (27, 6.3156398937280755e-06), (28, 5.556173164222855e-06), (29, 5.007673735235585e-06), (30, 3.7484458061953774e-06), (31, 5.064368451712653e-06), (32, 4.3697800720110536e-06), (33, 3.853316229651682e-06), (34, 4.976637228537584e-06), (35, 4.302238266973291e-06), (36, 4.548457127384609e-06), (37, 3.336362624395406e-06), (38, 5.7317647588206455e-06), (39, 3.2836178434081376e-06), (40, 5.266249445412541e-06), (41, 5.8820401136472356e-06), (42, 3.988071512139868e-06), (43, 5.689439603884239e-06), (44, 5.984885319776367e-06), (45, 5.155092821951257e-06), (46, 3.2606337754259584e-06), (47, 6.311674496828346e-06), (48, 4.82683208247181e-06), (0, 6.056058282410959e-06), (1, 7.14524458089727e-06), (2, 6.902177119627595e-06), (3, 4.329165221861331e-06), (4, 5.223156676947838e-06), (5, 4.056254965689732e-06), (6, 3.4197510103695095e-06), (7, 3.2458099212817615e-06), (8, 3.94443759432761e-06), (9, 7.2370476118521765e-06), (10, 7.674053449591156e-06), (11, 4.2530855353106745e-06), (12, 5.620636329695117e-06), (13, 2.662766519279103e-06), (14, 5.819367743242765e-06), (15, 4.8638444241078105e-06), (16, 3.3428016195102828e-06), (17, 4.585500391840469e-06), (18, 4.2947608562826645e-06), (19, 5.673141004081117e-06), (20, 6.445621238526655e-06), (21, 3.6811225072597153e-06), (22, 7.1979034146352205e-06), (23, 6.287572432484012e-06), (24, 5.746018814534182e-06), (25, 4.9590785238251556e-06), (26, 3.0604726362071233e-06), (27, 3.862897301587509e-06), (28, 4.813864961761283e-06), (29, 3.827693490165984e-06), (30, 5.483213499246631e-06), (31, 3.864714472001651e-06), (32, 5.8017658375320025e-06), (33, 4.508030997385504e-06), (34, 4.517761226452421e-06), (35, 5.9840276662725955e-06), (36, 3.883897534251446e-06), (37, 4.7361345423269086e-06), (38, 5.267575033940375e-06), (39, 3.2178190849663224e-06), (40, 4.618659659172408e-06), (41, 2.8310744255577447e-06), (42, 4.804190211871173e-06), (43, 3.6529036151478067e-06), (44, 4.730988621304277e-06), (45, 2.442710865580011e-06), (46, 5.012987458030693e-06), (47, 4.420149707584642e-06), (48, 3.3714336495904718e-06), (0, 3.200868150088354e-06), (1, 3.5461437164485687e-06), (2, 5.586711267824285e-06), (3, 2.70137775260082e-06), (4, 6.129635039542336e-06), (5, 4.3711379476008005e-06), (6, 3.9849533095548395e-06), (7, 4.507193807512522e-06), (8, 6.167200808704365e-06), (9, 6.497112735814881e-06), (10, 3.270589559178916e-06), (11, 4.835548224946251e-06), (12, 5.8371865634399e-06), (13, 5.008239440940088e-06), (14, 4.833292223338503e-06), (15, 3.703794845932862e-06), (16, 2.5910078420565696e-06), (17, 4.805833668797277e-06), (18, 2.9515911137423245e-06), (19, 2.7348107778379926e-06), (20, 5.064193373982562e-06), (21, 4.673346666095313e-06), (22, 3.4744018648780184e-06), (23, 2.47166076405847e-06), (24, 5.829730071127415e-06), (25, 4.742923010780942e-06), (26, 3.6805563468078617e-06), (27, 5.456307462736731e-06), (28, 2.350290969843627e-06), (29, 5.713294740417041e-06), (30, 7.448790256603388e-06), (31, 3.973427737946622e-06), (32, 4.550563062366564e-06), (33, 3.7143361169000855e-06), (34, 3.637688450908172e-06), (35, 5.201041858526878e-06), (36, 4.577535491989693e-06), (37, 4.668636393034831e-06), (38, 3.142710966130835e-06), (39, 3.4858621802413836e-06), (40, 6.263452178245643e-06), (41, 5.874772341485368e-06), (42, 4.127072770643281e-06), (43, 4.100034857401624e-06), (44, 5.4973857004370075e-06), (45, 4.846019237447763e-06), (46, 2.5429667402931955e-06), (47, 4.246343905833783e-06), (48, 4.198298029223224e-06), (0, 3.2459438443765976e-06), (1, 4.620194886229001e-06), (2, 3.7279687603586353e-06), (3, 2.6976379103871295e-06), (4, 3.914838998753112e-06), (5, 4.6586155804106966e-06), (6, 5.311531822371762e-06), (7, 3.1548249808110995e-06), (8, 4.295470716897398e-06), (9, 2.342704874536139e-06), (10, 4.715346676675836e-06), (11, 4.062144398631062e-06), (12, 6.074902557884343e-06), (13, 3.562931397027569e-06), (14, 5.230840542935766e-06), (15, 6.0555266827577725e-06), (16, 2.9813820674462477e-06), (17, 5.734435490012402e-06), (18, 2.7950552521360805e-06), (19, 3.378748033355805e-06), (20, 5.01221620652359e-06), (21, 4.546222044155002e-06), (22, 4.893702680419665e-06), (23, 4.679093308368465e-06), (24, 4.521963546721963e-06), (25, 4.184469617030118e-06), (26, 3.888125775119988e-06), (27, 3.909960014425451e-06), (28, 3.6431986245588632e-06), (29, 4.119893219467485e-06), (30, 4.786133558809524e-06), (31, 3.4573670291138114e-06), (32, 3.730652451849892e-06), (33, 3.0935427730582887e-06), (34, 3.625575345722609e-06), (35, 4.829778390558204e-06), (36, 2.4962118914118037e-06), (37, 5.165816219232511e-06), (38, 3.838600605376996e-06), (39, 2.4884229787858203e-06), (40, 3.7000882002757862e-06), (41, 7.062598797347164e-06), (42, 3.261471874793642e-06), (43, 2.9601051210192963e-06), (44, 3.5530867990019033e-06), (45, 2.850886858141166e-06), (46, 4.884185727860313e-06), (47, 4.233364506944781e-06), (48, 2.995951717821299e-06), (0, 3.144614083794295e-06), (1, 4.872635145147797e-06), (2, 4.791377705259947e-06), (3, 5.068626705906354e-06), (4, 3.099394007222145e-06), (5, 5.305496870278148e-06), (6, 3.1669906093156897e-06), (7, 4.795843778993003e-06), (8, 2.528629465814447e-06), (9, 4.344885383034125e-06), (10, 4.817048193217488e-06), (11, 2.9202494715718785e-06), (12, 1.6310442561007221e-06), (13, 3.825783551292261e-06), (14, 3.8225098251132295e-06), (15, 3.432493031141348e-06), (16, 5.3646931519324426e-06), (17, 3.877578365063528e-06), (18, 3.101787115156185e-06), (19, 3.1105205380299594e-06), (20, 3.2808636660774937e-06), (21, 3.295912392786704e-06), (22, 2.94846972792584e-06), (23, 3.3247345072595635e-06), (24, 3.220528924430255e-06), (25, 3.3085430004575755e-06), (26, 4.928723228658782e-06), (27, 3.745493813767098e-06), (28, 2.295754029546515e-06), (29, 2.526712478356785e-06), (30, 3.734375241037924e-06), (31, 2.8966637728444766e-06), (32, 4.7217795327014755e-06), (33, 4.16547482018359e-06), (34, 2.3107647848519264e-06), (35, 3.2026955523178913e-06), (36, 5.727193183702184e-06), (37, 5.0755857046169695e-06), (38, 3.2444484077132074e-06), (39, 3.893945631716633e-06), (40, 2.647937208166695e-06), (41, 3.10945119963435e-06), (42, 4.428727152117062e-06), (43, 6.256003416638123e-06), (44, 3.2663278943800833e-06), (45, 4.031932803627569e-06), (46, 2.335502585992799e-06), (47, 4.770399300468853e-06), (48, 2.5435490442760056e-06), (0, 3.913212822226342e-06), (1, 3.323142891531461e-06), (2, 3.543831780916662e-06), (3, 3.1181841677607736e-06), (4, 5.791961939394241e-06), (5, 2.856728087863303e-06), (6, 4.939790414937306e-06), (7, 2.8658482733590063e-06), (8, 3.5949935863754945e-06), (9, 2.860249878722243e-06), (10, 3.2584412110736594e-06), (11, 2.6171799163421383e-06), (12, 4.767151494888822e-06), (13, 2.046833287749905e-06), (14, 4.640945462597301e-06), (15, 2.1989853848936036e-06), (16, 2.5959272988984594e-06), (17, 3.457853154031909e-06), (18, 5.237990990281105e-06), (19, 3.2801372071844526e-06), (20, 3.054169383176486e-06), (21, 3.37960204888077e-06), (22, 3.535674750310136e-06), (23, 3.906745860149385e-06), (24, 2.5904182621161453e-06), (25, 2.278757619933458e-06), (26, 4.026302576676244e-06), (27, 2.9251552859932417e-06), (28, 4.911680207442259e-06), (29, 3.3470296330051497e-06), (30, 2.7991948172712e-06), (31, 5.198694452701602e-06), (32, 4.18643048760714e-06), (33, 4.484837518248241e-06), (34, 2.7997348297503777e-06), (35, 3.7135985166969476e-06), (36, 3.955797183152754e-06), (37, 4.266729774826672e-06), (38, 2.6353022803959902e-06), (39, 3.448924417170929e-06), (40, 2.5477900180703728e-06), (41, 2.989159611388459e-06), (42, 3.71616715710843e-06), (43, 3.0132653137115994e-06), (44, 3.1769127417646814e-06), (45, 2.206830231443746e-06), (46, 2.8984982236579526e-06), (47, 4.152816927671665e-06), (48, 1.9823451111733448e-06), (0, 4.310590156819671e-06), (1, 4.244368938088883e-06), (2, 3.498495743770036e-06), (3, 2.6976686058333144e-06), (4, 3.3068977245420683e-06), (5, 2.7149740162712988e-06), (6, 2.1984933482599445e-06), (7, 3.7475015233212616e-06), (8, 2.708081183300237e-06), (9, 2.3084619442670373e-06), (10, 2.3886254894023295e-06), (11, 1.9895037439709995e-06), (12, 4.582051587931346e-06), (13, 3.901665422745282e-06), (14, 3.015149331986322e-06), (15, 4.453616838873131e-06), (16, 1.7778697838366497e-06), (17, 2.9283153253345517e-06), (18, 2.847026962626842e-06), (19, 3.280514420112013e-06), (20, 2.8216695682203863e-06), (21, 1.8260120668855961e-06), (22, 6.227848189155338e-06), (23, 3.3209983030246804e-06), (24, 3.06068386635161e-06), (25, 2.9913935577496886e-06), (26, 3.1342360671260394e-06), (27, 2.8800909603887703e-06), (28, 3.4198458251921693e-06), (29, 4.172192802798236e-06), (30, 3.21721245200024e-06), (31, 3.4561205666250316e-06), (32, 4.172199624008499e-06), (33, 3.840638783003669e-06), (34, 2.2511903807753697e-06), (35, 4.14519627156551e-06), (36, 2.836699422914535e-06), (37, 4.109611381863942e-06), (38, 2.5714896310091717e-06), (39, 2.793643716358929e-06), (40, 3.2035995900514536e-06), (41, 3.5992986795463366e-06), (42, 2.6253796931996476e-06), (43, 3.088686526098172e-06), (44, 2.7888361273653572e-06), (45, 3.0100165986368665e-06), (46, 2.9899324545112904e-06), (47, 2.8491883767856052e-06), (48, 2.9127506877557607e-06), (0, 2.9511863886000356e-06), (1, 2.271510993523407e-06), (2, 1.5832343933652737e-06), (3, 2.957210199383553e-06), (4, 2.9354882826737594e-06), (5, 4.923116648569703e-06), (6, 3.6483543226495385e-06), (7, 2.6509567305765813e-06), (8, 3.1964048048394034e-06), (9, 3.2892539820750244e-06), (10, 2.406334715487901e-06), (11, 4.205055120110046e-06), (12, 3.3415051348129055e-06), (13, 2.4800788196444046e-06), (14, 3.771886667891522e-06), (15, 2.4566961656091735e-06), (16, 3.344474635014194e-06), (17, 2.958448021672666e-06), (18, 3.601747948778211e-06), (19, 3.1290912829717854e-06), (20, 2.721465079957852e-06), (21, 3.372364744791412e-06), (22, 4.4857861212221906e-06), (23, 3.8936841519898735e-06), (24, 1.7025446368279518e-06), (25, 2.976297992063337e-06), (26, 2.6929028535960242e-06), (27, 2.3622110347787384e-06), (28, 2.3826517008274095e-06), (29, 3.40582096214348e-06), (30, 2.6538382371654734e-06), (31, 2.9343586902541574e-06), (32, 2.3324212179431925e-06), (33, 3.0939565931475954e-06), (34, 2.7263386073173024e-06), (35, 4.344492481322959e-06), (36, 2.6288992103218334e-06), (37, 2.4377238787565148e-06), (38, 3.3269345749431523e-06), (39, 3.2905052194109885e-06), (40, 2.5504193672531983e-06), (41, 2.1923019630776253e-06), (42, 2.090959696943173e-06), (43, 1.742133463267237e-06), (44, 2.7978105663351016e-06), (45, 2.7416349439590704e-06), (46, 4.081949100509519e-06), (47, 2.981219040520955e-06), (48, 2.6103941763722105e-06), (0, 3.0291030270745978e-06), (1, 2.556435674705426e-06), (2, 3.186110916431062e-06), (3, 3.460789457676583e-06), (4, 4.161356173426611e-06), (5, 3.5215309708291898e-06), (6, 4.977893695468083e-06), (7, 2.0344682525319513e-06), (8, 3.40063206749619e-06), (9, 2.0094498722755816e-06), (10, 2.576030738055124e-06), (11, 2.3712100301054306e-06), (12, 3.712097168317996e-06), (13, 1.7987423461818253e-06), (14, 2.8080091851734323e-06), (15, 2.3531583792646416e-06), (16, 3.6558008105203044e-06), (17, 3.965165433328366e-06), (18, 2.7962562398897717e-06), (19, 2.320379053344368e-06), (20, 2.511497541490826e-06), (21, 2.2708322831022087e-06), (22, 3.208882617400377e-06), (23, 1.5774357962072827e-06), (24, 2.756779167611967e-06), (25, 2.2501144485431723e-06), (26, 2.365789441682864e-06), (27, 2.8774295515177073e-06), (28, 3.3775704650906846e-06), (29, 2.8878750981675694e-06), (30, 2.345999746466987e-06), (31, 3.812049726548139e-06), (32, 2.4477235456288327e-06), (33, 3.1014071737445192e-06), (34, 3.34638343701954e-06), (35, 1.816914164010086e-06), (36, 3.1845327157498104e-06), (37, 2.345409484405536e-06), (38, 2.761677251328365e-06), (39, 2.0584050162142375e-06), (40, 3.3144824556075037e-06), (41, 3.1545027923129965e-06), (42, 2.1209850729064783e-06), (43, 3.710467353812419e-06), (44, 3.174532821503817e-06), (45, 1.5700861695222557e-06), (46, 1.1694457953126403e-06), (47, 2.4446435418212786e-06), (48, 1.9074750525760464e-06), (0, 3.6701676435768604e-06), (1, 2.052830041066045e-06), (2, 2.5812655621848535e-06), (3, 2.9778530006296933e-06), (4, 2.3372201667370973e-06), (5, 1.966865283975494e-06), (6, 3.6325336623121984e-06), (7, 1.593038291503035e-06), (8, 2.28112867262098e-06), (9, 2.6392194740765262e-06), (10, 2.666255568328779e-06), (11, 2.47739103542699e-06), (12, 2.095855506922817e-06), (13, 2.282421974086901e-06), (14, 3.6047574667463778e-06), (15, 2.67867812908662e-06), (16, 2.496535671525635e-06), (17, 2.348275529584498e-06), (18, 2.9678519695153227e-06), (19, 2.645535232659313e-06), (20, 1.959665496542584e-06), (21, 2.977744088639156e-06), (22, 3.2354791983379982e-06), (23, 1.5240318589349044e-06), (24, 2.1727285002270946e-06), (25, 1.9180599792889552e-06), (26, 2.76363698503701e-06), (27, 2.517376060495735e-06), (28, 1.6434714780189097e-06), (29, 2.978911197715206e-06), (30, 2.9042678306723246e-06), (31, 4.4868838813272305e-06), (32, 2.468448428771808e-06), (33, 2.253788807138335e-06), (34, 2.1382077193266014e-06), (35, 3.6547035051626153e-06), (36, 3.055521119676996e-06), (37, 1.4191059563017916e-06), (38, 1.5409901834573247e-06), (39, 3.072157824135502e-06), (40, 2.4224639219028177e-06), (41, 4.242251634423155e-06), (42, 2.3115508156479336e-06), (43, 2.082536411762703e-06), (44, 1.7966908671951387e-06), (45, 2.7893506739928853e-06), (46, 2.9085306323395343e-06), (47, 3.060507879126817e-06), (48, 2.8555243716255063e-06), (0, 2.1228161131148227e-06), (1, 3.493789108688361e-06), (2, 2.386361984463292e-06), (3, 2.320746943951235e-06), (4, 2.9271641324157827e-06), (5, 1.5749224075989332e-06), (6, 2.669499053808977e-06), (7, 2.539869683459983e-06), (8, 2.649294401635416e-06), (9, 2.5561382699379465e-06), (10, 2.329820063096122e-06), (11, 2.349967871850822e-06), (12, 2.9513093977584504e-06), (13, 1.8957917973239091e-06), (14, 2.6463549147592857e-06), (15, 2.3552945549454307e-06), (16, 3.1652934922021814e-06), (17, 4.617575996235246e-06), (18, 1.2478517419367563e-06), (19, 2.0227455479471246e-06), (20, 1.8797708207785035e-06), (21, 1.4196649544828688e-06), (22, 2.9027539767412236e-06), (23, 1.525330731055874e-06), (24, 2.032110842264956e-06), (25, 2.1199407456151675e-06), (26, 1.545337681818637e-06), (27, 3.908214239345398e-06), (28, 2.9262678253871854e-06), (29, 2.293092165928101e-06), (30, 3.4445192795828916e-06), (31, 2.2414644718082855e-06), (32, 2.4568125809310004e-06), (33, 2.8617689622478792e-06), (34, 2.631409643072402e-06), (35, 2.1455095975397853e-06), (36, 2.6678649192035664e-06), (37, 2.300180540260044e-06), (38, 2.559688937253668e-06), (39, 2.3346779016719665e-06), (40, 2.3396250981022604e-06), (41, 1.90327295968018e-06), (42, 1.75807872437872e-06), (43, 3.4992378914466826e-06), (44, 2.191982275689952e-06), (45, 2.5370713956363034e-06), (46, 2.1840830868313788e-06), (47, 2.465440275045694e-06), (48, 1.9112767404294573e-06), (0, 1.658080009292462e-06), (1, 2.7900337045139167e-06), (2, 1.9256826817581896e-06), (3, 1.978571162908338e-06), (4, 2.0651809791161213e-06), (5, 1.7846519995146082e-06), (6, 3.0880080430506496e-06), (7, 1.6389521988458e-06), (8, 2.132478357452783e-06), (9, 1.2482350939535536e-06), (10, 2.3711986614216585e-06), (11, 2.1187192942306865e-06), (12, 2.6938766950479476e-06), (13, 1.3305827906151535e-06), (14, 2.08508186005929e-06), (15, 4.038963197672274e-06), (16, 1.6440395711470046e-06), (17, 1.9816063741018297e-06), (18, 2.6439770408615004e-06), (19, 2.687063442863291e-06), (20, 2.309120418431121e-06), (21, 2.745695610428811e-06), (22, 1.6645934692860465e-06), (23, 1.8502346392779145e-06), (24, 2.2637789243162842e-06), (25, 1.590143710927805e-06), (26, 1.5794698811077978e-06), (27, 2.451302407280309e-06), (28, 2.7311950816510944e-06), (29, 2.0256961761333514e-06), (30, 1.783762172635761e-06), (31, 4.48254377261037e-06), (32, 2.853514388334588e-06), (33, 3.3333024020976154e-06), (34, 2.0521638361969963e-06), (35, 1.8837004063243512e-06), (36, 1.3024946383666247e-06), (37, 1.9501553651934955e-06), (38, 2.47302295974805e-06), (39, 2.90115940515534e-06), (40, 2.355401420572889e-06), (41, 1.8136865946871694e-06), (42, 2.5976735287258634e-06), (43, 3.5346849927009316e-06), (44, 2.6641939712135354e-06), (45, 2.0948004930687603e-06), (46, 2.72859961114591e-06), (47, 2.25322719415999e-06), (48, 1.7011547015499673e-06), (0, 3.3753285606508143e-06), (1, 1.556578808958875e-06), (2, 1.9894478100468405e-06), (3, 2.161448037441005e-06), (4, 1.760531063155213e-06), (5, 2.8369659048621543e-06), (6, 2.0669447167165345e-06), (7, 1.9169324332324322e-06), (8, 1.9202373096049996e-06), (9, 2.0669119749072706e-06), (10, 2.0793129351659445e-06), (11, 2.520349198675831e-06), (12, 1.71901456269552e-06), (13, 1.4334523257275578e-06), (14, 2.8630304313992383e-06), (15, 1.5151972547755577e-06), (16, 2.0024915556859924e-06), (17, 1.947225882759085e-06), (18, 1.6551607586734463e-06), (19, 2.749222858255962e-06), (20, 2.0724276055261726e-06), (21, 2.1554037630266976e-06), (22, 1.7587715319677955e-06), (23, 2.283881940456922e-06), (24, 2.071271637760219e-06), (25, 2.137885303454823e-06), (26, 1.3903828630645876e-06), (27, 2.6803340915648732e-06), (28, 2.0713837329822127e-06), (29, 3.0291669190773973e-06), (30, 1.6086028153949883e-06), (31, 1.5960799828462768e-06), (32, 1.5017177474874188e-06), (33, 3.0659125513921026e-06), (34, 2.372698418184882e-06), (35, 2.5059960080398014e-06), (36, 1.538787273602793e-06), (37, 2.6489233277970925e-06), (38, 1.7598463273316156e-06), (39, 1.912374500534497e-06), (40, 2.489671487637679e-06), (41, 2.1639855276589515e-06), (42, 3.0653507110400824e-06), (43, 1.8014325178228319e-06), (44, 2.023641854975722e-06), (45, 1.955824245669646e-06), (46, 2.1612584077956853e-06), (47, 2.7048047286371e-06), (48, 1.8246822719447664e-06), (0, 2.54183782999462e-06), (1, 2.8196880066388985e-06), (2, 1.240871824848e-06), (3, 1.9094397885055514e-06), (4, 2.244692950625904e-06), (5, 1.3943332533017383e-06), (6, 2.756855110419565e-06), (7, 1.5792990097907023e-06), (8, 1.993204250538838e-06), (9, 1.560413920742576e-06), (10, 1.8700358168644016e-06), (11, 2.0969428078387864e-06), (12, 1.6134465568029555e-06), (13, 1.625375148250896e-06), (14, 1.6876214203875861e-06), (15, 2.1435034796013497e-06), (16, 2.09007316698262e-06), (17, 1.5883671267147292e-06), (18, 1.4196119764164905e-06), (19, 1.3304390904522734e-06), (20, 2.711410843403428e-06), (21, 2.9625987281178823e-06), (22, 1.9830999917758163e-06), (23, 1.6011988464015303e-06), (24, 2.3029899693938205e-06), (25, 2.0302582015574444e-06), (26, 1.705638851490221e-06), (27, 2.246597659905092e-06), (28, 1.938785089805606e-06), (29, 2.357991434109863e-06), (30, 2.788248139040661e-06), (31, 1.3468984434439335e-06), (32, 1.5173224028330878e-06), (33, 2.3617499209649395e-06), (34, 1.9392559806874488e-06), (35, 2.178438762712176e-06), (36, 1.6758018546170206e-06), (37, 2.003322833843413e-06), (38, 2.0010020307381637e-06), (39, 1.9847386738547357e-06), (40, 2.155772790501942e-06), (41, 1.6912988485273672e-06), (42, 1.6127253275044495e-06), (43, 1.9441158656263724e-06), (44, 2.0744621451740386e-06), (45, 2.3179852632893017e-06), (46, 3.5833788842865033e-06), (47, 1.3467303006109432e-06), (48, 1.6265812519122846e-06), (0, 1.4837424942015787e-06), (1, 2.0271606899768813e-06), (2, 1.5873800975896302e-06), (3, 2.3169950509327464e-06), (4, 2.469615537847858e-06), (5, 1.6459562175441533e-06), (6, 1.5102071984074428e-06), (7, 2.5924841793312225e-06), (8, 1.7130414562416263e-06), (9, 1.8674655848371913e-06), (10, 1.971201072592521e-06), (11, 1.9320766568853287e-06), (12, 1.0619443173709442e-06), (13, 2.365195314268931e-06), (14, 2.043276708718622e-06), (15, 1.2121549843868706e-06), (16, 2.7596363452175865e-06), (17, 1.2051785915900837e-06), (18, 2.793032308545662e-06), (19, 1.8385272824161802e-06), (20, 1.9618489659478655e-06), (21, 1.5799641914782114e-06), (22, 1.3979988580103964e-06), (23, 2.3424436221830547e-06), (24, 2.7743233204091666e-06), (25, 2.4371388462895993e-06), (26, 1.5031183693281491e-06), (27, 1.5131272448343225e-06), (28, 2.432022029097425e-06), (29, 2.5921428914443823e-06), (30, 1.4305628610600252e-06), (31, 2.0134516489633825e-06), (32, 2.2820804588263854e-06), (33, 1.6019895383578842e-06), (34, 1.144075213233009e-06), (35, 1.611111201782478e-06), (36, 1.6254573438345687e-06), (37, 1.4854433629807318e-06), (38, 2.1121816189406672e-06), (39, 1.7679323036645656e-06), (40, 1.6603729591224692e-06), (41, 1.9031269857805455e-06), (42, 1.1172362519573653e-06), (43, 1.7368838598486036e-06), (44, 1.8643169141796534e-06), (45, 1.6295797422571923e-06), (46, 9.056273597707332e-07), (47, 2.5829358492046595e-06), (48, 2.8361384920572164e-06), (0, 1.8294884966962854e-06), (1, 1.2679661267611664e-06), (2, 1.2307099268582533e-06), (3, 9.828708016357268e-07), (4, 1.6268211311398773e-06), (5, 1.5570128653052961e-06), (6, 2.398473043285776e-06), (7, 1.737227535159036e-06), (8, 2.274526877954486e-06), (9, 9.307134405389661e-07), (10, 1.453029653930571e-06), (11, 1.3544052990255295e-06), (12, 1.822256649575138e-06), (13, 3.1934273465594742e-06), (14, 1.765920842444757e-06), (15, 1.6196781871258281e-06), (16, 2.6260327103955206e-06), (17, 2.0168599803582765e-06), (18, 1.2738798886857694e-06), (19, 1.4007695199325099e-06), (20, 1.5017369605629938e-06), (21, 1.6159526694536908e-06), (22, 1.5766173646625248e-06), (23, 1.2463434586607036e-06), (24, 1.1210246384507627e-06), (25, 1.3668343399331206e-06), (26, 1.955848347279243e-06), (27, 2.9001914754189784e-06), (28, 2.4046421458479017e-06), (29, 1.7851906477517332e-06), (30, 1.6213439266721252e-06), (31, 1.9052647530770628e-06), (32, 2.4548967303417157e-06), (33, 1.944932364494889e-06), (34, 2.7673115710058482e-06), (35, 1.485029201830912e-06), (36, 1.6388340782214073e-06), (37, 1.972699465113692e-06), (38, 7.643445201210852e-07), (39, 1.6968756426649634e-06), (40, 1.608231286809314e-06), (41, 2.213474999734899e-06), (42, 2.9681243631785037e-06), (43, 1.7646333390075597e-06), (44, 1.7933084563992452e-06), (45, 1.2923644590046024e-06), (46, 1.3752526228927309e-06), (47, 1.7101671119235107e-06), (48, 1.992601028177887e-06), (0, 1.5928685570543166e-06), (1, 2.465062379997107e-06), (2, 1.5191038755801856e-06), (3, 1.8377770629740553e-06), (4, 1.8914024622063152e-06), (5, 1.5292484931705985e-06), (6, 2.0002030396426562e-06), (7, 1.3004250831727404e-06), (8, 1.4849207445877255e-06), (9, 1.8489425883672084e-06), (10, 1.8551297671365319e-06), (11, 1.936389935508487e-06), (12, 7.535348913734197e-07), (13, 1.1061509894716437e-06), (14, 2.8507624847406987e-06), (15, 1.7416526816305122e-06), (16, 1.1309466572129168e-06), (17, 1.5629971130692866e-06), (18, 1.965176579687977e-06), (19, 1.878714556369232e-06), (20, 1.8216566104456433e-06), (21, 1.5419556120832567e-06), (22, 1.4307649962574942e-06), (23, 1.5128078985071625e-06), (24, 2.4442479116260074e-06), (25, 2.368443574596313e-06), (26, 1.069002451004053e-06), (27, 1.6298597529385006e-06), (28, 1.8134929860025295e-06), (29, 1.634743057365995e-06), (30, 1.8980560980708105e-06), (31, 1.3988923228680505e-06), (32, 9.554239568387857e-07), (33, 1.9560059172363253e-06), (34, 1.1581744274735684e-06), (35, 1.6918252185860183e-06), (36, 2.1161611130082747e-06), (37, 1.7210340956808068e-06), (38, 1.1187764812348178e-06), (39, 1.4377192201209255e-06), (40, 1.0612723144731717e-06), (41, 1.911675099108834e-06), (42, 1.6046130895119859e-06), (43, 1.2341009778538137e-06), (44, 1.3447394167087623e-06), (45, 1.2290055337871308e-06), (46, 2.7324488200974884e-06), (47, 1.9059990563619067e-06), (48, 1.916705059556989e-06), (0, 1.4682002529298188e-06), (1, 1.1575398275454063e-06), (2, 1.005788249131001e-06), (3, 1.5473950725208852e-06), (4, 1.8571613509266172e-06), (5, 1.5029022506496403e-06), (6, 9.429472243027703e-07), (7, 1.5334744603023864e-06), (8, 1.3430914123091497e-06), (9, 1.3741326938543352e-06), (10, 1.3775236311630579e-06), (11, 1.4956821132727782e-06), (12, 2.037353624473326e-06), (13, 2.124010507031926e-06), (14, 1.4427082533075009e-06), (15, 1.5557350252493052e-06), (16, 1.6291506881316309e-06), (17, 1.8401898387310212e-06), (18, 1.7328009107586695e-06), (19, 1.1542053925950313e-06), (20, 2.1951557300781133e-06), (21, 1.5325217646022793e-06), (22, 1.6389374195568962e-06), (23, 1.929978679982014e-06), (24, 1.2000612059637206e-06), (25, 1.5848537486817804e-06), (26, 1.7361080608679913e-06), (27, 1.2994287317269482e-06), (28, 1.395120307279285e-06), (29, 1.8725763766269665e-06), (30, 2.0443055746000027e-06), (31, 1.2705412473223987e-06), (32, 1.1990407529083313e-06), (33, 1.412643996445695e-06), (34, 1.0648931265677675e-06), (35, 1.960358531505335e-06), (36, 2.2287392766884295e-06), (37, 1.5794031469340553e-06), (38, 1.2823991255572764e-06), (39, 1.907964133351925e-06), (40, 2.3254747247847263e-06), (41, 1.5673612097089062e-06), (42, 1.693901140242815e-06), (43, 1.9362462353456067e-06), (44, 1.3619506944451132e-06), (45, 1.3459206229526899e-06), (46, 1.6736994439270347e-06), (47, 1.3463217101161717e-06), (48, 1.7464154780100216e-06), (0, 1.016997543956677e-06), (1, 1.7701595425023697e-06), (2, 2.011725655393093e-06), (3, 1.2863930578532745e-06), (4, 1.960650251930929e-06), (5, 1.6125480897244415e-06), (6, 1.3474714251060504e-06), (7, 1.5371940662589623e-06), (8, 1.3817489161738195e-06), (9, 1.4194225741448463e-06), (10, 9.848039326243452e-07), (11, 2.107836962750298e-06), (12, 1.0309141771358554e-06), (13, 1.7925809743246646e-06), (14, 1.4255024325393606e-06), (15, 1.218699935634504e-06), (16, 2.042880169028649e-06), (17, 1.7050925862349686e-06), (18, 1.8069865745928837e-06), (19, 1.9169863207935123e-06), (20, 1.1745872825486003e-06), (21, 1.214253529724374e-06), (22, 1.53596818108781e-06), (23, 1.2704374512395589e-06), (24, 1.1034246654162416e-06), (25, 1.4345237104862463e-06), (26, 1.1718676660166238e-06), (27, 2.345245320611866e-06), (28, 2.202052201027982e-06), (29, 9.002877163766243e-07), (30, 1.0938974810414948e-06), (31, 1.4111225254964666e-06), (32, 1.3477988431986887e-06), (33, 1.440331857338606e-06), (34, 9.117113108914054e-07), (35, 1.59052467552101e-06), (36, 1.0856393828362343e-06), (37, 1.7711173541101743e-06), (38, 1.0333586715205456e-06), (39, 1.8666462437977316e-06), (40, 2.120908447977854e-06), (41, 1.8275495676789433e-06), (42, 1.9004436353498022e-06), (43, 1.3373845604292e-06), (44, 8.954173154052114e-07), (45, 2.1476846541190753e-06), (46, 1.1414362006689771e-06), (47, 1.6025977629396948e-06), (48, 1.0130817145181936e-06), (0, 1.1982688192802016e-06), (1, 1.5332975635828916e-06), (2, 1.3624501207232242e-06), (3, 1.630909991945373e-06), (4, 1.5147708154472639e-06), (5, 2.5656115667516133e-06), (6, 1.4198610642779386e-06), (7, 1.8697094219533028e-06), (8, 1.0641203971317736e-06), (9, 9.311130497735576e-07), (10, 1.7510027419120888e-06), (11, 1.2957405033375835e-06), (12, 1.0659152849257225e-06), (13, 1.4093561730987858e-06), (14, 1.460970565858588e-06), (15, 1.3488656804838683e-06), (16, 1.2548750873975223e-06), (17, 2.1365010525187245e-06), (18, 1.4478931689154706e-06), (19, 1.2236939710419392e-06), (20, 9.113891223933024e-07), (21, 1.8470402665116126e-06), (22, 1.4777059504922363e-06), (23, 1.4274639852374094e-06), (24, 1.0009146080847131e-06), (25, 1.450778199796332e-06), (26, 1.1439140052971197e-06), (27, 1.0011864333137055e-06), (28, 1.707822093521827e-06), (29, 1.265633613911632e-06), (30, 8.615837714387453e-07), (31, 9.395551501256705e-07), (32, 1.2643988611671375e-06), (33, 1.7375357401760994e-06), (34, 1.0066800086860894e-06), (35, 1.750054366311815e-06), (36, 9.98241830529878e-07), (37, 9.465214816373191e-07), (38, 1.7134257177531254e-06), (39, 2.2929339138499927e-06), (40, 1.8837816924133222e-06), (41, 2.182499201808241e-06), (42, 1.5334796898969216e-06), (43, 1.1404484894228517e-06), (44, 1.6216297353821574e-06), (45, 1.5599179050695966e-06), (46, 1.8959570979859564e-06), (47, 8.115452487800212e-07), (48, 7.880480552557856e-07), (0, 1.0970564972012653e-06), (1, 1.5940088360366644e-06), (2, 1.188366240967298e-06), (3, 1.6472649804200046e-06), (4, 9.539899110677652e-07), (5, 1.4992327805884997e-06), (6, 1.5168786831054604e-06), (7, 1.0067608400277095e-06), (8, 1.066905838342791e-06), (9, 1.6491060250700684e-06), (10, 1.5791497389727738e-06), (11, 9.968913445845828e-07), (12, 1.4448073670791928e-06), (13, 1.5214766335702734e-06), (14, 1.5016709085102775e-06), (15, 9.433874197384284e-07), (16, 1.0484427548362873e-06), (17, 1.6298041600748547e-06), (18, 1.275563022318238e-06), (19, 8.059911351665505e-07), (20, 8.608931807430054e-07), (21, 1.5462028386536986e-06), (22, 1.543060989206424e-06), (23, 1.4670592918264447e-06), (24, 1.0753551578090992e-06), (25, 1.4567158359568566e-06), (26, 9.957889233191963e-07), (27, 1.3963796163807274e-06), (28, 1.5209760704237851e-06), (29, 1.5828691175556742e-06), (30, 1.964730699910433e-06), (31, 1.4806946637690999e-06), (32, 7.473752816622437e-07), (33, 9.853175697571714e-07), (34, 1.3128051250532735e-06), (35, 1.0522819593461463e-06), (36, 1.953968194357003e-06), (37, 1.0738590390246827e-06), (38, 1.2075190625182586e-06), (39, 1.069954805643647e-06), (40, 1.2684389503192506e-06), (41, 2.2002523110131733e-06), (42, 1.643730684008915e-06), (43, 1.648822376409953e-06), (44, 1.54321287482162e-06), (45, 9.595908068149583e-07), (46, 1.0418339115858544e-06), (47, 1.5554494439129485e-06), (48, 1.2195025647088187e-06), (0, 1.3717530009671464e-06), (1, 9.174107731269032e-07), (2, 1.2042054322591866e-06), (3, 1.7400452634319663e-06), (4, 1.747156943565642e-06), (5, 1.3167149290893576e-06), (6, 1.223677713824145e-06), (7, 2.121399347743136e-06), (8, 1.0475192766534747e-06), (9, 1.3541267662731116e-06), (10, 1.5726720903330715e-06), (11, 1.0577577995718457e-06), (12, 1.43639420002728e-06), (13, 5.591011813521618e-07), (14, 1.3853292557541863e-06), (15, 1.249382080459327e-06), (16, 1.8733563820205745e-06), (17, 1.8240818917547585e-06), (18, 1.0391435125711723e-06), (19, 1.3016943967159023e-06), (20, 9.83457539405208e-07), (21, 1.1319200439174892e-06), (22, 1.0825295930771972e-06), (23, 1.1665630381685332e-06), (24, 1.3845160538039636e-06), (25, 1.3671824490302242e-06), (26, 1.0957188578686328e-06), (27, 1.0935623322438914e-06), (28, 1.565472530273837e-06), (29, 1.0591370482870843e-06), (30, 1.2001054301435943e-06), (31, 9.127457474278344e-07), (32, 1.0528449365665438e-06), (33, 1.0643802852428053e-06), (34, 9.043000090969144e-07), (35, 2.1365815427998314e-06), (36, 1.086630618374329e-06), (37, 1.18066736831679e-06), (38, 1.5387055327664712e-06), (39, 1.1010066600647406e-06), (40, 1.0519859188207192e-06), (41, 1.4561737771146e-06), (42, 1.3443161606119247e-06), (43, 1.5268218476194306e-06), (44, 1.0253555728922947e-06), (45, 1.9893318494723644e-06), (46, 7.360414997492626e-07), (47, 1.191631213259825e-06), (48, 6.057773589418503e-07), (0, 1.0486857036084984e-06), (1, 1.383280959998956e-06), (2, 8.952691814556601e-07), (3, 1.1366613534846692e-06), (4, 1.1114036624348955e-06), (5, 1.4803840713284444e-06), (6, 1.1137764204249834e-06), (7, 1.3140223700247589e-06), (8, 1.42815554227127e-06), (9, 1.4187908163876273e-06), (10, 1.8724109622780816e-06), (11, 9.965581284632208e-07), (12, 1.0847016937987064e-06), (13, 1.599462962076359e-06), (14, 1.3522796962206485e-06), (15, 1.499630002399499e-06), (16, 1.0214794201601762e-06), (17, 5.993508125357039e-07), (18, 6.90688523263816e-07), (19, 9.9189719549031e-07), (20, 1.6088752090581693e-06), (21, 7.935205417197722e-07), (22, 1.30480066218297e-06), (23, 9.461718377679063e-07), (24, 1.6144963410624769e-06), (25, 2.0577929262799444e-06), (26, 7.845706022635568e-07), (27, 7.954475336191535e-07), (28, 7.791401230861084e-07), (29, 1.0349353942729067e-06), (30, 1.1923515330636292e-06), (31, 1.601993290023529e-06), (32, 1.4791503417654894e-06), (33, 1.7998656858253526e-06), (34, 6.059686370463169e-07), (35, 1.4063017488297191e-06), (36, 7.958748255987302e-07), (37, 1.0917568715740344e-06), (38, 1.2259322375030024e-06), (39, 6.741423703715554e-07), (40, 3.0361570679815486e-06), (41, 5.712116148970381e-07), (42, 1.0182650385104353e-06), (43, 1.5469111076527042e-06), (44, 9.544462500343798e-07), (45, 1.331550038230489e-06), (46, 8.371748663194012e-07), (47, 1.0064358093586634e-06), (48, 9.539276106806938e-07), (0, 1.2995438964935602e-06), (1, 9.350070513391984e-07), (2, 1.035285663419927e-06), (3, 1.4958686733734794e-06), (4, 7.876875542933703e-07), (5, 6.264431249292102e-07), (6, 1.3966858887215494e-06), (7, 1.1440203024903894e-06), (8, 1.2146035714977188e-06), (9, 1.6818173662613844e-06), (10, 1.0339990694774315e-06), (11, 1.3108525536154048e-06), (12, 1.6688740060999407e-06), (13, 1.1079553132731235e-06), (14, 1.0165117600990925e-06), (15, 2.056598532362841e-06), (16, 1.4623262813984184e-06), (17, 7.936689598864177e-07), (18, 1.4301519968284993e-06), (19, 1.1940400099774706e-06), (20, 8.517693004250759e-07), (21, 1.5222206002363237e-06), (22, 9.979005426430376e-07), (23, 1.03678644336469e-06), (24, 1.4662119838249055e-06), (25, 1.0721207672759192e-06), (26, 7.452082968484319e-07), (27, 1.2489798564274679e-06), (28, 1.0705315389714087e-06), (29, 1.3739246469413047e-06), (30, 1.2649704785872018e-06), (31, 1.007817104436981e-06), (32, 8.82913241184724e-07), (33, 1.107955881707312e-06), (34, 1.2273044376343023e-06), (35, 1.0884444918701774e-06), (36, 5.360760724215652e-07), (37, 1.0213470886810683e-06), (38, 8.576275263294519e-07), (39, 1.0968692549795378e-06), (40, 1.0675619250832824e-06), (41, 1.077203592103615e-06), (42, 1.3451231097860727e-06), (43, 6.386139261849166e-07), (44, 9.697537279862445e-07), (45, 1.2466558700907626e-06), (46, 1.0915251777987578e-06), (47, 1.1251939895373653e-06), (48, 9.375771128361521e-07), (0, 1.4676185173811973e-06), (1, 8.334378094332351e-07), (2, 9.520697403786471e-07), (3, 9.22064373298781e-07), (4, 1.3505888318832149e-06), (5, 1.0700169923438807e-06), (6, 1.0219970363323228e-06), (7, 7.842079412512248e-07), (8, 1.1286015251243953e-06), (9, 8.079097710833594e-07), (10, 8.716731372260256e-07), (11, 1.2801856428268366e-06), (12, 1.5905935697446694e-06), (13, 1.059943315340206e-06), (14, 1.0179792298004031e-06), (15, 1.4267981214288739e-06), (16, 1.2647608400584431e-06), (17, 1.3363950301936711e-06), (18, 1.5395377204185934e-06), (19, 1.0248227226838935e-06), (20, 1.2475238690967672e-06), (21, 9.046723334904527e-07), (22, 1.1041075822504354e-06), (23, 1.4972565622883849e-06), (24, 1.6167833791769226e-06), (25, 1.221898401126964e-06), (26, 1.085438611880818e-06), (27, 1.0742825224951957e-06), (28, 1.1688264294207329e-06), (29, 1.282787707168609e-06), (30, 1.0182327514485223e-06), (31, 1.4311451650428353e-06), (32, 1.1955376066907775e-06), (33, 1.3311532711668406e-06), (34, 1.0225816140518873e-06), (35, 1.3566640291173826e-06), (36, 8.724110216462577e-07), (37, 1.0949252100544982e-06), (38, 9.127231237471278e-07), (39, 8.625018494967662e-07), (40, 6.941860419829027e-07), (41, 7.153976753215829e-07), (42, 9.224015116160444e-07), (43, 7.715214564996131e-07), (44, 9.250697416973708e-07), (45, 8.931814363677404e-07), (46, 8.753727342991624e-07), (47, 6.374534109454544e-07), (48, 9.83835320766957e-07)]