Model Setup for {PATIENT_GROUPS} Trained Network:

ANN Network Architecture Parameters
Input channels=22
Hidden channels=32
Output channels=1

Training hyperparameters
Optimizer=AdamW (
Parameter Group 0
    amsgrad: False
    betas: (0.9, 0.999)
    capturable: False
    differentiable: False
    eps: 1e-08
    foreach: None
    fused: None
    lr: 0.001
    maximize: False
    weight_decay: 1e-06
)Training Iterations=100
Learning rate=0.001
Weight decay=1e-06
Optimizer reset frequency=None

Dropout probability (after initial linear layer before NCDE): 0.0
Training Data Selection Parameters
(If not virtual, the only important params are the groups and whether data was normalized/standardized)
Patient groups=['Control', 'Atypical']
Augmentation strategy=Uniform
Noise Magnitude=0.05
Normalized/standardized=None
Number of virtual patients per real patient=100
Label smoothing factor=0
Test Patient Combinations:
Control: (0, 9, 3, 7, 4)
MDD: (2, 6, 9, 3, 5)
Training batch size=3
Training Results:
Runtime=0.15774297714233398
Loss over time=[(0, 0.9072847366333008), (1, 0.7754200100898743), (2, 0.3659675121307373), (3, 0.8744116425514221), (4, 0.5084183216094971), (5, 1.0148296356201172), (6, 0.42317166924476624), (0, 0.3294799327850342), (1, 0.8197659850120544), (2, 0.7635868191719055), (3, 0.7468066811561584), (4, 0.5832524299621582), (5, 0.5481926798820496), (6, 0.45619142055511475), (0, 0.4966982901096344), (1, 0.5447812676429749), (2, 0.5103868842124939), (3, 0.5792229175567627), (4, 0.6993748545646667), (5, 0.7327410578727722), (6, 0.472404420375824), (0, 0.6104351878166199), (1, 0.547478973865509), (2, 0.4242304265499115), (3, 0.48860955238342285), (4, 0.6011263728141785), (5, 0.8218076825141907), (6, 0.6878370046615601), (0, 0.4841310679912567), (1, 0.4687819480895996), (2, 0.5430172085762024), (3, 0.7291188836097717), (4, 0.6594571471214294), (5, 0.6818678975105286), (6, 0.4327361583709717), (0, 0.6874683499336243), (1, 0.42710089683532715), (2, 0.6573404669761658), (3, 0.4077134132385254), (4, 0.4733468294143677), (5, 0.7709441781044006), (6, 0.1825454980134964), (0, 0.32150354981422424), (1, 0.519167959690094), (2, 0.6799959540367126), (3, 0.5461474061012268), (4, 0.32368534803390503), (5, 0.7881724238395691), (6, 0.43595170974731445), (0, 0.7511196136474609), (1, 0.5147708058357239), (2, 0.33451834321022034), (3, 0.35772159695625305), (4, 0.6831298470497131), (5, 0.3830372095108032), (6, 0.5167188048362732), (0, 0.5634933710098267), (1, 0.4294460117816925), (2, 0.46852150559425354), (3, 0.5089760422706604), (4, 0.4416971206665039), (5, 0.5148911476135254), (6, 0.7645587921142578), (0, 0.626936137676239), (1, 0.6766614317893982), (2, 0.26811400055885315), (3, 0.6339460015296936), (4, 0.32532981038093567), (5, 0.41695964336395264), (6, 0.4505864083766937), (0, 0.7840717434883118), (1, 0.4878719747066498), (2, 0.3436523377895355), (3, 0.5668697357177734), (4, 0.36764511466026306), (5, 0.27425697445869446), (6, 0.5679824948310852), (0, 0.3527812063694), (1, 0.343462735414505), (2, 0.33062195777893066), (3, 0.7111099362373352), (4, 0.17985416948795319), (5, 0.8606374263763428), (6, 0.6091141700744629), (0, 0.6699645519256592), (1, 0.4681943655014038), (2, 0.5541753172874451), (3, 0.41890087723731995), (4, 0.37781822681427), (5, 0.3137176036834717), (6, 0.10244593769311905), (0, 0.3597497045993805), (1, 0.2637019753456116), (2, 0.9158599972724915), (3, 0.16897296905517578), (4, 0.3436548411846161), (5, 0.5705280900001526), (6, 0.9220702648162842), (0, 0.22850729525089264), (1, 0.20348875224590302), (2, 0.4851170778274536), (3, 0.3852565586566925), (4, 0.5352997779846191), (5, 0.8563621044158936), (6, 0.40310606360435486), (0, 0.6518034338951111), (1, 0.3205985128879547), (2, 0.5477752685546875), (3, 0.4297228753566742), (4, 0.16920030117034912), (5, 0.6354082822799683), (6, 0.26704180240631104), (0, 0.4578472375869751), (1, 0.4237896502017975), (2, 0.44752979278564453), (3, 0.293675035238266), (4, 0.695241391658783), (5, 0.20385146141052246), (6, 0.34141603112220764), (0, 0.20413921773433685), (1, 0.4529024660587311), (2, 0.5499977469444275), (3, 0.5740123391151428), (4, 0.3347114622592926), (5, 0.29265180230140686), (6, 0.5235314965248108), (0, 0.199290469288826), (1, 0.4438965320587158), (2, 0.572188138961792), (3, 0.6709967255592346), (4, 0.3838147222995758), (5, 0.1788451224565506), (6, 0.34104931354522705), (0, 0.25186583399772644), (1, 0.3070119023323059), (2, 0.42411136627197266), (3, 0.2525784373283386), (4, 0.5169805884361267), (5, 0.2809019982814789), (6, 1.4678462743759155), (0, 0.16572709381580353), (1, 0.44103702902793884), (2, 0.25032326579093933), (3, 0.35407599806785583), (4, 0.4410720765590668), (5, 0.7022934556007385), (6, 0.3025716245174408), (0, 0.20582129061222076), (1, 0.2641846835613251), (2, 0.31857913732528687), (3, 0.39483609795570374), (4, 0.5942351222038269), (5, 0.44105401635169983), (6, 0.3928605616092682), (0, 0.0752849280834198), (1, 0.4341820180416107), (2, 0.3404967486858368), (3, 0.501225471496582), (4, 0.1754470318555832), (5, 0.8618810772895813), (6, 0.4455670416355133), (0, 0.6060710549354553), (1, 0.21096093952655792), (2, 0.1642037034034729), (3, 0.15341304242610931), (4, 0.6841526031494141), (5, 0.21378566324710846), (6, 0.6288197040557861), (0, 0.6378260254859924), (1, 0.32743406295776367), (2, 0.42603954672813416), (3, 0.14940927922725677), (4, 0.3928721249103546), (5, 0.32020148634910583), (6, 0.16585566103458405), (0, 0.10625461488962173), (1, 0.4526647627353668), (2, 0.21296732127666473), (3, 0.37910428643226624), (4, 0.5463102459907532), (5, 0.44048765301704407), (6, 0.20228783786296844), (0, 0.20866598188877106), (1, 0.46394839882850647), (2, 0.2906120717525482), (3, 0.12089421600103378), (4, 0.6998662948608398), (5, 0.13364075124263763), (6, 0.5022508502006531), (0, 0.390704870223999), (1, 0.1515919417142868), (2, 0.4009099304676056), (3, 0.17069081962108612), (4, 0.5044810771942139), (5, 0.38266852498054504), (6, 0.17990469932556152), (0, 0.17581506073474884), (1, 0.1901729553937912), (2, 0.15622884035110474), (3, 0.7025434374809265), (4, 0.38910093903541565), (5, 0.2146371454000473), (6, 0.6685684323310852), (0, 0.6845816969871521), (1, 0.33621516823768616), (2, 0.24637167155742645), (3, 0.33002862334251404), (4, 0.16607405245304108), (5, 0.2080838680267334), (6, 0.0824953094124794), (0, 0.21824133396148682), (1, 0.43272945284843445), (2, 0.43187832832336426), (3, 0.20280319452285767), (4, 0.5294960141181946), (5, 0.20412319898605347), (6, 0.20239874720573425), (0, 0.11214200407266617), (1, 0.3559129536151886), (2, 0.20148669183254242), (3, 0.1416715830564499), (4, 0.28547510504722595), (5, 0.7328855991363525), (6, 0.24692854285240173), (0, 0.19144000113010406), (1, 0.32380416989326477), (2, 0.13549481332302094), (3, 0.33264169096946716), (4, 0.28987035155296326), (5, 0.5650803446769714), (6, 0.05151817575097084), (0, 0.12061703950166702), (1, 0.13695114850997925), (2, 0.3873228132724762), (3, 0.34848305583000183), (4, 0.6193218231201172), (5, 0.1549096703529358), (6, 0.14107075333595276), (0, 0.12257783859968185), (1, 0.36591050028800964), (2, 0.20567686855793), (3, 0.2243824005126953), (4, 0.2637970745563507), (5, 0.5198765397071838), (6, 0.2028680145740509), (0, 0.4912952482700348), (1, 0.08193110674619675), (2, 0.27763813734054565), (3, 0.441988080739975), (4, 0.19852381944656372), (5, 0.18574905395507812), (6, 0.1948905736207962), (0, 0.298854798078537), (1, 0.30950871109962463), (2, 0.22492145001888275), (3, 0.11542483419179916), (4, 0.40766647458076477), (5, 0.33761993050575256), (6, 0.03752601519227028), (0, 0.15187083184719086), (1, 0.4308558404445648), (2, 0.11573506146669388), (3, 0.6012235879898071), (4, 0.22652052342891693), (5, 0.0832088366150856), (6, 0.1370989829301834), (0, 0.15537065267562866), (1, 0.40258514881134033), (2, 0.16251422464847565), (3, 0.15954500436782837), (4, 0.4979214668273926), (5, 0.20759452879428864), (6, 0.05357648432254791), (0, 0.06243443489074707), (1, 0.4650644063949585), (2, 0.08232080191373825), (3, 0.4090541899204254), (4, 0.2003868967294693), (5, 0.24779917299747467), (6, 0.299481600522995), (0, 0.10434795171022415), (1, 0.17295093834400177), (2, 0.08129643648862839), (3, 0.4704974889755249), (4, 0.49451473355293274), (5, 0.21293695271015167), (6, 0.04628975689411163), (0, 0.4023577868938446), (1, 0.15825431048870087), (2, 0.3039516806602478), (3, 0.1682829111814499), (4, 0.17363698780536652), (5, 0.23553699254989624), (6, 0.18020731210708618), (0, 0.25062820315361023), (1, 0.23810018599033356), (2, 0.5298890471458435), (3, 0.15400290489196777), (4, 0.09064467996358871), (5, 0.08323554694652557), (6, 0.262721985578537), (0, 0.11186784505844116), (1, 0.12422478199005127), (2, 0.5542857050895691), (3, 0.38354912400245667), (4, 0.09555991739034653), (5, 0.0441417433321476), (6, 0.434428870677948), (0, 0.09158918261528015), (1, 0.4531085193157196), (2, 0.08238520473241806), (3, 0.2703750431537628), (4, 0.0925321877002716), (5, 0.3648730218410492), (6, 0.1985139548778534), (0, 0.2436765432357788), (1, 0.1317213922739029), (2, 0.1895233541727066), (3, 0.442891389131546), (4, 0.04948808252811432), (5, 0.268687903881073), (6, 0.10159119963645935), (0, 0.049066636711359024), (1, 0.19326575100421906), (2, 0.3281855881214142), (3, 0.27579793334007263), (4, 0.13330911099910736), (5, 0.27226659655570984), (6, 0.024996232241392136), (0, 0.14509011805057526), (1, 0.32484832406044006), (2, 0.13387729227542877), (3, 0.255668967962265), (4, 0.08784755319356918), (5, 0.25928863883018494), (6, 0.04969725012779236), (0, 0.1830805540084839), (1, 0.24836663901805878), (2, 0.04160970076918602), (3, 0.14752288162708282), (4, 0.1325678676366806), (5, 0.3416409194469452), (6, 0.38616636395454407), (0, 0.2510003447532654), (1, 0.268497109413147), (2, 0.16357867419719696), (3, 0.16302797198295593), (4, 0.21207918226718903), (5, 0.11810118705034256), (6, 0.11607644706964493), (0, 0.2677868604660034), (1, 0.376667857170105), (2, 0.19641466438770294), (3, 0.12517528235912323), (4, 0.09078028053045273), (5, 0.03711140155792236), (6, 0.42133498191833496), (0, 0.2275286167860031), (1, 0.2163824588060379), (2, 0.15461575984954834), (3, 0.05212565138936043), (4, 0.06352167576551437), (5, 0.4354517459869385), (6, 0.12064578384160995), (0, 0.1316179484128952), (1, 0.04596993699669838), (2, 0.09795597940683365), (3, 0.2874450087547302), (4, 0.0764382854104042), (5, 0.30412885546684265), (6, 0.3874530494213104), (0, 0.11761943250894547), (1, 0.1853279322385788), (2, 0.05267734453082085), (3, 0.16768787801265717), (4, 0.19984281063079834), (5, 0.28416362404823303), (6, 0.3931533098220825), (0, 0.20648503303527832), (1, 0.12762202322483063), (2, 0.4034154713153839), (3, 0.3860206604003906), (4, 0.0877358689904213), (5, 0.08832041174173355), (6, 0.016956951469182968), (0, 0.2137499898672104), (1, 0.02687578834593296), (2, 0.1360776573419571), (3, 0.08520510047674179), (4, 0.33451488614082336), (5, 0.06956513226032257), (6, 0.32459068298339844), (0, 0.24353723227977753), (1, 0.22872976958751678), (2, 0.0688854232430458), (3, 0.07289870828390121), (4, 0.1812148094177246), (5, 0.13478784263134003), (6, 0.014096863567829132), (0, 0.1396428793668747), (1, 0.3365049362182617), (2, 0.18754452466964722), (3, 0.020718494430184364), (4, 0.1049562469124794), (5, 0.03840832784771919), (6, 0.07115244120359421), (0, 0.12126186490058899), (1, 0.15300585329532623), (2, 0.05003567412495613), (3, 0.2810889184474945), (4, 0.12934540212154388), (5, 0.05180886387825012), (6, 0.08398692309856415), (0, 0.15677891671657562), (1, 0.061730850487947464), (2, 0.11850348860025406), (3, 0.07288631051778793), (4, 0.22517378628253937), (5, 0.10315438359975815), (6, 0.16855153441429138), (0, 0.052868884056806564), (1, 0.0996178463101387), (2, 0.21346747875213623), (3, 0.06028806045651436), (4, 0.28173473477363586), (5, 0.03990847244858742), (6, 0.03755975142121315), (0, 0.18641334772109985), (1, 0.0529225654900074), (2, 0.044899001717567444), (3, 0.22519630193710327), (4, 0.05576780438423157), (5, 0.17963403463363647), (6, 0.05762908607721329), (0, 0.13816964626312256), (1, 0.07024583965539932), (2, 0.15648645162582397), (3, 0.04967089369893074), (4, 0.08949989080429077), (5, 0.1506311446428299), (6, 0.13327127695083618), (0, 0.02313869260251522), (1, 0.10214563459157944), (2, 0.22794543206691742), (3, 0.10900303721427917), (4, 0.06402686983346939), (5, 0.026758722960948944), (6, 0.35168159008026123), (0, 0.0767413079738617), (1, 0.09285006672143936), (2, 0.19288448989391327), (3, 0.039447080343961716), (4, 0.0349891297519207), (5, 0.04045981541275978), (6, 0.9527826905250549), (0, 0.06740283221006393), (1, 0.025256894528865814), (2, 0.09658897668123245), (3, 0.2175029069185257), (4, 0.19058857858181), (5, 0.04173140227794647), (6, 0.11680784076452255), (0, 0.024232447147369385), (1, 0.05903606116771698), (2, 0.03131220117211342), (3, 0.38092660903930664), (4, 0.049293164163827896), (5, 0.17421622574329376), (6, 0.0783991888165474), (0, 0.06426426023244858), (1, 0.06389348208904266), (2, 0.04855021834373474), (3, 0.22469069063663483), (4, 0.153879776597023), (5, 0.05035984143614769), (6, 0.014199954457581043), (0, 0.11906895041465759), (1, 0.07899178564548492), (2, 0.06711117178201675), (3, 0.0644756630063057), (4, 0.084916852414608), (5, 0.07092045992612839), (6, 0.33384382724761963), (0, 0.0528099350631237), (1, 0.050153087824583054), (2, 0.12775109708309174), (3, 0.07584712654352188), (4, 0.08652748912572861), (5, 0.05882113799452782), (6, 0.18288572132587433), (0, 0.05561625584959984), (1, 0.10163208842277527), (2, 0.10902035236358643), (3, 0.06614523380994797), (4, 0.052431195974349976), (5, 0.021024243906140327), (6, 0.612326443195343), (0, 0.04155087471008301), (1, 0.15661923587322235), (2, 0.02119794301688671), (3, 0.2000407576560974), (4, 0.028363093733787537), (5, 0.18344974517822266), (6, 0.05302048847079277), (0, 0.11391166597604752), (1, 0.23427943885326385), (2, 0.19765017926692963), (3, 0.15946893393993378), (4, 0.21278339624404907), (5, 0.05808551236987114), (6, 0.04339567571878433), (0, 0.03289176896214485), (1, 0.02260390855371952), (2, 0.10312691330909729), (3, 0.2657686173915863), (4, 0.017433583736419678), (5, 0.05217065289616585), (6, 0.10534621775150299), (0, 0.07020308822393417), (1, 0.053308188915252686), (2, 0.04657600820064545), (3, 0.01886088214814663), (4, 0.049486756324768066), (5, 0.1867046356201172), (6, 0.017361950129270554), (0, 0.04923700913786888), (1, 0.015231482684612274), (2, 0.039616748690605164), (3, 0.03865945711731911), (4, 0.10286911576986313), (5, 0.06894330680370331), (6, 0.1956794708967209), (0, 0.04292929545044899), (1, 0.03152497485280037), (2, 0.08445322513580322), (3, 0.05680191516876221), (4, 0.05277913808822632), (5, 0.08801760524511337), (6, 0.005106836557388306), (0, 0.09284708648920059), (1, 0.06454654783010483), (2, 0.050380557775497437), (3, 0.05269631743431091), (4, 0.05267186835408211), (5, 0.02616431750357151), (6, 0.0545269250869751), (0, 0.030972624197602272), (1, 0.04177608713507652), (2, 0.05002440884709358), (3, 0.11280209571123123), (4, 0.017286982387304306), (5, 0.05035904049873352), (6, 0.12016119807958603), (0, 0.07266552001237869), (1, 0.025967741385102272), (2, 0.08305442333221436), (3, 0.041688334196805954), (4, 0.023636125028133392), (5, 0.03672223910689354), (6, 0.08356776833534241), (0, 0.030176999047398567), (1, 0.06025530770421028), (2, 0.03105386160314083), (3, 0.04143848642706871), (4, 0.08956239372491837), (5, 0.015285763889551163), (6, 0.15093816816806793), (0, 0.05632227659225464), (1, 0.04235103726387024), (2, 0.038558393716812134), (3, 0.07668081670999527), (4, 0.01918969862163067), (5, 0.055450644344091415), (6, 0.004394947085529566), (0, 0.061046916991472244), (1, 0.10212994366884232), (2, 0.024158934131264687), (3, 0.010657298378646374), (4, 0.04719195142388344), (5, 0.030793322250247), (6, 0.014401000924408436), (0, 0.055663615465164185), (1, 0.015461072325706482), (2, 0.03156624361872673), (3, 0.016476284712553024), (4, 0.05204428732395172), (5, 0.10244288295507431), (6, 0.01437410619109869), (0, 0.04825688526034355), (1, 0.03197518363595009), (2, 0.0280702393501997), (3, 0.03603469952940941), (4, 0.0502554327249527), (5, 0.06527601927518845), (6, 0.01757226139307022), (0, 0.018013155087828636), (1, 0.039065342396497726), (2, 0.060767319053411484), (3, 0.05067385360598564), (4, 0.06171692535281181), (5, 0.023849770426750183), (6, 0.018974756821990013), (0, 0.021717330440878868), (1, 0.074236661195755), (2, 0.03257642313838005), (3, 0.006915542762726545), (4, 0.0539776086807251), (5, 0.03493058308959007), (6, 0.09287723898887634), (0, 0.021752074360847473), (1, 0.06423655897378922), (2, 0.0277878325432539), (3, 0.013005505315959454), (4, 0.053796250373125076), (5, 0.04258924350142479), (6, 0.05873031169176102), (0, 0.017728719860315323), (1, 0.045243579894304276), (2, 0.03243023529648781), (3, 0.05854539945721626), (4, 0.014806353487074375), (5, 0.056853245943784714), (6, 0.06808977574110031), (0, 0.02945839799940586), (1, 0.07599090039730072), (2, 0.016551101580262184), (3, 0.05103583261370659), (4, 0.015191808342933655), (5, 0.01724262908101082), (6, 0.08481326699256897), (0, 0.056267399340867996), (1, 0.008572491817176342), (2, 0.04276636242866516), (3, 0.042079243808984756), (4, 0.04276211932301521), (5, 0.02976406179368496), (6, 0.017167000100016594), (0, 0.020160824060440063), (1, 0.04162902757525444), (2, 0.06309721618890762), (3, 0.03505909442901611), (4, 0.014897369779646397), (5, 0.033676959574222565), (6, 0.02843541093170643), (0, 0.03718942776322365), (1, 0.044973909854888916), (2, 0.02064749412238598), (3, 0.028153695166110992), (4, 0.03492318093776703), (5, 0.029300952330231667), (6, 0.04445991665124893), (0, 0.021331464871764183), (1, 0.026251187548041344), (2, 0.0438055694103241), (3, 0.012351048178970814), (4, 0.06694068014621735), (5, 0.01586928777396679), (6, 0.04959733411669731), (0, 0.011389695107936859), (1, 0.03208635747432709), (2, 0.033758968114852905), (3, 0.007086932193487883), (4, 0.02165837027132511), (5, 0.07617737352848053), (6, 0.07538341730833054), (0, 0.017018936574459076), (1, 0.014033563435077667), (2, 0.03129999339580536), (3, 0.029826538637280464), (4, 0.022846559062600136), (5, 0.03469521552324295), (6, 0.13062770664691925), (0, 0.007850551046431065), (1, 0.005901279393583536), (2, 0.043920546770095825), (3, 0.05142849683761597), (4, 0.01929333060979843), (5, 0.046473365277051926), (6, 0.06350106000900269), (0, 0.028332479298114777), (1, 0.03587522730231285), (2, 0.0212229173630476), (3, 0.03898435831069946), (4, 0.05759776756167412), (5, 0.007663746830075979), (6, 0.009729058481752872), (0, 0.022595325484871864), (1, 0.021774617955088615), (2, 0.02324339747428894), (3, 0.015081827528774738), (4, 0.019578859210014343), (5, 0.09097865968942642), (6, 0.006004761904478073), (0, 0.05521153286099434), (1, 0.03053339570760727), (2, 0.006506466772407293), (3, 0.02472987212240696), (4, 0.024446995928883553), (5, 0.026117967441678047), (6, 0.02241051383316517)]