Model Setup for {PATIENT_GROUPS} Trained Network:

NCDE Network Architecture Parameters
Input channels=3
Hidden channels=32
Output channels=1

Training hyperparameters
Optimizer=AdamW (
Parameter Group 0
    amsgrad: False
    betas: (0.9, 0.999)
    capturable: False
    differentiable: False
    eps: 1e-08
    foreach: None
    fused: None
    lr: 0.001
    maximize: False
    weight_decay: 1e-06
)Training Iterations=200
Learning rate=0.001
Weight decay=1e-06
Optimizer reset frequency=None

Dropout probability (after initial linear layer before NCDE): 0.0
Training Data Selection Parameters
(If not virtual, the only important params are the groups and whether data was normalized/standardized)
Patient groups=['Control', 'Atypical']
Augmentation strategy=Uniform
Noise Magnitude=0.05
Normalized/standardized=None
Number of virtual patients per real patient=100
Label smoothing factor=0
Test Patient Combinations:
Control: (0, 9, 3, 7, 4)
MDD: (2, 6, 9, 3, 5)
Training batch size=3
Training Results:
Runtime=1896.3370606899261
Loss over time=[(0, 0.8179406523704529), (1, 0.8300449252128601), (2, 0.8788455128669739), (3, 0.8102706074714661), (4, 0.7028610110282898), (5, 1.2033179998397827), (6, 1.2665419578552246), (0, 0.7287172675132751), (1, 1.126766562461853), (2, 0.40767529606819153), (3, 0.6285388469696045), (4, 0.6479098200798035), (5, 0.6394378542900085), (6, 0.763050377368927), (0, 0.7552309632301331), (1, 0.6188400387763977), (2, 0.5517212748527527), (3, 0.7420324683189392), (4, 0.8054624199867249), (5, 0.6373504400253296), (6, 0.395751953125), (0, 0.5243842005729675), (1, 0.7564168572425842), (2, 0.7476668357849121), (3, 0.4295327365398407), (4, 0.5669649243354797), (5, 0.8359909057617188), (6, 1.1755893230438232), (0, 0.40620335936546326), (1, 0.7561447024345398), (2, 0.400575190782547), (3, 0.7868720889091492), (4, 0.5692629218101501), (5, 0.8258276581764221), (6, 0.3100442588329315), (0, 0.9753785729408264), (1, 0.5181732773780823), (2, 0.7191066741943359), (3, 0.6952176094055176), (4, 0.4944593012332916), (5, 0.7257106900215149), (6, 0.3696843385696411), (0, 0.6041479706764221), (1, 0.4716252386569977), (2, 0.6849574446678162), (3, 0.41463279724121094), (4, 1.0165477991104126), (5, 0.5245250463485718), (6, 0.6662832498550415), (0, 0.6662561893463135), (1, 0.4899168312549591), (2, 0.7501116394996643), (3, 0.6866669654846191), (4, 0.6464236378669739), (5, 0.618851900100708), (6, 0.47330066561698914), (0, 0.39527955651283264), (1, 0.7656185030937195), (2, 0.520394504070282), (3, 0.6685227751731873), (4, 0.542726993560791), (5, 0.8617518544197083), (6, 0.5503507852554321), (0, 0.627596914768219), (1, 0.612057626247406), (2, 0.5009159445762634), (3, 0.820404052734375), (4, 0.5169500708580017), (5, 0.47468897700309753), (6, 1.2437794208526611), (0, 0.4423893392086029), (1, 0.6306126713752747), (2, 0.6198086142539978), (3, 0.5705893039703369), (4, 0.5646851658821106), (5, 0.6033766269683838), (6, 0.6478369235992432), (0, 0.47179940342903137), (1, 0.48630663752555847), (2, 0.703332245349884), (3, 0.8972498774528503), (4, 0.5172882676124573), (5, 0.6392168998718262), (6, 0.5965015292167664), (0, 0.6741594672203064), (1, 0.5878992676734924), (2, 0.5471476912498474), (3, 0.5181305408477783), (4, 0.6068053245544434), (5, 0.5031561255455017), (6, 0.5273354053497314), (0, 0.5128974318504333), (1, 0.5194045305252075), (2, 0.60166996717453), (3, 0.5422661900520325), (4, 0.4090939462184906), (5, 0.742617130279541), (6, 0.9052187204360962), (0, 0.5582387447357178), (1, 0.6891471743583679), (2, 0.5639569163322449), (3, 0.6681844592094421), (4, 0.3958193063735962), (5, 0.4701729118824005), (6, 0.4270990192890167), (0, 0.4634155333042145), (1, 0.45699501037597656), (2, 0.6756580471992493), (3, 0.5185768008232117), (4, 0.43375396728515625), (5, 0.6551550626754761), (6, 0.5163829922676086), (0, 0.5512502193450928), (1, 0.5545137524604797), (2, 0.5202382802963257), (3, 0.5656284689903259), (4, 0.6054419279098511), (5, 0.42798686027526855), (6, 1.3211548328399658), (0, 0.6001685261726379), (1, 0.3570500314235687), (2, 0.5813279747962952), (3, 0.5744239687919617), (4, 0.5204305052757263), (5, 0.700859010219574), (6, 0.46054959297180176), (0, 0.6087296605110168), (1, 0.6392279267311096), (2, 0.3446013927459717), (3, 0.4920227527618408), (4, 0.5669654607772827), (5, 0.5738217830657959), (6, 0.3414161205291748), (0, 0.45334553718566895), (1, 0.636165201663971), (2, 0.5718203783035278), (3, 0.3711358606815338), (4, 0.3578430712223053), (5, 0.5975738167762756), (6, 0.5516818165779114), (0, 0.5207884907722473), (1, 0.7021651864051819), (2, 0.43586650490760803), (3, 0.6888749003410339), (4, 0.45081543922424316), (5, 0.4436691105365753), (6, 0.263613224029541), (0, 0.3795652389526367), (1, 0.5720219016075134), (2, 0.5473988652229309), (3, 0.27455058693885803), (4, 0.5201607346534729), (5, 0.6890386939048767), (6, 0.2991562485694885), (0, 0.6439478993415833), (1, 0.4240645170211792), (2, 0.5209644436836243), (3, 0.48945870995521545), (4, 0.3725808560848236), (5, 0.47650423645973206), (6, 0.1759483814239502), (0, 0.35586535930633545), (1, 0.4657670557498932), (2, 0.3258775770664215), (3, 0.5826519131660461), (4, 0.7076484560966492), (5, 0.612534761428833), (6, 0.29044365882873535), (0, 0.464552640914917), (1, 0.44274619221687317), (2, 0.49382495880126953), (3, 0.313197523355484), (4, 0.46719810366630554), (5, 0.5883718132972717), (6, 0.41680046916007996), (0, 0.49052366614341736), (1, 0.2643614709377289), (2, 0.4594874083995819), (3, 0.4515620172023773), (4, 0.4902373254299164), (5, 0.41924238204956055), (6, 0.7016010284423828), (0, 0.343165785074234), (1, 0.3420303761959076), (2, 0.46277379989624023), (3, 0.4777253568172455), (4, 0.4698481261730194), (5, 0.49183687567710876), (6, 0.9719371199607849), (0, 0.3955284357070923), (1, 0.511590301990509), (2, 0.33716002106666565), (3, 0.4157892167568207), (4, 0.4579543173313141), (5, 0.69186931848526), (6, 0.19019220769405365), (0, 0.34498682618141174), (1, 0.40204668045043945), (2, 0.442823201417923), (3, 0.3485850989818573), (4, 0.48127612471580505), (5, 0.4801027774810791), (6, 0.8783074021339417), (0, 0.3496239185333252), (1, 0.6696702837944031), (2, 0.4733787775039673), (3, 0.30827805399894714), (4, 0.3575659990310669), (5, 0.39200687408447266), (6, 0.20839229226112366), (0, 0.49185052514076233), (1, 0.47681546211242676), (2, 0.36101582646369934), (3, 0.23975662887096405), (4, 0.42080679535865784), (5, 0.42143869400024414), (6, 0.7052919864654541), (0, 0.3851809501647949), (1, 0.2698107659816742), (2, 0.31703007221221924), (3, 0.48319658637046814), (4, 0.5737126469612122), (5, 0.7057358622550964), (6, 0.45312634110450745), (0, 0.36600539088249207), (1, 0.5693886280059814), (2, 0.5311604738235474), (3, 0.36567655205726624), (4, 0.3106008768081665), (5, 0.49070093035697937), (6, 0.2457752674818039), (0, 0.2828727662563324), (1, 0.48038068413734436), (2, 0.546599805355072), (3, 0.3700963258743286), (4, 0.4426943063735962), (5, 0.29028427600860596), (6, 0.34125274419784546), (0, 0.3126869201660156), (1, 0.4204188585281372), (2, 0.39144912362098694), (3, 0.21408586204051971), (4, 0.6231969594955444), (5, 0.6023766398429871), (6, 0.18245963752269745), (0, 0.29846319556236267), (1, 0.5741217732429504), (2, 0.3967802822589874), (3, 0.3411180078983307), (4, 0.40869221091270447), (5, 0.4597300589084625), (6, 0.18447813391685486), (0, 0.36819541454315186), (1, 0.379236102104187), (2, 0.4313924312591553), (3, 0.37625089287757874), (4, 0.2756260335445404), (5, 0.4941408634185791), (6, 0.3656791150569916), (0, 0.41834756731987), (1, 0.3038818836212158), (2, 0.2458132654428482), (3, 0.5083984732627869), (4, 0.33145639300346375), (5, 0.27962031960487366), (6, 0.6535630226135254), (0, 0.4047810137271881), (1, 0.3232620656490326), (2, 0.3355003893375397), (3, 0.18957506120204926), (4, 0.882249116897583), (5, 0.415309876203537), (6, 0.3356624245643616), (0, 0.4025537073612213), (1, 0.1559399962425232), (2, 0.5682016015052795), (3, 0.428600549697876), (4, 0.578670084476471), (5, 0.21207022666931152), (6, 0.9758463501930237), (0, 0.3343334197998047), (1, 0.3547397553920746), (2, 0.40559089183807373), (3, 0.43936362862586975), (4, 0.396546334028244), (5, 0.41312655806541443), (6, 0.15817131102085114), (0, 0.3111015856266022), (1, 0.6237718462944031), (2, 0.39469560980796814), (3, 0.33048704266548157), (4, 0.5398015379905701), (5, 0.35152769088745117), (6, 0.33639976382255554), (0, 0.4214008152484894), (1, 0.3454669415950775), (2, 0.3324362635612488), (3, 0.5911890268325806), (4, 0.1930284947156906), (5, 0.25144919753074646), (6, 0.38253021240234375), (0, 0.3773185908794403), (1, 0.6878392696380615), (2, 0.22959907352924347), (3, 0.1980355978012085), (4, 0.3662124574184418), (5, 0.5908212065696716), (6, 0.46065884828567505), (0, 0.2649880349636078), (1, 0.41186651587486267), (2, 0.36900433897972107), (3, 0.25924167037010193), (4, 0.4175448417663574), (5, 0.5457555055618286), (6, 0.9240419268608093), (0, 0.5334029793739319), (1, 0.2947940528392792), (2, 0.2401307374238968), (3, 0.615155816078186), (4, 0.3788165748119354), (5, 0.2567395865917206), (6, 0.5753111839294434), (0, 0.2735650837421417), (1, 0.5233058929443359), (2, 0.4349905252456665), (3, 0.18910811841487885), (4, 0.3308931291103363), (5, 0.6774747967720032), (6, 1.149774193763733), (0, 0.4508189260959625), (1, 0.4913608729839325), (2, 0.30360278487205505), (3, 0.4797680377960205), (4, 0.3187089264392853), (5, 0.5175793170928955), (6, 0.7001386880874634), (0, 0.5829551219940186), (1, 0.5109686255455017), (2, 0.4305232763290405), (3, 0.23820070922374725), (4, 0.38579878211021423), (5, 0.3789023458957672), (6, 0.3818894326686859), (0, 0.3287852704524994), (1, 0.5865311026573181), (2, 0.3471721112728119), (3, 0.36620426177978516), (4, 0.20097172260284424), (5, 0.47584161162376404), (6, 0.1484145075082779), (0, 0.3142409026622772), (1, 0.2843490540981293), (2, 0.4334520101547241), (3, 0.4862464368343353), (4, 0.16499817371368408), (5, 0.41415634751319885), (6, 0.32737547159194946), (0, 0.37044045329093933), (1, 0.3271275460720062), (2, 0.2937108278274536), (3, 0.3775506913661957), (4, 0.3285616934299469), (5, 0.1869783252477646), (6, 0.6677119135856628), (0, 0.2852065861225128), (1, 0.2850833237171173), (2, 0.37090733647346497), (3, 0.3399273455142975), (4, 0.38743284344673157), (5, 0.3821145296096802), (6, 0.18545454740524292), (0, 0.34268197417259216), (1, 0.22431518137454987), (2, 0.30368706583976746), (3, 0.3300110399723053), (4, 0.4758446514606476), (5, 0.23073025047779083), (6, 0.657927930355072), (0, 0.3895728290081024), (1, 0.34686434268951416), (2, 0.20904062688350677), (3, 0.5218172073364258), (4, 0.23480279743671417), (5, 0.4007066786289215), (6, 0.4778527319431305), (0, 0.418038010597229), (1, 0.4042448103427887), (2, 0.3567220866680145), (3, 0.39285698533058167), (4, 0.4002462923526764), (5, 0.15902239084243774), (6, 0.1414148509502411), (0, 0.7075011134147644), (1, 0.2966868281364441), (2, 0.30312493443489075), (3, 0.3501591682434082), (4, 0.26801779866218567), (5, 0.2264682799577713), (6, 0.24977637827396393), (0, 0.2549496591091156), (1, 0.20578701794147491), (2, 0.36111322045326233), (3, 0.2610246241092682), (4, 0.38867926597595215), (5, 0.3142613470554352), (6, 0.4685228765010834), (0, 0.24959737062454224), (1, 0.22426223754882812), (2, 0.49075278639793396), (3, 0.39864102005958557), (4, 0.19365060329437256), (5, 0.33479544520378113), (6, 0.2802641987800598), (0, 0.2591661512851715), (1, 0.4461829960346222), (2, 0.15985675156116486), (3, 0.3613010346889496), (4, 0.40050172805786133), (5, 0.2556852400302887), (6, 0.07931286841630936), (0, 0.32100948691368103), (1, 0.27529481053352356), (2, 0.22279773652553558), (3, 0.2937938868999481), (4, 0.2989806830883026), (5, 0.3895239531993866), (6, 0.356516569852829), (0, 0.2584248483181), (1, 0.3690439760684967), (2, 0.26081541180610657), (3, 0.1717265248298645), (4, 0.30022916197776794), (5, 0.3893728256225586), (6, 0.08767056465148926), (0, 0.22558073699474335), (1, 0.18513226509094238), (2, 0.5540078282356262), (3, 0.23615480959415436), (4, 0.3029632866382599), (5, 0.31218019127845764), (6, 0.5141953825950623), (0, 0.3442867696285248), (1, 0.12359923869371414), (2, 0.6815569996833801), (3, 0.6849538683891296), (4, 0.4545639455318451), (5, 0.19126544892787933), (6, 0.14566469192504883), (0, 0.1996184140443802), (1, 0.16523166000843048), (2, 0.22917793691158295), (3, 0.3865726888179779), (4, 0.32433706521987915), (5, 0.2989400327205658), (6, 0.35682690143585205), (0, 0.2877737581729889), (1, 0.44401273131370544), (2, 0.20423364639282227), (3, 0.12562181055545807), (4, 0.417392373085022), (5, 0.3330099284648895), (6, 0.1957135945558548), (0, 0.2238396853208542), (1, 0.2826298475265503), (2, 0.2259252518415451), (3, 0.328811377286911), (4, 0.15645790100097656), (5, 0.36129769682884216), (6, 0.5973275899887085), (0, 0.25533536076545715), (1, 0.3009001910686493), (2, 0.13328707218170166), (3, 0.35534462332725525), (4, 0.3367581367492676), (5, 0.22283075749874115), (6, 0.4031533896923065), (0, 0.23414289951324463), (1, 0.35115957260131836), (2, 0.2391553670167923), (3, 0.13767339289188385), (4, 0.30844131112098694), (5, 0.351635605096817), (6, 0.6293085813522339), (0, 0.1481681615114212), (1, 0.26901042461395264), (2, 0.4212671220302582), (3, 0.3684455156326294), (4, 0.08304121345281601), (5, 0.5234004855155945), (6, 0.7335421442985535), (0, 0.34490060806274414), (1, 0.3281964957714081), (2, 0.24543732404708862), (3, 0.4480420649051666), (4, 0.22190706431865692), (5, 0.332970529794693), (6, 0.19286952912807465), (0, 0.3785232603549957), (1, 0.21790055930614471), (2, 0.28243759274482727), (3, 0.4235905706882477), (4, 0.2629839777946472), (5, 0.2695934474468231), (6, 0.6222802996635437), (0, 0.2928217053413391), (1, 0.449323445558548), (2, 0.20592550933361053), (3, 0.3223147392272949), (4, 0.1901163011789322), (5, 0.2708549201488495), (6, 0.10073045641183853), (0, 0.12638166546821594), (1, 0.28579649329185486), (2, 0.19624848663806915), (3, 0.31848034262657166), (4, 0.3007909953594208), (5, 0.4202585220336914), (6, 0.11761711537837982), (0, 0.16105908155441284), (1, 0.2833569049835205), (2, 0.12041890621185303), (3, 0.26630041003227234), (4, 0.2285986691713333), (5, 0.7775999903678894), (6, 0.3289155662059784), (0, 0.126966655254364), (1, 0.3333226442337036), (2, 0.22582489252090454), (3, 0.17351292073726654), (4, 0.38740405440330505), (5, 0.22790248692035675), (6, 0.5247864723205566), (0, 0.12943629920482635), (1, 0.426765114068985), (2, 0.31539544463157654), (3, 0.25586917996406555), (4, 0.27410292625427246), (5, 0.17934675514698029), (6, 0.6678773164749146), (0, 0.20556746423244476), (1, 0.13144604861736298), (2, 0.19020557403564453), (3, 0.11420737951993942), (4, 0.40869084000587463), (5, 0.42388245463371277), (6, 0.1778598576784134), (0, 0.3356149196624756), (1, 0.2504487931728363), (2, 0.26082849502563477), (3, 0.17029480636119843), (4, 0.24949634075164795), (5, 0.3711165487766266), (6, 0.11551705747842789), (0, 0.16861502826213837), (1, 0.17724144458770752), (2, 0.2802926003932953), (3, 0.3241899311542511), (4, 0.37761425971984863), (5, 0.2725546061992645), (6, 0.12229760736227036), (0, 0.36538735032081604), (1, 0.30040445923805237), (2, 0.13096129894256592), (3, 0.23991264402866364), (4, 0.23334725201129913), (5, 0.16754895448684692), (6, 0.14144983887672424), (0, 0.22031672298908234), (1, 0.3303174376487732), (2, 0.14517679810523987), (3, 0.37469199299812317), (4, 0.30945202708244324), (5, 0.23282992839813232), (6, 0.10239195078611374), (0, 0.4062502682209015), (1, 0.16520442068576813), (2, 0.1454770416021347), (3, 0.2509526312351227), (4, 0.3362123966217041), (5, 0.14670011401176453), (6, 0.23025403916835785), (0, 0.16693387925624847), (1, 0.24489521980285645), (2, 0.2248792201280594), (3, 0.39408066868782043), (4, 0.22411172091960907), (5, 0.21838660538196564), (6, 0.1969951093196869), (0, 0.30878379940986633), (1, 0.28929629921913147), (2, 0.23479436337947845), (3, 0.25849851965904236), (4, 0.3516397476196289), (5, 0.13911841809749603), (6, 0.08350123465061188), (0, 0.16869902610778809), (1, 0.23561041057109833), (2, 0.157211571931839), (3, 0.41600215435028076), (4, 0.20074911415576935), (5, 0.32743963599205017), (6, 0.09474547952413559), (0, 0.20357127487659454), (1, 0.36104831099510193), (2, 0.24479566514492035), (3, 0.18180078268051147), (4, 0.18270544707775116), (5, 0.2037552148103714), (6, 0.07429969310760498), (0, 0.19115674495697021), (1, 0.14767469465732574), (2, 0.1666274517774582), (3, 0.36044958233833313), (4, 0.24383123219013214), (5, 0.28142258524894714), (6, 0.09539873898029327), (0, 0.07806289196014404), (1, 0.26080915331840515), (2, 0.16555136442184448), (3, 0.24977461993694305), (4, 0.3254750669002533), (5, 0.24280504882335663), (6, 0.06748231500387192), (0, 0.1337273120880127), (1, 0.0868474617600441), (2, 0.28710058331489563), (3, 0.3701375424861908), (4, 0.20031829178333282), (5, 0.12621307373046875), (6, 0.45929959416389465), (0, 0.2197919636964798), (1, 0.09449660778045654), (2, 0.14615881443023682), (3, 0.5220434665679932), (4, 0.4253373444080353), (5, 0.3266904652118683), (6, 0.16799429059028625), (0, 0.2809969484806061), (1, 0.05446620658040047), (2, 0.24068856239318848), (3, 0.6077131628990173), (4, 0.2768276035785675), (5, 0.12709152698516846), (6, 0.20975515246391296), (0, 0.19050699472427368), (1, 0.266937792301178), (2, 0.24796612560749054), (3, 0.2391849309206009), (4, 0.18488258123397827), (5, 0.23007172346115112), (6, 0.1055736094713211), (0, 0.21008646488189697), (1, 0.17243288457393646), (2, 0.2271001785993576), (3, 0.33352938294410706), (4, 0.5597652792930603), (5, 0.4491389989852905), (6, 0.13894322514533997), (0, 0.5229312777519226), (1, 0.13127148151397705), (2, 0.22635217010974884), (3, 0.38743236660957336), (4, 0.30382445454597473), (5, 0.1975386142730713), (6, 0.5670585036277771), (0, 0.4139654338359833), (1, 0.21827764809131622), (2, 0.26961827278137207), (3, 0.1640787422657013), (4, 0.9705324172973633), (5, 0.28921154141426086), (6, 0.24164080619812012), (0, 0.6288968920707703), (1, 0.22232496738433838), (2, 0.70487380027771), (3, 0.35376790165901184), (4, 0.11138536781072617), (5, 0.15118122100830078), (6, 0.05430147796869278), (0, 0.15378107130527496), (1, 0.2637374699115753), (2, 0.15998612344264984), (3, 0.3571111261844635), (4, 0.22158801555633545), (5, 0.19606365263462067), (6, 0.6245339512825012), (0, 0.1695782095193863), (1, 0.23356015980243683), (2, 0.39404627680778503), (3, 0.23020708560943604), (4, 0.2803093492984772), (5, 0.20530517399311066), (6, 0.24496915936470032), (0, 0.22603125870227814), (1, 0.36104774475097656), (2, 0.2973078787326813), (3, 0.22320802509784698), (4, 0.06445992738008499), (5, 0.12547631561756134), (6, 0.2368689626455307), (0, 0.09762435406446457), (1, 0.14360173046588898), (2, 0.3184159994125366), (3, 0.5251171588897705), (4, 0.31809499859809875), (5, 0.10264011472463608), (6, 0.06632591784000397), (0, 0.14829953014850616), (1, 0.11245789378881454), (2, 0.3128783404827118), (3, 0.16867166757583618), (4, 0.18534092605113983), (5, 0.22335128486156464), (6, 0.4740554094314575), (0, 0.14087091386318207), (1, 0.2584805190563202), (2, 0.2194151133298874), (3, 0.10741063952445984), (4, 0.35901615023612976), (5, 0.1244620606303215), (6, 0.1399654746055603), (0, 0.41511043906211853), (1, 0.12402945756912231), (2, 0.15718357264995575), (3, 0.07888098806142807), (4, 0.2608284056186676), (5, 0.15323404967784882), (6, 0.2754320502281189), (0, 0.2150566428899765), (1, 0.16670267283916473), (2, 0.17529122531414032), (3, 0.052446287125349045), (4, 0.21894387900829315), (5, 0.2693701684474945), (6, 0.2396240234375), (0, 0.26052096486091614), (1, 0.17725186049938202), (2, 0.1601676195859909), (3, 0.2783667743206024), (4, 0.09960629791021347), (5, 0.11053193360567093), (6, 0.40314579010009766), (0, 0.3017859160900116), (1, 0.05073221027851105), (2, 0.30739626288414), (3, 0.2311733514070511), (4, 0.21084390580654144), (5, 0.17117299139499664), (6, 0.18425056338310242), (0, 0.10520023107528687), (1, 0.10161495953798294), (2, 0.4820301830768585), (3, 0.14860095083713531), (4, 0.1605324000120163), (5, 0.12494071573019028), (6, 0.3577564060688019), (0, 0.25354984402656555), (1, 0.06390345841646194), (2, 0.2947031259536743), (3, 0.13494281470775604), (4, 0.6446664929389954), (5, 0.07468771934509277), (6, 0.09273072332143784), (0, 0.44392991065979004), (1, 0.10314228385686874), (2, 0.34532544016838074), (3, 0.12340664118528366), (4, 0.5689176917076111), (5, 0.1035291850566864), (6, 0.2414051592350006), (0, 0.17261409759521484), (1, 0.16909974813461304), (2, 0.17521198093891144), (3, 0.24431800842285156), (4, 0.22213588654994965), (5, 0.5122641921043396), (6, 0.2506464421749115), (0, 0.15291672945022583), (1, 0.20156234502792358), (2, 0.4320693016052246), (3, 0.1445302963256836), (4, 0.21471482515335083), (5, 0.18353819847106934), (6, 0.03808826580643654), (0, 0.1503322571516037), (1, 0.3936440050601959), (2, 0.13776712119579315), (3, 0.10492519289255142), (4, 0.37168213725090027), (5, 0.07714644074440002), (6, 0.31451380252838135), (0, 0.22495494782924652), (1, 0.2638314664363861), (2, 0.24825739860534668), (3, 0.15249978005886078), (4, 0.20302872359752655), (5, 0.23250597715377808), (6, 0.1005113273859024), (0, 0.2566511929035187), (1, 0.4858068525791168), (2, 0.20160262286663055), (3, 0.09543427079916), (4, 0.24637649953365326), (5, 0.11056695133447647), (6, 0.03366813063621521), (0, 0.09450582414865494), (1, 0.4250822067260742), (2, 0.21250097453594208), (3, 0.0813102200627327), (4, 0.1120096817612648), (5, 0.16562071442604065), (6, 0.11541914939880371), (0, 0.09938975423574448), (1, 0.22393710911273956), (2, 0.051169198006391525), (3, 0.05855565890669823), (4, 0.28171002864837646), (5, 0.14951135218143463), (6, 0.7269036173820496), (0, 0.11476805061101913), (1, 0.15490703284740448), (2, 0.09445708245038986), (3, 0.12697701156139374), (4, 0.2181079387664795), (5, 0.05348536744713783), (6, 0.6895281672477722), (0, 0.23461037874221802), (1, 0.22952382266521454), (2, 0.11020462960004807), (3, 0.24029135704040527), (4, 0.2428702861070633), (5, 0.09438332170248032), (6, 1.3138347864151), (0, 0.15157900750637054), (1, 0.07721201330423355), (2, 0.23950308561325073), (3, 0.06624609977006912), (4, 0.4706450402736664), (5, 0.15388566255569458), (6, 0.36291244626045227), (0, 0.24650515615940094), (1, 0.1063266173005104), (2, 0.9644601941108704), (3, 0.13231146335601807), (4, 0.3136593997478485), (5, 0.07052890211343765), (6, 0.7230016589164734), (0, 0.25088927149772644), (1, 0.24433517456054688), (2, 0.22427809238433838), (3, 0.21049660444259644), (4, 0.22774823009967804), (5, 0.38095030188560486), (6, 0.06513939052820206), (0, 0.12245593219995499), (1, 0.19088266789913177), (2, 0.404270738363266), (3, 0.34688878059387207), (4, 0.16056673228740692), (5, 0.17309372127056122), (6, 0.2607232928276062), (0, 0.15148364007472992), (1, 0.2744401693344116), (2, 0.19060175120830536), (3, 0.19566136598587036), (4, 0.10707076638936996), (5, 0.20906959474086761), (6, 0.06927060335874557), (0, 0.21257205307483673), (1, 0.15462560951709747), (2, 0.1100393608212471), (3, 0.08578046411275864), (4, 0.41694048047065735), (5, 0.16860491037368774), (6, 0.3024250566959381), (0, 0.1822240948677063), (1, 0.2257300466299057), (2, 0.23338793218135834), (3, 0.3522689640522003), (4, 0.08442538976669312), (5, 0.11934147030115128), (6, 0.03146140277385712), (0, 0.14911365509033203), (1, 0.13147006928920746), (2, 0.11226404458284378), (3, 0.34180721640586853), (4, 0.09775801748037338), (5, 0.22361768782138824), (6, 0.040644969791173935), (0, 0.1341675966978073), (1, 0.22983025014400482), (2, 0.1818104237318039), (3, 0.214593306183815), (4, 0.09694599360227585), (5, 0.09837973117828369), (6, 0.15497100353240967), (0, 0.1408926546573639), (1, 0.15237627923488617), (2, 0.19276213645935059), (3, 0.06669202446937561), (4, 0.142539381980896), (5, 0.145159050822258), (6, 0.45863813161849976), (0, 0.165414959192276), (1, 0.09727668017148972), (2, 0.27029216289520264), (3, 0.2131391316652298), (4, 0.13077601790428162), (5, 0.12574805319309235), (6, 0.04109460115432739), (0, 0.03522041440010071), (1, 0.12738673388957977), (2, 0.14210186898708344), (3, 0.16431954503059387), (4, 0.27679404616355896), (5, 0.13024677336215973), (6, 0.2852035164833069), (0, 0.0977240577340126), (1, 0.09402832388877869), (2, 0.19270096719264984), (3, 0.3125491738319397), (4, 0.0649883970618248), (5, 0.13626474142074585), (6, 0.13141697645187378), (0, 0.2903316915035248), (1, 0.11021973937749863), (2, 0.2778489291667938), (3, 0.09842128306627274), (4, 0.04285131022334099), (5, 0.09442105889320374), (6, 0.03930537402629852), (0, 0.10532251000404358), (1, 0.206241175532341), (2, 0.1263587921857834), (3, 0.1758456975221634), (4, 0.0946427583694458), (5, 0.15530095994472504), (6, 0.028709912672638893), (0, 0.12154746800661087), (1, 0.037155408412218094), (2, 0.18243776261806488), (3, 0.18905071914196014), (4, 0.13375239074230194), (5, 0.2204652577638626), (6, 0.03270219266414642), (0, 0.17032627761363983), (1, 0.20467472076416016), (2, 0.0920645222067833), (3, 0.06588058918714523), (4, 0.09504149109125137), (5, 0.2524152100086212), (6, 0.13738644123077393), (0, 0.12382283061742783), (1, 0.22003336250782013), (2, 0.05345351621508598), (3, 0.18393488228321075), (4, 0.08146200329065323), (5, 0.07570428401231766), (6, 0.13144421577453613), (0, 0.16510558128356934), (1, 0.1301387995481491), (2, 0.17355568706989288), (3, 0.08275000005960464), (4, 0.3164416551589966), (5, 0.029064929112792015), (6, 0.06846710294485092), (0, 0.0784970074892044), (1, 0.18167908489704132), (2, 0.07957278937101364), (3, 0.125487819314003), (4, 0.16119195520877838), (5, 0.04286820814013481), (6, 0.10080625116825104), (0, 0.035050053149461746), (1, 0.15184816718101501), (2, 0.15612022578716278), (3, 0.0648806020617485), (4, 0.15756434202194214), (5, 0.22837965190410614), (6, 0.0381632037460804), (0, 0.14927178621292114), (1, 0.03075920045375824), (2, 0.25027596950531006), (3, 0.05572865530848503), (4, 0.12152823060750961), (5, 0.03342448174953461), (6, 0.11882535368204117), (0, 0.06384923309087753), (1, 0.06829209625720978), (2, 0.20081309974193573), (3, 0.2033182829618454), (4, 0.25678300857543945), (5, 0.17453688383102417), (6, 0.028869157657027245), (0, 0.18688225746154785), (1, 0.07776587456464767), (2, 0.1399139165878296), (3, 0.18227863311767578), (4, 0.20679247379302979), (5, 0.040265507996082306), (6, 0.07212506234645844), (0, 0.18722324073314667), (1, 0.06120612099766731), (2, 0.05470612645149231), (3, 0.07692423462867737), (4, 0.05086049437522888), (5, 0.1352667659521103), (6, 0.4002039432525635), (0, 0.12601062655448914), (1, 0.0790274441242218), (2, 0.15424425899982452), (3, 0.0366969034075737), (4, 0.07649751752614975), (5, 0.15440726280212402), (6, 0.2548721134662628), (0, 0.1185588464140892), (1, 0.2001194953918457), (2, 0.04584893956780434), (3, 0.21069462597370148), (4, 0.0724836066365242), (5, 0.06224728748202324), (6, 0.026141155511140823), (0, 0.1082492470741272), (1, 0.09245295077562332), (2, 0.13109411299228668), (3, 0.10909757763147354), (4, 0.09385558217763901), (5, 0.18140853941440582), (6, 0.02946327067911625), (0, 0.10616456717252731), (1, 0.16144151985645294), (2, 0.09050626307725906), (3, 0.095999576151371), (4, 0.1392568200826645), (5, 0.050385504961013794), (6, 0.023385990411043167), (0, 0.09265649318695068), (1, 0.07669087499380112), (2, 0.09044647216796875), (3, 0.018382297828793526), (4, 0.18177162110805511), (5, 0.1095966175198555), (6, 0.06257767975330353), (0, 0.07820526510477066), (1, 0.1086084172129631), (2, 0.060187507420778275), (3, 0.22544324398040771), (4, 0.16014622151851654), (5, 0.05212612822651863), (6, 0.04375810548663139), (0, 0.10673374682664871), (1, 0.10950509458780289), (2, 0.21730594336986542), (3, 0.1307649463415146), (4, 0.045910995453596115), (5, 0.0603124238550663), (6, 0.21992571651935577), (0, 0.03363604471087456), (1, 0.18022142350673676), (2, 0.16374696791172028), (3, 0.31248828768730164), (4, 0.1308118849992752), (5, 0.11372805386781693), (6, 0.05585363134741783), (0, 0.0641864687204361), (1, 0.2520569860935211), (2, 0.2526808977127075), (3, 0.26749762892723083), (4, 0.06086369976401329), (5, 0.19614529609680176), (6, 0.06360466778278351), (0, 0.2104169726371765), (1, 0.03653553128242493), (2, 0.2919618487358093), (3, 0.10989218950271606), (4, 0.1842600554227829), (5, 1.4589475393295288), (6, 0.11301885545253754), (0, 0.21990419924259186), (1, 0.4826253354549408), (2, 0.22442500293254852), (3, 0.3381042778491974), (4, 0.04898683354258537), (5, 0.08535967022180557), (6, 0.22637705504894257), (0, 0.11322195082902908), (1, 0.10307476669549942), (2, 0.12719134986400604), (3, 0.14477039873600006), (4, 0.059190016239881516), (5, 0.10726074129343033), (6, 0.023295482620596886), (0, 0.071938656270504), (1, 0.6271414756774902), (2, 0.24863262474536896), (3, 0.03441421315073967), (4, 0.08802969008684158), (5, 0.1267467588186264), (6, 0.05343768000602722), (0, 0.41446104645729065), (1, 0.1250883936882019), (2, 0.2292991280555725), (3, 0.4120616018772125), (4, 0.0655447319149971), (5, 0.047908294945955276), (6, 0.07071943581104279), (0, 0.174716055393219), (1, 0.07779376953840256), (2, 0.018796268850564957), (3, 0.3216124475002289), (4, 0.373252272605896), (5, 0.4243389368057251), (6, 0.1380862444639206), (0, 0.16637201607227325), (1, 0.2672635018825531), (2, 0.16494186222553253), (3, 0.06413336843252182), (4, 0.6285440921783447), (5, 0.18379373848438263), (6, 0.12478228658437729), (0, 0.24415342509746552), (1, 0.2865203320980072), (2, 0.07846777886152267), (3, 0.19486697018146515), (4, 0.207911416888237), (5, 0.03910227492451668), (6, 0.5676681399345398), (0, 0.05092981085181236), (1, 0.6756889224052429), (2, 0.21417570114135742), (3, 0.12845206260681152), (4, 0.22514885663986206), (5, 0.19865268468856812), (6, 0.09149473905563354), (0, 0.23305408656597137), (1, 0.29414260387420654), (2, 0.13152797520160675), (3, 0.04028632119297981), (4, 0.21914148330688477), (5, 0.17978741228580475), (6, 0.05754153057932854), (0, 0.13152365386486053), (1, 0.19461150467395782), (2, 0.2309279441833496), (3, 0.06626421958208084), (4, 0.040871307253837585), (5, 0.15893468260765076), (6, 0.08366430550813675), (0, 0.16450630128383636), (1, 0.17510689795017242), (2, 0.14847247302532196), (3, 0.17947089672088623), (4, 0.10389894247055054), (5, 0.061410486698150635), (6, 0.026927616447210312), (0, 0.08719494938850403), (1, 0.08610832691192627), (2, 0.15488354861736298), (3, 0.24256448447704315), (4, 0.1108240857720375), (5, 0.037162795662879944), (6, 0.0980326235294342), (0, 0.15948304533958435), (1, 0.0384192056953907), (2, 0.10732647776603699), (3, 0.13254225254058838), (4, 0.056577544659376144), (5, 0.17767588794231415), (6, 0.02000267617404461), (0, 0.11123239994049072), (1, 0.1042829379439354), (2, 0.07479551434516907), (3, 0.17294315993785858), (4, 0.0766054019331932), (5, 0.21013830602169037), (6, 0.2854813039302826), (0, 0.08046877384185791), (1, 0.1943540722131729), (2, 0.10297908633947372), (3, 0.27480798959732056), (4, 0.23839955031871796), (5, 0.11660832911729813), (6, 0.046702511608600616), (0, 0.07083816081285477), (1, 0.09026572853326797), (2, 0.07031384855508804), (3, 0.18828807771205902), (4, 0.08911927789449692), (5, 0.13106991350650787), (6, 0.08515762537717819), (0, 0.08604859560728073), (1, 0.07586563378572464), (2, 0.1862901896238327), (3, 0.11173728108406067), (4, 0.14929844439029694), (5, 0.09687528014183044), (6, 0.11208166927099228), (0, 0.030492017045617104), (1, 0.11386460065841675), (2, 0.04905376210808754), (3, 0.1806318312883377), (4, 0.0378493070602417), (5, 0.19700177013874054), (6, 0.17015695571899414), (0, 0.06922335177659988), (1, 0.09225933998823166), (2, 0.044865887612104416), (3, 0.08003411442041397), (4, 0.1299542784690857), (5, 0.14083614945411682), (6, 0.01183699257671833), (0, 0.09362848848104477), (1, 0.11055388301610947), (2, 0.02280525304377079), (3, 0.09460175782442093), (4, 0.18209214508533478), (5, 0.07654666155576706), (6, 0.029748795554041862), (0, 0.03315205127000809), (1, 0.215575709939003), (2, 0.09719739109277725), (3, 0.0647691860795021), (4, 0.0662139356136322), (5, 0.10028878599405289), (6, 0.020993545651435852), (0, 0.06610492616891861), (1, 0.051709070801734924), (2, 0.035367581993341446), (3, 0.039810437709093094), (4, 0.20548397302627563), (5, 0.09189387410879135), (6, 0.06918397545814514), (0, 0.14208172261714935), (1, 0.03670496121048927), (2, 0.10962367057800293), (3, 0.09422239661216736), (4, 0.08329319208860397), (5, 0.018241064622998238), (6, 0.06613638252019882), (0, 0.1178448423743248), (1, 0.050475701689720154), (2, 0.11497334390878677), (3, 0.08323889225721359), (4, 0.01971353404223919), (5, 0.07190289348363876), (6, 0.1545456051826477), (0, 0.046882063150405884), (1, 0.04655039682984352), (2, 0.15030501782894135), (3, 0.14868418872356415), (4, 0.05455872043967247), (5, 0.11087965965270996), (6, 0.07790962606668472), (0, 0.08825743198394775), (1, 0.033715441823005676), (2, 0.07249102741479874), (3, 0.07229581475257874), (4, 0.10029388219118118), (5, 0.2364073246717453), (6, 0.29847967624664307), (0, 0.13849718868732452), (1, 0.038995057344436646), (2, 0.11931666731834412), (3, 0.4577978551387787), (4, 0.02813643217086792), (5, 0.26854053139686584), (6, 2.1251752376556396), (0, 0.299384206533432), (1, 0.12685948610305786), (2, 0.06460504978895187), (3, 0.26469576358795166), (4, 0.11678222566843033), (5, 0.1678002029657364), (6, 0.4816841781139374), (0, 0.12222582846879959), (1, 0.16603654623031616), (2, 0.11848517507314682), (3, 0.22107915580272675), (4, 0.2773214876651764), (5, 0.40017732977867126), (6, 0.18518957495689392), (0, 0.1955845206975937), (1, 0.2185642272233963), (2, 0.16861051321029663), (3, 0.20152348279953003), (4, 0.09351575374603271), (5, 0.16400541365146637), (6, 0.1753854602575302), (0, 0.139820858836174), (1, 0.1271182745695114), (2, 0.13153614103794098), (3, 0.4147929847240448), (4, 0.15522034466266632), (5, 0.171937957406044), (6, 0.08373917639255524), (0, 0.19673138856887817), (1, 0.19797997176647186), (2, 0.1573580652475357), (3, 0.10682564973831177), (4, 0.052047330886125565), (5, 0.21495850384235382), (6, 0.23901796340942383), (0, 0.13344886898994446), (1, 0.13703899085521698), (2, 0.2329091876745224), (3, 0.11340096592903137), (4, 0.11117876321077347), (5, 0.07101315259933472), (6, 0.0026685502380132675), (0, 0.06963277608156204), (1, 0.13418787717819214), (2, 0.08415868878364563), (3, 0.06618886440992355), (4, 0.0912497416138649), (5, 0.3109656572341919), (6, 0.11511561274528503), (0, 0.1659708172082901), (1, 0.05384048819541931), (2, 0.106281578540802), (3, 0.035783663392066956), (4, 0.02989095449447632), (5, 0.20564550161361694), (6, 0.048626527190208435), (0, 0.05036298930644989), (1, 0.019804934039711952), (2, 0.29997462034225464), (3, 0.11690335720777512), (4, 0.14426690340042114), (5, 0.06303953379392624), (6, 0.021658586338162422), (0, 0.11624094098806381), (1, 0.037999656051397324), (2, 0.04746486619114876), (3, 0.1683172732591629), (4, 0.06361113488674164), (5, 0.314582496881485), (6, 0.05213244631886482), (0, 0.08396953344345093), (1, 0.053928542882204056), (2, 0.16324038803577423), (3, 0.11260733008384705), (4, 0.10901836305856705), (5, 0.2127741128206253), (6, 0.010137339122593403), (0, 0.04159551113843918), (1, 0.026649804785847664), (2, 0.05022822320461273), (3, 0.0881708636879921), (4, 0.09326556324958801), (5, 0.22564537823200226), (6, 0.05716007575392723), (0, 0.0583006925880909), (1, 0.26421138644218445), (2, 0.08087972551584244), (3, 0.04275502264499664), (4, 0.11000186204910278), (5, 0.04329625889658928), (6, 0.028326228260993958), (0, 0.129794180393219), (1, 0.04160090163350105), (2, 0.1768471747636795), (3, 0.07148341834545135), (4, 0.14199912548065186), (5, 0.03287171199917793), (6, 0.07556751370429993), (0, 0.07057041674852371), (1, 0.1116742491722107), (2, 0.1381440907716751), (3, 0.0747988224029541), (4, 0.03870128467679024), (5, 0.021995076909661293), (6, 0.09590691328048706), (0, 0.040268998593091965), (1, 0.10985574871301651), (2, 0.07891484349966049), (3, 0.08701176196336746), (4, 0.026551423594355583), (5, 0.08748435974121094), (6, 0.05204311013221741), (0, 0.08362805843353271), (1, 0.032684631645679474), (2, 0.0458744578063488), (3, 0.10670041292905807), (4, 0.1089673861861229), (5, 0.056876953691244125), (6, 0.004130025394260883), (0, 0.01740766502916813), (1, 0.1430768519639969), (2, 0.02104371041059494), (3, 0.07487133890390396), (4, 0.04764340817928314), (5, 0.0988805890083313), (6, 0.06538648903369904), (0, 0.053479645401239395), (1, 0.06371288746595383), (2, 0.01462116464972496), (3, 0.13915063440799713), (4, 0.10623747855424881), (5, 0.026860347017645836), (6, 0.07756362855434418)]