Model Setup for Uniformvirtual {PATIENT_GROUPS} Trained Network:

{NETWORK_TYPE} Network Architecture Parameters
Input channels=22
Hidden channels=128
Output channels=1

Training hyperparameters
Optimizer=AdamW (
Parameter Group 0
    amsgrad: False
    betas: (0.9, 0.999)
    capturable: False
    differentiable: False
    eps: 1e-08
    foreach: None
    fused: None
    lr: 0.001
    maximize: False
    weight_decay: 1e-06
)Training Iterations=20
Learning rate=0.001
Weight decay=1e-06
Optimizer reset frequency=None

Dropout probability (after initial linear layer before NCDE): 0
Training Data Selection Parameters
(If not virtual, the only important params are the groups and whether data was normalized/standardized)
Patient groups=['Control', 'MDD']
Augmentation strategy=Uniform
Noise Magnitude=0.05
Normalized/standardized=StandardizeAll
Number of virtual patients per real patient=100
Label smoothing factor=0
Test Patient Combinations:
Control: (12, 18, 34, 42, 21)
MDD: (0, 30, 46, 17, 23)
Training batch size=200
Training Results:
Runtime=1.6298928260803223
Loss over time=[(0, 0.7062960863113403), (1, 0.6781489849090576), (2, 0.676557719707489), (3, 0.6603492498397827), (4, 0.6467502117156982), (5, 0.6561810374259949), (6, 0.6215919852256775), (7, 0.610401451587677), (8, 0.6031778454780579), (9, 0.5981894135475159), (10, 0.5579507946968079), (11, 0.563615083694458), (12, 0.5430749654769897), (13, 0.5267459750175476), (14, 0.5187660455703735), (15, 0.48752403259277344), (16, 0.48969566822052), (17, 0.4651709794998169), (18, 0.46959617733955383), (19, 0.47733569145202637), (20, 0.4650789499282837), (21, 0.4310219883918762), (22, 0.49045512080192566), (23, 0.45745572447776794), (24, 0.44082602858543396), (25, 0.45083996653556824), (26, 0.4695699214935303), (27, 0.47792816162109375), (28, 0.42978885769844055), (29, 0.4300869107246399), (30, 0.3771636188030243), (31, 0.37958404421806335), (32, 0.41418153047561646), (33, 0.37066882848739624), (34, 0.37416213750839233), (35, 0.38674432039260864), (36, 0.38865897059440613), (37, 0.3417798578739166), (38, 0.39918574690818787), (39, 0.3132326304912567), (40, 0.30070027709007263), (41, 0.29609498381614685), (42, 0.2808420956134796), (43, 0.2890549302101135), (44, 0.2599020004272461), (45, 0.27514714002609253), (46, 0.3010868728160858), (47, 0.2018371969461441), (48, 0.24193820357322693), (0, 0.216663658618927), (1, 0.22027729451656342), (2, 0.2417108714580536), (3, 0.2674314081668854), (4, 0.22102729976177216), (5, 0.18268093466758728), (6, 0.19201821088790894), (7, 0.1461217850446701), (8, 0.21312038600444794), (9, 0.16153082251548767), (10, 0.2330453097820282), (11, 0.14384472370147705), (12, 0.14257493615150452), (13, 0.17411929368972778), (14, 0.15119558572769165), (15, 0.15398795902729034), (16, 0.20590810477733612), (17, 0.15534625947475433), (18, 0.1615920215845108), (19, 0.13859954476356506), (20, 0.10933461785316467), (21, 0.17858009040355682), (22, 0.14864064753055573), (23, 0.10469872504472733), (24, 0.1915552318096161), (25, 0.14908914268016815), (26, 0.08588112890720367), (27, 0.19228368997573853), (28, 0.1186446025967598), (29, 0.08485231548547745), (30, 0.1820169985294342), (31, 0.10987509042024612), (32, 0.1193353459239006), (33, 0.0856311246752739), (34, 0.11651799827814102), (35, 0.10273498296737671), (36, 0.08889669179916382), (37, 0.07276968657970428), (38, 0.09306012094020844), (39, 0.11269310116767883), (40, 0.06169876456260681), (41, 0.13174647092819214), (42, 0.10501211136579514), (43, 0.08230970054864883), (44, 0.09864448755979538), (45, 0.10129468142986298), (46, 0.067396380007267), (47, 0.0747871845960617), (48, 0.07168658077716827), (0, 0.06912299990653992), (1, 0.06599793583154678), (2, 0.07500272989273071), (3, 0.06966865062713623), (4, 0.04788057878613472), (5, 0.05937182530760765), (6, 0.04199768230319023), (7, 0.05237480625510216), (8, 0.05587884038686752), (9, 0.056535281240940094), (10, 0.05870286002755165), (11, 0.05705760419368744), (12, 0.03518437221646309), (13, 0.0477725975215435), (14, 0.034732162952423096), (15, 0.023888207972049713), (16, 0.03973906859755516), (17, 0.025379208847880363), (18, 0.030663225799798965), (19, 0.02674688585102558), (20, 0.02186661958694458), (21, 0.036808595061302185), (22, 0.026928210631012917), (23, 0.02723092772066593), (24, 0.02685299701988697), (25, 0.02189113199710846), (26, 0.028634410351514816), (27, 0.019810959696769714), (28, 0.025184717029333115), (29, 0.023010944947600365), (30, 0.025791041553020477), (31, 0.014106344431638718), (32, 0.02661638706922531), (33, 0.011650550179183483), (34, 0.01556728407740593), (35, 0.02023155242204666), (36, 0.011958633549511433), (37, 0.012999560683965683), (38, 0.043276019394397736), (39, 0.014627364464104176), (40, 0.07526092976331711), (41, 0.009425703436136246), (42, 0.13791711628437042), (43, 0.012566744349896908), (44, 0.031923629343509674), (45, 0.07736048102378845), (46, 0.028909258544445038), (47, 0.06152062118053436), (48, 0.03250119462609291), (0, 0.01669980213046074), (1, 0.021309437230229378), (2, 0.09606827050447464), (3, 0.03030894510447979), (4, 0.05227315053343773), (5, 0.01910565048456192), (6, 0.011766139417886734), (7, 0.012062093243002892), (8, 0.04055510461330414), (9, 0.00848437286913395), (10, 0.006570279598236084), (11, 0.014839183539152145), (12, 0.017591575160622597), (13, 0.009990532882511616), (14, 0.011955640278756618), (15, 0.017758533358573914), (16, 0.013497325591742992), (17, 0.005711429752409458), (18, 0.020925261080265045), (19, 0.005325076635926962), (20, 0.007542852777987719), (21, 0.0063200718723237514), (22, 0.006902236957103014), (23, 0.004838082008063793), (24, 0.004094196017831564), (25, 0.003474094904959202), (26, 0.006001862231642008), (27, 0.0060928333550691605), (28, 0.003365923650562763), (29, 0.004928543698042631), (30, 0.0051463996060192585), (31, 0.004102864768356085), (32, 0.005528934765607119), (33, 0.002135892864316702), (34, 0.0039755781181156635), (35, 0.0033334705512970686), (36, 0.004174698144197464), (37, 0.0045213596895337105), (38, 0.002149128820747137), (39, 0.0026633599773049355), (40, 0.0023978562094271183), (41, 0.0025272956117987633), (42, 0.002829408273100853), (43, 0.0024828650057315826), (44, 0.0025527048856019974), (45, 0.0020002431701868773), (46, 0.00180562783498317), (47, 0.0015707648126408458), (48, 0.0024973643012344837), (0, 0.0018888702616095543), (1, 0.0011771065182983875), (2, 0.0015737893991172314), (3, 0.0016375429695472121), (4, 0.0016454248689115047), (5, 0.0017206543125212193), (6, 0.00197410536929965), (7, 0.001240492332726717), (8, 0.001832843292504549), (9, 0.001511038513854146), (10, 0.001122882473282516), (11, 0.0015387265011668205), (12, 0.0013545858673751354), (13, 0.0013324733590707183), (14, 0.00140049634501338), (15, 0.0009060252923518419), (16, 0.00102788966614753), (17, 0.001207695691846311), (18, 0.0011420190567150712), (19, 0.0009169160039164126), (20, 0.0010187673615291715), (21, 0.0012439965503290296), (22, 0.0009766999864950776), (23, 0.0011882551480084658), (24, 0.0012606364907696843), (25, 0.0006341385887935758), (26, 0.0009719098452478647), (27, 0.0009314341587014496), (28, 0.0008555877138860524), (29, 0.0008514311630278826), (30, 0.0011791350552812219), (31, 0.0009088697261177003), (32, 0.00084825383964926), (33, 0.0007416541920974851), (34, 0.0012051622616127133), (35, 0.0010079522617161274), (36, 0.0007192604243755341), (37, 0.0008893489721231163), (38, 0.001239161822013557), (39, 0.0009772408520802855), (40, 0.0010291901417076588), (41, 0.0007970557198859751), (42, 0.0008841349044814706), (43, 0.001152415992692113), (44, 0.0008550924831070006), (45, 0.0009202015935443342), (46, 0.0007031158311292529), (47, 0.0010330129880458117), (48, 0.000926131964661181), (0, 0.0010149491718038917), (1, 0.0009750589961186051), (2, 0.0006710341549478471), (3, 0.0005246858927421272), (4, 0.0008586558979004622), (5, 0.0007048905827105045), (6, 0.0006719612865708768), (7, 0.0006541893817484379), (8, 0.0006217315094545484), (9, 0.0007181977271102369), (10, 0.0008972426294349134), (11, 0.000643026374746114), (12, 0.0008806806872598827), (13, 0.0007971606682986021), (14, 0.000509360630530864), (15, 0.0005377660854719579), (16, 0.0005661851027980447), (17, 0.0004325194749981165), (18, 0.00045180757297202945), (19, 0.0006981563055887818), (20, 0.0005238630110397935), (21, 0.0006941857282072306), (22, 0.00060634984401986), (23, 0.0006178502808324993), (24, 0.0006448747008107603), (25, 0.0006455960101448), (26, 0.0006426054751500487), (27, 0.0006199504714459181), (28, 0.0007380641181953251), (29, 0.0004365217173472047), (30, 0.000623364350758493), (31, 0.0006625943351536989), (32, 0.00038802341441623867), (33, 0.0007005294901318848), (34, 0.00042751297587528825), (35, 0.0006384029402397573), (36, 0.000537492276635021), (37, 0.000524033501278609), (38, 0.0004206954617984593), (39, 0.00038653009687550366), (40, 0.0003795060038100928), (41, 0.0007355873240157962), (42, 0.0003470023220870644), (43, 0.000512909609824419), (44, 0.00046435685362666845), (45, 0.0005109711200930178), (46, 0.0005047497688792646), (47, 0.0003477131249383092), (48, 0.00042151144589297473), (0, 0.0006204628734849393), (1, 0.00044612077181227505), (2, 0.000408050516853109), (3, 0.0005959777627140284), (4, 0.0003768031019717455), (5, 0.00032875037868507206), (6, 0.0004918670165352523), (7, 0.0004135427880100906), (8, 0.00047635615919716656), (9, 0.0003997455642092973), (10, 0.00031316556851379573), (11, 0.0004514750326052308), (12, 0.00030515450634993613), (13, 0.000566850125323981), (14, 0.000503986026160419), (15, 0.00043161018402315676), (16, 0.0005017789080739021), (17, 0.0003092816041316837), (18, 0.0005236517172306776), (19, 0.00046752876369282603), (20, 0.0003825608000624925), (21, 0.0003562030615285039), (22, 0.00036076371907256544), (23, 0.00034221503301523626), (24, 0.00043907773215323687), (25, 0.0004204624565318227), (26, 0.00041050201980397105), (27, 0.0004466877144295722), (28, 0.0003560365003068), (29, 0.0003988262906204909), (30, 0.0002736765018198639), (31, 0.0003559128672350198), (32, 0.0003567913081496954), (33, 0.00023544084979221225), (34, 0.00032758142333477736), (35, 0.00035778366145677865), (36, 0.00023414967290591449), (37, 0.0003169709525536746), (38, 0.0003815896052401513), (39, 0.00031122652580961585), (40, 0.00047581494436599314), (41, 0.00037019234150648117), (42, 0.00027360799140296876), (43, 0.00024953228421509266), (44, 0.00029080899548716843), (45, 0.00033828101004473865), (46, 0.00037438611616380513), (47, 0.0004578654479701072), (48, 0.0003872192755807191), (0, 0.0004626571899279952), (1, 0.00028397576534189284), (2, 0.0003472239477559924), (3, 0.00034009688533842564), (4, 0.000375664618331939), (5, 0.00042376641067676246), (6, 0.00023567629978060722), (7, 0.00026731702382676303), (8, 0.00024666660465300083), (9, 0.0002745599194895476), (10, 0.00031220316304825246), (11, 0.0002977160329464823), (12, 0.00032864222885109484), (13, 0.00028736970853060484), (14, 0.0002795562904793769), (15, 0.00035477872006595135), (16, 0.0004320637963246554), (17, 0.0002778014459181577), (18, 0.00023233014508150518), (19, 0.0002758142363745719), (20, 0.000354939402313903), (21, 0.00028434430714696646), (22, 0.0003015104739461094), (23, 0.00017556719831191003), (24, 0.0002013235935010016), (25, 0.00023999801487661898), (26, 0.00025090467534027994), (27, 0.0002774314780253917), (28, 0.0002270786208100617), (29, 0.00022050179541110992), (30, 0.00031669586314819753), (31, 0.00024570748792029917), (32, 0.00020394760940689594), (33, 0.0002199893060605973), (34, 0.0001454272714909166), (35, 0.0002198500733356923), (36, 0.00031943441717885435), (37, 0.00020595930982381105), (38, 0.0002132274821633473), (39, 0.00023390015121549368), (40, 0.00017315430159214884), (41, 0.000311328680254519), (42, 0.0002129479544237256), (43, 0.00015224445087369531), (44, 0.00022798875579610467), (45, 0.0002256635343655944), (46, 0.00029016801272518933), (47, 0.00020125036826357245), (48, 0.00018175406148657203), (0, 0.00024603784549981356), (1, 0.00019603065447881818), (2, 0.00020908504666294903), (3, 0.0001789945672499016), (4, 0.00013400113675743341), (5, 0.00021846764138899744), (6, 0.00021146606013644487), (7, 0.00020966946613043547), (8, 0.00024073559325188398), (9, 0.00030298333149403334), (10, 0.0001789285452105105), (11, 0.00022162111417856067), (12, 0.00018139954772777855), (13, 0.00023182820586953312), (14, 0.00025983978412114084), (15, 0.00019966799300163984), (16, 0.0002053474890999496), (17, 0.00023135628725867718), (18, 0.00021325782290659845), (19, 0.0001308574283029884), (20, 0.00021415190713014454), (21, 0.00011455122148618102), (22, 0.0002037242375081405), (23, 0.00017312871932517737), (24, 0.00019655443611554801), (25, 0.00020638394926209003), (26, 0.00020140338165219873), (27, 0.00015707009879406542), (28, 0.00023923415574245155), (29, 0.00019878838793374598), (30, 0.0001775813288986683), (31, 0.0001359280722681433), (32, 0.000201441886019893), (33, 0.0001779741287464276), (34, 0.00013434454740490764), (35, 0.00017482248949818313), (36, 0.00018794268544297665), (37, 0.000190425940672867), (38, 0.00015661853831261396), (39, 0.00014681606262456626), (40, 0.00020085346477571875), (41, 0.0001351457176497206), (42, 0.00017064399435184896), (43, 0.00013566846610046923), (44, 0.00016388570656999946), (45, 0.0001425386726623401), (46, 0.00018059721332974732), (47, 0.00015363212150987238), (48, 0.00018373422790318727), (0, 0.00011600321158766747), (1, 0.00017797468171920627), (2, 0.00014407614071387798), (3, 0.00019164143304806203), (4, 0.0001691326906438917), (5, 0.00017346547974739224), (6, 0.0001186555964522995), (7, 0.00016562359814997762), (8, 0.0001885174569906667), (9, 0.00012694184260908514), (10, 0.0001269179629161954), (11, 0.0001550190499983728), (12, 0.00019974567112512887), (13, 0.00015921030717436224), (14, 0.00017691771790850908), (15, 0.0001779706944944337), (16, 0.00011801063374150544), (17, 0.0001482055668020621), (18, 9.813017823034897e-05), (19, 0.0001347245997749269), (20, 9.027947817230597e-05), (21, 0.0001853448775364086), (22, 0.0001399475586367771), (23, 0.00011416683264542371), (24, 0.00010208072490058839), (25, 0.0001342230971204117), (26, 0.00012377768871374428), (27, 0.0001396269362885505), (28, 0.00016313443484250456), (29, 0.00017521069094073027), (30, 0.00012738308578263968), (31, 0.00015969468222465366), (32, 0.00012359592074062675), (33, 0.00011873884795932099), (34, 9.181044879369438e-05), (35, 0.00016607694851700217), (36, 0.0001357775181531906), (37, 0.00012581745977513492), (38, 0.00011787882976932451), (39, 0.00016066026000771672), (40, 0.00011325889499858022), (41, 0.0001146859212894924), (42, 0.00010545248369453475), (43, 0.0001283449528273195), (44, 0.00017531804041936994), (45, 0.0001054898530128412), (46, 0.00011931149492738768), (47, 9.738458174979314e-05), (48, 0.00011566092871362343), (0, 0.00012632826110348105), (1, 0.0001371498656226322), (2, 6.799179391236976e-05), (3, 0.00015224756498355418), (4, 8.888579759513959e-05), (5, 0.00010013582505052909), (6, 0.0001271665678359568), (7, 0.0001144740090239793), (8, 0.00012398044054862112), (9, 0.00012947764480486512), (10, 0.00014355441089719534), (11, 0.00010119206854142249), (12, 0.0001036160538205877), (13, 0.00011571579670999199), (14, 9.546383080305532e-05), (15, 9.219318599207327e-05), (16, 8.97649661055766e-05), (17, 8.843905379762873e-05), (18, 7.695383101236075e-05), (19, 0.00011428292782511562), (20, 0.00014799718337599188), (21, 9.565312211634591e-05), (22, 0.00010588292207103223), (23, 0.00010085860412800685), (24, 9.733931801747531e-05), (25, 8.153620001394302e-05), (26, 8.792526205070317e-05), (27, 0.0001222008722834289), (28, 9.798454993870109e-05), (29, 8.496003283653408e-05), (30, 7.43899290682748e-05), (31, 0.00011418617941671982), (32, 0.00010880957415793091), (33, 0.00010866930824704468), (34, 0.00010006910451920703), (35, 9.847432374954224e-05), (36, 0.00010567604476818815), (37, 7.19428644515574e-05), (38, 0.00011241596075706184), (39, 0.0001066212571458891), (40, 9.789253817871213e-05), (41, 9.985898941522464e-05), (42, 0.00012614326260518283), (43, 9.153744031209499e-05), (44, 8.952389180194587e-05), (45, 9.822723222896457e-05), (46, 6.668907008133829e-05), (47, 0.0001017578033497557), (48, 9.939180745277554e-05), (0, 8.70870499056764e-05), (1, 0.00011037407239200547), (2, 9.4431328761857e-05), (3, 9.630218119127676e-05), (4, 6.655259494436905e-05), (5, 0.00011771614663302898), (6, 7.855822332203388e-05), (7, 0.00010656669473974034), (8, 6.478945579146966e-05), (9, 8.083225111477077e-05), (10, 6.73060494591482e-05), (11, 0.0001099838045774959), (12, 6.780351395718753e-05), (13, 8.4403291111812e-05), (14, 6.64715189486742e-05), (15, 0.00011491579789435491), (16, 7.281186117324978e-05), (17, 9.006587788462639e-05), (18, 6.085870336391963e-05), (19, 8.105458982754499e-05), (20, 6.994618161115795e-05), (21, 9.283603867515922e-05), (22, 8.468495070701465e-05), (23, 8.816838089842349e-05), (24, 8.004895062185824e-05), (25, 6.908586510689929e-05), (26, 6.223910168046132e-05), (27, 8.021604298846796e-05), (28, 9.762296394910663e-05), (29, 9.009354107547551e-05), (30, 8.130304195219651e-05), (31, 8.417951903538778e-05), (32, 6.583726644748822e-05), (33, 8.48208655952476e-05), (34, 9.179721382679418e-05), (35, 8.647852519061416e-05), (36, 7.035244925646111e-05), (37, 6.248725549085066e-05), (38, 8.856936619849876e-05), (39, 6.785362347727641e-05), (40, 7.958534843055531e-05), (41, 7.723693852312863e-05), (42, 8.553452062187716e-05), (43, 5.3322921303333715e-05), (44, 7.062794611556455e-05), (45, 5.8148194511886686e-05), (46, 5.3685907914768904e-05), (47, 6.326078437268734e-05), (48, 6.0039732488803566e-05), (0, 5.9552105085458606e-05), (1, 7.362734322668985e-05), (2, 7.202738925116137e-05), (3, 5.5316180805675685e-05), (4, 6.605224189115688e-05), (5, 7.490746065741405e-05), (6, 6.184561789268628e-05), (7, 4.817743320018053e-05), (8, 5.867480285814963e-05), (9, 6.507737271022052e-05), (10, 7.125355477910489e-05), (11, 6.48838104098104e-05), (12, 7.954195461934432e-05), (13, 7.893813017290086e-05), (14, 4.8560366849415004e-05), (15, 5.481747575686313e-05), (16, 6.539007881656289e-05), (17, 6.0330930864438415e-05), (18, 9.737161599332467e-05), (19, 7.781195745337754e-05), (20, 6.47630076855421e-05), (21, 4.201415868010372e-05), (22, 5.171716111362912e-05), (23, 4.62162570329383e-05), (24, 5.374319516704418e-05), (25, 6.132187991170213e-05), (26, 8.356101898243651e-05), (27, 6.173554720589891e-05), (28, 5.547231558011845e-05), (29, 5.967793185845949e-05), (30, 5.9602505643852055e-05), (31, 5.514403892448172e-05), (32, 6.539463356602937e-05), (33, 8.596110274083912e-05), (34, 5.517424870049581e-05), (35, 7.635541987838224e-05), (36, 5.753514778916724e-05), (37, 5.935282024438493e-05), (38, 6.1015362007310614e-05), (39, 6.166733510326594e-05), (40, 7.595804345328361e-05), (41, 7.647971506230533e-05), (42, 5.217234502197243e-05), (43, 5.534603405976668e-05), (44, 3.949415258830413e-05), (45, 5.5776639783289284e-05), (46, 4.181049735052511e-05), (47, 6.96580609655939e-05), (48, 5.905428042751737e-05), (0, 3.7953250284772366e-05), (1, 5.952664650976658e-05), (2, 5.685399810317904e-05), (3, 5.339277777238749e-05), (4, 7.630211621290073e-05), (5, 5.298658288666047e-05), (6, 7.544926484115422e-05), (7, 5.10758618474938e-05), (8, 5.865573257324286e-05), (9, 5.114703890285455e-05), (10, 5.470251198858023e-05), (11, 3.976477819378488e-05), (12, 6.520291208289564e-05), (13, 5.171152588445693e-05), (14, 5.31499863427598e-05), (15, 6.965736974962056e-05), (16, 5.499284088728018e-05), (17, 5.225131462793797e-05), (18, 5.833947943756357e-05), (19, 4.743352110381238e-05), (20, 5.144838723936118e-05), (21, 6.774391658836976e-05), (22, 3.612763248383999e-05), (23, 6.0190464864717796e-05), (24, 5.782899825135246e-05), (25, 4.1053684981307015e-05), (26, 5.226126449997537e-05), (27, 4.683809311245568e-05), (28, 5.05291172885336e-05), (29, 3.168914918205701e-05), (30, 6.105149077484384e-05), (31, 6.21532672084868e-05), (32, 3.2025971449911594e-05), (33, 5.0726350309560075e-05), (34, 3.747250229935162e-05), (35, 4.2467177991056815e-05), (36, 5.388010322349146e-05), (37, 6.49710709694773e-05), (38, 4.3705433199647814e-05), (39, 2.907783527916763e-05), (40, 6.304455018835142e-05), (41, 3.925607234123163e-05), (42, 3.804297011811286e-05), (43, 3.4629734727786854e-05), (44, 2.7703070372808725e-05), (45, 3.206144174328074e-05), (46, 4.7426776291104034e-05), (47, 2.2737700419384055e-05), (48, 3.854718306683935e-05), (0, 5.3559277148451656e-05), (1, 4.509477366809733e-05), (2, 4.146850551478565e-05), (3, 4.995891504222527e-05), (4, 4.1327832150273025e-05), (5, 4.6667388232890517e-05), (6, 3.2096922950586304e-05), (7, 5.430519740912132e-05), (8, 3.299761010566726e-05), (9, 5.646681529469788e-05), (10, 4.112952228751965e-05), (11, 4.14103087678086e-05), (12, 3.723232657648623e-05), (13, 4.028452531201765e-05), (14, 3.860791548504494e-05), (15, 5.534979572985321e-05), (16, 4.02848600060679e-05), (17, 4.489786806516349e-05), (18, 3.912920510629192e-05), (19, 3.4129610867239535e-05), (20, 3.704278788063675e-05), (21, 5.0322436436545104e-05), (22, 5.2357627282617614e-05), (23, 4.263086157152429e-05), (24, 3.507230940158479e-05), (25, 3.605938036344014e-05), (26, 3.51366434188094e-05), (27, 3.623327211244032e-05), (28, 3.0514409445459023e-05), (29, 3.4131837310269475e-05), (30, 3.6161036405246705e-05), (31, 3.56246528099291e-05), (32, 4.047474794788286e-05), (33, 4.2201700125588104e-05), (34, 3.9530325011583045e-05), (35, 3.568288593669422e-05), (36, 5.5213869927683845e-05), (37, 2.920711449405644e-05), (38, 2.5871060643112287e-05), (39, 3.4324802982155234e-05), (40, 4.052513759233989e-05), (41, 3.917399953934364e-05), (42, 2.5405701308045536e-05), (43, 4.703802915173583e-05), (44, 3.969072349718772e-05), (45, 4.2815354390768334e-05), (46, 2.6742747650132515e-05), (47, 4.3926676880801097e-05), (48, 3.533118069753982e-05), (0, 4.160033859079704e-05), (1, 3.0362518373294733e-05), (2, 2.787050289043691e-05), (3, 2.9739348974544555e-05), (4, 3.82809157599695e-05), (5, 3.4145745303248987e-05), (6, 3.3259620977332816e-05), (7, 3.229347930755466e-05), (8, 2.942788887594361e-05), (9, 3.3194224670296535e-05), (10, 4.37992021034006e-05), (11, 2.8491516786743887e-05), (12, 2.931253948190715e-05), (13, 4.177606024313718e-05), (14, 3.358776666573249e-05), (15, 3.741357068065554e-05), (16, 4.085063119418919e-05), (17, 2.359493555559311e-05), (18, 4.383620762382634e-05), (19, 2.9071266908431426e-05), (20, 4.298968269722536e-05), (21, 2.956946445920039e-05), (22, 3.6509198253042996e-05), (23, 2.700016921153292e-05), (24, 3.2095707865664735e-05), (25, 3.2062747777672485e-05), (26, 3.104443385382183e-05), (27, 2.791962106130086e-05), (28, 2.596138438093476e-05), (29, 3.28962632920593e-05), (30, 3.651825318229385e-05), (31, 4.0948372770799324e-05), (32, 3.573550202418119e-05), (33, 2.7749718356062658e-05), (34, 3.774970173253678e-05), (35, 3.067516445298679e-05), (36, 2.5742909201653674e-05), (37, 4.0504037315258756e-05), (38, 4.3879244913114235e-05), (39, 2.6424997486174107e-05), (40, 3.0229361072997563e-05), (41, 2.909012073359918e-05), (42, 3.439642023295164e-05), (43, 3.260491575929336e-05), (44, 3.515476419124752e-05), (45, 2.8425991331459954e-05), (46, 3.108465898549184e-05), (47, 2.410877641523257e-05), (48, 2.1090621885377914e-05), (0, 2.833185499184765e-05), (1, 2.7673644581227563e-05), (2, 3.834660310531035e-05), (3, 2.9430344511638395e-05), (4, 3.1386323826154694e-05), (5, 3.2130057661561295e-05), (6, 2.5611132514313795e-05), (7, 2.9804687073919922e-05), (8, 2.7843017960549332e-05), (9, 3.399646811885759e-05), (10, 2.6000487196142785e-05), (11, 2.685009894776158e-05), (12, 3.775717777898535e-05), (13, 2.087993561872281e-05), (14, 2.4897373805288225e-05), (15, 3.28322930727154e-05), (16, 3.8946203858358786e-05), (17, 2.7177055017091334e-05), (18, 2.877891529351473e-05), (19, 1.860984048107639e-05), (20, 3.148367613903247e-05), (21, 2.5787714548641816e-05), (22, 2.089651934511494e-05), (23, 2.6452220481587574e-05), (24, 2.8587994165718555e-05), (25, 2.7572990802582353e-05), (26, 3.150501652271487e-05), (27, 3.299511081422679e-05), (28, 3.428961645113304e-05), (29, 2.794241299852729e-05), (30, 2.0499606762314215e-05), (31, 2.9518236260628328e-05), (32, 2.412953836028464e-05), (33, 3.08434282487724e-05), (34, 4.1324929043184966e-05), (35, 2.6033740141429007e-05), (36, 1.0105685760208871e-05), (37, 2.8494987418525852e-05), (38, 2.658194898685906e-05), (39, 2.4995548301376402e-05), (40, 3.115063009317964e-05), (41, 2.454675268381834e-05), (42, 2.0047216821694747e-05), (43, 2.0863331883447245e-05), (44, 2.2900570911588147e-05), (45, 1.9168550352333114e-05), (46, 1.4247658327803947e-05), (47, 2.5298653781646863e-05), (48, 2.090663110720925e-05), (0, 2.76815626421012e-05), (1, 2.220806709374301e-05), (2, 2.839981607394293e-05), (3, 2.1402211132226512e-05), (4, 2.3563616196042858e-05), (5, 2.1419196855276823e-05), (6, 2.7458996555651538e-05), (7, 2.8326676329015754e-05), (8, 2.188485632359516e-05), (9, 3.0506222174153663e-05), (10, 1.874313056760002e-05), (11, 2.1594169083982706e-05), (12, 2.0818833945668302e-05), (13, 2.470884282956831e-05), (14, 2.6217912818538025e-05), (15, 2.4035749447648413e-05), (16, 2.3379081540042534e-05), (17, 2.3467548089683987e-05), (18, 2.440659773128573e-05), (19, 2.3934089767863043e-05), (20, 2.3475389753002673e-05), (21, 2.600183324830141e-05), (22, 1.4085936527408194e-05), (23, 1.535540104669053e-05), (24, 1.8562068362371065e-05), (25, 2.921288432844449e-05), (26, 2.6954665372613817e-05), (27, 2.2170666852616705e-05), (28, 2.238209890492726e-05), (29, 2.481027513567824e-05), (30, 2.472762207617052e-05), (31, 1.8440647181705572e-05), (32, 1.4708424714626744e-05), (33, 2.5169198124785908e-05), (34, 2.2487680325866677e-05), (35, 1.4979613297327887e-05), (36, 2.962637518066913e-05), (37, 2.775887696770951e-05), (38, 2.03439576580422e-05), (39, 1.9427125153015368e-05), (40, 2.168971514038276e-05), (41, 2.3788939870428294e-05), (42, 2.420376222289633e-05), (43, 2.3866577976150438e-05), (44, 2.0720863176393323e-05), (45, 1.9106422769255005e-05), (46, 2.6624031306710094e-05), (47, 1.88468984561041e-05), (48, 2.0070639948244207e-05), (0, 1.8886397811002098e-05), (1, 2.52764093602309e-05), (2, 1.8826080122380517e-05), (3, 2.3473045075661503e-05), (4, 1.4562231626769062e-05), (5, 2.9832246582373045e-05), (6, 1.5518533473368734e-05), (7, 1.9981225705123506e-05), (8, 2.328535083506722e-05), (9, 1.9916880773962475e-05), (10, 1.584772144269664e-05), (11, 2.4954524633358233e-05), (12, 1.6523701560799964e-05), (13, 1.7480835595051758e-05), (14, 1.6056244930950925e-05), (15, 1.7490987374912947e-05), (16, 2.659360870893579e-05), (17, 2.0206329281791113e-05), (18, 1.9434368368820287e-05), (19, 2.2342477677739225e-05), (20, 2.2287465981207788e-05), (21, 1.3165274140192196e-05), (22, 1.6578884242335334e-05), (23, 2.017529186559841e-05), (24, 1.9483610230963677e-05), (25, 2.1306919734342955e-05), (26, 2.1738755094702356e-05), (27, 2.4505854526069015e-05), (28, 1.8676173567655496e-05), (29, 1.8465749235474505e-05), (30, 2.2514621377922595e-05), (31, 2.59960324910935e-05), (32, 1.3355782357393764e-05), (33, 2.0793457224499434e-05), (34, 2.497710556781385e-05), (35, 2.1863765141461045e-05), (36, 2.3585022063343786e-05), (37, 2.107660475303419e-05), (38, 1.2326371688686777e-05), (39, 2.0682471586042084e-05), (40, 1.9693648937391117e-05), (41, 1.1046887266275007e-05), (42, 1.8036904293694533e-05), (43, 1.6689387848600745e-05), (44, 1.3512608347809874e-05), (45, 1.7925438442034647e-05), (46, 1.4079259926802479e-05), (47, 1.7530541299493052e-05), (48, 2.14963383768918e-05), (0, 1.3276778190629557e-05), (1, 2.1017789549659938e-05), (2, 1.4752410606888589e-05), (3, 1.205450371344341e-05), (4, 1.798066841729451e-05), (5, 1.1693565284076612e-05), (6, 1.8229040506412275e-05), (7, 2.27165364776738e-05), (8, 1.745494046190288e-05), (9, 1.4228580766939558e-05), (10, 1.2206062820041552e-05), (11, 1.5483028619200923e-05), (12, 1.8689152057049796e-05), (13, 2.2275029550655745e-05), (14, 1.604991666681599e-05), (15, 1.479325601394521e-05), (16, 1.529043584014289e-05), (17, 1.5986835933290422e-05), (18, 1.3273677723191213e-05), (19, 1.2370658623694908e-05), (20, 2.0506877262960188e-05), (21, 2.0781140847248025e-05), (22, 2.053088064712938e-05), (23, 2.7294827305013314e-05), (24, 1.3098714589432348e-05), (25, 2.2449112293543294e-05), (26, 2.1995962015353143e-05), (27, 1.5126654943742324e-05), (28, 1.7562368157086894e-05), (29, 1.807595072023105e-05), (30, 1.9230674297432415e-05), (31, 1.6768635759945028e-05), (32, 1.1568484296731185e-05), (33, 1.1874412848555949e-05), (34, 2.2362859454005957e-05), (35, 1.570513632032089e-05), (36, 1.8589596948004328e-05), (37, 2.2140147848404013e-05), (38, 1.671720019658096e-05), (39, 1.8280405129189603e-05), (40, 1.8365979485679418e-05), (41, 1.403432816005079e-05), (42, 1.6120775399031118e-05), (43, 2.276135637657717e-05), (44, 1.5605874068569392e-05), (45, 1.5914107279968448e-05), (46, 9.002834303828422e-06), (47, 1.1148493285872974e-05), (48, 1.0974347787851002e-05)]