Model Setup for Uniformvirtual {PATIENT_GROUPS} Trained Network:

{NETWORK_TYPE} Network Architecture Parameters
Input channels=22
Hidden channels=128
Output channels=1

Training hyperparameters
Optimizer=AdamW (
Parameter Group 0
    amsgrad: False
    betas: (0.9, 0.999)
    capturable: False
    differentiable: False
    eps: 1e-08
    foreach: None
    fused: None
    lr: 0.001
    maximize: False
    weight_decay: 1e-06
)Training Iterations=50
Learning rate=0.001
Weight decay=1e-06
Optimizer reset frequency=None

Dropout probability (after initial linear layer before NCDE): 0
Training Data Selection Parameters
(If not virtual, the only important params are the groups and whether data was normalized/standardized)
Patient groups=['Control', 'MDD']
Augmentation strategy=Uniform
Noise Magnitude=0.05
Normalized/standardized=StandardizeAll
Number of virtual patients per real patient=100
Label smoothing factor=0
Test Patient Combinations:
Control: (16, 22, 47, 15, 7)
MDD: (2,)
Training batch size=200
Training Results:
Runtime=4.475445032119751
Loss over time=[(0, 0.7092092633247375), (1, 0.6841086745262146), (2, 0.6759639978408813), (3, 0.6675229072570801), (4, 0.6679436564445496), (5, 0.654074490070343), (6, 0.6567738056182861), (7, 0.6429174542427063), (8, 0.6241732835769653), (9, 0.6223231554031372), (10, 0.6001515984535217), (11, 0.5756469964981079), (12, 0.5497741103172302), (13, 0.5646568536758423), (14, 0.554851770401001), (15, 0.5600231289863586), (16, 0.5474458336830139), (17, 0.5387853384017944), (18, 0.5245537757873535), (19, 0.5032439231872559), (20, 0.5175384283065796), (21, 0.4373723268508911), (22, 0.5084080696105957), (23, 0.4178449511528015), (24, 0.4700915813446045), (25, 0.42690718173980713), (26, 0.4048605263233185), (27, 0.3745065927505493), (28, 0.4590718150138855), (29, 0.40653857588768005), (30, 0.4825080931186676), (31, 0.34496447443962097), (32, 0.4083028733730316), (33, 0.4047042429447174), (34, 0.36793386936187744), (35, 0.3718264698982239), (36, 0.41078513860702515), (37, 0.3586878180503845), (38, 0.34436824917793274), (39, 0.359496146440506), (40, 0.3044763505458832), (41, 0.35443443059921265), (42, 0.28656408190727234), (43, 0.2657562792301178), (44, 0.2646496295928955), (45, 0.25423622131347656), (46, 0.2530665099620819), (47, 0.2612045407295227), (48, 0.2230501025915146), (49, 0.2572951018810272), (50, 0.22057662904262543), (0, 0.24818623065948486), (1, 0.24793633818626404), (2, 0.23268623650074005), (3, 0.19552253186702728), (4, 0.18453443050384521), (5, 0.2122383564710617), (6, 0.16084466874599457), (7, 0.20342595875263214), (8, 0.17127372324466705), (9, 0.16778013110160828), (10, 0.12613509595394135), (11, 0.16303201019763947), (12, 0.16983583569526672), (13, 0.1341036856174469), (14, 0.11166830360889435), (15, 0.09782984107732773), (16, 0.13135775923728943), (17, 0.11537715047597885), (18, 0.13779012858867645), (19, 0.10823436826467514), (20, 0.12868669629096985), (21, 0.11560110747814178), (22, 0.10734039545059204), (23, 0.10182561725378036), (24, 0.11052235960960388), (25, 0.09821154922246933), (26, 0.11427077651023865), (27, 0.12117420136928558), (28, 0.0665043517947197), (29, 0.08668432384729385), (30, 0.050206929445266724), (31, 0.07717739790678024), (32, 0.08504071831703186), (33, 0.09827828407287598), (34, 0.0652087852358818), (35, 0.06934843957424164), (36, 0.05431823432445526), (37, 0.07581987231969833), (38, 0.07547084987163544), (39, 0.044715218245983124), (40, 0.08474621176719666), (41, 0.06842021644115448), (42, 0.048670440912246704), (43, 0.10214617103338242), (44, 0.04640811309218407), (45, 0.12452269345521927), (46, 0.09089037030935287), (47, 0.05325639247894287), (48, 0.05308680981397629), (49, 0.061300262808799744), (50, 0.03884552791714668), (0, 0.045621875673532486), (1, 0.04117836430668831), (2, 0.0379062294960022), (3, 0.034554045647382736), (4, 0.021924300119280815), (5, 0.03451964631676674), (6, 0.03137604147195816), (7, 0.04202103614807129), (8, 0.031243300065398216), (9, 0.04340813308954239), (10, 0.03412099927663803), (11, 0.032856285572052), (12, 0.02045421116054058), (13, 0.031194211915135384), (14, 0.019409459084272385), (15, 0.007736756931990385), (16, 0.024991026148200035), (17, 0.011497016064822674), (18, 0.019464099779725075), (19, 0.01619836501777172), (20, 0.006477342918515205), (21, 0.014542115852236748), (22, 0.012355886399745941), (23, 0.0111573850736022), (24, 0.009942971169948578), (25, 0.02027849853038788), (26, 0.006092116702347994), (27, 0.009081020019948483), (28, 0.0178332831710577), (29, 0.0072534396313130856), (30, 0.01661745272576809), (31, 0.012063727714121342), (32, 0.007886506617069244), (33, 0.0160624161362648), (34, 0.005146821960806847), (35, 0.025888705626130104), (36, 0.0071108378469944), (37, 0.002732391469180584), (38, 0.02076239511370659), (39, 0.014596891589462757), (40, 0.00458990503102541), (41, 0.049920037388801575), (42, 0.01241662260144949), (43, 0.018331540748476982), (44, 0.04875146225094795), (45, 0.011311640962958336), (46, 0.054440196603536606), (47, 0.011735749430954456), (48, 0.006894096732139587), (49, 0.18096387386322021), (50, 0.022881627082824707), (0, 0.122224360704422), (1, 0.02561304345726967), (2, 0.1325872391462326), (3, 0.027413612231612206), (4, 0.018250247463583946), (5, 0.04254436120390892), (6, 0.016394736245274544), (7, 0.03265029191970825), (8, 0.023547425866127014), (9, 0.026993906125426292), (10, 0.011630755849182606), (11, 0.005535040516406298), (12, 0.006085969042032957), (13, 0.003444122616201639), (14, 0.01209165807813406), (15, 0.010250763967633247), (16, 0.024992991238832474), (17, 0.008457425981760025), (18, 0.0269717238843441), (19, 0.004766937345266342), (20, 0.005623768083751202), (21, 0.01407915260642767), (22, 0.006303743924945593), (23, 0.004444059915840626), (24, 0.0033008798491209745), (25, 0.007714678067713976), (26, 0.011578933335840702), (27, 0.006974423304200172), (28, 0.004805866628885269), (29, 0.009820784442126751), (30, 0.003922382369637489), (31, 0.0014779281336814165), (32, 0.0030245326925069094), (33, 0.002321668667718768), (34, 0.003717150306329131), (35, 0.003665123600512743), (36, 0.0026237722486257553), (37, 0.0014126560417935252), (38, 0.0011676456779241562), (39, 0.0012667271075770259), (40, 0.002150162821635604), (41, 0.0013871063711121678), (42, 0.0025858557783067226), (43, 0.0015105566708371043), (44, 0.0012393093202263117), (45, 0.0014755188021808863), (46, 0.0022872642148286104), (47, 0.001467680325731635), (48, 0.0015894362004473805), (49, 0.001533822389319539), (50, 0.001808921224437654), (0, 0.0011989162303507328), (1, 0.0011161859147250652), (2, 0.001214829389937222), (3, 0.0007400781032629311), (4, 0.001107232179492712), (5, 0.0010895985178649426), (6, 0.0011182950111106038), (7, 0.0013599353842437267), (8, 0.0010695005767047405), (9, 0.0011474108323454857), (10, 0.0008773814188316464), (11, 0.0009201820357702672), (12, 0.00133748899679631), (13, 0.001098536653444171), (14, 0.0006932095275260508), (15, 0.0010323007591068745), (16, 0.0005344165256246924), (17, 0.0009011686779558659), (18, 0.0012148655951023102), (19, 0.0011872777249664068), (20, 0.001126716728322208), (21, 0.0012123269261792302), (22, 0.0007612862973473966), (23, 0.0007873889990150928), (24, 0.0008674987475387752), (25, 0.001024722820147872), (26, 0.0012047983473166823), (27, 0.0007300698780454695), (28, 0.0007076070178300142), (29, 0.0005951384082436562), (30, 0.0007215328514575958), (31, 0.0007642506971023977), (32, 0.0004933630116283894), (33, 0.0006521485047414899), (34, 0.000608464062679559), (35, 0.0014659833395853639), (36, 0.00042694585863500834), (37, 0.0005402895621955395), (38, 0.000741710711736232), (39, 0.0005345089011825621), (40, 0.0003630705177783966), (41, 0.0009756766376085579), (42, 0.0006632926524616778), (43, 0.0005983544979244471), (44, 0.0006013974780216813), (45, 0.0004941308870911598), (46, 0.0007096055196598172), (47, 0.0006209833081811666), (48, 0.0005339408526197076), (49, 0.0007493176963180304), (50, 0.0005653483676724136), (0, 0.0005755285383202136), (1, 0.0006451632943935692), (2, 0.0003964747011195868), (3, 0.0009037393610924482), (4, 0.0005234227865003049), (5, 0.0007826247601769865), (6, 0.0005700141773559153), (7, 0.0003905909543391317), (8, 0.0004534409090410918), (9, 0.0006952818366698921), (10, 0.0005891094333492219), (11, 0.00041530223097652197), (12, 0.0007856960874050856), (13, 0.0004927120171487331), (14, 0.0005100419512018561), (15, 0.00044439599150791764), (16, 0.0006125392974354327), (17, 0.0003782488638535142), (18, 0.00044641297427006066), (19, 0.0004300831351429224), (20, 0.00031650636810809374), (21, 0.000449781131464988), (22, 0.0005566930049099028), (23, 0.0004222652642056346), (24, 0.0003664126852527261), (25, 0.00043871745583601296), (26, 0.0004479287308640778), (27, 0.0006726327701471746), (28, 0.0002277856838190928), (29, 0.0004219681432005018), (30, 0.0004155744973104447), (31, 0.0005848723812960088), (32, 0.00041648425394669175), (33, 0.00017621740698814392), (34, 0.0002649106318131089), (35, 0.0003890208899974823), (36, 0.0002486036974005401), (37, 0.0002447569859214127), (38, 0.0004220995760988444), (39, 0.00046120621846057475), (40, 0.0003855937102343887), (41, 0.00039036295493133366), (42, 0.00038472545566037297), (43, 0.00036784756230190396), (44, 0.0003218479105271399), (45, 0.00025276499218307436), (46, 0.00021561395260505378), (47, 0.000470467348350212), (48, 0.0002822200767695904), (49, 0.00027589729870669544), (50, 0.0002849022566806525), (0, 0.0003658838977571577), (1, 0.0003776144003495574), (2, 0.0004289811186026782), (3, 0.0002588076749816537), (4, 0.00034965784288942814), (5, 0.0003709184820763767), (6, 0.0003678218345157802), (7, 0.0003622403310146183), (8, 0.0003682239621412009), (9, 0.00024027525796554983), (10, 0.0004249084449838847), (11, 0.00040752909262664616), (12, 0.00024162125191651285), (13, 0.00026792631251737475), (14, 0.000436778471339494), (15, 0.00025153998285532), (16, 0.0004338767612352967), (17, 0.00031707275775261223), (18, 0.00022063899086788297), (19, 0.00023724217317067087), (20, 0.00030818075174465775), (21, 0.00029623450245708227), (22, 0.00020608108025044203), (23, 0.0002744748489931226), (24, 0.00045741553185507655), (25, 0.00023187109036371112), (26, 0.00021926529007032514), (27, 0.00028228797600604594), (28, 0.00029545440338552), (29, 0.0001987167779589072), (30, 0.00026321582845412195), (31, 0.00037522995262406766), (32, 0.00021007344184909016), (33, 0.00021801430557388812), (34, 0.00037782808067277074), (35, 0.00023650396906305104), (36, 0.0003109427634626627), (37, 0.0002418082585791126), (38, 0.00026655898545868695), (39, 0.00028597936034202576), (40, 0.0002649319067131728), (41, 0.00037308724131435156), (42, 0.0003348388127051294), (43, 0.00023111239715944976), (44, 0.00022215522767510265), (45, 0.0002185618068324402), (46, 0.00013225775910541415), (47, 0.00023825725656934083), (48, 0.00021903117885813117), (49, 0.00027959170984104276), (50, 0.00021059540449641645), (0, 0.00021467497572302818), (1, 0.00021424803708214313), (2, 0.00021427631145343184), (3, 0.000264019297901541), (4, 0.00023966615844983608), (5, 0.00023475750640500337), (6, 0.00020943327399436384), (7, 0.0002153994864784181), (8, 0.00021007636678405106), (9, 0.00018481764709576964), (10, 0.00018085428746417165), (11, 0.00020444547408260405), (12, 0.0002189703081967309), (13, 0.00016222233534790576), (14, 0.0001672410435276106), (15, 0.0002602704335004091), (16, 0.0002429803425911814), (17, 0.0003561051853466779), (18, 0.00018976381397806108), (19, 0.00024973598192445934), (20, 0.00027812959160655737), (21, 0.00017430535808671266), (22, 0.0001855214504757896), (23, 0.0001950440346263349), (24, 0.0001704385649645701), (25, 0.00019899032486137003), (26, 0.00020195562683511525), (27, 0.00022098806221038103), (28, 0.00022641198302153498), (29, 0.00026955798966810107), (30, 0.00015464912576135248), (31, 0.00014931555779185146), (32, 0.00014783222286496311), (33, 0.00015054397226776928), (34, 0.00018392954370938241), (35, 0.0001674320228630677), (36, 0.00016912286810111254), (37, 0.0002068261819658801), (38, 0.00021262987866066396), (39, 0.0001533799950266257), (40, 0.00019401426834519953), (41, 0.00016108423005789518), (42, 0.0002317908947588876), (43, 0.00014497380470857024), (44, 0.00012225046521052718), (45, 0.00017051778559107333), (46, 0.00015632335271220654), (47, 0.00017688627121970057), (48, 0.00014953476784285158), (49, 0.00012017497647320852), (50, 0.0002119261334883049), (0, 0.00019098924531135708), (1, 7.738952263025567e-05), (2, 0.00014103631838224828), (3, 0.0001449013507226482), (4, 0.00018775335047394037), (5, 0.00012022875307593495), (6, 0.00010429608664708212), (7, 0.00013211376790422946), (8, 0.0001309189829044044), (9, 0.00014993231161497533), (10, 0.00015006691683083773), (11, 0.00014062518312130123), (12, 0.0002425122947897762), (13, 0.00015310363960452378), (14, 0.0001540281664347276), (15, 0.00013084165402688086), (16, 0.00011766287207137793), (17, 0.00011516589438542724), (18, 0.00014251130050979555), (19, 5.674027852364816e-05), (20, 0.00013199042587075382), (21, 0.00015715256449766457), (22, 0.00018583105702418834), (23, 9.983777272282168e-05), (24, 9.81275734375231e-05), (25, 0.00013388758816290647), (26, 0.00013903477520216256), (27, 0.00011578920384636149), (28, 0.00010654875222826377), (29, 0.00010678475518943742), (30, 9.926607890520245e-05), (31, 9.774921636562794e-05), (32, 0.0001110529774450697), (33, 0.0001794392301235348), (34, 0.0001168375019915402), (35, 0.00016140406660269946), (36, 7.344663754338399e-05), (37, 0.00010605854913592339), (38, 0.0001299800496781245), (39, 0.00013744526950176805), (40, 7.55676010157913e-05), (41, 7.673417712794617e-05), (42, 0.00011030335008399561), (43, 5.7214485423173755e-05), (44, 0.00015956176503095776), (45, 0.00012392777716740966), (46, 8.622546010883525e-05), (47, 0.00017955129442270845), (48, 0.00010911181743722409), (49, 0.00013380576274357736), (50, 9.903747559292242e-05), (0, 9.90093030850403e-05), (1, 0.00010915898019447923), (2, 0.00010327345080440864), (3, 0.00014353013830259442), (4, 7.789421215420589e-05), (5, 0.0001245236344402656), (6, 0.00011805492249550298), (7, 9.248087008018047e-05), (8, 6.68709326419048e-05), (9, 7.399488822557032e-05), (10, 8.686389628564939e-05), (11, 0.00010263976582791656), (12, 7.263245788635686e-05), (13, 9.993748972192407e-05), (14, 9.264182153856382e-05), (15, 0.00012939702719449997), (16, 9.376608795719221e-05), (17, 9.320464596385136e-05), (18, 6.475029658759013e-05), (19, 7.600578828714788e-05), (20, 6.800799019401893e-05), (21, 7.248131441883743e-05), (22, 6.919837323948741e-05), (23, 8.336704922839999e-05), (24, 7.372375694103539e-05), (25, 7.857714081183076e-05), (26, 0.00010057075269287452), (27, 7.282952719833702e-05), (28, 9.025818872032687e-05), (29, 0.00010453218419570476), (30, 7.745520997559652e-05), (31, 7.27762671886012e-05), (32, 6.80549128446728e-05), (33, 9.080786549020559e-05), (34, 5.176874401513487e-05), (35, 9.481728193350136e-05), (36, 6.1008693592157215e-05), (37, 6.929541268618777e-05), (38, 7.890420238254592e-05), (39, 0.00010761411977000535), (40, 7.43796190363355e-05), (41, 4.3424228351796046e-05), (42, 7.093115709722042e-05), (43, 7.964546966832131e-05), (44, 8.866583812050521e-05), (45, 6.468083302024752e-05), (46, 4.147519211983308e-05), (47, 8.333803270943463e-05), (48, 3.446637492743321e-05), (49, 4.50311454187613e-05), (50, 6.797943933634087e-05), (0, 4.340741361374967e-05), (1, 8.476981747662649e-05), (2, 6.740225217072293e-05), (3, 8.272831473732367e-05), (4, 8.769732085056603e-05), (5, 4.479786366573535e-05), (6, 5.996744948788546e-05), (7, 9.001361468108371e-05), (8, 7.330917287617922e-05), (9, 5.836223135702312e-05), (10, 7.979944348335266e-05), (11, 6.632455915678293e-05), (12, 6.564205978065729e-05), (13, 7.72713465266861e-05), (14, 6.78398137097247e-05), (15, 4.4947901187697425e-05), (16, 6.187936378410086e-05), (17, 7.297776028281078e-05), (18, 4.3887950596399605e-05), (19, 6.395252421498299e-05), (20, 6.177915929583833e-05), (21, 4.9494599807076156e-05), (22, 7.004870712989941e-05), (23, 5.3555737395072356e-05), (24, 5.768535629613325e-05), (25, 4.080392318428494e-05), (26, 5.595648326561786e-05), (27, 4.527725832303986e-05), (28, 7.289738277904689e-05), (29, 7.619451207574457e-05), (30, 6.729301094310358e-05), (31, 4.7803594497963786e-05), (32, 4.923837695969269e-05), (33, 5.678656816598959e-05), (34, 4.2962270526913926e-05), (35, 8.173627429641783e-05), (36, 4.033388540847227e-05), (37, 5.8746350987348706e-05), (38, 4.112307942705229e-05), (39, 5.7833320170175284e-05), (40, 4.093460665899329e-05), (41, 4.0993239963427186e-05), (42, 4.154820635449141e-05), (43, 4.024179361294955e-05), (44, 5.5188826081575826e-05), (45, 4.99161978950724e-05), (46, 5.693349885405041e-05), (47, 5.0653899961616844e-05), (48, 3.565282895579003e-05), (49, 5.874171984032728e-05), (50, 6.35366523056291e-05), (0, 4.402851118356921e-05), (1, 4.936284676659852e-05), (2, 7.25059217074886e-05), (3, 4.311277371016331e-05), (4, 3.4712982596829534e-05), (5, 5.932990461587906e-05), (6, 4.4610835175262764e-05), (7, 3.5222608858020976e-05), (8, 5.1119885029038414e-05), (9, 6.150555418571457e-05), (10, 6.318007945083082e-05), (11, 3.957904118578881e-05), (12, 9.043081081472337e-05), (13, 2.6329451429774053e-05), (14, 5.184012115933001e-05), (15, 4.3935709982179105e-05), (16, 3.697603824548423e-05), (17, 3.408730117371306e-05), (18, 4.2997147829737514e-05), (19, 5.984585368423723e-05), (20, 3.2611078495392576e-05), (21, 5.24740171385929e-05), (22, 4.764143886859529e-05), (23, 6.235193723114207e-05), (24, 3.235328404116444e-05), (25, 3.117796586593613e-05), (26, 4.693773007602431e-05), (27, 4.730968430521898e-05), (28, 4.875026934314519e-05), (29, 4.099622674402781e-05), (30, 4.682519647758454e-05), (31, 5.24562674399931e-05), (32, 2.929652873717714e-05), (33, 5.908992170589045e-05), (34, 5.014317139284685e-05), (35, 4.006226663477719e-05), (36, 4.403506318340078e-05), (37, 4.663098297896795e-05), (38, 3.543932325555943e-05), (39, 5.197428254177794e-05), (40, 3.583755824365653e-05), (41, 4.6410394133999944e-05), (42, 3.0917934054741636e-05), (43, 3.543890852597542e-05), (44, 2.8588254281203263e-05), (45, 3.0499226340907626e-05), (46, 3.785338412853889e-05), (47, 4.71567727799993e-05), (48, 3.211475268471986e-05), (49, 2.952745126094669e-05), (50, 3.483635009615682e-05), (0, 4.6817687689326704e-05), (1, 4.195567817077972e-05), (2, 5.141640212968923e-05), (3, 3.596198803279549e-05), (4, 3.1222531106323004e-05), (5, 2.6683635951485485e-05), (6, 2.7323554604663514e-05), (7, 3.390325218788348e-05), (8, 3.672915408969857e-05), (9, 3.692169048008509e-05), (10, 4.853903010371141e-05), (11, 3.119551547570154e-05), (12, 4.11635592172388e-05), (13, 3.310157626401633e-05), (14, 3.192905933246948e-05), (15, 3.6150391679257154e-05), (16, 3.166038004565053e-05), (17, 2.9818955226801336e-05), (18, 3.7944257201161236e-05), (19, 5.017357034375891e-05), (20, 3.062557152588852e-05), (21, 3.837694021058269e-05), (22, 3.106944859609939e-05), (23, 4.014571095467545e-05), (24, 1.8434930098010227e-05), (25, 2.6705693016992882e-05), (26, 4.9400481657357886e-05), (27, 3.799506157520227e-05), (28, 2.536968167987652e-05), (29, 3.359034963068552e-05), (30, 2.7313048121868633e-05), (31, 3.1970281270332634e-05), (32, 3.196005854988471e-05), (33, 3.8423138903453946e-05), (34, 1.903125121316407e-05), (35, 3.843581725959666e-05), (36, 3.529729292495176e-05), (37, 5.117313048685901e-05), (38, 3.044523691642098e-05), (39, 2.6226953195873648e-05), (40, 2.7464791855891235e-05), (41, 4.7069668653421104e-05), (42, 3.660268703242764e-05), (43, 2.9100137908244506e-05), (44, 2.0226008928148076e-05), (45, 4.002794958068989e-05), (46, 3.9009039028314874e-05), (47, 2.940877493529115e-05), (48, 2.7670630515785888e-05), (49, 4.525834083324298e-05), (50, 2.9295082640601322e-05), (0, 3.3569431252544746e-05), (1, 3.4698769013630226e-05), (2, 3.3983342291321605e-05), (3, 3.5689608921529725e-05), (4, 2.744542871369049e-05), (5, 4.903120134258643e-05), (6, 2.0949510144419037e-05), (7, 2.1725192709709518e-05), (8, 2.0326355297584087e-05), (9, 2.1444873709697276e-05), (10, 3.9925715100253e-05), (11, 3.2690222724340856e-05), (12, 4.331265154178254e-05), (13, 2.8353977540973574e-05), (14, 2.1856412786291912e-05), (15, 3.859482239931822e-05), (16, 3.1062365451361984e-05), (17, 2.7459665943752043e-05), (18, 2.780324939521961e-05), (19, 3.0441078706644475e-05), (20, 2.8203990950714797e-05), (21, 3.758665479836054e-05), (22, 2.5440505851292983e-05), (23, 3.134138387395069e-05), (24, 2.8140901122242212e-05), (25, 3.6076173273613676e-05), (26, 3.148285031784326e-05), (27, 2.7919653803110123e-05), (28, 2.3061016690917313e-05), (29, 3.747605296666734e-05), (30, 2.3985889129107818e-05), (31, 3.3324995456496254e-05), (32, 1.0963366548821796e-05), (33, 2.105254134221468e-05), (34, 2.5318209736724384e-05), (35, 2.6588908440317027e-05), (36, 3.8013196899555624e-05), (37, 1.7380196368321776e-05), (38, 3.0057890398893505e-05), (39, 1.3421073163044639e-05), (40, 2.1674393792636693e-05), (41, 2.7822214178740978e-05), (42, 2.1888070477871224e-05), (43, 1.8272407032782212e-05), (44, 4.050937423016876e-05), (45, 1.9113242160528898e-05), (46, 2.6993559004040435e-05), (47, 3.0763450922677293e-05), (48, 3.590107007767074e-05), (49, 1.3535028301703278e-05), (50, 2.4324754122062586e-05), (0, 2.7278196284896694e-05), (1, 3.4728214814094827e-05), (2, 2.9075796192046255e-05), (3, 2.0479692466324195e-05), (4, 3.197519981767982e-05), (5, 1.5341367543442175e-05), (6, 2.5964234737330116e-05), (7, 2.261045665363781e-05), (8, 1.8870226995204575e-05), (9, 2.8361282602418214e-05), (10, 3.0243325454648584e-05), (11, 2.60543583863182e-05), (12, 2.0515530195552856e-05), (13, 1.4856697816867381e-05), (14, 2.3902084649307653e-05), (15, 3.3325170079478994e-05), (16, 1.7750504412106238e-05), (17, 1.9205997887183912e-05), (18, 2.346407200093381e-05), (19, 2.722547469602432e-05), (20, 2.2463123968918808e-05), (21, 2.186016172345262e-05), (22, 2.6897087082033977e-05), (23, 2.6265892302035354e-05), (24, 2.696889714570716e-05), (25, 2.141706136171706e-05), (26, 2.5571651349309832e-05), (27, 2.4451581339235418e-05), (28, 2.196456080127973e-05), (29, 2.1550165911321528e-05), (30, 1.9879364117514342e-05), (31, 2.70286800514441e-05), (32, 1.5448904377990402e-05), (33, 3.3653868740657344e-05), (34, 3.085822027060203e-05), (35, 2.4029821361182258e-05), (36, 2.5237619411200285e-05), (37, 1.6744405002100393e-05), (38, 2.576374026830308e-05), (39, 3.230754373362288e-05), (40, 1.9358820281922817e-05), (41, 1.727560447761789e-05), (42, 2.645254608069081e-05), (43, 1.901209179777652e-05), (44, 1.8005237507168204e-05), (45, 2.5557321350788698e-05), (46, 1.6122319721034728e-05), (47, 1.6688652976881713e-05), (48, 2.364501415286213e-05), (49, 2.274810140079353e-05), (50, 1.9520786736393347e-05), (0, 2.8967991966055706e-05), (1, 1.7323181964457035e-05), (2, 1.5009049093350768e-05), (3, 2.2139563952805474e-05), (4, 1.8142094631912187e-05), (5, 2.732340908551123e-05), (6, 1.858656105468981e-05), (7, 3.1224968552123755e-05), (8, 1.7687052604742348e-05), (9, 2.9885750336688943e-05), (10, 1.669533594395034e-05), (11, 1.714085738058202e-05), (12, 1.70725161297014e-05), (13, 2.2896265363669954e-05), (14, 1.838627940742299e-05), (15, 2.0609959392459132e-05), (16, 1.4544394616677891e-05), (17, 3.2273437682306394e-05), (18, 2.6784906367538497e-05), (19, 2.249047247460112e-05), (20, 1.9910992705263197e-05), (21, 2.538717853894923e-05), (22, 1.4445085980696604e-05), (23, 2.5491497581242584e-05), (24, 1.0910144737863448e-05), (25, 1.551688910694793e-05), (26, 1.815418727346696e-05), (27, 1.4281572475738358e-05), (28, 2.1810732505400665e-05), (29, 1.1734954568964895e-05), (30, 2.0936762666678987e-05), (31, 2.2335321773425676e-05), (32, 1.926994082168676e-05), (33, 1.9383856852073222e-05), (34, 2.1199519323999994e-05), (35, 1.745080589898862e-05), (36, 1.9800349036813714e-05), (37, 2.77929339063121e-05), (38, 2.254604441986885e-05), (39, 1.424392485205317e-05), (40, 1.4704129171150271e-05), (41, 2.4471264623571187e-05), (42, 1.3752402992395218e-05), (43, 1.864333898993209e-05), (44, 2.001039683818817e-05), (45, 1.6137311831698753e-05), (46, 2.206701537943445e-05), (47, 1.5552381228189915e-05), (48, 1.9239425455452874e-05), (49, 1.7445556295569986e-05), (50, 1.998092011490371e-05), (0, 1.7135951566160657e-05), (1, 1.1916618859686423e-05), (2, 1.8457920305081643e-05), (3, 1.2477593372750562e-05), (4, 1.6985504771582782e-05), (5, 2.0418805434019305e-05), (6, 1.9696408344316296e-05), (7, 2.3558301109005697e-05), (8, 3.0092722226982005e-05), (9, 2.1372770788730122e-05), (10, 1.8181623090640642e-05), (11, 1.812052505556494e-05), (12, 1.691757825028617e-05), (13, 1.710199830995407e-05), (14, 2.034762474067975e-05), (15, 1.4182503036863636e-05), (16, 1.4987189388193656e-05), (17, 1.4595862921851221e-05), (18, 1.4758850738871843e-05), (19, 1.2581544069689699e-05), (20, 1.3327035048860125e-05), (21, 1.7341291822958738e-05), (22, 1.2705949302471709e-05), (23, 1.673714905336965e-05), (24, 1.5705934856669046e-05), (25, 2.2944601369090378e-05), (26, 2.194833905377891e-05), (27, 1.6138570572366007e-05), (28, 1.70351195265539e-05), (29, 1.7400474462192506e-05), (30, 1.636026536289137e-05), (31, 1.556086863274686e-05), (32, 1.5068416360008996e-05), (33, 1.2973328921361826e-05), (34, 2.1687195840058848e-05), (35, 2.0410609067766927e-05), (36, 2.0858100469922647e-05), (37, 1.0371091775596142e-05), (38, 1.7828542695497163e-05), (39, 2.191691964981146e-05), (40, 2.093596413033083e-05), (41, 1.297971266467357e-05), (42, 1.7044922060449608e-05), (43, 2.1545680283452384e-05), (44, 9.73014539340511e-06), (45, 1.6938101907726377e-05), (46, 1.304815032199258e-05), (47, 1.6768930436228402e-05), (48, 1.4303472198662348e-05), (49, 1.6871790649020113e-05), (50, 1.7093674614443444e-05), (0, 2.0222083549015224e-05), (1, 1.9273389625595883e-05), (2, 1.8479702703189105e-05), (3, 1.4491451111098286e-05), (4, 1.7298383681918494e-05), (5, 1.586516918905545e-05), (6, 1.7289390598307364e-05), (7, 1.3953444067738019e-05), (8, 1.456068639527075e-05), (9, 1.1548876500455663e-05), (10, 1.7007239875965752e-05), (11, 1.917297049658373e-05), (12, 1.9147370039718226e-05), (13, 1.4320527043309994e-05), (14, 2.0211804439895786e-05), (15, 1.6080572095233947e-05), (16, 1.3692197171621956e-05), (17, 1.0377018043072894e-05), (18, 8.02116028353339e-06), (19, 2.174933979404159e-05), (20, 1.0275413842464332e-05), (21, 1.1185225957888179e-05), (22, 1.8478000129107386e-05), (23, 1.8589384126244113e-05), (24, 9.287434295401908e-06), (25, 1.3494863196683582e-05), (26, 7.431491212628316e-06), (27, 1.2791561857738998e-05), (28, 1.125078688346548e-05), (29, 1.9510582205839455e-05), (30, 1.1840594197565224e-05), (31, 1.635649641684722e-05), (32, 1.3754138308286201e-05), (33, 1.2318350854911841e-05), (34, 1.3451279301079921e-05), (35, 1.9037785023101605e-05), (36, 2.6063178665935993e-05), (37, 1.6598973161308095e-05), (38, 1.8027927580988035e-05), (39, 9.883905477181543e-06), (40, 1.374416024191305e-05), (41, 1.3689161278307438e-05), (42, 1.231488749908749e-05), (43, 1.3149992810213007e-05), (44, 1.8694163372856565e-05), (45, 1.1963977158302441e-05), (46, 1.2516829883679748e-05), (47, 8.40561551740393e-06), (48, 1.3434310858428944e-05), (49, 1.9862000044668093e-05), (50, 1.1551190254976973e-05), (0, 2.0441768356249668e-05), (1, 1.2012565093755256e-05), (2, 1.0125950211659074e-05), (3, 1.2833591426897328e-05), (4, 1.4795144124946091e-05), (5, 1.8226410247734748e-05), (6, 1.9539937056833878e-05), (7, 1.4545480553351808e-05), (8, 9.396640962222591e-06), (9, 1.04420678326278e-05), (10, 2.1112989998073317e-05), (11, 8.077685379248578e-06), (12, 1.2927044735988602e-05), (13, 1.2166816304670647e-05), (14, 1.6311556464643218e-05), (15, 1.3043108992860653e-05), (16, 9.120983122556936e-06), (17, 1.7316102457698435e-05), (18, 1.2809085092158057e-05), (19, 1.337634057563264e-05), (20, 1.4408553397515789e-05), (21, 1.3893793038732838e-05), (22, 1.5299610822694376e-05), (23, 2.182452408305835e-05), (24, 1.4159409147396218e-05), (25, 1.5277191778295673e-05), (26, 8.550781785743311e-06), (27, 1.0591554200800601e-05), (28, 7.911322427389678e-06), (29, 1.3299639249453321e-05), (30, 9.950348612619564e-06), (31, 7.829702553863171e-06), (32, 1.3732400475419126e-05), (33, 1.6495645468239672e-05), (34, 8.402303137700073e-06), (35, 1.1797532351920381e-05), (36, 1.6371937817893922e-05), (37, 1.2445225365809165e-05), (38, 1.3692078937310725e-05), (39, 6.915270205354318e-06), (40, 1.3050678717263509e-05), (41, 1.3259077604743652e-05), (42, 1.538425567559898e-05), (43, 1.4356833162310068e-05), (44, 1.1579562851693481e-05), (45, 8.263747076853178e-06), (46, 9.205265996570233e-06), (47, 1.3034487892582547e-05), (48, 1.3218449566920754e-05), (49, 1.4608053788833786e-05), (50, 1.1164832358190324e-05), (0, 1.5992089174687862e-05), (1, 1.650188278290443e-05), (2, 1.12321240521851e-05), (3, 1.2437333680281881e-05), (4, 1.2872997103841044e-05), (5, 1.5947141946526244e-05), (6, 1.3648415006173309e-05), (7, 1.131018598243827e-05), (8, 8.374725439352915e-06), (9, 6.414167728507891e-06), (10, 1.1846152119687758e-05), (11, 7.287469543371117e-06), (12, 1.1853405339934397e-05), (13, 1.0252509127894882e-05), (14, 1.5909874491626397e-05), (15, 1.243511724169366e-05), (16, 1.0437318451295141e-05), (17, 1.0249242222926114e-05), (18, 9.788773240870796e-06), (19, 1.2572462765092496e-05), (20, 1.1709788850566838e-05), (21, 1.3881008271710016e-05), (22, 7.455307695636293e-06), (23, 1.0868230674532242e-05), (24, 1.2421234714565799e-05), (25, 1.26411541714333e-05), (26, 1.1549563168955501e-05), (27, 1.1243812878092285e-05), (28, 1.1789034033427015e-05), (29, 1.2999276805203408e-05), (30, 7.991777238203213e-06), (31, 1.0341146662540268e-05), (32, 1.0232911336061079e-05), (33, 1.0933663361356594e-05), (34, 8.906572475098073e-06), (35, 9.112909538089298e-06), (36, 1.6381125533371232e-05), (37, 1.115971099352464e-05), (38, 1.591205182194244e-05), (39, 1.2198865078971721e-05), (40, 1.1613721653702669e-05), (41, 7.3291776061523706e-06), (42, 1.0320200090063736e-05), (43, 1.012287066259887e-05), (44, 1.4205060324457008e-05), (45, 1.444675126549555e-05), (46, 1.157895167125389e-05), (47, 7.22633285477059e-06), (48, 1.0418984857096802e-05), (49, 1.2101223546778783e-05), (50, 1.7474980268161744e-05), (0, 1.0844997632375453e-05), (1, 1.266776780539658e-05), (2, 1.1860618542414159e-05), (3, 1.2137877092754934e-05), (4, 1.2607555618160404e-05), (5, 1.1604915016505402e-05), (6, 1.4143745829642285e-05), (7, 1.2588307981786784e-05), (8, 1.0769094842544291e-05), (9, 9.613524525775574e-06), (10, 8.129655725497287e-06), (11, 7.64943160902476e-06), (12, 9.043274985742755e-06), (13, 7.5217899393464904e-06), (14, 1.3706462596019264e-05), (15, 5.794086064270232e-06), (16, 6.5247736529272515e-06), (17, 9.50724097492639e-06), (18, 1.265764149138704e-05), (19, 1.596573019924108e-05), (20, 1.1981446732534096e-05), (21, 7.695986823819112e-06), (22, 8.054903446463868e-06), (23, 8.399294529226609e-06), (24, 1.0352718163630925e-05), (25, 1.1768072909035254e-05), (26, 1.0942329936369788e-05), (27, 7.1574700086785015e-06), (28, 8.698125384398736e-06), (29, 1.331298699369654e-05), (30, 7.083069249347318e-06), (31, 9.17361830943264e-06), (32, 1.485663597122766e-05), (33, 1.1421208910178393e-05), (34, 1.1142780749651138e-05), (35, 9.567939741828013e-06), (36, 6.602915163966827e-06), (37, 8.445173079962842e-06), (38, 8.48219951876672e-06), (39, 9.418891750101466e-06), (40, 1.314454675593879e-05), (41, 9.557270459481515e-06), (42, 1.0615465726004913e-05), (43, 1.1960863957938273e-05), (44, 1.0794124136737082e-05), (45, 1.0855462278414052e-05), (46, 7.984524927451275e-06), (47, 1.011966924124863e-05), (48, 1.1598110177146737e-05), (49, 1.2200225683045574e-05), (50, 1.0952694537991192e-05), (0, 1.0651920092641376e-05), (1, 5.695841991837369e-06), (2, 1.3730897080677096e-05), (3, 9.700984264782164e-06), (4, 7.987237950146664e-06), (5, 7.680961971345823e-06), (6, 9.076305104827043e-06), (7, 7.985783668118529e-06), (8, 1.2230600987095386e-05), (9, 1.1363989870005753e-05), (10, 1.0106011359312106e-05), (11, 6.86568546370836e-06), (12, 1.0819418093888089e-05), (13, 1.2389754374453332e-05), (14, 1.0053742698801216e-05), (15, 8.502617674821522e-06), (16, 1.340350354439579e-05), (17, 1.324984259554185e-05), (18, 9.323747690359596e-06), (19, 5.667278401233489e-06), (20, 8.139228157233447e-06), (21, 9.255512850359082e-06), (22, 9.046448212757241e-06), (23, 9.243023669114336e-06), (24, 1.0864766409213189e-05), (25, 7.189606094470946e-06), (26, 1.0521953299758025e-05), (27, 9.808270988287404e-06), (28, 8.15943167253863e-06), (29, 9.062850949703716e-06), (30, 9.326467079517897e-06), (31, 9.085585588763934e-06), (32, 7.042393463052576e-06), (33, 1.0236018169962335e-05), (34, 6.919048246345483e-06), (35, 1.4111463315202855e-05), (36, 8.335772690770682e-06), (37, 1.0674941222532652e-05), (38, 1.2470965884858742e-05), (39, 8.294518011098262e-06), (40, 6.973133622523164e-06), (41, 6.362834028550424e-06), (42, 6.351187948894221e-06), (43, 1.0151445167139173e-05), (44, 1.016527403407963e-05), (45, 7.50880099076312e-06), (46, 9.065667654795107e-06), (47, 4.881280347035499e-06), (48, 7.542879302491201e-06), (49, 9.866519576462451e-06), (50, 1.3295159078552388e-05), (0, 1.1986382560280617e-05), (1, 8.076205631368794e-06), (2, 5.685980340786045e-06), (3, 1.0725206266215537e-05), (4, 1.0375267265771981e-05), (5, 8.777019502304029e-06), (6, 1.1822979104181286e-05), (7, 1.0978373211401049e-05), (8, 1.2466159205359872e-05), (9, 8.830993465380743e-06), (10, 8.097417776298244e-06), (11, 6.60554815112846e-06), (12, 6.583101821888704e-06), (13, 1.3096028851578012e-05), (14, 8.769716259848792e-06), (15, 1.0363582077843603e-05), (16, 7.539926627941895e-06), (17, 7.241344064823352e-06), (18, 1.0307363481842913e-05), (19, 1.1906247891602106e-05), (20, 7.768514478811994e-06), (21, 7.979493602761067e-06), (22, 9.240008694177959e-06), (23, 5.837478056491818e-06), (24, 3.775296590902144e-06), (25, 8.312581485370174e-06), (26, 7.975439075380564e-06), (27, 8.096765668597072e-06), (28, 8.568222256144509e-06), (29, 8.625199370726477e-06), (30, 5.450750450108899e-06), (31, 7.21005608284031e-06), (32, 6.268430297495797e-06), (33, 7.704022209509276e-06), (34, 9.757742191141006e-06), (35, 4.399578756419942e-06), (36, 8.373560376639944e-06), (37, 7.487642506021075e-06), (38, 7.090247436281061e-06), (39, 1.0198945346928667e-05), (40, 1.1002529390680138e-05), (41, 7.6262363108980935e-06), (42, 6.189704436110333e-06), (43, 6.1721975725959055e-06), (44, 1.1712338164215907e-05), (45, 1.3133892935002223e-05), (46, 6.5452973103674594e-06), (47, 7.566318345197942e-06), (48, 3.7258487282088026e-06), (49, 9.44403018365847e-06), (50, 7.0148844315554015e-06), (0, 7.0480646172654815e-06), (1, 9.373961802339181e-06), (2, 8.283998795377556e-06), (3, 4.921158961224137e-06), (4, 9.017364391183946e-06), (5, 9.496919119555969e-06), (6, 8.529091246600728e-06), (7, 5.439646884042304e-06), (8, 5.960564976703608e-06), (9, 8.931398042477667e-06), (10, 7.231434665300185e-06), (11, 7.326317245315295e-06), (12, 1.2355855687928852e-05), (13, 5.8320297284808476e-06), (14, 5.369597147364402e-06), (15, 9.32572947931476e-06), (16, 1.1256854122621007e-05), (17, 7.773137440381106e-06), (18, 5.092274022899801e-06), (19, 7.254137926793192e-06), (20, 4.7623093450965825e-06), (21, 8.525159501004964e-06), (22, 7.17154580343049e-06), (23, 5.778631930297706e-06), (24, 7.0818773565406445e-06), (25, 3.977609594585374e-06), (26, 7.52599089537398e-06), (27, 8.420010999543592e-06), (28, 7.540386832260992e-06), (29, 1.0018756256613415e-05), (30, 1.332272313447902e-05), (31, 7.050991371215787e-06), (32, 5.715729912481038e-06), (33, 5.216876616032096e-06), (34, 4.072078354511177e-06), (35, 8.663729204272386e-06), (36, 5.680130470864242e-06), (37, 5.883176982024452e-06), (38, 8.694194548297673e-06), (39, 7.785073648847174e-06), (40, 1.0962718079099432e-05), (41, 1.35355012389482e-05), (42, 8.807419362710789e-06), (43, 5.253798462945269e-06), (44, 6.888423740747385e-06), (45, 8.55361849971814e-06), (46, 6.4605487750668544e-06), (47, 7.88153465691721e-06), (48, 6.993459464865737e-06), (49, 5.978186436550459e-06), (50, 1.141398479376221e-05), (0, 6.3164811763272155e-06), (1, 6.371724794007605e-06), (2, 5.57818793822662e-06), (3, 6.758851213817252e-06), (4, 6.9021707531646825e-06), (5, 8.41601831780281e-06), (6, 8.808090569800697e-06), (7, 7.598106094519608e-06), (8, 7.2345119406236336e-06), (9, 5.2646564654423855e-06), (10, 6.889086762384977e-06), (11, 7.0271489676088095e-06), (12, 5.700648216588888e-06), (13, 5.437108939077007e-06), (14, 6.711243258905597e-06), (15, 7.644647666893434e-06), (16, 9.969794518838171e-06), (17, 7.1174126787809655e-06), (18, 4.251779955666279e-06), (19, 8.457614967483096e-06), (20, 8.360448191524483e-06), (21, 6.718083568557631e-06), (22, 8.454073395114392e-06), (23, 8.311492820212152e-06), (24, 9.029839020513464e-06), (25, 7.113676929293433e-06), (26, 3.6364165225677425e-06), (27, 3.238139925088035e-06), (28, 9.715697160572745e-06), (29, 5.707618129235925e-06), (30, 5.794961907668039e-06), (31, 6.006272542435909e-06), (32, 1.0899651897489093e-05), (33, 4.157383955316618e-06), (34, 1.0258793736284133e-05), (35, 8.16311967355432e-06), (36, 5.190555839362787e-06), (37, 6.194596608111169e-06), (38, 3.7499726204259787e-06), (39, 7.10807853465667e-06), (40, 7.168628144427203e-06), (41, 8.346499271283392e-06), (42, 5.650040748150786e-06), (43, 7.202195320132887e-06), (44, 5.03058117828914e-06), (45, 7.038557669147849e-06), (46, 9.759404747455847e-06), (47, 7.813592674210668e-06), (48, 7.201220341812586e-06), (49, 9.645425961934961e-06), (50, 5.689448244083906e-06), (0, 4.264324616087833e-06), (1, 7.889188964327332e-06), (2, 1.0021711204899475e-05), (3, 5.274640898278449e-06), (4, 9.202525689033791e-06), (5, 5.321049684425816e-06), (6, 4.650702521757921e-06), (7, 7.709832061664201e-06), (8, 6.049273451935733e-06), (9, 7.966498742462136e-06), (10, 6.870977813377976e-06), (11, 5.598094048764324e-06), (12, 6.557488632097375e-06), (13, 7.826686669432092e-06), (14, 6.3282409428211395e-06), (15, 6.357947313517798e-06), (16, 1.0390005627414212e-05), (17, 4.14542728321976e-06), (18, 4.587507191899931e-06), (19, 8.575726496928837e-06), (20, 4.577375420922181e-06), (21, 4.90196453029057e-06), (22, 5.770116786152357e-06), (23, 5.148391210241243e-06), (24, 5.525909728021361e-06), (25, 7.595181159558706e-06), (26, 9.147372111328878e-06), (27, 3.848890628432855e-06), (28, 6.09510243521072e-06), (29, 6.764134923287202e-06), (30, 3.749420784515678e-06), (31, 6.5146282395289745e-06), (32, 4.86716817249544e-06), (33, 6.526376637339126e-06), (34, 8.024861017474905e-06), (35, 5.615192549157655e-06), (36, 8.33671583677642e-06), (37, 7.829230526112951e-06), (38, 4.3344812183931936e-06), (39, 6.864868737466168e-06), (40, 6.47551041765837e-06), (41, 5.960235284874216e-06), (42, 5.190161118662218e-06), (43, 8.886047908163164e-06), (44, 5.622345270239748e-06), (45, 7.642014679731801e-06), (46, 5.231737759459065e-06), (47, 7.957558409543708e-06), (48, 6.128306267783046e-06), (49, 4.48238461103756e-06), (50, 5.333629815140739e-06), (0, 7.2729271778371185e-06), (1, 7.611239198013209e-06), (2, 5.568138931266731e-06), (3, 4.697053554991726e-06), (4, 3.5032469440920977e-06), (5, 4.83218263980234e-06), (6, 4.168683517491445e-06), (7, 7.592333531647455e-06), (8, 7.968931640789378e-06), (9, 4.453628662304254e-06), (10, 8.303712093038484e-06), (11, 6.770000254618935e-06), (12, 6.380954346241197e-06), (13, 7.516067853430286e-06), (14, 7.4596709964680485e-06), (15, 7.694960913795512e-06), (16, 5.1514221013349015e-06), (17, 4.237660505168606e-06), (18, 5.933547072345391e-06), (19, 5.9594672165985685e-06), (20, 5.582293397310423e-06), (21, 5.028314262744971e-06), (22, 6.065108664188301e-06), (23, 5.9198805502092e-06), (24, 4.846964657190256e-06), (25, 3.6630074191634776e-06), (26, 6.589939403056633e-06), (27, 6.279706212808378e-06), (28, 6.59181569062639e-06), (29, 6.206253146956442e-06), (30, 9.424851668882184e-06), (31, 8.415513548243325e-06), (32, 4.5171718738856725e-06), (33, 8.176190021913499e-06), (34, 5.269874236546457e-06), (35, 5.5692612477287184e-06), (36, 4.3825930333696306e-06), (37, 6.145191946416162e-06), (38, 3.6118801745033124e-06), (39, 6.683144420094322e-06), (40, 5.119246907270281e-06), (41, 5.685324595106067e-06), (42, 3.370727426954545e-06), (43, 4.712846020993311e-06), (44, 3.875908987538423e-06), (45, 6.931653388164705e-06), (46, 6.081359060772229e-06), (47, 6.971535640332149e-06), (48, 4.393795734358719e-06), (49, 4.805111075256718e-06), (50, 6.25519123786944e-06), (0, 5.9241319831926376e-06), (1, 5.971039627183927e-06), (2, 4.149164396949345e-06), (3, 5.894698915653862e-06), (4, 7.828179150237702e-06), (5, 6.431992005673237e-06), (6, 5.669151050824439e-06), (7, 6.6216225604875945e-06), (8, 5.609527761407662e-06), (9, 4.0105114749167114e-06), (10, 4.440856173459906e-06), (11, 4.859343789576087e-06), (12, 3.9096571526897606e-06), (13, 5.86561145610176e-06), (14, 3.7678414628317114e-06), (15, 6.506134468509117e-06), (16, 5.383736151998164e-06), (17, 5.329140549292788e-06), (18, 4.0601253203931265e-06), (19, 4.537380846159067e-06), (20, 6.800162282161182e-06), (21, 4.236334461893421e-06), (22, 3.7317618080123793e-06), (23, 7.483073659386719e-06), (24, 6.200853022164665e-06), (25, 4.393428298499202e-06), (26, 6.390244834619807e-06), (27, 6.494856279459782e-06), (28, 4.460637683223467e-06), (29, 7.2761636147333775e-06), (30, 5.685630185325863e-06), (31, 4.02494606532855e-06), (32, 5.173657427803846e-06), (33, 6.796631623728899e-06), (34, 6.278866749198642e-06), (35, 7.445943083439488e-06), (36, 4.95389440402505e-06), (37, 5.064351171313319e-06), (38, 4.320171228755498e-06), (39, 4.480482402868802e-06), (40, 3.5998084513266804e-06), (41, 7.168202500906773e-06), (42, 4.881066161033232e-06), (43, 7.4149638749076985e-06), (44, 6.078561909816926e-06), (45, 3.71894248019089e-06), (46, 7.169526725192554e-06), (47, 6.066631158319069e-06), (48, 4.478574737731833e-06), (49, 5.103430794406449e-06), (50, 2.808681529131718e-06), (0, 5.936443812970538e-06), (1, 3.241063950554235e-06), (2, 7.963657481013797e-06), (3, 4.333161541580921e-06), (4, 5.095467258797726e-06), (5, 3.2169389214686817e-06), (6, 4.027293925901176e-06), (7, 7.479936357412953e-06), (8, 5.709553533961298e-06), (9, 6.139538982097292e-06), (10, 5.293820777296787e-06), (11, 7.945997822389472e-06), (12, 5.095056621939875e-06), (13, 5.020041498937644e-06), (14, 4.683578481490258e-06), (15, 5.212791165831732e-06), (16, 5.168593361304374e-06), (17, 4.612801603798289e-06), (18, 4.3504264795046765e-06), (19, 7.646863195986953e-06), (20, 5.849140052305302e-06), (21, 4.46488138550194e-06), (22, 5.31658361069276e-06), (23, 3.144215497741243e-06), (24, 3.468497652647784e-06), (25, 6.048185696272412e-06), (26, 4.567897576635005e-06), (27, 4.643849024432711e-06), (28, 5.9931680880254135e-06), (29, 3.9121164263633545e-06), (30, 5.5273972066061106e-06), (31, 5.6889639381552115e-06), (32, 3.8636203498754185e-06), (33, 5.522655555978417e-06), (34, 5.674513886333443e-06), (35, 7.685014679736923e-06), (36, 5.001685167371761e-06), (37, 3.281461886217585e-06), (38, 6.6013994910463225e-06), (39, 5.1339347919565625e-06), (40, 5.265730578685179e-06), (41, 4.0797071960696485e-06), (42, 5.584640348388348e-06), (43, 4.829313638765598e-06), (44, 4.088542027602671e-06), (45, 2.9233376608317485e-06), (46, 3.3751025512174238e-06), (47, 2.4586752260802314e-06), (48, 6.675327313132584e-06), (49, 3.3606715987843927e-06), (50, 4.461262506083585e-06), (0, 5.757869075750932e-06), (1, 5.361960575100966e-06), (2, 5.612431777990423e-06), (3, 7.124200237740297e-06), (4, 5.011727353121387e-06), (5, 3.611869715314242e-06), (6, 5.339243216440082e-06), (7, 5.067809979664162e-06), (8, 4.674177944252733e-06), (9, 4.838131644646637e-06), (10, 6.068418770155404e-06), (11, 4.4891266952618025e-06), (12, 7.272136826941278e-06), (13, 6.478559953393415e-06), (14, 3.080236865571351e-06), (15, 3.933435436920263e-06), (16, 3.1238921565091005e-06), (17, 5.506919023900991e-06), (18, 4.28910016125883e-06), (19, 4.0025165617407765e-06), (20, 6.001997462590225e-06), (21, 3.9588790059497114e-06), (22, 5.6117692111001816e-06), (23, 5.26203211848042e-06), (24, 5.205763955018483e-06), (25, 3.733214498424786e-06), (26, 2.8601602934941184e-06), (27, 5.620239335257793e-06), (28, 7.0981109274725895e-06), (29, 4.196925601718249e-06), (30, 3.004284735652618e-06), (31, 3.8087514440121595e-06), (32, 3.7452346077770926e-06), (33, 5.748406238126336e-06), (34, 5.503931788553018e-06), (35, 6.70307781547308e-06), (36, 4.374337549961638e-06), (37, 4.033096502098488e-06), (38, 4.127421561861411e-06), (39, 3.894217570632463e-06), (40, 6.019188276695786e-06), (41, 4.052769327245187e-06), (42, 2.3666693778068293e-06), (43, 5.086326382297557e-06), (44, 2.7842290819535265e-06), (45, 4.950073616782902e-06), (46, 3.902662228938425e-06), (47, 4.996487405151129e-06), (48, 2.579042984507396e-06), (49, 3.7856516428291798e-06), (50, 2.675458063094993e-06), (0, 4.126315161556704e-06), (1, 2.466639216436306e-06), (2, 5.0162630031991284e-06), (3, 3.857822321151616e-06), (4, 3.7401446206786204e-06), (5, 4.347126832726644e-06), (6, 3.46757474289916e-06), (7, 4.31959233537782e-06), (8, 3.514500576784485e-06), (9, 6.695005140500143e-06), (10, 4.2662950363592245e-06), (11, 5.008916104998207e-06), (12, 3.02703415400174e-06), (13, 4.01839042751817e-06), (14, 5.4163060667633545e-06), (15, 5.694071660400368e-06), (16, 4.714760507340543e-06), (17, 3.6852063658443512e-06), (18, 4.3975610424240585e-06), (19, 5.829894689668436e-06), (20, 2.530602841943619e-06), (21, 6.105442480475176e-06), (22, 4.975553565600421e-06), (23, 3.0098174192971783e-06), (24, 4.630830517271534e-06), (25, 3.896138423442608e-06), (26, 3.941676823160378e-06), (27, 5.075159151601838e-06), (28, 3.6498502140602795e-06), (29, 5.601553311862517e-06), (30, 3.376271706656553e-06), (31, 3.877038579958025e-06), (32, 4.145492766838288e-06), (33, 4.845559033128666e-06), (34, 4.977885964763118e-06), (35, 6.87143119648681e-06), (36, 3.099855348409619e-06), (37, 2.5412271043023793e-06), (38, 4.414383056428051e-06), (39, 3.913638010999421e-06), (40, 6.268761353567243e-06), (41, 4.27441864303546e-06), (42, 3.730497155629564e-06), (43, 4.271731086191721e-06), (44, 8.04954379418632e-06), (45, 2.855483216990251e-06), (46, 2.6116397293662885e-06), (47, 3.68634209735319e-06), (48, 4.541683665593155e-06), (49, 3.3504486509627895e-06), (50, 4.838675977225648e-06), (0, 5.4256906878435984e-06), (1, 3.012026127180434e-06), (2, 5.116032752994215e-06), (3, 6.425034825952025e-06), (4, 4.166587132203858e-06), (5, 4.409616394696059e-06), (6, 4.09684707847191e-06), (7, 5.747459908889141e-06), (8, 4.500624527281616e-06), (9, 3.996123723482015e-06), (10, 4.937867743137758e-06), (11, 4.125258328713244e-06), (12, 4.025103862659307e-06), (13, 3.5427112834440777e-06), (14, 4.810992322745733e-06), (15, 5.665994649461936e-06), (16, 3.846923846140271e-06), (17, 3.961931724916212e-06), (18, 3.8886932998138946e-06), (19, 3.2241919143416453e-06), (20, 2.943520485132467e-06), (21, 3.130289314867696e-06), (22, 3.1460137961403234e-06), (23, 2.492929979780456e-06), (24, 3.745589310710784e-06), (25, 4.4341300053929444e-06), (26, 4.384286967251683e-06), (27, 3.960629783250624e-06), (28, 4.5362171476881485e-06), (29, 4.405014351505088e-06), (30, 3.4208915167255327e-06), (31, 3.593687324610073e-06), (32, 4.173148681729799e-06), (33, 2.880236479541054e-06), (34, 3.928387286578072e-06), (35, 3.0343426260515116e-06), (36, 4.4406024244381115e-06), (37, 7.504347649955889e-07), (38, 5.269725988910068e-06), (39, 4.8811994020070415e-06), (40, 4.906303729512729e-06), (41, 4.617095328285359e-06), (42, 3.0317482924147043e-06), (43, 3.666833436000161e-06), (44, 2.9483469461411005e-06), (45, 3.346005769344629e-06), (46, 5.316898295859573e-06), (47, 2.7168166525370907e-06), (48, 4.979024652129738e-06), (49, 4.4962444007978775e-06), (50, 3.563955488061765e-06), (0, 3.58793772647914e-06), (1, 3.0148166842991486e-06), (2, 3.3296187211817596e-06), (3, 5.240024165686918e-06), (4, 2.712734385568183e-06), (5, 3.890788775606779e-06), (6, 2.3148011223383946e-06), (7, 5.025698555982672e-06), (8, 3.915406523447018e-06), (9, 3.6087103580939583e-06), (10, 3.004091240654816e-06), (11, 3.737949327842216e-06), (12, 2.4619846499263076e-06), (13, 3.8105745261418633e-06), (14, 3.027443653991213e-06), (15, 3.410853423702065e-06), (16, 2.7791916181740817e-06), (17, 5.264462743070908e-06), (18, 2.8455051506171003e-06), (19, 3.985520379501395e-06), (20, 4.652692950912751e-06), (21, 5.2324776333989576e-06), (22, 5.203573891776614e-06), (23, 3.2248403840640094e-06), (24, 4.037763119413285e-06), (25, 3.6384503800945822e-06), (26, 2.794057763821911e-06), (27, 3.0423086627706653e-06), (28, 3.1047570701048244e-06), (29, 3.7810689264006214e-06), (30, 4.362873823993141e-06), (31, 5.990774752717698e-06), (32, 4.094913492735941e-06), (33, 3.6200942759023746e-06), (34, 2.9864468160667457e-06), (35, 4.964178060617996e-06), (36, 3.063067197217606e-06), (37, 3.3138569506263593e-06), (38, 4.482679742068285e-06), (39, 3.979508619522676e-06), (40, 5.723496542486828e-06), (41, 3.409138116694521e-06), (42, 3.5118378036713693e-06), (43, 3.763826043723384e-06), (44, 3.5819707591144834e-06), (45, 4.536798769549932e-06), (46, 2.3850195702834753e-06), (47, 2.9493553483916912e-06), (48, 5.502371550392127e-06), (49, 3.7115623854333535e-06), (50, 2.876439793908503e-06), (0, 2.6950431220029714e-06), (1, 2.865768010451575e-06), (2, 3.3056958272936754e-06), (3, 2.8247357022337383e-06), (4, 4.206284302199492e-06), (5, 3.1237532311934046e-06), (6, 4.42859754912206e-06), (7, 1.5685993730585324e-06), (8, 3.6730152714881115e-06), (9, 3.397323780518491e-06), (10, 4.256565262039658e-06), (11, 4.529445504886098e-06), (12, 3.747969458345324e-06), (13, 3.752352995434194e-06), (14, 2.4382147785217967e-06), (15, 3.00194392366393e-06), (16, 3.5650452900881646e-06), (17, 4.1388293539057486e-06), (18, 3.949799065594561e-06), (19, 4.6303421186166815e-06), (20, 3.444040430622408e-06), (21, 3.5256418868812034e-06), (22, 5.282489382807398e-06), (23, 4.683928636950441e-06), (24, 3.815618583757896e-06), (25, 4.065511348017026e-06), (26, 2.614369122966309e-06), (27, 4.130600245844107e-06), (28, 2.555302444307017e-06), (29, 3.949347956222482e-06), (30, 2.823480826918967e-06), (31, 3.70889551959408e-06), (32, 2.10863572647213e-06), (33, 4.275574156054063e-06), (34, 2.9311725029401714e-06), (35, 3.1282627332984703e-06), (36, 3.9500669117842335e-06), (37, 4.251040081726387e-06), (38, 3.8375214899133425e-06), (39, 5.234437594481278e-06), (40, 3.645103788585402e-06), (41, 3.907355221599573e-06), (42, 2.1240973637759453e-06), (43, 3.3926276046258863e-06), (44, 4.017601440864382e-06), (45, 2.6686104774853447e-06), (46, 3.867846317007206e-06), (47, 2.9180851015553344e-06), (48, 2.947335588032729e-06), (49, 3.428632226132322e-06), (50, 2.6996226552000735e-06), (0, 2.545808456488885e-06), (1, 3.963022663810989e-06), (2, 3.2359616852772888e-06), (3, 4.491330855671549e-06), (4, 3.307200131530408e-06), (5, 3.0824605801171856e-06), (6, 3.5749162634601817e-06), (7, 2.3301911369344452e-06), (8, 3.3111894026660593e-06), (9, 3.446974233156652e-06), (10, 5.183407211006852e-06), (11, 3.2098314477480017e-06), (12, 4.758904651680496e-06), (13, 2.420141754555516e-06), (14, 3.006268343597185e-06), (15, 3.497874104141374e-06), (16, 4.06862227464444e-06), (17, 2.8990148166485596e-06), (18, 4.332218850322533e-06), (19, 3.0490566587104695e-06), (20, 3.910786290362012e-06), (21, 3.564118514987058e-06), (22, 3.048193548238487e-06), (23, 4.083806288690539e-06), (24, 3.7003383113187738e-06), (25, 2.63430433733447e-06), (26, 3.212421688658651e-06), (27, 2.3424788651027484e-06), (28, 2.5704055133246584e-06), (29, 3.7625875393132446e-06), (30, 2.2987680949881906e-06), (31, 3.318893732284778e-06), (32, 2.512637593099498e-06), (33, 2.577942268544575e-06), (34, 3.619952394728898e-06), (35, 3.1972965643944917e-06), (36, 3.055660044992692e-06), (37, 4.193370841676369e-06), (38, 2.7600215162237873e-06), (39, 3.027686716450262e-06), (40, 4.135082235734444e-06), (41, 2.8428705718397396e-06), (42, 2.4882051548047457e-06), (43, 3.6583046494342852e-06), (44, 2.334043983864831e-06), (45, 2.3493612388847396e-06), (46, 3.509115231281612e-06), (47, 3.6440856092667673e-06), (48, 3.627504611358745e-06), (49, 4.133190941502107e-06), (50, 2.7998667064821348e-06), (0, 3.7018494367657695e-06), (1, 3.823432962235529e-06), (2, 2.6181814973824657e-06), (3, 2.319501845704508e-06), (4, 2.8250701689103153e-06), (5, 4.0503923628421035e-06), (6, 4.3653826651279815e-06), (7, 3.488857146294322e-06), (8, 2.658630819496466e-06), (9, 3.846531399176456e-06), (10, 4.6336949708347674e-06), (11, 2.017975475610001e-06), (12, 2.2875699414726114e-06), (13, 1.4567939388143714e-06), (14, 3.518482344588847e-06), (15, 3.5070731883024564e-06), (16, 2.2508779693453107e-06), (17, 2.7144353680341737e-06), (18, 3.864111022267025e-06), (19, 2.6384884677099762e-06), (20, 3.334747816552408e-06), (21, 2.5717829430504935e-06), (22, 2.4220569230237743e-06), (23, 2.390748022662592e-06), (24, 2.8686067707894836e-06), (25, 2.98837016998732e-06), (26, 3.112538934146869e-06), (27, 3.2566524623689475e-06), (28, 2.534319946789765e-06), (29, 3.9238871067937e-06), (30, 3.955418833356816e-06), (31, 3.5108748761558672e-06), (32, 1.876074406936823e-06), (33, 2.6770371732709464e-06), (34, 3.116493644483853e-06), (35, 4.0646432353241835e-06), (36, 4.851094672631007e-06), (37, 1.702912072687468e-06), (38, 3.4741335639409954e-06), (39, 3.25252676702803e-06), (40, 4.208171503705671e-06), (41, 1.842994265643938e-06), (42, 3.5013540582440328e-06), (43, 1.8649948287929874e-06), (44, 2.5381739305885276e-06), (45, 3.892832410201663e-06), (46, 3.161571612508851e-06), (47, 2.969599336211104e-06), (48, 3.4213176149933133e-06), (49, 4.12794952353579e-06), (50, 2.494994760127156e-06), (0, 4.0173563320422545e-06), (1, 2.8993738396820845e-06), (2, 2.997442834384856e-06), (3, 3.31570663547609e-06), (4, 2.712894001888344e-06), (5, 2.443338189550559e-06), (6, 2.6077780148625607e-06), (7, 3.3919859561137855e-06), (8, 1.782206709322054e-06), (9, 2.8327046948106727e-06), (10, 2.664280373210204e-06), (11, 3.764532948480337e-06), (12, 2.1870366708753863e-06), (13, 4.929321676172549e-06), (14, 3.874938556691632e-06), (15, 2.0864588350377744e-06), (16, 3.946448941860581e-06), (17, 2.5842944069154328e-06), (18, 2.3097009034245275e-06), (19, 1.5158806263571023e-06), (20, 1.3449307516566478e-06), (21, 2.0266443243599497e-06), (22, 3.0652788609586423e-06), (23, 3.282455054431921e-06), (24, 2.172583435822162e-06), (25, 4.0034265111899e-06), (26, 2.842345566023141e-06), (27, 2.931082462964696e-06), (28, 3.869206011586357e-06), (29, 3.937095243600197e-06), (30, 3.1325464533438208e-06), (31, 2.118707698173239e-06), (32, 4.99467205372639e-06), (33, 2.5494123292446602e-06), (34, 3.656656190287322e-06), (35, 2.9482171157724224e-06), (36, 3.0903386232239427e-06), (37, 2.449953171890229e-06), (38, 2.0935124211973744e-06), (39, 2.1150965494598495e-06), (40, 2.049091335720732e-06), (41, 2.5050096610357286e-06), (42, 3.163331030009431e-06), (43, 2.4670689526828937e-06), (44, 3.317747314213193e-06), (45, 2.6352558961662e-06), (46, 2.245878931717016e-06), (47, 2.732450639086892e-06), (48, 3.464061819613562e-06), (49, 2.3508102913183393e-06), (50, 4.437647930899402e-06), (0, 3.716114406415727e-06), (1, 3.289753522039973e-06), (2, 4.364531832834473e-06), (3, 3.8791449696873315e-06), (4, 3.5945488434663275e-06), (5, 3.3887095014506485e-06), (6, 3.5223993108957075e-06), (7, 3.1089405183593044e-06), (8, 2.9180944238760276e-06), (9, 2.0525044419628102e-06), (10, 1.4470082305706455e-06), (11, 1.7581970723767881e-06), (12, 2.4568475964770187e-06), (13, 4.032864126202185e-06), (14, 1.7944257706403732e-06), (15, 4.277538209862541e-06), (16, 2.7082182896265294e-06), (17, 2.918043946920079e-06), (18, 1.7638074041315122e-06), (19, 1.216346845467342e-06), (20, 3.119081611657748e-06), (21, 2.6851757866097614e-06), (22, 2.352370756852906e-06), (23, 3.5720661344385007e-06), (24, 2.759073367997189e-06), (25, 2.398408923909301e-06), (26, 2.2661511138721835e-06), (27, 3.6622984680434456e-06), (28, 3.142137529721367e-06), (29, 1.8911833876700257e-06), (30, 1.9832625639537582e-06), (31, 3.252462192904204e-06), (32, 2.122237674484495e-06), (33, 2.2139297470857855e-06), (34, 1.6091996712930268e-06), (35, 2.761108362392406e-06), (36, 3.120412884527468e-06), (37, 1.975044824575889e-06), (38, 2.335926865271176e-06), (39, 1.8951554920931812e-06), (40, 2.462407564962632e-06), (41, 4.63846708953497e-06), (42, 2.276071654705447e-06), (43, 1.8762025320029352e-06), (44, 3.0359765332832467e-06), (45, 2.925416538346326e-06), (46, 2.1253881641314365e-06), (47, 2.815967491187621e-06), (48, 3.590256937968661e-06), (49, 2.266549017804209e-06), (50, 2.8573313102242537e-06), (0, 2.709292857616674e-06), (1, 2.4321107048308477e-06), (2, 3.690278617796139e-06), (3, 2.2041547254048055e-06), (4, 2.5688639198051533e-06), (5, 2.1504574760911055e-06), (6, 2.275607357660192e-06), (7, 2.020150986936642e-06), (8, 3.0511116619891254e-06), (9, 1.2781175655618426e-06), (10, 3.414458660699893e-06), (11, 2.497539071555366e-06), (12, 1.9593060187617084e-06), (13, 1.6263799125226797e-06), (14, 3.4200752452306915e-06), (15, 3.4672148103709333e-06), (16, 2.6927198177872924e-06), (17, 2.8905251383548602e-06), (18, 3.796460987359751e-06), (19, 2.6830596198124113e-06), (20, 3.5684251997736283e-06), (21, 2.4686858068889705e-06), (22, 2.8369074698275654e-06), (23, 2.5231292966054752e-06), (24, 2.2055296540202107e-06), (25, 2.896469595725648e-06), (26, 1.48768037888658e-06), (27, 2.1156392904231325e-06), (28, 2.5870428999041906e-06), (29, 1.997231720451964e-06), (30, 2.8266929348319536e-06), (31, 2.634075599416974e-06), (32, 3.872281922667753e-06), (33, 2.620715349621605e-06), (34, 2.6575871743261814e-06), (35, 3.7997670006006956e-06), (36, 2.8142615065007703e-06), (37, 1.4972121107348357e-06), (38, 2.580158252385445e-06), (39, 1.88113870080997e-06), (40, 3.444818503339775e-06), (41, 3.0132114261505194e-06), (42, 2.3355319171969313e-06), (43, 1.3602002582047135e-06), (44, 1.5284390428860206e-06), (45, 2.947716211565421e-06), (46, 3.0353833153640153e-06), (47, 1.9616659301391337e-06), (48, 2.7238895654591033e-06), (49, 2.451168938932824e-06), (50, 2.832427753673983e-06), (0, 2.8061676857760176e-06), (1, 3.954975909437053e-06), (2, 2.839624130501761e-06), (3, 3.460794687271118e-06), (4, 2.3685681753704557e-06), (5, 2.7563451112655457e-06), (6, 2.838176442310214e-06), (7, 2.609055627544876e-06), (8, 1.8761730871119653e-06), (9, 2.251083742521587e-06), (10, 1.952752882061759e-06), (11, 3.4640968351595802e-06), (12, 2.3322015749727143e-06), (13, 1.635417675061035e-06), (14, 2.3486102236347506e-06), (15, 1.9709787011379376e-06), (16, 2.85669079858053e-06), (17, 2.3236696051753825e-06), (18, 2.1030957668699557e-06), (19, 1.783186007742188e-06), (20, 3.1761392165208235e-06), (21, 3.0895068903191714e-06), (22, 2.069543370453175e-06), (23, 3.4775748645188287e-06), (24, 2.2243066268856637e-06), (25, 3.5508458040567348e-06), (26, 1.395555273120408e-06), (27, 2.1667290184268495e-06), (28, 2.1245862171781482e-06), (29, 2.783564013952855e-06), (30, 1.3800726037516142e-06), (31, 1.639708102629811e-06), (32, 2.254574155813316e-06), (33, 4.000757144240197e-06), (34, 2.4529549591534305e-06), (35, 1.1350925888109487e-06), (36, 2.148213297914481e-06), (37, 2.4983603452710668e-06), (38, 2.8802085125789745e-06), (39, 3.044271807084442e-06), (40, 2.1720932181779062e-06), (41, 2.0484269498410868e-06), (42, 2.1288581137923757e-06), (43, 2.9972768516017823e-06), (44, 1.936956323334016e-06), (45, 2.6034360871562967e-06), (46, 1.6136959857249167e-06), (47, 2.6629206786310533e-06), (48, 1.6019897657315596e-06), (49, 2.2348192487697816e-06), (50, 2.7357680210116087e-06), (0, 3.0829114621155895e-06), (1, 1.7355845329802833e-06), (2, 2.8730553367495304e-06), (3, 2.2128438104118686e-06), (4, 1.38784093905997e-06), (5, 1.5181580010903417e-06), (6, 2.7176261028216686e-06), (7, 8.99397150533332e-07), (8, 2.5208046281477436e-06), (9, 2.1987318632454844e-06), (10, 2.711982915570843e-06), (11, 1.6704049130567e-06), (12, 3.542341573847807e-06), (13, 2.2791405172029044e-06), (14, 2.9463949431374203e-06), (15, 2.1343003027141094e-06), (16, 1.5984181800376973e-06), (17, 2.719671556405956e-06), (18, 2.4292087346111657e-06), (19, 1.3143187516106991e-06), (20, 2.4084140477498295e-06), (21, 2.2604365312872687e-06), (22, 2.160752956115175e-06), (23, 2.248834334750427e-06), (24, 1.428495693289733e-06), (25, 2.856380888260901e-06), (26, 2.380460955464514e-06), (27, 2.6647007871360984e-06), (28, 2.0588702227541944e-06), (29, 2.0969259821868036e-06), (30, 2.7864689400303178e-06), (31, 2.097924379995675e-06), (32, 2.7118614980281563e-06), (33, 3.4242746096424526e-06), (34, 1.5742014056741027e-06), (35, 2.1761311472801026e-06), (36, 2.4728133212192915e-06), (37, 2.048200940407696e-06), (38, 2.430901304251165e-06), (39, 2.2438166524807457e-06), (40, 3.825879502983298e-06), (41, 2.8148695037089055e-06), (42, 2.2789154172642156e-06), (43, 2.193256477767136e-06), (44, 1.441082872588595e-06), (45, 2.380434352744487e-06), (46, 1.267418610950699e-06), (47, 1.6311422541548382e-06), (48, 2.988635969813913e-06), (49, 2.2931099010747857e-06), (50, 3.778847940338892e-06), (0, 2.0471350126172183e-06), (1, 1.1873397625095095e-06), (2, 2.2138185613584938e-06), (3, 3.0754936233279295e-06), (4, 2.3124955532694003e-06), (5, 4.149225787841715e-06), (6, 2.3035527192405425e-06), (7, 2.1966588974464685e-06), (8, 2.558185315137962e-06), (9, 2.396528770987061e-06), (10, 3.1646093248127727e-06), (11, 2.073172254313249e-06), (12, 2.337466185053927e-06), (13, 1.6949971950452891e-06), (14, 2.1365842712839367e-06), (15, 2.097780225085444e-06), (16, 1.488363182033936e-06), (17, 1.949895477082464e-06), (18, 1.6276043197649415e-06), (19, 1.9777153283939697e-06), (20, 2.595866135379765e-06), (21, 1.8684274891711539e-06), (22, 1.4466730817730422e-06), (23, 2.54850169767451e-06), (24, 1.9968010747106746e-06), (25, 2.723708348639775e-06), (26, 2.408202362857992e-06), (27, 2.350258228034363e-06), (28, 2.0283828234823886e-06), (29, 2.345705979678314e-06), (30, 1.451413254471845e-06), (31, 2.2306087430479238e-06), (32, 2.0675083760579582e-06), (33, 2.497810100976494e-06), (34, 1.9044908867726917e-06), (35, 1.8756609279080294e-06), (36, 1.2607408734766068e-06), (37, 2.398566948613734e-06), (38, 2.5195026864821557e-06), (39, 1.4807515071879607e-06), (40, 1.5267369235516526e-06), (41, 1.8179063090428826e-06), (42, 2.3802826945029665e-06), (43, 2.731469294303679e-06), (44, 1.9843087102344725e-06), (45, 1.2484941862567212e-06), (46, 2.113186383212451e-06), (47, 2.0566958482959308e-06), (48, 4.354461907496443e-06), (49, 1.9402673387958203e-06), (50, 2.6628217710822355e-06), (0, 1.6664106397001888e-06), (1, 1.547521719658107e-06), (2, 1.3641831628774526e-06), (3, 3.175095571350539e-06), (4, 2.729716925387038e-06), (5, 8.562442417314742e-07), (6, 2.062508201561286e-06), (7, 1.6158612652361626e-06), (8, 2.6649352093954803e-06), (9, 2.2508515939989593e-06), (10, 2.6757261366583407e-06), (11, 2.179810962843476e-06), (12, 2.1127161744516343e-06), (13, 1.7625143300392665e-06), (14, 2.2259439447225304e-06), (15, 2.382745378781692e-06), (16, 1.8234302388009382e-06), (17, 2.2491219624498626e-06), (18, 1.967653133760905e-06), (19, 2.332061285414966e-06), (20, 2.648813733685529e-06), (21, 1.3434448646876263e-06), (22, 2.598596665848163e-06), (23, 2.0188324469927466e-06), (24, 3.752480324692442e-06), (25, 1.4786675137656857e-06), (26, 1.6916507092901156e-06), (27, 1.9126455299556255e-06), (28, 2.694030399652547e-06), (29, 1.0859143912966829e-06), (30, 1.5561547570541734e-06), (31, 1.488564976170892e-06), (32, 2.2242911654757336e-06), (33, 1.5671057553845458e-06), (34, 1.4285750467024627e-06), (35, 2.2171930140757468e-06), (36, 2.063500232907245e-06), (37, 1.9656731637951452e-06), (38, 2.6490386062505422e-06), (39, 2.2179808638611576e-06), (40, 2.3477803097193828e-06), (41, 3.4597171634231927e-06), (42, 2.250059424113715e-06), (43, 1.2263176358828787e-06), (44, 1.5024089634607662e-06), (45, 2.0198949641780928e-06), (46, 1.7644508716330165e-06), (47, 2.115216830134159e-06), (48, 2.4016558199946303e-06), (49, 2.8416561690391973e-06), (50, 1.5674327187298331e-06), (0, 1.8287554439666565e-06), (1, 2.042400410573464e-06), (2, 1.5621415059285937e-06), (3, 2.362075974815525e-06), (4, 1.5490644500459894e-06), (5, 1.7876966467156308e-06), (6, 1.1879612884513335e-06), (7, 1.3451832501232275e-06), (8, 2.1989642391417874e-06), (9, 1.1480543662401033e-06), (10, 2.55840745921887e-06), (11, 2.760544703050982e-06), (12, 2.7021660571335815e-06), (13, 3.0591045288019814e-06), (14, 2.2471760985354194e-06), (15, 2.4312353161803912e-06), (16, 1.4909148831065977e-06), (17, 1.753214064592612e-06), (18, 1.8226502334073302e-06), (19, 1.5953833099047188e-06), (20, 2.7416674583946588e-06), (21, 1.7368003000228782e-06), (22, 1.9424965103098657e-06), (23, 1.8528630789660383e-06), (24, 1.62787284807564e-06), (25, 1.731449742692348e-06), (26, 2.098402092087781e-06), (27, 1.837313220676151e-06), (28, 2.2785936835134635e-06), (29, 2.696929641388124e-06), (30, 3.1157956073002424e-06), (31, 2.5015947358042467e-06), (32, 2.1797072804474737e-06), (33, 1.4936248362573679e-06), (34, 2.3440743461833335e-06), (35, 1.447342924620898e-06), (36, 1.265052105736686e-06), (37, 1.6442957075923914e-06), (38, 1.7748649270288297e-06), (39, 1.4672463066744967e-06), (40, 2.6629311378201237e-06), (41, 1.8323263475394924e-06), (42, 2.3069158032740233e-06), (43, 1.9089175111730583e-06), (44, 7.959172876326193e-07), (45, 1.9176143268850865e-06), (46, 1.544240376460948e-06), (47, 1.968431433851947e-06), (48, 1.4452355117100524e-06), (49, 2.2506737877847627e-06), (50, 2.3714935650787083e-06), (0, 1.6177675661310786e-06), (1, 2.7874461920873728e-06), (2, 1.7713489341986133e-06), (3, 2.3100865291780792e-06), (4, 2.3609297841176158e-06), (5, 8.69014399995649e-07), (6, 1.715300300020317e-06), (7, 4.0175445974455215e-06), (8, 2.1155110516701825e-06), (9, 1.5414573226735229e-06), (10, 1.3815205193168367e-06), (11, 2.1378318706410937e-06), (12, 2.4894388843677007e-06), (13, 2.151989519916242e-06), (14, 1.553942297505273e-06), (15, 1.9602498468884733e-06), (16, 1.8736640186034492e-06), (17, 1.0560128202996566e-06), (18, 1.2251624639247893e-06), (19, 2.5936733436537907e-06), (20, 1.4167418385113706e-06), (21, 2.3349452931142878e-06), (22, 1.4703098258905811e-06), (23, 2.2187032300280407e-06), (24, 1.9177539343218086e-06), (25, 1.3741945394940558e-06), (26, 1.6998866385620204e-06), (27, 1.7528550415590871e-06), (28, 2.1843907234142534e-06), (29, 1.97734607354505e-06), (30, 1.6563370763833518e-06), (31, 1.379939931211993e-06), (32, 1.975178747670725e-06), (33, 1.7639027873883606e-06), (34, 2.2455067210103152e-06), (35, 2.1645789729518583e-06), (36, 2.156587470381055e-06), (37, 1.2711129784293007e-06), (38, 2.7528535611054394e-06), (39, 1.7466466033511097e-06), (40, 1.6418531458839425e-06), (41, 1.6164717635547277e-06), (42, 1.1295749118289677e-06), (43, 2.461868916725507e-06), (44, 2.0083684830751736e-06), (45, 1.2513665978985955e-06), (46, 2.690368546609534e-06), (47, 1.325479843217181e-06), (48, 1.376198383695737e-06), (49, 1.0299945643055253e-06), (50, 1.4483398445008788e-06), (0, 1.2256957688805414e-06), (1, 1.858380414887506e-06), (2, 1.8519942841521697e-06), (3, 1.4519411024593865e-06), (4, 2.4634261990286177e-06), (5, 2.06482127396157e-06), (6, 1.7073646176868351e-06), (7, 1.5992717408153112e-06), (8, 2.3157058421929833e-06), (9, 1.1199887239854434e-06), (10, 1.8424528889227076e-06), (11, 1.859381768554158e-06), (12, 1.6235519524343545e-06), (13, 1.4813617781328503e-06), (14, 1.8707581830312847e-06), (15, 1.5948619420669274e-06), (16, 2.2922756670595845e-06), (17, 2.5183530851791147e-06), (18, 2.253956608910812e-06), (19, 2.1203363758104388e-06), (20, 2.1587875380646437e-06), (21, 2.0935290194756817e-06), (22, 2.317366806892096e-06), (23, 1.2548251788757625e-06), (24, 1.4566327308784821e-06), (25, 1.8038381313090213e-06), (26, 1.603426653673523e-06), (27, 1.2826608326577116e-06), (28, 1.93954133465013e-06), (29, 1.7309423583355965e-06), (30, 1.248164721801004e-06), (31, 2.371359414610197e-06), (32, 2.2525739495904418e-06), (33, 1.7996677570408792e-06), (34, 1.553205606796837e-06), (35, 1.0442845450597815e-06), (36, 1.9564117792469915e-06), (37, 1.299041286983993e-06), (38, 2.170289917557966e-06), (39, 1.8272864963364555e-06), (40, 1.4247068520489847e-06), (41, 2.4165237846318632e-06), (42, 1.3295813232616638e-06), (43, 1.8923991547126207e-06), (44, 9.431577154828119e-07), (45, 7.577535825475934e-07), (46, 1.3762423805019353e-06), (47, 2.6333468667871784e-06), (48, 2.778755742838257e-06), (49, 1.5984561514414963e-06), (50, 1.189691033687268e-06), (0, 2.4900923563109245e-06), (1, 1.6717108337616082e-06), (2, 1.152412323790486e-06), (3, 1.6254371075774543e-06), (4, 1.8843234101950657e-06), (5, 1.1078582247137092e-06), (6, 1.639755510041141e-06), (7, 1.9590029296523426e-06), (8, 2.2293897927738726e-06), (9, 2.713321237024502e-06), (10, 2.1093135273986263e-06), (11, 2.6021298253908753e-06), (12, 1.5699183677497786e-06), (13, 1.1932218058063881e-06), (14, 1.5632988379365997e-06), (15, 1.0657687425918994e-06), (16, 1.4084963595450972e-06), (17, 1.5372830830528983e-06), (18, 1.5036530385259539e-06), (19, 1.9072359691563179e-06), (20, 2.3367374524241313e-06), (21, 1.8042442206933629e-06), (22, 1.9638312096503796e-06), (23, 2.0263842088752426e-06), (24, 1.2179282293800497e-06), (25, 1.1974644849033211e-06), (26, 1.90877221939445e-06), (27, 1.803401687539008e-06), (28, 1.4130220051811193e-06), (29, 2.389650262557552e-06), (30, 1.32560114707303e-06), (31, 1.6710278032405768e-06), (32, 2.0029553979838965e-06), (33, 1.560801479172369e-06), (34, 1.7827967440098291e-06), (35, 1.3530943760997616e-06), (36, 1.2506867506090202e-06), (37, 1.773388476067339e-06), (38, 1.5449936654476915e-06), (39, 2.322723503311863e-06), (40, 1.6639387467876077e-06), (41, 1.1669264949887292e-06), (42, 1.4085244401940145e-06), (43, 1.5384492826342466e-06), (44, 1.4519063142870436e-06), (45, 1.0713015399232972e-06), (46, 1.7588624814379727e-06), (47, 1.7725686802805285e-06), (48, 1.5436553439940326e-06), (49, 1.7710324300423963e-06), (50, 1.6387083405788871e-06), (0, 1.235485228789912e-06), (1, 2.0089009922230616e-06), (2, 2.291551027155947e-06), (3, 1.3623267705042963e-06), (4, 1.9752753814827884e-06), (5, 1.7313593616563594e-06), (6, 1.6079935676316381e-06), (7, 1.7870312376544462e-06), (8, 6.275631108110247e-07), (9, 1.5511041056015529e-06), (10, 2.100566462104325e-06), (11, 1.5875530152698047e-06), (12, 1.4885631571814884e-06), (13, 2.2810068003309425e-06), (14, 1.3723421261602198e-06), (15, 1.3867988855054136e-06), (16, 9.851704589891597e-07), (17, 1.4215465853339992e-06), (18, 1.0860218253583298e-06), (19, 1.3174285413697362e-06), (20, 1.4124249219094054e-06), (21, 6.071449547562224e-07), (22, 1.6496945818289532e-06), (23, 1.993607384065399e-06), (24, 2.2480944608105347e-06), (25, 2.4939008653745987e-06), (26, 2.3527916255261516e-06), (27, 1.5288044323824579e-06), (28, 1.224562311108457e-06), (29, 1.0037720130640082e-06), (30, 1.6256085473287385e-06), (31, 1.4536183243762935e-06), (32, 1.720812633720925e-06), (33, 1.6762020322858007e-06), (34, 2.1957207536615897e-06), (35, 1.132313855123357e-06), (36, 1.8366298490946065e-06), (37, 6.334019531095691e-07), (38, 2.1974331048113527e-06), (39, 1.7866557300294517e-06), (40, 1.6665778730384773e-06), (41, 1.479525849390484e-06), (42, 9.796182212085114e-07), (43, 1.0872981874854304e-06), (44, 1.414670350641245e-06), (45, 1.8620412447489798e-06), (46, 1.988335498026572e-06), (47, 1.3376239849094418e-06), (48, 2.0575025700964034e-06), (49, 2.4719131488382118e-06), (50, 1.1611405170697253e-06), (0, 1.8033231299341423e-06), (1, 1.8581667973194271e-06), (2, 1.5556172456854256e-06), (3, 1.1670318826872972e-06), (4, 1.3336539268493652e-06), (5, 1.5993205124686938e-06), (6, 8.257240438069857e-07), (7, 1.095906213777198e-06), (8, 2.2141873614600627e-06), (9, 1.2790274013241287e-06), (10, 2.443081257297308e-06), (11, 1.6506664906046353e-06), (12, 8.200786965062434e-07), (13, 1.0298261940988596e-06), (14, 2.3174479792942293e-06), (15, 1.5555866639260785e-06), (16, 2.878419536500587e-06), (17, 2.5042518245754763e-06), (18, 1.5178410421867738e-06), (19, 9.623890946386382e-07), (20, 1.5287907899619313e-06), (21, 1.340553239970177e-06), (22, 2.623741465868079e-06), (23, 1.4272050066210795e-06), (24, 1.0227108759863768e-06), (25, 1.6662747839291114e-06), (26, 1.3729179499932798e-06), (27, 1.3279959603096358e-06), (28, 1.349622948509932e-06), (29, 9.429732585886086e-07), (30, 1.5782587752255495e-06), (31, 2.339659886274603e-06), (32, 2.0227716959198005e-06), (33, 1.7858881165011553e-06), (34, 1.5553122238998185e-06), (35, 1.725241986605397e-06), (36, 1.1772597190429224e-06), (37, 1.3383506711761584e-06), (38, 1.0198695008512004e-06), (39, 1.8969334405483096e-06), (40, 1.2271598279767204e-06), (41, 1.1747758890123805e-06), (42, 1.3408271115622483e-06), (43, 1.4694987839902751e-06), (44, 1.039761514221027e-06), (45, 2.3567174594063545e-06), (46, 1.035316699926625e-06), (47, 1.1047210364267812e-06), (48, 1.167269601864973e-06), (49, 8.858902447173023e-07), (50, 2.0189779661450302e-06), (0, 1.565655111335218e-06), (1, 2.1794141957798274e-06), (2, 1.635302510294423e-06), (3, 1.957313770617475e-06), (4, 1.6875133042049129e-06), (5, 1.916716882988112e-06), (6, 9.392539368491271e-07), (7, 2.1809582904097624e-06), (8, 2.2310041458695196e-06), (9, 8.353166549568414e-07), (10, 9.517433454675484e-07), (11, 2.0825498268095544e-06), (12, 1.3700800991500728e-06), (13, 1.6858447224876727e-06), (14, 2.080446392938029e-06), (15, 1.4006847095515695e-06), (16, 1.7224186876774183e-06), (17, 1.7600358432900975e-06), (18, 1.185193923447514e-06), (19, 1.669548510108143e-06), (20, 1.874828853942745e-06), (21, 1.7006840380417998e-06), (22, 9.356143664263072e-07), (23, 1.4334765410239925e-06), (24, 1.511819846200524e-06), (25, 6.682687399006682e-07), (26, 1.111543951992644e-06), (27, 1.8228857925350894e-06), (28, 1.328476173512172e-06), (29, 9.970800647352007e-07), (30, 7.289467021109886e-07), (31, 1.3154359521649894e-06), (32, 1.3570319197242497e-06), (33, 1.0252952051814646e-06), (34, 1.4376064427779056e-06), (35, 1.5894859188847477e-06), (36, 1.8639215113580576e-06), (37, 1.3344755416255794e-06), (38, 1.1601522373894113e-06), (39, 1.6155947832885431e-06), (40, 1.4165677839628188e-06), (41, 1.872350367193576e-06), (42, 1.0920689419435803e-06), (43, 1.1603754046518588e-06), (44, 1.3660193189934944e-06), (45, 1.2187515494588297e-06), (46, 1.2262221389391925e-06), (47, 1.1751378679036861e-06), (48, 1.4381040500666131e-06), (49, 1.627786673452647e-06), (50, 8.412540069002716e-07)]