Model Setup for {PATIENT_GROUPS} Trained Network:

RNN Network Architecture Parameters
Input channels=22
Hidden channels=32
Output channels=1

Training hyperparameters
Optimizer=AdamW (
Parameter Group 0
    amsgrad: False
    betas: (0.9, 0.999)
    capturable: False
    differentiable: False
    eps: 1e-08
    foreach: None
    fused: None
    lr: 0.001
    maximize: False
    weight_decay: 1e-06
)Training Iterations=100
Learning rate=0.001
Weight decay=1e-06
Optimizer reset frequency=None

Dropout probability (after initial linear layer before NCDE): 0.0
Training Data Selection Parameters
(If not virtual, the only important params are the groups and whether data was normalized/standardized)
Patient groups=['Control', 'Atypical']
Augmentation strategy=Uniform
Noise Magnitude=0.05
Normalized/standardized=None
Number of virtual patients per real patient=100
Label smoothing factor=0
Test Patient Combinations:
Control: (13, 11, 8, 14, 6)
MDD: (2, 6, 9, 3, 5)
Training batch size=3
Training Results:
Runtime=0.20112109184265137
Loss over time=[(0, 0.6609950661659241), (1, 0.6379051804542542), (2, 0.6355265974998474), (3, 0.6886260509490967), (4, 0.6058602929115295), (5, 0.675896167755127), (6, 0.6908674836158752), (0, 0.6849743723869324), (1, 0.6551970839500427), (2, 0.5595200657844543), (3, 0.6011815667152405), (4, 0.6822606921195984), (5, 0.5973393321037292), (6, 0.5846490859985352), (0, 0.638608455657959), (1, 0.6489513516426086), (2, 0.653754472732544), (3, 0.528789222240448), (4, 0.5454425811767578), (5, 0.6764803528785706), (6, 0.4473974406719208), (0, 0.5597009062767029), (1, 0.5500409007072449), (2, 0.6531376242637634), (3, 0.6163148880004883), (4, 0.5936422944068909), (5, 0.6210682988166809), (6, 0.4951905310153961), (0, 0.7269185185432434), (1, 0.5442529320716858), (2, 0.5102018713951111), (3, 0.6618072986602783), (4, 0.4810159206390381), (5, 0.6545750498771667), (6, 0.3745107352733612), (0, 0.49077558517456055), (1, 0.4777718484401703), (2, 0.7157798409461975), (3, 0.5313909649848938), (4, 0.7744137644767761), (5, 0.5253364443778992), (6, 0.4172952473163605), (0, 0.5349001288414001), (1, 0.5829119086265564), (2, 0.5206982493400574), (3, 0.6975118517875671), (4, 0.4831019341945648), (5, 0.6187363266944885), (6, 0.4717372953891754), (0, 0.6552002429962158), (1, 0.5423495769500732), (2, 0.4232257902622223), (3, 0.5529621243476868), (4, 0.4656651020050049), (5, 0.5576357841491699), (6, 0.560268759727478), (0, 0.4733201563358307), (1, 0.5653182864189148), (2, 0.40578553080558777), (3, 0.7106922268867493), (4, 0.3875850737094879), (5, 0.5430445075035095), (6, 1.002102017402649), (0, 0.3767267167568207), (1, 0.37591588497161865), (2, 0.6082079410552979), (3, 0.5656530261039734), (4, 0.4312382638454437), (5, 0.6657586693763733), (6, 0.7418386340141296), (0, 0.6968124508857727), (1, 0.4500747621059418), (2, 0.3928558826446533), (3, 0.4550723135471344), (4, 0.5906659960746765), (5, 0.6168545484542847), (6, 0.3262532949447632), (0, 0.3908006250858307), (1, 0.558146059513092), (2, 0.3541269600391388), (3, 0.3755299746990204), (4, 0.709709107875824), (5, 0.5394353866577148), (6, 0.6986672878265381), (0, 0.5201782584190369), (1, 0.3858637809753418), (2, 0.5105441212654114), (3, 0.6888529658317566), (4, 0.3894313871860504), (5, 0.5884712934494019), (6, 0.28531351685523987), (0, 0.3062257468700409), (1, 0.48185595870018005), (2, 0.7206557393074036), (3, 0.6795120239257812), (4, 0.42913973331451416), (5, 0.40944504737854004), (6, 0.2006048560142517), (0, 0.5956594347953796), (1, 0.5542396903038025), (2, 0.37381529808044434), (3, 0.48251596093177795), (4, 0.31419113278388977), (5, 0.5285632014274597), (6, 0.2920036017894745), (0, 0.46066343784332275), (1, 0.5963808298110962), (2, 0.456398606300354), (3, 0.5796085000038147), (4, 0.24371230602264404), (5, 0.5351422429084778), (6, 0.31037437915802), (0, 0.3800966739654541), (1, 0.5941096544265747), (2, 0.2365197092294693), (3, 0.6266351342201233), (4, 0.606822669506073), (5, 0.3023744523525238), (6, 0.6939823627471924), (0, 0.30597957968711853), (1, 0.6159961819648743), (2, 0.6917321085929871), (3, 0.45390474796295166), (4, 0.2850482165813446), (5, 0.42616692185401917), (6, 0.21723578870296478), (0, 0.5183059573173523), (1, 0.4636056125164032), (2, 0.48231688141822815), (3, 0.22969289124011993), (4, 0.3859410285949707), (5, 0.6150688529014587), (6, 0.33621057868003845), (0, 0.4470560550689697), (1, 0.32289978861808777), (2, 0.4341837167739868), (3, 0.5379896759986877), (4, 0.8264105916023254), (5, 0.24851302802562714), (6, 0.25904878973960876), (0, 0.3827824592590332), (1, 0.36917075514793396), (2, 0.6741639971733093), (3, 0.36169031262397766), (4, 0.43934860825538635), (5, 0.44150635600090027), (6, 0.2825206518173218), (0, 0.6460140347480774), (1, 0.21199269592761993), (2, 0.49734410643577576), (3, 0.45232847332954407), (4, 0.5519685745239258), (5, 0.3126865327358246), (6, 0.1458834409713745), (0, 0.4977886378765106), (1, 0.42781877517700195), (2, 0.27841758728027344), (3, 0.37927722930908203), (4, 0.6069058775901794), (5, 0.2727890908718109), (6, 0.5204036831855774), (0, 0.2677740454673767), (1, 0.3878413736820221), (2, 0.422839492559433), (3, 0.3788069188594818), (4, 0.49823084473609924), (5, 0.5206217169761658), (6, 0.4452292323112488), (0, 0.25824978947639465), (1, 0.38625606894493103), (2, 0.4944603145122528), (3, 0.44218119978904724), (4, 0.30903613567352295), (5, 0.7558891177177429), (6, 0.2746853828430176), (0, 0.11967725306749344), (1, 0.7490472197532654), (2, 0.2788977026939392), (3, 0.5829848051071167), (4, 0.39914512634277344), (5, 0.37752485275268555), (6, 0.3649434447288513), (0, 0.33616316318511963), (1, 0.6580281257629395), (2, 0.21440905332565308), (3, 0.37137699127197266), (4, 0.3138413727283478), (5, 0.5894260406494141), (6, 0.2295549362897873), (0, 0.21749205887317657), (1, 0.8440045714378357), (2, 0.2110496610403061), (3, 0.40602734684944153), (4, 0.42063823342323303), (5, 0.3638911247253418), (6, 0.18844638764858246), (0, 0.3269706070423126), (1, 0.34234416484832764), (2, 0.3439706563949585), (3, 0.2507776916027069), (4, 0.8300883173942566), (5, 0.22025887668132782), (6, 0.7801381349563599), (0, 0.4814333915710449), (1, 0.4027368128299713), (2, 0.4555317461490631), (3, 0.23460376262664795), (4, 0.42893263697624207), (5, 0.3897554874420166), (6, 0.41120612621307373), (0, 0.22886250913143158), (1, 0.5659763813018799), (2, 0.5644674301147461), (3, 0.22044163942337036), (4, 0.4514857828617096), (5, 0.2781669795513153), (6, 0.20359517633914948), (0, 0.2660042345523834), (1, 0.2648893892765045), (2, 0.2622952163219452), (3, 0.3051944673061371), (4, 0.8722522258758545), (5, 0.5244135856628418), (6, 0.28493672609329224), (0, 0.23953652381896973), (1, 0.15852506458759308), (2, 0.5587542653083801), (3, 0.27678027749061584), (4, 0.24705787003040314), (5, 0.8947089314460754), (6, 0.2161005288362503), (0, 0.2816096544265747), (1, 0.2718142569065094), (2, 0.32393118739128113), (3, 0.748079776763916), (4, 0.2915930449962616), (5, 0.32119402289390564), (6, 0.2653448283672333), (0, 0.4748547077178955), (1, 0.4226345717906952), (2, 0.5291397571563721), (3, 0.22687369585037231), (4, 0.1628401279449463), (5, 0.4763810634613037), (6, 0.07075846195220947), (0, 0.35328054428100586), (1, 0.3379707336425781), (2, 0.48096370697021484), (3, 0.21905016899108887), (4, 0.18581025302410126), (5, 0.3378499448299408), (6, 1.4696286916732788), (0, 0.19156433641910553), (1, 0.6104305386543274), (2, 0.20024262368679047), (3, 0.33866938948631287), (4, 0.3455542027950287), (5, 0.4264225661754608), (6, 0.27494561672210693), (0, 0.21660657227039337), (1, 0.43726956844329834), (2, 0.2510077655315399), (3, 0.26481175422668457), (4, 0.16246294975280762), (5, 0.48011669516563416), (6, 1.4011492729187012), (0, 0.6082469820976257), (1, 0.3155420422554016), (2, 0.19798314571380615), (3, 0.2446027249097824), (4, 0.2505593001842499), (5, 0.3312329947948456), (6, 1.2015446424484253), (0, 0.2896632254123688), (1, 0.34026631712913513), (2, 0.29553526639938354), (3, 0.1874397248029709), (4, 0.39977869391441345), (5, 0.6679189205169678), (6, 0.18752604722976685), (0, 0.16666585206985474), (1, 0.21262995898723602), (2, 0.5873467326164246), (3, 0.4623340666294098), (4, 0.2567357122898102), (5, 0.5175670385360718), (6, 0.2604106068611145), (0, 0.29187366366386414), (1, 0.580859363079071), (2, 0.15024833381175995), (3, 0.1657250076532364), (4, 0.32019850611686707), (5, 0.3944227993488312), (6, 0.9103640913963318), (0, 0.6172528862953186), (1, 0.1920359581708908), (2, 0.2643602192401886), (3, 0.23358897864818573), (4, 0.27648425102233887), (5, 0.4790784418582916), (6, 0.307253360748291), (0, 0.37152495980262756), (1, 0.5723204612731934), (2, 0.1626335233449936), (3, 0.23019683361053467), (4, 0.35538360476493835), (5, 0.3331053853034973), (6, 0.3774738311767578), (0, 0.33533015847206116), (1, 0.23576752841472626), (2, 0.5496744513511658), (3, 0.14205455780029297), (4, 0.46091923117637634), (5, 0.17633630335330963), (6, 0.3652633726596832), (0, 0.16476543247699738), (1, 0.24637019634246826), (2, 0.12709076702594757), (3, 0.18724901974201202), (4, 0.8246355652809143), (5, 0.2200290411710739), (6, 1.1025776863098145), (0, 0.18919938802719116), (1, 0.6444758772850037), (2, 0.29374319314956665), (3, 0.3825822174549103), (4, 0.3619508445262909), (5, 0.3168475925922394), (6, 0.10365723073482513), (0, 0.1646115928888321), (1, 0.1890634447336197), (2, 0.5180253386497498), (3, 0.3612264394760132), (4, 0.4280036389827728), (5, 0.41822221875190735), (6, 0.17237122356891632), (0, 0.4138202965259552), (1, 0.3071199953556061), (2, 0.5211200714111328), (3, 0.34536752104759216), (4, 0.15521076321601868), (5, 0.38506194949150085), (6, 0.04537694901227951), (0, 0.20594580471515656), (1, 0.37928858399391174), (2, 0.31003665924072266), (3, 0.6599839329719543), (4, 0.1584358960390091), (5, 0.08682366460561752), (6, 0.6898651123046875), (0, 0.373765230178833), (1, 0.29439690709114075), (2, 0.6165186166763306), (3, 0.3168633282184601), (4, 0.22168660163879395), (5, 0.19395260512828827), (6, 0.09405899792909622), (0, 0.19077448546886444), (1, 0.388886958360672), (2, 0.22087259590625763), (3, 0.2928818464279175), (4, 0.7533111572265625), (5, 0.28072476387023926), (6, 0.17275704443454742), (0, 0.37343838810920715), (1, 0.6030263304710388), (2, 0.22654855251312256), (3, 0.27043768763542175), (4, 0.1985216736793518), (5, 0.22875440120697021), (6, 0.24866650998592377), (0, 0.2599847614765167), (1, 0.3759787380695343), (2, 0.16088297963142395), (3, 0.14601968228816986), (4, 0.21205125749111176), (5, 0.6321730017662048), (6, 0.10365660488605499), (0, 0.2330022007226944), (1, 0.1522357165813446), (2, 0.19132132828235626), (3, 0.08608681708574295), (4, 0.45483341813087463), (5, 0.3797546327114105), (6, 1.5955842733383179), (0, 0.12067420035600662), (1, 0.22285331785678864), (2, 0.2638533115386963), (3, 0.3842025697231293), (4, 0.2000058889389038), (5, 0.5188791751861572), (6, 0.5925646424293518), (0, 0.14380601048469543), (1, 0.3687666952610016), (2, 0.19994379580020905), (3, 0.29612672328948975), (4, 0.20444941520690918), (5, 0.748286247253418), (6, 0.07964105159044266), (0, 0.11887804418802261), (1, 0.5896137952804565), (2, 0.18493156135082245), (3, 0.2968430519104004), (4, 0.11917966604232788), (5, 0.2595772445201874), (6, 0.7785861492156982), (0, 0.2906857132911682), (1, 0.41995465755462646), (2, 0.48814404010772705), (3, 0.19399289786815643), (4, 0.07369973510503769), (5, 0.3055656850337982), (6, 0.5038105845451355), (0, 0.1364801824092865), (1, 0.33026230335235596), (2, 0.620295524597168), (3, 0.2641751170158386), (4, 0.15708164870738983), (5, 0.10745497792959213), (6, 0.3005267381668091), (0, 0.15828503668308258), (1, 0.2582126259803772), (2, 0.13604240119457245), (3, 0.3294682800769806), (4, 0.6083926558494568), (5, 0.12514309585094452), (6, 0.6914127469062805), (0, 0.7314518094062805), (1, 0.12634094059467316), (2, 0.15654005110263824), (3, 0.18594451248645782), (4, 0.2941499948501587), (5, 0.17853455245494843), (6, 0.529183030128479), (0, 0.6342051029205322), (1, 0.32946234941482544), (2, 0.41263604164123535), (3, 0.3737086355686188), (4, 0.34309378266334534), (5, 0.10141042619943619), (6, 0.07929033041000366), (0, 0.1240602359175682), (1, 0.3749496042728424), (2, 0.2750113308429718), (3, 0.5871293544769287), (4, 0.1513720154762268), (5, 0.13168860971927643), (6, 0.10143403708934784), (0, 0.2879236936569214), (1, 0.2000565528869629), (2, 0.11195576936006546), (3, 0.15421432256698608), (4, 0.7612854838371277), (5, 0.19111955165863037), (6, 0.08434539288282394), (0, 0.07123556733131409), (1, 0.1823505163192749), (2, 0.22165818512439728), (3, 0.2988267242908478), (4, 0.5841450095176697), (5, 0.1964779943227768), (6, 0.2706725001335144), (0, 0.13493968546390533), (1, 0.33474454283714294), (2, 0.25853779911994934), (3, 0.7791805863380432), (4, 0.10956954956054688), (5, 0.13222463428974152), (6, 0.18884281814098358), (0, 0.331415057182312), (1, 0.4962949752807617), (2, 0.15038329362869263), (3, 0.1456121802330017), (4, 0.1460847109556198), (5, 0.4460902214050293), (6, 0.029710523784160614), (0, 0.5168521404266357), (1, 0.2902522385120392), (2, 0.13960766792297363), (3, 0.2510511577129364), (4, 0.1324244886636734), (5, 0.2938009798526764), (6, 0.3094615042209625), (0, 0.11764708161354065), (1, 0.24769173562526703), (2, 0.2721850574016571), (3, 0.10573216527700424), (4, 0.5566953420639038), (5, 0.36001789569854736), (6, 0.05115043371915817), (0, 0.14135722815990448), (1, 0.11977598816156387), (2, 0.16824348270893097), (3, 0.3018064796924591), (4, 0.16171759366989136), (5, 0.6353375911712646), (6, 0.47750869393348694), (0, 0.2318032830953598), (1, 0.09572414308786392), (2, 0.5046284794807434), (3, 0.07072726637125015), (4, 0.1687123030424118), (5, 0.3272073566913605), (6, 0.6426584720611572), (0, 0.23187117278575897), (1, 0.06621021032333374), (2, 0.2071857899427414), (3, 0.6120970845222473), (4, 0.1620204597711563), (5, 0.21850745379924774), (6, 0.2040654718875885), (0, 0.5285343527793884), (1, 0.1995047777891159), (2, 0.22963358461856842), (3, 0.33096304535865784), (4, 0.17300422489643097), (5, 0.1722102165222168), (6, 0.031634438782930374), (0, 0.15183301270008087), (1, 0.22145497798919678), (2, 0.31501588225364685), (3, 0.16262049973011017), (4, 0.5808185935020447), (5, 0.1161903440952301), (6, 0.028320953249931335), (0, 0.43205443024635315), (1, 0.2844930589199066), (2, 0.17851489782333374), (3, 0.21656854450702667), (4, 0.17019574344158173), (5, 0.17571763694286346), (6, 0.17812547087669373), (0, 0.1180892065167427), (1, 0.2102334052324295), (2, 0.4922093451023102), (3, 0.14062215387821198), (4, 0.25126269459724426), (5, 0.19417019188404083), (6, 0.17094144225120544), (0, 0.24022430181503296), (1, 0.22658081352710724), (2, 0.5777814984321594), (3, 0.14510174095630646), (4, 0.27508434653282166), (5, 0.05677080526947975), (6, 0.20223844051361084), (0, 0.044486742466688156), (1, 0.6099277138710022), (2, 0.16572043299674988), (3, 0.21376605331897736), (4, 0.26718685030937195), (5, 0.09306929260492325), (6, 0.49196892976760864), (0, 0.4547588527202606), (1, 0.42176929116249084), (2, 0.1749761551618576), (3, 0.18566513061523438), (4, 0.1828904151916504), (5, 0.0647156611084938), (6, 0.1264880746603012), (0, 0.15051379799842834), (1, 0.049547549337148666), (2, 0.3546663224697113), (3, 0.15631233155727386), (4, 0.1785329133272171), (5, 0.5909983515739441), (6, 0.277974009513855), (0, 0.19859467446804047), (1, 0.05699165537953377), (2, 0.5464498400688171), (3, 0.09104198217391968), (4, 0.2757333815097809), (5, 0.20109693706035614), (6, 0.021483751013875008), (0, 0.17214536666870117), (1, 0.08707833290100098), (2, 0.17169761657714844), (3, 0.2584957480430603), (4, 0.5631809830665588), (5, 0.10048502683639526), (6, 0.4184515178203583), (0, 0.1052081510424614), (1, 0.12248092144727707), (2, 0.12623673677444458), (3, 0.5480309128761292), (4, 0.268338680267334), (5, 0.26924338936805725), (6, 0.055479537695646286), (0, 0.14876002073287964), (1, 0.13988451659679413), (2, 0.29524481296539307), (3, 0.4985596239566803), (4, 0.07780689001083374), (5, 0.1672610193490982), (6, 0.2654517590999603), (0, 0.11713924258947372), (1, 0.5260892510414124), (2, 0.08251561969518661), (3, 0.23484045267105103), (4, 0.11457347869873047), (5, 0.240838885307312), (6, 0.2977665364742279), (0, 0.06780750304460526), (1, 0.20571589469909668), (2, 0.2607905864715576), (3, 0.288866251707077), (4, 0.07278891652822495), (5, 0.10945013165473938), (6, 1.6408613920211792), (0, 0.14821456372737885), (1, 0.184706449508667), (2, 0.08252409100532532), (3, 0.1874416023492813), (4, 0.1671595573425293), (5, 0.2343014031648636), (6, 1.1240779161453247), (0, 0.16416887938976288), (1, 0.13475598394870758), (2, 0.08481226116418839), (3, 0.4215717315673828), (4, 0.04111115261912346), (5, 0.5744414925575256), (6, 0.27278414368629456), (0, 0.24868488311767578), (1, 0.08268281817436218), (2, 0.2733604907989502), (3, 0.1924678534269333), (4, 0.1948164701461792), (5, 0.4769938886165619), (6, 0.5439862012863159), (0, 0.07045640051364899), (1, 0.5008859038352966), (2, 0.23824362456798553), (3, 0.20395751297473907), (4, 0.24626515805721283), (5, 0.09850705415010452), (6, 0.20164592564105988), (0, 0.39057961106300354), (1, 0.22094778716564178), (2, 0.2762644588947296), (3, 0.08348653465509415), (4, 0.20868878066539764), (5, 0.0977335199713707), (6, 0.05032423511147499), (0, 0.07532801479101181), (1, 0.06805004924535751), (2, 0.1594141274690628), (3, 0.5045769810676575), (4, 0.12040203809738159), (5, 0.28897130489349365), (6, 0.48303866386413574), (0, 0.48090270161628723), (1, 0.23126177489757538), (2, 0.10308174043893814), (3, 0.23272605240345), (4, 0.18000681698322296), (5, 0.11354535818099976), (6, 0.11729201674461365), (0, 0.13423411548137665), (1, 0.5127514004707336), (2, 0.23346500098705292), (3, 0.18152529001235962), (4, 0.2307770699262619), (5, 0.12258125096559525), (6, 0.021606625989079475), (0, 0.12768591940402985), (1, 0.5860810875892639), (2, 0.0999150276184082), (3, 0.06961085647344589), (4, 0.23140229284763336), (5, 0.19051700830459595), (6, 0.03333150967955589), (0, 0.1927291750907898), (1, 0.13096566498279572), (2, 0.216669499874115), (3, 0.48549047112464905), (4, 0.095663882791996), (5, 0.19762657582759857), (6, 0.019511954858899117), (0, 0.2348739504814148), (1, 0.39308464527130127), (2, 0.17594222724437714), (3, 0.17080749571323395), (4, 0.17845433950424194), (5, 0.10230060666799545), (6, 0.01564602181315422), (0, 0.1746499091386795), (1, 0.07329638302326202), (2, 0.3239173889160156), (3, 0.5255842208862305), (4, 0.07309633493423462), (5, 0.12817130982875824), (6, 0.017544837668538094), (0, 0.11103811115026474), (1, 0.09708831459283829), (2, 0.09338005632162094), (3, 0.39092686772346497), (4, 0.2015262395143509), (5, 0.21174006164073944), (6, 0.17651934921741486)]