Model Setup for Uniformvirtual {PATIENT_GROUPS} Trained Network:

Network Architecture Parameters
Input channels=2
Hidden channels=32
Output channels=1

Training hyperparameters
Optimizer=AdamW (
Parameter Group 0
    amsgrad: False
    betas: (0.9, 0.999)
    capturable: False
    differentiable: False
    eps: 1e-08
    foreach: None
    fused: None
    lr: 0.001
    maximize: False
    weight_decay: 1e-06
)Training Iterations=100
Learning rate=0.001
Weight decay=1e-06
Optimizer reset frequency=None

Dropout probability (after initial linear layer before NCDE): 0
Training Data Selection Parameters
(If not virtual, the only important params are the groups and whether data was normalized/standardized)
Patient groups=['Control', 'Atypical']
Augmentation strategy=Uniform
Noise Magnitude=0.01
Normalized/standardized=StandardizeAll
Number of virtual patients per real patient=100
Label smoothing factor=0
Test Patient Combinations:
Control: (2, 12, 10, 5, 1)
MDD: (1, 4, 5, 7, 15)
Training batch size=200
Training Results:
Runtime=99.5582001209259
Loss over time=[(0, 0.6954306960105896), (1, 0.6936399936676025), (2, 0.691741943359375), (3, 0.6922820210456848), (4, 0.6939384341239929), (5, 0.6920059323310852), (6, 0.6900313496589661), (7, 0.6930986046791077), (8, 0.6913498044013977), (9, 0.6826135516166687), (0, 0.692034125328064), (1, 0.6879795789718628), (2, 0.6873841881752014), (3, 0.6848330497741699), (4, 0.6857722401618958), (5, 0.6918425559997559), (6, 0.6881441473960876), (7, 0.6893014311790466), (8, 0.6929247975349426), (9, 0.688616931438446), (0, 0.6968655586242676), (1, 0.6795092225074768), (2, 0.6910272240638733), (3, 0.6902446150779724), (4, 0.6879684329032898), (5, 0.6809548139572144), (6, 0.6814970374107361), (7, 0.6842548847198486), (8, 0.6908144950866699), (9, 0.6731645464897156), (0, 0.681662917137146), (1, 0.6869398355484009), (2, 0.6873193979263306), (3, 0.680661141872406), (4, 0.6756957173347473), (5, 0.6811941266059875), (6, 0.6889868378639221), (7, 0.6757565140724182), (8, 0.6889572739601135), (9, 0.6960376501083374), (0, 0.6863704919815063), (1, 0.6790322065353394), (2, 0.6787011027336121), (3, 0.6773187518119812), (4, 0.6788878440856934), (5, 0.6869716644287109), (6, 0.6663382053375244), (7, 0.6726264357566833), (8, 0.6859341263771057), (9, 0.6926715970039368), (0, 0.6814698576927185), (1, 0.6799454689025879), (2, 0.6885034441947937), (3, 0.6756150722503662), (4, 0.668599009513855), (5, 0.6704362630844116), (6, 0.6654139161109924), (7, 0.6797919273376465), (8, 0.6730374693870544), (9, 0.6668155193328857), (0, 0.6697421073913574), (1, 0.6711041331291199), (2, 0.6794537901878357), (3, 0.6608099341392517), (4, 0.6682548522949219), (5, 0.668804407119751), (6, 0.6784707903862), (7, 0.6677772402763367), (8, 0.6674568057060242), (9, 0.6658900380134583), (0, 0.6721041798591614), (1, 0.6603541374206543), (2, 0.6648179888725281), (3, 0.65779709815979), (4, 0.6684578657150269), (5, 0.6697137355804443), (6, 0.6606398820877075), (7, 0.6602674126625061), (8, 0.666521430015564), (9, 0.6624306440353394), (0, 0.6633917093276978), (1, 0.6705613136291504), (2, 0.6569212079048157), (3, 0.6560986042022705), (4, 0.653598964214325), (5, 0.6631175875663757), (6, 0.6526858806610107), (7, 0.6571712493896484), (8, 0.6589393615722656), (9, 0.6575742363929749), (0, 0.6501423716545105), (1, 0.6503729820251465), (2, 0.6554597616195679), (3, 0.641385555267334), (4, 0.6691199541091919), (5, 0.6452339291572571), (6, 0.6656051874160767), (7, 0.6538764238357544), (8, 0.6558045148849487), (9, 0.6466131806373596), (0, 0.6450576782226562), (1, 0.6595342755317688), (2, 0.6396717429161072), (3, 0.645143449306488), (4, 0.6473780274391174), (5, 0.6533966064453125), (6, 0.6596719622612), (7, 0.6488595008850098), (8, 0.6360989212989807), (9, 0.6520718336105347), (0, 0.6437282562255859), (1, 0.6472615003585815), (2, 0.6339420080184937), (3, 0.6485864520072937), (4, 0.6334402561187744), (5, 0.6514983177185059), (6, 0.6461428999900818), (7, 0.6361498236656189), (8, 0.6400710940361023), (9, 0.6444770693778992), (0, 0.6467042565345764), (1, 0.6392263174057007), (2, 0.6348614692687988), (3, 0.6314101219177246), (4, 0.6322340965270996), (5, 0.633090615272522), (6, 0.6363607048988342), (7, 0.6310880184173584), (8, 0.6315831542015076), (9, 0.6507197022438049), (0, 0.6228923797607422), (1, 0.6301321983337402), (2, 0.630652666091919), (3, 0.6191798448562622), (4, 0.6435410380363464), (5, 0.6177544593811035), (6, 0.636141836643219), (7, 0.6403710246086121), (8, 0.6220620274543762), (9, 0.6219972968101501), (0, 0.6282246112823486), (1, 0.6141239404678345), (2, 0.6272599101066589), (3, 0.6339817643165588), (4, 0.6179307699203491), (5, 0.6086866855621338), (6, 0.6018106937408447), (7, 0.6297188997268677), (8, 0.6278879046440125), (9, 0.6192286610603333), (0, 0.6341418027877808), (1, 0.6091108322143555), (2, 0.6087462306022644), (3, 0.6046063303947449), (4, 0.630207896232605), (5, 0.5987540483474731), (6, 0.6186883449554443), (7, 0.6064771413803101), (8, 0.6053422689437866), (9, 0.5996265411376953), (0, 0.6144970059394836), (1, 0.607990562915802), (2, 0.6151548624038696), (3, 0.6120607256889343), (4, 0.589952826499939), (5, 0.590952455997467), (6, 0.5969539284706116), (7, 0.6153489947319031), (8, 0.5915691256523132), (9, 0.6014469861984253), (0, 0.5793504118919373), (1, 0.6170392632484436), (2, 0.600209653377533), (3, 0.6080992221832275), (4, 0.5960758328437805), (5, 0.5922544002532959), (6, 0.6032357811927795), (7, 0.5670396685600281), (8, 0.6032754778862), (9, 0.5858792662620544), (0, 0.589059591293335), (1, 0.5671190619468689), (2, 0.5909637212753296), (3, 0.60548996925354), (4, 0.5977848768234253), (5, 0.5842228531837463), (6, 0.587053656578064), (7, 0.5764884352684021), (8, 0.5890693068504333), (9, 0.5984022617340088), (0, 0.5981519222259521), (1, 0.5762144327163696), (2, 0.5922401547431946), (3, 0.5511354207992554), (4, 0.5752037167549133), (5, 0.5786837935447693), (6, 0.6044042110443115), (7, 0.5698733329772949), (8, 0.5834385752677917), (9, 0.587108850479126), (0, 0.5920913815498352), (1, 0.5941569805145264), (2, 0.5673480033874512), (3, 0.5552977919578552), (4, 0.591224193572998), (5, 0.5730737447738647), (6, 0.566034197807312), (7, 0.5647188425064087), (8, 0.5839389562606812), (9, 0.5750144720077515), (0, 0.5865476131439209), (1, 0.5795665979385376), (2, 0.5662791728973389), (3, 0.5474923849105835), (4, 0.5714240074157715), (5, 0.5712364315986633), (6, 0.5432243943214417), (7, 0.5717336535453796), (8, 0.588203489780426), (9, 0.5790553092956543), (0, 0.560478150844574), (1, 0.5753217339515686), (2, 0.5750438570976257), (3, 0.5511030554771423), (4, 0.551857054233551), (5, 0.580208420753479), (6, 0.5788756608963013), (7, 0.5525261163711548), (8, 0.5489209890365601), (9, 0.595165491104126), (0, 0.5309661626815796), (1, 0.5484058856964111), (2, 0.552585780620575), (3, 0.5738300085067749), (4, 0.5392121076583862), (5, 0.5815184712409973), (6, 0.5702244639396667), (7, 0.5742062926292419), (8, 0.5762977004051208), (9, 0.5595085620880127), (0, 0.5390616059303284), (1, 0.5387974381446838), (2, 0.5617995262145996), (3, 0.589206874370575), (4, 0.5317765474319458), (5, 0.5539758801460266), (6, 0.5573357343673706), (7, 0.5666308403015137), (8, 0.5659390091896057), (9, 0.5582773089408875), (0, 0.580322265625), (1, 0.5160863995552063), (2, 0.5703791975975037), (3, 0.5325230956077576), (4, 0.5420704483985901), (5, 0.5676056146621704), (6, 0.5638383626937866), (7, 0.5782502889633179), (8, 0.5281000733375549), (9, 0.5399828553199768), (0, 0.5546936988830566), (1, 0.5680810809135437), (2, 0.5151233077049255), (3, 0.5439494848251343), (4, 0.5594391822814941), (5, 0.5547565221786499), (6, 0.5278382301330566), (7, 0.5586194396018982), (8, 0.5426135659217834), (9, 0.5686960816383362), (0, 0.5455037951469421), (1, 0.5368317365646362), (2, 0.5637562274932861), (3, 0.5387245416641235), (4, 0.5372556447982788), (5, 0.5425777435302734), (6, 0.5582409501075745), (7, 0.5616390109062195), (8, 0.5434055924415588), (9, 0.49746304750442505), (0, 0.5492501854896545), (1, 0.5262215733528137), (2, 0.529321551322937), (3, 0.5553500652313232), (4, 0.5733466148376465), (5, 0.517495334148407), (6, 0.5369787812232971), (7, 0.5436740517616272), (8, 0.5162931680679321), (9, 0.5797753930091858), (0, 0.5350383520126343), (1, 0.5388075709342957), (2, 0.5412775278091431), (3, 0.5478388667106628), (4, 0.5250723958015442), (5, 0.526345431804657), (6, 0.5268766283988953), (7, 0.5333269238471985), (8, 0.5632668137550354), (9, 0.5514711141586304), (0, 0.5511547923088074), (1, 0.549288272857666), (2, 0.5124853849411011), (3, 0.49335625767707825), (4, 0.49481484293937683), (5, 0.5437934398651123), (6, 0.5627583861351013), (7, 0.5452175736427307), (8, 0.5312472581863403), (9, 0.5703989863395691), (0, 0.5388758182525635), (1, 0.5289507508277893), (2, 0.5235153436660767), (3, 0.5472909808158875), (4, 0.5289317965507507), (5, 0.5298402309417725), (6, 0.5192088484764099), (7, 0.5262275338172913), (8, 0.5529881119728088), (9, 0.5246572494506836), (0, 0.5284448862075806), (1, 0.5156083703041077), (2, 0.5326438546180725), (3, 0.5248299241065979), (4, 0.5262423753738403), (5, 0.5480900406837463), (6, 0.5332754254341125), (7, 0.5028113722801208), (8, 0.5203162431716919), (9, 0.5221265554428101), (0, 0.5287894606590271), (1, 0.4937320053577423), (2, 0.5104519724845886), (3, 0.5268304944038391), (4, 0.5434648394584656), (5, 0.5407501459121704), (6, 0.5154904723167419), (7, 0.5139647722244263), (8, 0.5189651250839233), (9, 0.5005528926849365), (0, 0.5035474896430969), (1, 0.5399739146232605), (2, 0.5103189945220947), (3, 0.5158211588859558), (4, 0.4952844977378845), (5, 0.522559404373169), (6, 0.5157544016838074), (7, 0.5184054374694824), (8, 0.5059736371040344), (9, 0.4946657419204712), (0, 0.5244758129119873), (1, 0.5084117650985718), (2, 0.5330175161361694), (3, 0.49628910422325134), (4, 0.5278520584106445), (5, 0.5122366547584534), (6, 0.4838453531265259), (7, 0.5159585475921631), (8, 0.4869183301925659), (9, 0.5113520622253418), (0, 0.5271709561347961), (1, 0.5092125535011292), (2, 0.5084307193756104), (3, 0.5244413614273071), (4, 0.5035551190376282), (5, 0.5013934969902039), (6, 0.46607068181037903), (7, 0.4684862494468689), (8, 0.5057357549667358), (9, 0.5069637894630432), (0, 0.4963531494140625), (1, 0.5009475946426392), (2, 0.47632554173469543), (3, 0.5250251889228821), (4, 0.5229645371437073), (5, 0.46961724758148193), (6, 0.49217450618743896), (7, 0.5274714827537537), (8, 0.48895224928855896), (9, 0.45266807079315186), (0, 0.50078946352005), (1, 0.4838646352291107), (2, 0.4894687235355377), (3, 0.4904143214225769), (4, 0.4851870834827423), (5, 0.4652423858642578), (6, 0.4904877543449402), (7, 0.4845784902572632), (8, 0.4907737970352173), (9, 0.48785293102264404), (0, 0.4617089331150055), (1, 0.4687004089355469), (2, 0.49030083417892456), (3, 0.48210984468460083), (4, 0.4963294565677643), (5, 0.4810110330581665), (6, 0.4899448752403259), (7, 0.45034849643707275), (8, 0.5015631318092346), (9, 0.49554023146629333), (0, 0.4863802194595337), (1, 0.4781045615673065), (2, 0.4813484251499176), (3, 0.4990701377391815), (4, 0.4687461853027344), (5, 0.4415538012981415), (6, 0.44831550121307373), (7, 0.4824420213699341), (8, 0.47329190373420715), (9, 0.4654330313205719), (0, 0.47402018308639526), (1, 0.5025496482849121), (2, 0.4649365246295929), (3, 0.48747482895851135), (4, 0.4378189146518707), (5, 0.44765767455101013), (6, 0.46042391657829285), (7, 0.4715653955936432), (8, 0.4744034707546234), (9, 0.44594597816467285), (0, 0.4475492835044861), (1, 0.4684368968009949), (2, 0.49314019083976746), (3, 0.4566829800605774), (4, 0.45522865653038025), (5, 0.44000253081321716), (6, 0.45461609959602356), (7, 0.5087642669677734), (8, 0.4560863971710205), (9, 0.4257410168647766), (0, 0.4786875545978546), (1, 0.4232218265533447), (2, 0.46112602949142456), (3, 0.43625178933143616), (4, 0.4438186287879944), (5, 0.4382040798664093), (6, 0.4723793864250183), (7, 0.44384804368019104), (8, 0.4698840379714966), (9, 0.4784635901451111), (0, 0.44553881883621216), (1, 0.48035433888435364), (2, 0.4209494888782501), (3, 0.41839107871055603), (4, 0.497208833694458), (5, 0.4793241024017334), (6, 0.436786949634552), (7, 0.41678962111473083), (8, 0.43794360756874084), (9, 0.4779982268810272), (0, 0.482221782207489), (1, 0.4679453372955322), (2, 0.4557541012763977), (3, 0.362522155046463), (4, 0.4212533235549927), (5, 0.439893901348114), (6, 0.4568192660808563), (7, 0.43039512634277344), (8, 0.4659233093261719), (9, 0.4176214635372162), (0, 0.4645637571811676), (1, 0.4116615355014801), (2, 0.42801281809806824), (3, 0.4498218894004822), (4, 0.4018692672252655), (5, 0.4669685363769531), (6, 0.40651699900627136), (7, 0.4140801727771759), (8, 0.40874233841896057), (9, 0.4732629358768463), (0, 0.41483309864997864), (1, 0.3738776743412018), (2, 0.3891392648220062), (3, 0.43882519006729126), (4, 0.4363774359226227), (5, 0.4434114098548889), (6, 0.415797621011734), (7, 0.43963009119033813), (8, 0.4583125412464142), (9, 0.41697120666503906), (0, 0.501970112323761), (1, 0.4176180362701416), (2, 0.41176703572273254), (3, 0.4107602834701538), (4, 0.41429007053375244), (5, 0.3912196457386017), (6, 0.4386451244354248), (7, 0.3948434889316559), (8, 0.41536396741867065), (9, 0.35840848088264465), (0, 0.4269210696220398), (1, 0.41680729389190674), (2, 0.4410700500011444), (3, 0.3874906599521637), (4, 0.39405590295791626), (5, 0.42554327845573425), (6, 0.4123435318470001), (7, 0.3874264657497406), (8, 0.3997151553630829), (9, 0.44258469343185425), (0, 0.3936208486557007), (1, 0.3742304742336273), (2, 0.3988373577594757), (3, 0.3889240622520447), (4, 0.4388957619667053), (5, 0.4189041256904602), (6, 0.48002487421035767), (7, 0.41866856813430786), (8, 0.389247328042984), (9, 0.3978838324546814), (0, 0.35445135831832886), (1, 0.42007768154144287), (2, 0.40643787384033203), (3, 0.3991042673587799), (4, 0.4236226975917816), (5, 0.37446674704551697), (6, 0.39000189304351807), (7, 0.3859225809574127), (8, 0.44189101457595825), (9, 0.4670169949531555), (0, 0.381422221660614), (1, 0.41298946738243103), (2, 0.3768818974494934), (3, 0.4315456449985504), (4, 0.37528878450393677), (5, 0.4167288839817047), (6, 0.4354858100414276), (7, 0.40222981572151184), (8, 0.42727506160736084), (9, 0.4398495554924011), (0, 0.366810142993927), (1, 0.37778252363204956), (2, 0.4074123501777649), (3, 0.40549224615097046), (4, 0.40692952275276184), (5, 0.37690162658691406), (6, 0.4496600031852722), (7, 0.3941243290901184), (8, 0.4037054777145386), (9, 0.40500733256340027), (0, 0.3851405084133148), (1, 0.39940398931503296), (2, 0.3912802040576935), (3, 0.3495011031627655), (4, 0.4386322498321533), (5, 0.43590980768203735), (6, 0.3546276092529297), (7, 0.3799496591091156), (8, 0.4383144676685333), (9, 0.41230735182762146), (0, 0.3500569462776184), (1, 0.39578673243522644), (2, 0.39343005418777466), (3, 0.3729422390460968), (4, 0.44383755326271057), (5, 0.40577125549316406), (6, 0.40709373354911804), (7, 0.40232932567596436), (8, 0.376122385263443), (9, 0.3155444860458374), (0, 0.40622130036354065), (1, 0.3947560489177704), (2, 0.3746720552444458), (3, 0.40065792202949524), (4, 0.365146279335022), (5, 0.41460540890693665), (6, 0.36891311407089233), (7, 0.40554845333099365), (8, 0.3756655156612396), (9, 0.37201541662216187), (0, 0.3990148603916168), (1, 0.4043726325035095), (2, 0.38406237959861755), (3, 0.35166749358177185), (4, 0.3866059184074402), (5, 0.37309566140174866), (6, 0.34797343611717224), (7, 0.3438347578048706), (8, 0.4086662530899048), (9, 0.5102475881576538), (0, 0.41359415650367737), (1, 0.38243767619132996), (2, 0.3682955503463745), (3, 0.34081313014030457), (4, 0.3806164264678955), (5, 0.41605421900749207), (6, 0.359207421541214), (7, 0.33945900201797485), (8, 0.3966691493988037), (9, 0.4520244598388672), (0, 0.4136826694011688), (1, 0.3902280330657959), (2, 0.4149230718612671), (3, 0.40706732869148254), (4, 0.35614049434661865), (5, 0.36494284868240356), (6, 0.36286288499832153), (7, 0.32405605912208557), (8, 0.35779282450675964), (9, 0.4197705388069153), (0, 0.39007675647735596), (1, 0.4280085265636444), (2, 0.41054368019104004), (3, 0.33152610063552856), (4, 0.3397916853427887), (5, 0.409110426902771), (6, 0.33050766587257385), (7, 0.38299691677093506), (8, 0.34396347403526306), (9, 0.42898881435394287), (0, 0.37147998809814453), (1, 0.38522225618362427), (2, 0.3516450524330139), (3, 0.3641769289970398), (4, 0.3648880124092102), (5, 0.3416600525379181), (6, 0.4250582158565521), (7, 0.38440948724746704), (8, 0.4120140075683594), (9, 0.3303306996822357), (0, 0.36464229226112366), (1, 0.3296101689338684), (2, 0.3459486663341522), (3, 0.4122065603733063), (4, 0.39237692952156067), (5, 0.3636994957923889), (6, 0.36374396085739136), (7, 0.35940444469451904), (8, 0.41666749119758606), (9, 0.41004544496536255), (0, 0.36253273487091064), (1, 0.3833853602409363), (2, 0.4330538213253021), (3, 0.38543087244033813), (4, 0.39665478467941284), (5, 0.34025898575782776), (6, 0.3556356430053711), (7, 0.3591195046901703), (8, 0.3329540491104126), (9, 0.37436947226524353), (0, 0.4019116163253784), (1, 0.42201492190361023), (2, 0.3437923491001129), (3, 0.37016579508781433), (4, 0.3462463319301605), (5, 0.3587557077407837), (6, 0.33538001775741577), (7, 0.37695276737213135), (8, 0.3910316824913025), (9, 0.32900214195251465), (0, 0.3189478814601898), (1, 0.3612511456012726), (2, 0.38684573769569397), (3, 0.3407914340496063), (4, 0.3480882942676544), (5, 0.40093547105789185), (6, 0.3564199209213257), (7, 0.4155597686767578), (8, 0.42317211627960205), (9, 0.3596762418746948), (0, 0.2986612617969513), (1, 0.360160231590271), (2, 0.4126259684562683), (3, 0.39674973487854004), (4, 0.3811950385570526), (5, 0.3424508571624756), (6, 0.3723523020744324), (7, 0.3384546637535095), (8, 0.38662660121917725), (9, 0.4146190285682678), (0, 0.3448182940483093), (1, 0.41747090220451355), (2, 0.32939285039901733), (3, 0.3726319372653961), (4, 0.4033719301223755), (5, 0.3569781184196472), (6, 0.34677860140800476), (7, 0.32190611958503723), (8, 0.42835530638694763), (9, 0.298453152179718), (0, 0.39327651262283325), (1, 0.3504166901111603), (2, 0.3647671043872833), (3, 0.3573284149169922), (4, 0.3316982388496399), (5, 0.40570446848869324), (6, 0.3289985656738281), (7, 0.37117016315460205), (8, 0.39902982115745544), (9, 0.3295999765396118), (0, 0.38562914729118347), (1, 0.3772563636302948), (2, 0.36655670404434204), (3, 0.39567482471466064), (4, 0.3600751757621765), (5, 0.32361695170402527), (6, 0.34251540899276733), (7, 0.3556992709636688), (8, 0.3655361235141754), (9, 0.3352183401584625), (0, 0.35783901810646057), (1, 0.4088278114795685), (2, 0.38587820529937744), (3, 0.3135001063346863), (4, 0.36447933316230774), (5, 0.36224815249443054), (6, 0.3330296576023102), (7, 0.3961193859577179), (8, 0.3232014775276184), (9, 0.35991421341896057), (0, 0.39835333824157715), (1, 0.36216139793395996), (2, 0.3539762794971466), (3, 0.43463239073753357), (4, 0.3735257685184479), (5, 0.2935965061187744), (6, 0.3458843529224396), (7, 0.32534125447273254), (8, 0.32218173146247864), (9, 0.40215206146240234), (0, 0.35146674513816833), (1, 0.3846135437488556), (2, 0.2902589738368988), (3, 0.33090534806251526), (4, 0.34801924228668213), (5, 0.39453819394111633), (6, 0.36540451645851135), (7, 0.4011654257774353), (8, 0.3612571358680725), (9, 0.3736121356487274), (0, 0.32158029079437256), (1, 0.37858912348747253), (2, 0.38950657844543457), (3, 0.3998008072376251), (4, 0.30010131001472473), (5, 0.34264785051345825), (6, 0.3801688253879547), (7, 0.356721967458725), (8, 0.3336459696292877), (9, 0.3840164244174957), (0, 0.34643495082855225), (1, 0.41441333293914795), (2, 0.33305519819259644), (3, 0.29871830344200134), (4, 0.3506915271282196), (5, 0.360790491104126), (6, 0.3939579725265503), (7, 0.3702780604362488), (8, 0.3553706705570221), (9, 0.3585417866706848), (0, 0.28968027234077454), (1, 0.38554462790489197), (2, 0.41264107823371887), (3, 0.3549378216266632), (4, 0.3655625283718109), (5, 0.33859801292419434), (6, 0.4257349371910095), (7, 0.2872057259082794), (8, 0.35732802748680115), (9, 0.32377663254737854), (0, 0.30519288778305054), (1, 0.42517513036727905), (2, 0.39934688806533813), (3, 0.33729904890060425), (4, 0.3301115930080414), (5, 0.3199649453163147), (6, 0.36876583099365234), (7, 0.3565886318683624), (8, 0.343578040599823), (9, 0.34882575273513794), (0, 0.32853206992149353), (1, 0.3295533359050751), (2, 0.3993368446826935), (3, 0.33549678325653076), (4, 0.35609328746795654), (5, 0.3246065378189087), (6, 0.35873109102249146), (7, 0.3858553171157837), (8, 0.3597872853279114), (9, 0.35224246978759766), (0, 0.38135266304016113), (1, 0.3239736258983612), (2, 0.3395591378211975), (3, 0.34270763397216797), (4, 0.3790648281574249), (5, 0.3673548996448517), (6, 0.36768731474876404), (7, 0.32593971490859985), (8, 0.3533152639865875), (9, 0.3289649486541748), (0, 0.2894091308116913), (1, 0.35245051980018616), (2, 0.3686579763889313), (3, 0.34637561440467834), (4, 0.3311285078525543), (5, 0.4109741449356079), (6, 0.2607762813568115), (7, 0.4407750368118286), (8, 0.3622383773326874), (9, 0.39204639196395874), (0, 0.3417775630950928), (1, 0.3880082368850708), (2, 0.37155836820602417), (3, 0.3162761926651001), (4, 0.3356470465660095), (5, 0.34306102991104126), (6, 0.3620419204235077), (7, 0.3733769357204437), (8, 0.33741438388824463), (9, 0.39834803342819214), (0, 0.3853188455104828), (1, 0.36931049823760986), (2, 0.3743171691894531), (3, 0.3747338056564331), (4, 0.3547283411026001), (5, 0.4069347381591797), (6, 0.43150174617767334), (7, 0.3579248785972595), (8, 0.3670181632041931), (9, 0.3718057870864868), (0, 0.39323633909225464), (1, 0.3522000014781952), (2, 0.387335866689682), (3, 0.33461540937423706), (4, 0.3332970440387726), (5, 0.43056878447532654), (6, 0.30214425921440125), (7, 0.37983375787734985), (8, 0.3338570296764374), (9, 0.3317932188510895), (0, 0.34399619698524475), (1, 0.31774842739105225), (2, 0.28665441274642944), (3, 0.37372612953186035), (4, 0.3848119378089905), (5, 0.3864472210407257), (6, 0.39707767963409424), (7, 0.3747263252735138), (8, 0.37857311964035034), (9, 0.42415958642959595), (0, 0.42336446046829224), (1, 0.36086955666542053), (2, 0.42719829082489014), (3, 0.3826162815093994), (4, 0.39896199107170105), (5, 0.35335540771484375), (6, 0.3900127410888672), (7, 0.4542804956436157), (8, 0.4085088074207306), (9, 0.40254971385002136), (0, 0.4227789342403412), (1, 0.5048278570175171), (2, 0.4113621115684509), (3, 0.37712955474853516), (4, 0.49933066964149475), (5, 0.665657639503479), (6, 0.3633441925048828), (7, 0.30758699774742126), (8, 0.3732399642467499), (9, 0.3744288384914398), (0, 0.3304849863052368), (1, 0.40192022919654846), (2, 0.41557130217552185), (3, 0.3518553078174591), (4, 0.35550403594970703), (5, 0.3447152078151703), (6, 0.3796800374984741), (7, 0.33283042907714844), (8, 0.42818862199783325), (9, 0.3589218258857727), (0, 0.33826661109924316), (1, 0.33514922857284546), (2, 0.37649810314178467), (3, 0.43012988567352295), (4, 0.3463555574417114), (5, 0.35899680852890015), (6, 0.3224658966064453), (7, 0.274485319852829), (8, 0.392035573720932), (9, 0.4359307885169983), (0, 0.35525673627853394), (1, 0.40314629673957825), (2, 0.3172043561935425), (3, 0.32941803336143494), (4, 0.36243823170661926), (5, 0.376221239566803), (6, 0.31592094898223877), (7, 0.33883336186408997), (8, 0.38109394907951355), (9, 0.30618205666542053), (0, 0.3469785749912262), (1, 0.3366677165031433), (2, 0.4278913736343384), (3, 0.3783564865589142), (4, 0.36090195178985596), (5, 0.3750191032886505), (6, 0.2745365798473358), (7, 0.303411066532135), (8, 0.34393051266670227), (9, 0.322725385427475), (0, 0.3523968458175659), (1, 0.30795320868492126), (2, 0.39904075860977173), (3, 0.3861486315727234), (4, 0.3732549548149109), (5, 0.33046668767929077), (6, 0.30212855339050293), (7, 0.3116835355758667), (8, 0.3659033179283142), (9, 0.34876173734664917), (0, 0.38041791319847107), (1, 0.3438079059123993), (2, 0.3783506155014038), (3, 0.3379444479942322), (4, 0.3125058114528656), (5, 0.3180921673774719), (6, 0.3513331711292267), (7, 0.35412362217903137), (8, 0.3508804440498352), (9, 0.3444408178329468), (0, 0.3638913035392761), (1, 0.3726201355457306), (2, 0.32459643483161926), (3, 0.322440505027771), (4, 0.3260483145713806), (5, 0.3036167621612549), (6, 0.40402767062187195), (7, 0.3572826385498047), (8, 0.38005730509757996), (9, 0.3084964454174042), (0, 0.37796440720558167), (1, 0.3068321943283081), (2, 0.3427183926105499), (3, 0.44375598430633545), (4, 0.30988427996635437), (5, 0.32905903458595276), (6, 0.35603028535842896), (7, 0.27999451756477356), (8, 0.34965676069259644), (9, 0.36759817600250244), (0, 0.2553377151489258), (1, 0.34316903352737427), (2, 0.3776204288005829), (3, 0.34161895513534546), (4, 0.305747389793396), (5, 0.37125107645988464), (6, 0.38842272758483887), (7, 0.34562304615974426), (8, 0.36587318778038025), (9, 0.3620619475841522), (0, 0.37180420756340027), (1, 0.3462730348110199), (2, 0.31281837821006775), (3, 0.35184311866760254), (4, 0.3434615433216095), (5, 0.321679949760437), (6, 0.3203032612800598), (7, 0.33405601978302), (8, 0.37600621581077576), (9, 0.38329407572746277), (0, 0.38229483366012573), (1, 0.3750617206096649), (2, 0.34333905577659607), (3, 0.28247037529945374), (4, 0.39704421162605286), (5, 0.32648590207099915), (6, 0.3594461679458618), (7, 0.28756678104400635), (8, 0.3196602165699005), (9, 0.38468077778816223), (0, 0.3122735321521759), (1, 0.34799724817276), (2, 0.3293716311454773), (3, 0.3193228244781494), (4, 0.34070396423339844), (5, 0.33072489500045776), (6, 0.35399386286735535), (7, 0.41083386540412903), (8, 0.36830031871795654), (9, 0.28998732566833496), (0, 0.33037692308425903), (1, 0.35822007060050964), (2, 0.35224154591560364), (3, 0.37173739075660706), (4, 0.36121872067451477), (5, 0.2953049838542938), (6, 0.3213341534137726), (7, 0.37899893522262573), (8, 0.3380495309829712), (9, 0.29710641503334045), (0, 0.3552486300468445), (1, 0.2728757858276367), (2, 0.3488200008869171), (3, 0.324283242225647), (4, 0.33222126960754395), (5, 0.3816995322704315), (6, 0.3024946451187134), (7, 0.36908748745918274), (8, 0.38410866260528564), (9, 0.37336722016334534)]