Model Setup for Uniformvirtual {PATIENT_GROUPS} Trained Network:

Network Architecture Parameters
Input channels=2
Hidden channels=32
Output channels=1

Training hyperparameters
Optimizer=AdamW (
Parameter Group 0
    amsgrad: False
    betas: (0.9, 0.999)
    capturable: False
    differentiable: False
    eps: 1e-08
    foreach: None
    fused: None
    lr: 0.001
    maximize: False
    weight_decay: 1e-06
)Training Iterations=200
Learning rate=0.001
Weight decay=1e-06
Optimizer reset frequency=None

Dropout probability (after initial linear layer before NCDE): 0
Training Data Selection Parameters
(If not virtual, the only important params are the groups and whether data was normalized/standardized)
Patient groups=['Control', 'Atypical']
Augmentation strategy=Uniform
Noise Magnitude=0.05
Normalized/standardized=StandardizeAll
Number of virtual patients per real patient=100
Label smoothing factor=0
Test Patient Combinations:
Control: (2, 12, 10, 5, 1)
MDD: (1, 4, 5, 7, 15)
Training batch size=200
Training Results:
Runtime=368.84152698516846
Loss over time=[(0, 0.6941874623298645), (1, 0.6946045756340027), (2, 0.694655179977417), (3, 0.6925452351570129), (4, 0.6915909051895142), (5, 0.6913485527038574), (6, 0.6915314197540283), (7, 0.6865215301513672), (8, 0.6918287873268127), (9, 0.6813803315162659), (0, 0.6876252889633179), (1, 0.6836494207382202), (2, 0.6893550157546997), (3, 0.6883847117424011), (4, 0.6789912581443787), (5, 0.6793081760406494), (6, 0.6776607632637024), (7, 0.6897274851799011), (8, 0.6790441870689392), (9, 0.6870689392089844), (0, 0.6795700192451477), (1, 0.6803927421569824), (2, 0.6788671612739563), (3, 0.6793063282966614), (4, 0.666554868221283), (5, 0.6831376552581787), (6, 0.6767547130584717), (7, 0.666423499584198), (8, 0.6878734827041626), (9, 0.6723119616508484), (0, 0.666282594203949), (1, 0.6711531281471252), (2, 0.6735769510269165), (3, 0.6758447289466858), (4, 0.6748724579811096), (5, 0.6736370325088501), (6, 0.6694401502609253), (7, 0.6752268075942993), (8, 0.6675028800964355), (9, 0.6721561551094055), (0, 0.6612670421600342), (1, 0.6626448631286621), (2, 0.6662301421165466), (3, 0.6655334234237671), (4, 0.6711698770523071), (5, 0.6625948548316956), (6, 0.669558048248291), (7, 0.6920199394226074), (8, 0.661846935749054), (9, 0.65436190366745), (0, 0.668264627456665), (1, 0.6543513536453247), (2, 0.6720649600028992), (3, 0.6669937968254089), (4, 0.6626901030540466), (5, 0.6551167368888855), (6, 0.6722657084465027), (7, 0.6611031293869019), (8, 0.6609567403793335), (9, 0.6627940535545349), (0, 0.6621168255805969), (1, 0.6518073081970215), (2, 0.6641657948493958), (3, 0.6575366854667664), (4, 0.6571812629699707), (5, 0.6568066477775574), (6, 0.6660651564598083), (7, 0.6653957962989807), (8, 0.669579267501831), (9, 0.6517254710197449), (0, 0.6409391164779663), (1, 0.655191957950592), (2, 0.6693747639656067), (3, 0.6563568115234375), (4, 0.6531248688697815), (5, 0.6483862400054932), (6, 0.654035747051239), (7, 0.6582244634628296), (8, 0.6696434020996094), (9, 0.6786527037620544), (0, 0.6477088332176208), (1, 0.6664308309555054), (2, 0.6609044075012207), (3, 0.6566198468208313), (4, 0.6679671406745911), (5, 0.6451653242111206), (6, 0.6413254737854004), (7, 0.654793918132782), (8, 0.6483609080314636), (9, 0.6435695886611938), (0, 0.6653736233711243), (1, 0.6601619124412537), (2, 0.6449683308601379), (3, 0.6609347462654114), (4, 0.644132137298584), (5, 0.649100661277771), (6, 0.6511149406433105), (7, 0.6420393586158752), (8, 0.6387514472007751), (9, 0.6288607716560364), (0, 0.6374676823616028), (1, 0.6426931023597717), (2, 0.6447664499282837), (3, 0.6657794117927551), (4, 0.6478369235992432), (5, 0.6419026255607605), (6, 0.6317253112792969), (7, 0.6420062780380249), (8, 0.6389753222465515), (9, 0.6629069447517395), (0, 0.6262176036834717), (1, 0.6350246071815491), (2, 0.6336668133735657), (3, 0.6570987105369568), (4, 0.6633262634277344), (5, 0.6275123357772827), (6, 0.6454663276672363), (7, 0.6238682270050049), (8, 0.628050684928894), (9, 0.638514518737793), (0, 0.637260377407074), (1, 0.6451353430747986), (2, 0.6297707557678223), (3, 0.6333675980567932), (4, 0.648175835609436), (5, 0.6287328600883484), (6, 0.6185647249221802), (7, 0.624358594417572), (8, 0.6146870255470276), (9, 0.6200225949287415), (0, 0.6501573324203491), (1, 0.6246330738067627), (2, 0.6094254851341248), (3, 0.6215293407440186), (4, 0.6219233870506287), (5, 0.6198728680610657), (6, 0.6101638674736023), (7, 0.6232355237007141), (8, 0.6351345181465149), (9, 0.5857195854187012), (0, 0.6210577487945557), (1, 0.6186225414276123), (2, 0.6038249135017395), (3, 0.602028489112854), (4, 0.6140995025634766), (5, 0.606752336025238), (6, 0.6003731489181519), (7, 0.6267855763435364), (8, 0.6175315380096436), (9, 0.6229209303855896), (0, 0.622635543346405), (1, 0.62394118309021), (2, 0.585882306098938), (3, 0.618375301361084), (4, 0.5969135165214539), (5, 0.6059907078742981), (6, 0.5854572653770447), (7, 0.5841915607452393), (8, 0.6114847660064697), (9, 0.5894567966461182), (0, 0.5959235429763794), (1, 0.586044192314148), (2, 0.5921539068222046), (3, 0.6143006086349487), (4, 0.6028662323951721), (5, 0.5856950879096985), (6, 0.5678268671035767), (7, 0.5729268789291382), (8, 0.6208011507987976), (9, 0.5980361700057983), (0, 0.5546994209289551), (1, 0.5942977070808411), (2, 0.5782118439674377), (3, 0.6029478311538696), (4, 0.5636212825775146), (5, 0.6013690829277039), (6, 0.5650589466094971), (7, 0.5857540369033813), (8, 0.5993804931640625), (9, 0.5798680782318115), (0, 0.5738478302955627), (1, 0.573307991027832), (2, 0.5690949559211731), (3, 0.5738427639007568), (4, 0.5872429013252258), (5, 0.5915385484695435), (6, 0.5575616955757141), (7, 0.5550744533538818), (8, 0.5572137236595154), (9, 0.5838180780410767), (0, 0.5748444199562073), (1, 0.5841113328933716), (2, 0.565552294254303), (3, 0.5760582685470581), (4, 0.5577607154846191), (5, 0.5064274072647095), (6, 0.5743076801300049), (7, 0.5502598285675049), (8, 0.5559222102165222), (9, 0.5496605038642883), (0, 0.5368409156799316), (1, 0.5486311912536621), (2, 0.5430917143821716), (3, 0.5556943416595459), (4, 0.559146523475647), (5, 0.5474801063537598), (6, 0.5536062121391296), (7, 0.5438635349273682), (8, 0.5613300800323486), (9, 0.5252785086631775), (0, 0.5497145652770996), (1, 0.5475351214408875), (2, 0.5322215557098389), (3, 0.5306143164634705), (4, 0.525931179523468), (5, 0.5025637149810791), (6, 0.5490552186965942), (7, 0.5441988706588745), (8, 0.5475225448608398), (9, 0.5612502098083496), (0, 0.5691970586776733), (1, 0.5315213203430176), (2, 0.5202285647392273), (3, 0.5193387866020203), (4, 0.5412454009056091), (5, 0.5118728280067444), (6, 0.548993706703186), (7, 0.493722528219223), (8, 0.49839699268341064), (9, 0.5209739804267883), (0, 0.5041662454605103), (1, 0.5072843432426453), (2, 0.5072662234306335), (3, 0.5154281854629517), (4, 0.5128519535064697), (5, 0.485384076833725), (6, 0.5266597867012024), (7, 0.5574901103973389), (8, 0.5051273107528687), (9, 0.4825400412082672), (0, 0.5100088715553284), (1, 0.4905013144016266), (2, 0.49475574493408203), (3, 0.48968613147735596), (4, 0.490894615650177), (5, 0.4803275763988495), (6, 0.5191958546638489), (7, 0.505082905292511), (8, 0.5081071257591248), (9, 0.4929805099964142), (0, 0.4869646728038788), (1, 0.4835151731967926), (2, 0.49879226088523865), (3, 0.49410125613212585), (4, 0.49407100677490234), (5, 0.4809255301952362), (6, 0.4882441461086273), (7, 0.4648701548576355), (8, 0.4725155532360077), (9, 0.5116648077964783), (0, 0.47931861877441406), (1, 0.49275505542755127), (2, 0.4691268801689148), (3, 0.46571123600006104), (4, 0.47862833738327026), (5, 0.4530716836452484), (6, 0.4941309690475464), (7, 0.4657187759876251), (8, 0.4677043557167053), (9, 0.5011824369430542), (0, 0.5022212862968445), (1, 0.4806317389011383), (2, 0.4584599435329437), (3, 0.46680840849876404), (4, 0.48362430930137634), (5, 0.4448451101779938), (6, 0.45651301741600037), (7, 0.4560135006904602), (8, 0.4309331476688385), (9, 0.47878989577293396), (0, 0.4576692283153534), (1, 0.43246445059776306), (2, 0.46972981095314026), (3, 0.44227397441864014), (4, 0.4717504382133484), (5, 0.4552573263645172), (6, 0.46104758977890015), (7, 0.46393221616744995), (8, 0.4568091630935669), (9, 0.4606790542602539), (0, 0.49321267008781433), (1, 0.4807943105697632), (2, 0.4616104066371918), (3, 0.4432055652141571), (4, 0.43667274713516235), (5, 0.4605027437210083), (6, 0.42180660367012024), (7, 0.41942083835601807), (8, 0.43966957926750183), (9, 0.41549474000930786), (0, 0.4239211678504944), (1, 0.4557983875274658), (2, 0.44540584087371826), (3, 0.44110721349716187), (4, 0.4564078450202942), (5, 0.43292510509490967), (6, 0.44493597745895386), (7, 0.4221903681755066), (8, 0.42031610012054443), (9, 0.49940764904022217), (0, 0.46533527970314026), (1, 0.41655653715133667), (2, 0.39828604459762573), (3, 0.4319877326488495), (4, 0.4483202397823334), (5, 0.4398169219493866), (6, 0.4169902801513672), (7, 0.42491185665130615), (8, 0.4774014949798584), (9, 0.3718610405921936), (0, 0.4000805616378784), (1, 0.4146304428577423), (2, 0.45443204045295715), (3, 0.4298690855503082), (4, 0.42910757660865784), (5, 0.4066392779350281), (6, 0.42210814356803894), (7, 0.418424516916275), (8, 0.4033408463001251), (9, 0.4434713125228882), (0, 0.3936671316623688), (1, 0.43111884593963623), (2, 0.3970223665237427), (3, 0.4165933132171631), (4, 0.395976722240448), (5, 0.419894814491272), (6, 0.4516963064670563), (7, 0.42723244428634644), (8, 0.39324715733528137), (9, 0.44454026222229004), (0, 0.3635028898715973), (1, 0.4321514070034027), (2, 0.4153411388397217), (3, 0.425038605928421), (4, 0.4494752883911133), (5, 0.40102967619895935), (6, 0.37679916620254517), (7, 0.3843148946762085), (8, 0.3965187072753906), (9, 0.4121578633785248), (0, 0.4095803201198578), (1, 0.40348219871520996), (2, 0.4237981140613556), (3, 0.3691915273666382), (4, 0.36866751313209534), (5, 0.42232611775398254), (6, 0.4001941978931427), (7, 0.3624362051486969), (8, 0.4256761074066162), (9, 0.3840964138507843), (0, 0.37310466170310974), (1, 0.37784209847450256), (2, 0.42613711953163147), (3, 0.4328494966030121), (4, 0.425242155790329), (5, 0.36516234278678894), (6, 0.3521105647087097), (7, 0.4085911214351654), (8, 0.3896382451057434), (9, 0.3887186050415039), (0, 0.36248913407325745), (1, 0.3805682361125946), (2, 0.3642808496952057), (3, 0.41162264347076416), (4, 0.40151429176330566), (5, 0.36013710498809814), (6, 0.40528246760368347), (7, 0.357886403799057), (8, 0.3597637116909027), (9, 0.3810757100582123), (0, 0.3831929862499237), (1, 0.3345496356487274), (2, 0.39300811290740967), (3, 0.38022419810295105), (4, 0.3598293960094452), (5, 0.35301631689071655), (6, 0.38926687836647034), (7, 0.37898167967796326), (8, 0.3496582508087158), (9, 0.3882816433906555), (0, 0.3847271203994751), (1, 0.3692937195301056), (2, 0.3543164134025574), (3, 0.38043156266212463), (4, 0.3580816686153412), (5, 0.41088467836380005), (6, 0.3542664051055908), (7, 0.35586726665496826), (8, 0.35127580165863037), (9, 0.3459434509277344), (0, 0.3557695746421814), (1, 0.3486253321170807), (2, 0.3697461187839508), (3, 0.40172097086906433), (4, 0.33196884393692017), (5, 0.3737659454345703), (6, 0.3703713119029999), (7, 0.36645057797431946), (8, 0.2930241525173187), (9, 0.30329662561416626), (0, 0.35296881198883057), (1, 0.3473776876926422), (2, 0.3430812954902649), (3, 0.333906888961792), (4, 0.3826455771923065), (5, 0.33886009454727173), (6, 0.3288467526435852), (7, 0.3581300973892212), (8, 0.3188934028148651), (9, 0.3194762170314789), (0, 0.3958891034126282), (1, 0.32950323820114136), (2, 0.3562725782394409), (3, 0.33351075649261475), (4, 0.3433102071285248), (5, 0.3344633877277374), (6, 0.35847777128219604), (7, 0.2933942675590515), (8, 0.3353933095932007), (9, 0.3018325865268707), (0, 0.35976722836494446), (1, 0.35735753178596497), (2, 0.3416523039340973), (3, 0.3206425607204437), (4, 0.32166987657546997), (5, 0.3120184540748596), (6, 0.31301429867744446), (7, 0.31161850690841675), (8, 0.3516198694705963), (9, 0.33960551023483276), (0, 0.38063472509384155), (1, 0.33920106291770935), (2, 0.3409305810928345), (3, 0.31847119331359863), (4, 0.33778834342956543), (5, 0.31362050771713257), (6, 0.28601324558258057), (7, 0.28910326957702637), (8, 0.2964516282081604), (9, 0.3016570210456848), (0, 0.3096008598804474), (1, 0.3288004398345947), (2, 0.32367730140686035), (3, 0.27725616097450256), (4, 0.35835570096969604), (5, 0.3380708396434784), (6, 0.33667755126953125), (7, 0.3026982545852661), (8, 0.2700980305671692), (9, 0.25560706853866577), (0, 0.30951210856437683), (1, 0.33456531167030334), (2, 0.3008548319339752), (3, 0.3229379653930664), (4, 0.30536404252052307), (5, 0.30985358357429504), (6, 0.28193169832229614), (7, 0.32741859555244446), (8, 0.3331983983516693), (9, 0.3447711169719696), (0, 0.3253133296966553), (1, 0.2943246066570282), (2, 0.27933406829833984), (3, 0.3227284252643585), (4, 0.2907898426055908), (5, 0.31766098737716675), (6, 0.33713826537132263), (7, 0.30545127391815186), (8, 0.3186260163784027), (9, 0.28824836015701294), (0, 0.3227381110191345), (1, 0.29333874583244324), (2, 0.2786274254322052), (3, 0.2871265709400177), (4, 0.3002420961856842), (5, 0.27636829018592834), (6, 0.30214637517929077), (7, 0.2845813035964966), (8, 0.326363205909729), (9, 0.3053038716316223), (0, 0.30459704995155334), (1, 0.3071150481700897), (2, 0.2684091329574585), (3, 0.30219870805740356), (4, 0.29600992798805237), (5, 0.3366723656654358), (6, 0.2941722571849823), (7, 0.26268795132637024), (8, 0.2921668291091919), (9, 0.2834330201148987), (0, 0.2625800371170044), (1, 0.2510535418987274), (2, 0.30077672004699707), (3, 0.2747514843940735), (4, 0.3061269223690033), (5, 0.3191605508327484), (6, 0.28938236832618713), (7, 0.2938045561313629), (8, 0.2567013204097748), (9, 0.2756526470184326), (0, 0.27118346095085144), (1, 0.2880021929740906), (2, 0.2471979856491089), (3, 0.26589858531951904), (4, 0.27916648983955383), (5, 0.2676919996738434), (6, 0.3502335250377655), (7, 0.2838832437992096), (8, 0.29872238636016846), (9, 0.28437042236328125), (0, 0.27020463347435), (1, 0.3058484196662903), (2, 0.2781924903392792), (3, 0.33239883184432983), (4, 0.24893024563789368), (5, 0.29010310769081116), (6, 0.2425435185432434), (7, 0.2559908926486969), (8, 0.27756184339523315), (9, 0.26511088013648987), (0, 0.2788100838661194), (1, 0.2926313281059265), (2, 0.3731257915496826), (3, 0.2593279778957367), (4, 0.2894446849822998), (5, 0.27115514874458313), (6, 0.2886769771575928), (7, 0.2719806730747223), (8, 0.31178566813468933), (9, 0.317496120929718), (0, 0.27922511100769043), (1, 0.2514801323413849), (2, 0.27857810258865356), (3, 0.3034346401691437), (4, 0.28760120272636414), (5, 0.28880736231803894), (6, 0.26897966861724854), (7, 0.29528599977493286), (8, 0.2778664827346802), (9, 0.3446766138076782), (0, 0.29679417610168457), (1, 0.3283916711807251), (2, 0.25133031606674194), (3, 0.2614416778087616), (4, 0.25236600637435913), (5, 0.2463175654411316), (6, 0.2990347146987915), (7, 0.2769819498062134), (8, 0.2535983622074127), (9, 0.24987396597862244), (0, 0.24763871729373932), (1, 0.28116872906684875), (2, 0.240931898355484), (3, 0.2733897566795349), (4, 0.2735591530799866), (5, 0.294203519821167), (6, 0.2821831703186035), (7, 0.3074132204055786), (8, 0.29542219638824463), (9, 0.2727304697036743), (0, 0.24289840459823608), (1, 0.2770509421825409), (2, 0.26852932572364807), (3, 0.2461690753698349), (4, 0.2798480689525604), (5, 0.26073476672172546), (6, 0.3226645290851593), (7, 0.2936811149120331), (8, 0.24952661991119385), (9, 0.3047497570514679), (0, 0.23008979856967926), (1, 0.2709338366985321), (2, 0.2465217560529709), (3, 0.29463785886764526), (4, 0.24534589052200317), (5, 0.26624125242233276), (6, 0.2659696340560913), (7, 0.2443554550409317), (8, 0.24857349693775177), (9, 0.291969895362854), (0, 0.2558569312095642), (1, 0.2344493269920349), (2, 0.24672728776931763), (3, 0.2353258728981018), (4, 0.2816144526004791), (5, 0.24023567140102386), (6, 0.2514081299304962), (7, 0.2433263212442398), (8, 0.20738056302070618), (9, 0.269182950258255), (0, 0.26000016927719116), (1, 0.26656875014305115), (2, 0.27927687764167786), (3, 0.2741812765598297), (4, 0.24940764904022217), (5, 0.24643385410308838), (6, 0.20630086958408356), (7, 0.2584123909473419), (8, 0.2725972831249237), (9, 0.25331056118011475), (0, 0.23985247313976288), (1, 0.2494271844625473), (2, 0.21454094350337982), (3, 0.25218725204467773), (4, 0.27305325865745544), (5, 0.22206607460975647), (6, 0.21130502223968506), (7, 0.23629026114940643), (8, 0.2208341658115387), (9, 0.30278265476226807), (0, 0.28375616669654846), (1, 0.27422529458999634), (2, 0.23002803325653076), (3, 0.3195312023162842), (4, 0.2373775690793991), (5, 0.2438259720802307), (6, 0.24200378358364105), (7, 0.22374624013900757), (8, 0.2224884033203125), (9, 0.19480697810649872), (0, 0.2207196056842804), (1, 0.25240492820739746), (2, 0.22205577790737152), (3, 0.24074797332286835), (4, 0.24946312606334686), (5, 0.22148317098617554), (6, 0.1992449313402176), (7, 0.1931886523962021), (8, 0.2222743183374405), (9, 0.22567324340343475), (0, 0.21004846692085266), (1, 0.2240116149187088), (2, 0.223333477973938), (3, 0.21683421730995178), (4, 0.17920376360416412), (5, 0.20862941443920135), (6, 0.2067028433084488), (7, 0.19510623812675476), (8, 0.21197821199893951), (9, 0.21147723495960236), (0, 0.27183669805526733), (1, 0.21572446823120117), (2, 0.24823345243930817), (3, 0.21439287066459656), (4, 0.22346258163452148), (5, 0.26995381712913513), (6, 0.21637161076068878), (7, 0.2543688714504242), (8, 0.25737208127975464), (9, 0.3298468291759491), (0, 0.20313891768455505), (1, 0.2584010064601898), (2, 0.3080500662326813), (3, 0.1886172890663147), (4, 0.21997539699077606), (5, 0.2617984116077423), (6, 0.30171462893486023), (7, 0.26466840505599976), (8, 0.21939966082572937), (9, 0.3064146041870117), (0, 0.31760117411613464), (1, 0.19112661480903625), (2, 0.27766096591949463), (3, 0.23408594727516174), (4, 0.2614718973636627), (5, 0.23888777196407318), (6, 0.21466654539108276), (7, 0.20264549553394318), (8, 0.2521190941333771), (9, 0.20031704008579254), (0, 0.19985759258270264), (1, 0.2118036299943924), (2, 0.1875554919242859), (3, 0.22779759764671326), (4, 0.1930834949016571), (5, 0.196864053606987), (6, 0.20976310968399048), (7, 0.20005661249160767), (8, 0.18723422288894653), (9, 0.1873008757829666), (0, 0.18555797636508942), (1, 0.2022855430841446), (2, 0.18821531534194946), (3, 0.17998124659061432), (4, 0.19014959037303925), (5, 0.2015140950679779), (6, 0.1841929852962494), (7, 0.18904556334018707), (8, 0.20624060928821564), (9, 0.176200270652771), (0, 0.19316448271274567), (1, 0.19621656835079193), (2, 0.20910044014453888), (3, 0.18208926916122437), (4, 0.1901301145553589), (5, 0.17906486988067627), (6, 0.18149814009666443), (7, 0.16936606168746948), (8, 0.170786052942276), (9, 0.17729482054710388), (0, 0.18957553803920746), (1, 0.18389607965946198), (2, 0.16848674416542053), (3, 0.1815246045589447), (4, 0.16722005605697632), (5, 0.1839608997106552), (6, 0.16448067128658295), (7, 0.1737680435180664), (8, 0.19327649474143982), (9, 0.17904338240623474), (0, 0.17888550460338593), (1, 0.17791810631752014), (2, 0.17802658677101135), (3, 0.16776703298091888), (4, 0.18139152228832245), (5, 0.205213263630867), (6, 0.177092507481575), (7, 0.20898425579071045), (8, 0.1790585070848465), (9, 0.18296025693416595), (0, 0.1565942019224167), (1, 0.23699387907981873), (2, 0.17629322409629822), (3, 0.19278785586357117), (4, 0.20115727186203003), (5, 0.18524542450904846), (6, 0.16825704276561737), (7, 0.17522193491458893), (8, 0.16849498450756073), (9, 0.1794690638780594), (0, 0.18518155813217163), (1, 0.17051348090171814), (2, 0.19547919929027557), (3, 0.1734527349472046), (4, 0.19192704558372498), (5, 0.1790899634361267), (6, 0.19273525476455688), (7, 0.14853064715862274), (8, 0.18052780628204346), (9, 0.14620381593704224), (0, 0.18739508092403412), (1, 0.14943403005599976), (2, 0.17274749279022217), (3, 0.19062462449073792), (4, 0.1641017496585846), (5, 0.18048769235610962), (6, 0.1828979253768921), (7, 0.21128156781196594), (8, 0.14708271622657776), (9, 0.17913305759429932), (0, 0.1670248657464981), (1, 0.15308521687984467), (2, 0.19672217965126038), (3, 0.1838201880455017), (4, 0.2066027969121933), (5, 0.15460102260112762), (6, 0.1871090531349182), (7, 0.14207187294960022), (8, 0.20357480645179749), (9, 0.17697277665138245), (0, 0.18838505446910858), (1, 0.16079166531562805), (2, 0.1449631154537201), (3, 0.1559210568666458), (4, 0.16997691988945007), (5, 0.17037267982959747), (6, 0.1778736114501953), (7, 0.15900848805904388), (8, 0.16731205582618713), (9, 0.15344750881195068), (0, 0.1660235971212387), (1, 0.18878158926963806), (2, 0.16264908015727997), (3, 0.18719477951526642), (4, 0.1575440913438797), (5, 0.1616947501897812), (6, 0.1638670414686203), (7, 0.15825624763965607), (8, 0.14552894234657288), (9, 0.18266907334327698), (0, 0.15834243595600128), (1, 0.2084508091211319), (2, 0.1571682244539261), (3, 0.2406754344701767), (4, 0.14954707026481628), (5, 0.19917179644107819), (6, 0.17118306457996368), (7, 0.19933266937732697), (8, 0.14230161905288696), (9, 0.14994721114635468), (0, 0.1770540475845337), (1, 0.14242848753929138), (2, 0.17683152854442596), (3, 0.13906586170196533), (4, 0.14503078162670135), (5, 0.1608656495809555), (6, 0.13770340383052826), (7, 0.16399411857128143), (8, 0.1600082814693451), (9, 0.16114182770252228), (0, 0.1463792473077774), (1, 0.15149997174739838), (2, 0.14415960013866425), (3, 0.1544167399406433), (4, 0.14138485491275787), (5, 0.14281553030014038), (6, 0.14360107481479645), (7, 0.16117891669273376), (8, 0.14038024842739105), (9, 0.1495031714439392), (0, 0.15754033625125885), (1, 0.14514385163784027), (2, 0.16611164808273315), (3, 0.13933394849300385), (4, 0.15009166300296783), (5, 0.15014933049678802), (6, 0.1380358338356018), (7, 0.1353413462638855), (8, 0.1338544487953186), (9, 0.14819958806037903), (0, 0.13534680008888245), (1, 0.1538296937942505), (2, 0.15284724533557892), (3, 0.1472126990556717), (4, 0.15693454444408417), (5, 0.12947168946266174), (6, 0.14949943125247955), (7, 0.15714453160762787), (8, 0.13605710864067078), (9, 0.13969536125659943), (0, 0.1412639170885086), (1, 0.1397402137517929), (2, 0.14509029686450958), (3, 0.1252571940422058), (4, 0.14944106340408325), (5, 0.13034649193286896), (6, 0.14470721781253815), (7, 0.13029494881629944), (8, 0.14416754245758057), (9, 0.1462714672088623), (0, 0.12992309033870697), (1, 0.15133140981197357), (2, 0.12869758903980255), (3, 0.17298240959644318), (4, 0.13458624482154846), (5, 0.13990072906017303), (6, 0.137162983417511), (7, 0.14062121510505676), (8, 0.14798209071159363), (9, 0.12727802991867065), (0, 0.1563139408826828), (1, 0.1556921750307083), (2, 0.12872551381587982), (3, 0.17908628284931183), (4, 0.14404746890068054), (5, 0.19593356549739838), (6, 0.1254199892282486), (7, 0.127718985080719), (8, 0.1500982642173767), (9, 0.12752889096736908), (0, 0.18980851769447327), (1, 0.19221720099449158), (2, 0.14983107149600983), (3, 0.25204193592071533), (4, 0.14658167958259583), (5, 0.14425109326839447), (6, 0.2103450894355774), (7, 0.24308349192142487), (8, 0.20113877952098846), (9, 0.13975802063941956), (0, 0.17749202251434326), (1, 0.24407677352428436), (2, 0.2099786400794983), (3, 0.30455437302589417), (4, 0.37105438113212585), (5, 0.4343436360359192), (6, 0.35112759470939636), (7, 0.22020046412944794), (8, 0.4294077754020691), (9, 0.33229315280914307), (0, 0.22005817294120789), (1, 0.21720626950263977), (2, 0.19614681601524353), (3, 0.14893102645874023), (4, 0.17556264996528625), (5, 0.24049311876296997), (6, 0.13196082413196564), (7, 0.18778236210346222), (8, 0.2734546959400177), (9, 0.27663812041282654), (0, 0.2132328450679779), (1, 0.1394108533859253), (2, 0.1351211965084076), (3, 0.2114848643541336), (4, 0.14584872126579285), (5, 0.22051969170570374), (6, 0.18430034816265106), (7, 0.12855523824691772), (8, 0.20311006903648376), (9, 0.1646396666765213), (0, 0.14083486795425415), (1, 0.15095146000385284), (2, 0.17756375670433044), (3, 0.1425718367099762), (4, 0.15209656953811646), (5, 0.154433935880661), (6, 0.1281212568283081), (7, 0.14213253557682037), (8, 0.1585620492696762), (9, 0.12683671712875366), (0, 0.18435777723789215), (1, 0.1294264942407608), (2, 0.11498530209064484), (3, 0.1634824424982071), (4, 0.20739707350730896), (5, 0.12059766799211502), (6, 0.1767674684524536), (7, 0.14946189522743225), (8, 0.13518613576889038), (9, 0.14903965592384338), (0, 0.11177513003349304), (1, 0.1336502879858017), (2, 0.12742377817630768), (3, 0.13540200889110565), (4, 0.13277314603328705), (5, 0.13343578577041626), (6, 0.13623188436031342), (7, 0.12655317783355713), (8, 0.1232542023062706), (9, 0.13808977603912354), (0, 0.14302493631839752), (1, 0.13109147548675537), (2, 0.13487988710403442), (3, 0.13930504024028778), (4, 0.13490964472293854), (5, 0.12793472409248352), (6, 0.10490471869707108), (7, 0.1126127541065216), (8, 0.13288357853889465), (9, 0.13216611742973328), (0, 0.129411518573761), (1, 0.1419558972120285), (2, 0.12304186820983887), (3, 0.14229054749011993), (4, 0.11839430034160614), (5, 0.13295383751392365), (6, 0.12371639162302017), (7, 0.119458869099617), (8, 0.12217386066913605), (9, 0.10583798587322235), (0, 0.11493008583784103), (1, 0.11728718876838684), (2, 0.11338287591934204), (3, 0.12842272222042084), (4, 0.12026306241750717), (5, 0.12446413189172745), (6, 0.11423738300800323), (7, 0.1103227436542511), (8, 0.11572765558958054), (9, 0.13102784752845764), (0, 0.10999500006437302), (1, 0.11034911125898361), (2, 0.13690541684627533), (3, 0.114057257771492), (4, 0.12617658078670502), (5, 0.10715658962726593), (6, 0.10458718240261078), (7, 0.10671507567167282), (8, 0.11618976294994354), (9, 0.1367180049419403), (0, 0.11279125511646271), (1, 0.13077761232852936), (2, 0.11374210566282272), (3, 0.11884365230798721), (4, 0.11499255150556564), (5, 0.12201259285211563), (6, 0.11905279010534286), (7, 0.1375388205051422), (8, 0.0931001827120781), (9, 0.13791494071483612), (0, 0.12783046066761017), (1, 0.11651527136564255), (2, 0.17503543198108673), (3, 0.1441372036933899), (4, 0.18067680299282074), (5, 0.21433693170547485), (6, 0.1334715634584427), (7, 0.11613746732473373), (8, 0.16873088479042053), (9, 0.13563966751098633), (0, 0.1505196988582611), (1, 0.13994652032852173), (2, 0.11495130509138107), (3, 0.13100333511829376), (4, 0.10757682472467422), (5, 0.11497239023447037), (6, 0.1479526162147522), (7, 0.13905367255210876), (8, 0.13842801749706268), (9, 0.09479034692049026), (0, 0.13665124773979187), (1, 0.15311522781848907), (2, 0.16867297887802124), (3, 0.13603289425373077), (4, 0.15275084972381592), (5, 0.13130798935890198), (6, 0.11213468760251999), (7, 0.16857454180717468), (8, 0.11575602740049362), (9, 0.11946448683738708), (0, 0.15316109359264374), (1, 0.10904615372419357), (2, 0.14378215372562408), (3, 0.10625539720058441), (4, 0.10303038358688354), (5, 0.11585875600576401), (6, 0.12611836194992065), (7, 0.09942211210727692), (8, 0.12056230753660202), (9, 0.10567896068096161), (0, 0.09532689303159714), (1, 0.11624464392662048), (2, 0.11456140875816345), (3, 0.09605253487825394), (4, 0.0938948467373848), (5, 0.09996900707483292), (6, 0.12277588993310928), (7, 0.10363823920488358), (8, 0.10591812431812286), (9, 0.12271406501531601), (0, 0.10389188677072525), (1, 0.1026233583688736), (2, 0.10465560108423233), (3, 0.10431469976902008), (4, 0.10350188612937927), (5, 0.11085336655378342), (6, 0.09063982963562012), (7, 0.10440792143344879), (8, 0.1132696345448494), (9, 0.0981566533446312), (0, 0.1006041020154953), (1, 0.09794869273900986), (2, 0.12015485018491745), (3, 0.09840584546327591), (4, 0.11004935204982758), (5, 0.0923970490694046), (6, 0.0921047180891037), (7, 0.09749548137187958), (8, 0.10401932895183563), (9, 0.11000930517911911), (0, 0.10058815777301788), (1, 0.11092451959848404), (2, 0.09590095281600952), (3, 0.09770716726779938), (4, 0.10329641401767731), (5, 0.10320060700178146), (6, 0.09964501112699509), (7, 0.08975748717784882), (8, 0.09193955361843109), (9, 0.11042532324790955), (0, 0.10193229466676712), (1, 0.09890379011631012), (2, 0.12126998603343964), (3, 0.09255748987197876), (4, 0.09901081025600433), (5, 0.09951626509428024), (6, 0.0899396538734436), (7, 0.09622582793235779), (8, 0.09578950703144073), (9, 0.11438710987567902), (0, 0.10018082708120346), (1, 0.10040929913520813), (2, 0.08753910660743713), (3, 0.10367783904075623), (4, 0.08206302672624588), (5, 0.10670986026525497), (6, 0.1004045307636261), (7, 0.10025419294834137), (8, 0.09996635466814041), (9, 0.09806551784276962), (0, 0.09991486370563507), (1, 0.09692597389221191), (2, 0.10082967579364777), (3, 0.09669727087020874), (4, 0.08592206984758377), (5, 0.1045512929558754), (6, 0.08615127205848694), (7, 0.09922686219215393), (8, 0.10421055555343628), (9, 0.07657001167535782), (0, 0.0974174439907074), (1, 0.08628357946872711), (2, 0.09681463986635208), (3, 0.09227518737316132), (4, 0.10162940621376038), (5, 0.09126026183366776), (6, 0.08618313819169998), (7, 0.10302002727985382), (8, 0.10002750158309937), (9, 0.08878100663423538), (0, 0.09049926698207855), (1, 0.07834407687187195), (2, 0.09031964093446732), (3, 0.09726627171039581), (4, 0.09402891993522644), (5, 0.10216310620307922), (6, 0.09358169883489609), (7, 0.11056365817785263), (8, 0.08570048958063126), (9, 0.10908538103103638), (0, 0.09600797295570374), (1, 0.10567913949489594), (2, 0.09542354941368103), (3, 0.09781693667173386), (4, 0.08355238288640976), (5, 0.09220463782548904), (6, 0.10885506868362427), (7, 0.08689775317907333), (8, 0.08573991060256958), (9, 0.08328232169151306), (0, 0.08928994834423065), (1, 0.10447325557470322), (2, 0.0890219584107399), (3, 0.08325815945863724), (4, 0.0843205526471138), (5, 0.09157794713973999), (6, 0.10009975731372833), (7, 0.09009172767400742), (8, 0.08634788542985916), (9, 0.08512569218873978), (0, 0.08434711396694183), (1, 0.10260864347219467), (2, 0.09770794212818146), (3, 0.09380453079938889), (4, 0.10087652504444122), (5, 0.08373114466667175), (6, 0.08806251734495163), (7, 0.09843339771032333), (8, 0.08068980276584625), (9, 0.08489851653575897), (0, 0.09578800201416016), (1, 0.08619420230388641), (2, 0.11182580143213272), (3, 0.08451005816459656), (4, 0.09017615020275116), (5, 0.10956430435180664), (6, 0.09007726609706879), (7, 0.10561264306306839), (8, 0.08727197349071503), (9, 0.07334508746862411), (0, 0.09254875034093857), (1, 0.08749751001596451), (2, 0.08833421766757965), (3, 0.09102188050746918), (4, 0.09447494149208069), (5, 0.08644375950098038), (6, 0.09407150000333786), (7, 0.08426428586244583), (8, 0.0874495729804039), (9, 0.07871639728546143), (0, 0.08545440435409546), (1, 0.08277887105941772), (2, 0.08224890381097794), (3, 0.09271043539047241), (4, 0.08630959689617157), (5, 0.0910891517996788), (6, 0.09780097752809525), (7, 0.0753776803612709), (8, 0.07186014950275421), (9, 0.08942395448684692), (0, 0.09516416490077972), (1, 0.08456867188215256), (2, 0.09321412444114685), (3, 0.08039715886116028), (4, 0.09298994392156601), (5, 0.08035571873188019), (6, 0.09295401722192764), (7, 0.08876030892133713), (8, 0.07959644496440887), (9, 0.10905411839485168), (0, 0.08751680701971054), (1, 0.09255056083202362), (2, 0.07949976623058319), (3, 0.0834527388215065), (4, 0.08131416141986847), (5, 0.0960402861237526), (6, 0.08346650749444962), (7, 0.08456461131572723), (8, 0.07712908089160919), (9, 0.0672389566898346), (0, 0.0696294754743576), (1, 0.09456363320350647), (2, 0.08137813210487366), (3, 0.07968486100435257), (4, 0.08181281387805939), (5, 0.08247461169958115), (6, 0.07103893160820007), (7, 0.09087330847978592), (8, 0.08560943603515625), (9, 0.08906271308660507), (0, 0.07773279398679733), (1, 0.083686463534832), (2, 0.07331778854131699), (3, 0.0758742094039917), (4, 0.08774302154779434), (5, 0.08563306927680969), (6, 0.08211862295866013), (7, 0.08500268310308456), (8, 0.08012315630912781), (9, 0.08397721499204636), (0, 0.0911736786365509), (1, 0.07270815223455429), (2, 0.0823710709810257), (3, 0.08782857656478882), (4, 0.08511729538440704), (5, 0.08682550489902496), (6, 0.07708162069320679), (7, 0.07303919643163681), (8, 0.08988050371408463), (9, 0.0831470713019371), (0, 0.07535815984010696), (1, 0.09136243164539337), (2, 0.07074369490146637), (3, 0.08040768653154373), (4, 0.07309913635253906), (5, 0.08749840408563614), (6, 0.08999007195234299), (7, 0.08095214515924454), (8, 0.09141962975263596), (9, 0.08076808601617813), (0, 0.09642196446657181), (1, 0.11707118153572083), (2, 0.07818064838647842), (3, 0.11727067828178406), (4, 0.09829408675432205), (5, 0.12894687056541443), (6, 0.08080905675888062), (7, 0.08587195724248886), (8, 0.09619185328483582), (9, 0.07100655138492584), (0, 0.07971931248903275), (1, 0.08715841174125671), (2, 0.07391176372766495), (3, 0.07951411604881287), (4, 0.07080142945051193), (5, 0.071998231112957), (6, 0.08858916908502579), (7, 0.07755312323570251), (8, 0.07873868942260742), (9, 0.0751270279288292), (0, 0.0708356723189354), (1, 0.07950575649738312), (2, 0.069207563996315), (3, 0.07308441400527954), (4, 0.08804884552955627), (5, 0.06373713165521622), (6, 0.08301635831594467), (7, 0.07282908260822296), (8, 0.07742816209793091), (9, 0.06533095240592957), (0, 0.08242014795541763), (1, 0.06671855598688126), (2, 0.07103181630373001), (3, 0.07417712360620499), (4, 0.07855449616909027), (5, 0.0695667713880539), (6, 0.07368097454309464), (7, 0.07374885678291321), (8, 0.06918071955442429), (9, 0.08074801415205002), (0, 0.07164085656404495), (1, 0.06888559460639954), (2, 0.0694027915596962), (3, 0.07245020568370819), (4, 0.07672914862632751), (5, 0.072330541908741), (6, 0.08082090318202972), (7, 0.0728830024600029), (8, 0.06925639510154724), (9, 0.08020742237567902), (0, 0.07189956307411194), (1, 0.07104890048503876), (2, 0.08681627362966537), (3, 0.07402024418115616), (4, 0.07134205102920532), (5, 0.07513148337602615), (6, 0.07154631614685059), (7, 0.06173936277627945), (8, 0.06421298533678055), (9, 0.06728203594684601), (0, 0.06929911673069), (1, 0.06784621626138687), (2, 0.06644721329212189), (3, 0.07688385248184204), (4, 0.06963005661964417), (5, 0.06275103986263275), (6, 0.07925918698310852), (7, 0.06995387375354767), (8, 0.07543979585170746), (9, 0.06894181668758392), (0, 0.062591053545475), (1, 0.0745122879743576), (2, 0.07778650522232056), (3, 0.060427259653806686), (4, 0.08650629967451096), (5, 0.07648201286792755), (6, 0.0779503807425499), (7, 0.07377960532903671), (8, 0.06758571416139603), (9, 0.06920541077852249), (0, 0.07318929582834244), (1, 0.07003635913133621), (2, 0.07100317627191544), (3, 0.06521326303482056), (4, 0.07837555557489395), (5, 0.07542939484119415), (6, 0.06805641204118729), (7, 0.06829623878002167), (8, 0.07796856760978699), (9, 0.06561964750289917), (0, 0.07546767592430115), (1, 0.07862253487110138), (2, 0.057879067957401276), (3, 0.08052334189414978), (4, 0.06409092247486115), (5, 0.0694323480129242), (6, 0.06706957519054413), (7, 0.07227220386266708), (8, 0.06848276406526566), (9, 0.06828673183917999), (0, 0.06989026069641113), (1, 0.0783483013510704), (2, 0.061897121369838715), (3, 0.06487832963466644), (4, 0.07720040529966354), (5, 0.07403896749019623), (6, 0.07617758959531784), (7, 0.05915810912847519), (8, 0.07379797846078873), (9, 0.05807017907500267), (0, 0.09027262777090073), (1, 0.07854238152503967), (2, 0.09636484086513519), (3, 0.08271606266498566), (4, 0.32218125462532043), (5, 0.06652659177780151), (6, 0.18722744286060333), (7, 0.2351469099521637), (8, 0.18997879326343536), (9, 0.05836385115981102), (0, 0.21413327753543854), (1, 0.18066534399986267), (2, 0.10642772912979126), (3, 0.2071801722049713), (4, 0.16264887154102325), (5, 0.10449355840682983), (6, 0.13960254192352295), (7, 0.07019687443971634), (8, 0.12431389838457108), (9, 0.124718576669693), (0, 0.14917166531085968), (1, 0.33083707094192505), (2, 0.13194209337234497), (3, 0.08383244276046753), (4, 0.19212915003299713), (5, 0.09966609627008438), (6, 0.127961203455925), (7, 0.288610577583313), (8, 0.11370232701301575), (9, 0.14349700510501862), (0, 0.17841865122318268), (1, 0.09993091225624084), (2, 0.10621514916419983), (3, 0.1921062469482422), (4, 0.2110251784324646), (5, 0.08768926560878754), (6, 0.4012492299079895), (7, 0.09924431890249252), (8, 0.3385327458381653), (9, 0.3517889380455017), (0, 0.2184504121541977), (1, 0.24928981065750122), (2, 0.3921271860599518), (3, 0.37979111075401306), (4, 0.34039539098739624), (5, 0.3122774660587311), (6, 0.3067065179347992), (7, 0.3056661784648895), (8, 0.25566577911376953), (9, 0.2317156046628952), (0, 0.4031553566455841), (1, 0.23060211539268494), (2, 0.21623189747333527), (3, 0.32076016068458557), (4, 0.3618241846561432), (5, 0.302160382270813), (6, 0.25740742683410645), (7, 0.32960769534111023), (8, 0.24706706404685974), (9, 0.20357616245746613), (0, 0.27849599719047546), (1, 0.18289601802825928), (2, 0.23421448469161987), (3, 0.3178196847438812), (4, 0.24174682796001434), (5, 0.251814603805542), (6, 0.2563069462776184), (7, 0.21655620634555817), (8, 0.2666184604167938), (9, 0.17854757606983185), (0, 0.16811001300811768), (1, 0.17374445497989655), (2, 0.25539901852607727), (3, 0.23305852711200714), (4, 0.2671249806880951), (5, 0.1775769293308258), (6, 0.11442562192678452), (7, 0.32891902327537537), (8, 0.08541597425937653), (9, 0.18251895904541016), (0, 0.15705524384975433), (1, 0.2301856279373169), (2, 0.21620963513851166), (3, 0.1896553486585617), (4, 0.19967229664325714), (5, 0.21457195281982422), (6, 0.12798373401165009), (7, 0.27931123971939087), (8, 0.4180693030357361), (9, 0.10073282569646835), (0, 0.13507293164730072), (1, 0.1919730007648468), (2, 0.15162493288516998), (3, 0.09437957406044006), (4, 0.19258426129817963), (5, 0.10188604146242142), (6, 0.08468504250049591), (7, 0.08550913631916046), (8, 0.12211482971906662), (9, 0.08028510957956314), (0, 0.07015353441238403), (1, 0.12152157723903656), (2, 0.11814680695533752), (3, 0.07982458919286728), (4, 0.1239018365740776), (5, 0.09330681711435318), (6, 0.0762808695435524), (7, 0.08497510105371475), (8, 0.09184744209051132), (9, 0.0828099325299263), (0, 0.0836004838347435), (1, 0.07765395939350128), (2, 0.08266637474298477), (3, 0.08361790329217911), (4, 0.06950943917036057), (5, 0.07559090852737427), (6, 0.08503270149230957), (7, 0.07383017241954803), (8, 0.06381532549858093), (9, 0.07250107079744339), (0, 0.08207082748413086), (1, 0.07926681637763977), (2, 0.07515208423137665), (3, 0.07227595150470734), (4, 0.07532530277967453), (5, 0.06559751182794571), (6, 0.07819508016109467), (7, 0.07229483872652054), (8, 0.05863477662205696), (9, 0.07704789191484451), (0, 0.05856850743293762), (1, 0.08275560289621353), (2, 0.0707564428448677), (3, 0.07791343331336975), (4, 0.06745405495166779), (5, 0.07725901901721954), (6, 0.073583222925663), (7, 0.06647386401891708), (8, 0.06486400961875916), (9, 0.06254526227712631), (0, 0.06657836586236954), (1, 0.06674811989068985), (2, 0.06945354491472244), (3, 0.08159296214580536), (4, 0.07473411411046982), (5, 0.0662010982632637), (6, 0.06968075037002563), (7, 0.06242753192782402), (8, 0.06777975708246231), (9, 0.05608250945806503), (0, 0.06461676955223083), (1, 0.06803911179304123), (2, 0.07182197272777557), (3, 0.0702771320939064), (4, 0.0760287493467331), (5, 0.07135104387998581), (6, 0.06906002759933472), (7, 0.05469057708978653), (8, 0.07095393538475037), (9, 0.06330715864896774), (0, 0.07014773041009903), (1, 0.07035857439041138), (2, 0.06840004026889801), (3, 0.05695626884698868), (4, 0.06925324350595474), (5, 0.06529196351766586), (6, 0.069342240691185), (7, 0.06233422830700874), (8, 0.07831564545631409), (9, 0.07204361259937286), (0, 0.07275979965925217), (1, 0.07327704131603241), (2, 0.06082754209637642), (3, 0.07283243536949158), (4, 0.06336412578821182), (5, 0.07510499656200409), (6, 0.06779564172029495), (7, 0.06307493895292282), (8, 0.06099161505699158), (9, 0.06881573051214218), (0, 0.06336706876754761), (1, 0.06701680272817612), (2, 0.07015856355428696), (3, 0.06288933753967285), (4, 0.06371290236711502), (5, 0.06038748845458031), (6, 0.06616012752056122), (7, 0.06819159537553787), (8, 0.06891356408596039), (9, 0.0567074678838253), (0, 0.06802989542484283), (1, 0.07495266199111938), (2, 0.06646514683961868), (3, 0.069468192756176), (4, 0.06801538169384003), (5, 0.0569174662232399), (6, 0.05752689391374588), (7, 0.06739240884780884), (8, 0.05600793659687042), (9, 0.06294529139995575), (0, 0.06999970227479935), (1, 0.05521753802895546), (2, 0.060502517968416214), (3, 0.0602816641330719), (4, 0.05765308067202568), (5, 0.06176045909523964), (6, 0.057771772146224976), (7, 0.07223985344171524), (8, 0.06350507587194443), (9, 0.0633564293384552), (0, 0.06187617406249046), (1, 0.05526457354426384), (2, 0.061548251658678055), (3, 0.05581492930650711), (4, 0.06046836078166962), (5, 0.06611967831850052), (6, 0.059932924807071686), (7, 0.05939927697181702), (8, 0.06792424619197845), (9, 0.07036831229925156), (0, 0.0701209083199501), (1, 0.05820680037140846), (2, 0.06250400096178055), (3, 0.0627291277050972), (4, 0.06066232547163963), (5, 0.06038534641265869), (6, 0.05394813045859337), (7, 0.06394398212432861), (8, 0.05444144085049629), (9, 0.05899626761674881), (0, 0.052600111812353134), (1, 0.05987181514501572), (2, 0.06180452182888985), (3, 0.057610489428043365), (4, 0.06225829944014549), (5, 0.055371299386024475), (6, 0.061607494950294495), (7, 0.06803739815950394), (8, 0.06245730444788933), (9, 0.05248132720589638), (0, 0.06677820533514023), (1, 0.05709013342857361), (2, 0.06136227026581764), (3, 0.05765053629875183), (4, 0.050761643797159195), (5, 0.05416541174054146), (6, 0.05671960860490799), (7, 0.05957173928618431), (8, 0.06673870235681534), (9, 0.062478575855493546), (0, 0.051280174404382706), (1, 0.057172536849975586), (2, 0.05625436455011368), (3, 0.05327804014086723), (4, 0.05995909869670868), (5, 0.0629006028175354), (6, 0.0514456070959568), (7, 0.05634314566850662), (8, 0.07234936207532883), (9, 0.062092337757349014), (0, 0.06038159504532814), (1, 0.052575793117284775), (2, 0.05833539366722107), (3, 0.05963688716292381), (4, 0.05667640268802643), (5, 0.051027003675699234), (6, 0.06838694959878922), (7, 0.04744119569659233), (8, 0.05661246180534363), (9, 0.06985156238079071), (0, 0.06367583572864532), (1, 0.05509253963828087), (2, 0.06499262154102325), (3, 0.06015065312385559), (4, 0.0499376505613327), (5, 0.053394511342048645), (6, 0.056495409458875656), (7, 0.05594898760318756), (8, 0.05404595285654068), (9, 0.05521107837557793), (0, 0.05901285260915756), (1, 0.05760795250535011), (2, 0.055423859506845474), (3, 0.0558328740298748), (4, 0.05678515508770943), (5, 0.0529412217438221), (6, 0.04740772768855095), (7, 0.06852297484874725), (8, 0.05340980365872383), (9, 0.05204644054174423), (0, 0.0603349544107914), (1, 0.05474449321627617), (2, 0.05296521261334419), (3, 0.06514152884483337), (4, 0.05479017645120621), (5, 0.05892463028430939), (6, 0.053335510194301605), (7, 0.050571754574775696), (8, 0.05397849902510643), (9, 0.05123196169734001), (0, 0.04964457079768181), (1, 0.0534948967397213), (2, 0.05693378299474716), (3, 0.05313485115766525), (4, 0.055237699300050735), (5, 0.06261705607175827), (6, 0.04822554066777229), (7, 0.0552215538918972), (8, 0.06261521577835083), (9, 0.0484820157289505), (0, 0.05712787061929703), (1, 0.04971851408481598), (2, 0.06043427065014839), (3, 0.052075862884521484), (4, 0.055911626666784286), (5, 0.05566808581352234), (6, 0.04861226677894592), (7, 0.04725709930062294), (8, 0.0558922104537487), (9, 0.061836376786231995), (0, 0.05769571661949158), (1, 0.05597579479217529), (2, 0.0502924770116806), (3, 0.05127973109483719), (4, 0.05999377369880676), (5, 0.04885004088282585), (6, 0.053264446556568146), (7, 0.05135076120495796), (8, 0.05335681512951851), (9, 0.05227937176823616), (0, 0.057700444012880325), (1, 0.057436827570199966), (2, 0.05241410806775093), (3, 0.050392694771289825), (4, 0.06374797970056534), (5, 0.05343632400035858), (6, 0.05350198224186897), (7, 0.0701964944601059), (8, 0.05468655750155449), (9, 0.05897624045610428), (0, 0.06875016540288925), (1, 0.05953831970691681), (2, 0.07722213119268417), (3, 0.06770802289247513), (4, 0.05396647751331329), (5, 0.053117722272872925), (6, 0.07765503227710724), (7, 0.05951470509171486), (8, 0.0724891871213913), (9, 0.05113302543759346), (0, 0.05485480651259422), (1, 0.08298611640930176), (2, 0.04374394565820694), (3, 0.07804622501134872), (4, 0.09887869656085968), (5, 0.05520004779100418), (6, 0.05902684107422829), (7, 0.08942615240812302), (8, 0.047388892620801926), (9, 0.05070437490940094), (0, 0.09369070082902908), (1, 0.05603417381644249), (2, 0.05546784773468971), (3, 0.1363532990217209), (4, 0.06404446810483932), (5, 0.05678338184952736), (6, 0.2220175415277481), (7, 0.054646510630846024), (8, 0.09022676199674606), (9, 0.16256442666053772), (0, 0.06305207312107086), (1, 0.05813977122306824), (2, 0.15607671439647675), (3, 0.08540920168161392), (4, 0.055489614605903625), (5, 0.11133340746164322), (6, 0.06462421268224716), (7, 0.06299851089715958), (8, 0.1722661405801773), (9, 0.09451037645339966), (0, 0.2830909490585327), (1, 0.4602026641368866), (2, 0.22537033259868622), (3, 0.12764935195446014), (4, 0.45728954672813416), (5, 0.7493515610694885), (6, 0.6935427784919739), (7, 0.48117029666900635), (8, 0.5026912093162537), (9, 0.3754299283027649), (0, 0.4701249301433563), (1, 0.5404684543609619), (2, 0.25565484166145325), (3, 0.4683786630630493), (4, 0.5137559771537781), (5, 0.5136643648147583), (6, 0.6949024796485901), (7, 0.5850830078125), (8, 0.535780131816864), (9, 0.3454342782497406), (0, 0.4956112205982208), (1, 0.7168290615081787), (2, 0.5551667809486389), (3, 0.592113733291626), (4, 0.4119296669960022), (5, 0.5110174417495728), (6, 0.5206459164619446), (7, 0.3644540011882782), (8, 0.3758593797683716), (9, 0.2646723985671997), (0, 0.436409592628479), (1, 0.4901890456676483), (2, 0.5377919673919678), (3, 0.3311832547187805), (4, 0.4449063837528229), (5, 0.27207010984420776), (6, 0.4311983585357666), (7, 0.3231108486652374), (8, 0.37813907861709595), (9, 0.37869492173194885), (0, 0.13243001699447632), (1, 0.0977615937590599), (2, 0.16079528629779816), (3, 0.17954356968402863), (4, 0.1278986632823944), (5, 0.08695203810930252), (6, 0.14833824336528778), (7, 0.11089154332876205), (8, 0.08623706549406052), (9, 0.15474922955036163), (0, 0.09109524637460709), (1, 0.13221600651741028), (2, 0.08871355652809143), (3, 0.15968315303325653), (4, 0.14557090401649475), (5, 0.1885031759738922), (6, 0.07118538022041321), (7, 0.05587229132652283), (8, 0.08840611577033997), (9, 0.09008114039897919), (0, 0.059134189039468765), (1, 0.06266693025827408), (2, 0.0964147076010704), (3, 0.06952780485153198), (4, 0.1547020524740219), (5, 0.109163798391819), (6, 0.09328868240118027), (7, 0.17349986732006073), (8, 0.08828207850456238), (9, 0.09641183167695999), (0, 0.10476017743349075), (1, 0.09377291798591614), (2, 0.08334823697805405), (3, 0.07454761117696762), (4, 0.13890357315540314), (5, 0.061494965106248856), (6, 0.07819612324237823), (7, 0.24138902127742767), (8, 0.09605942666530609), (9, 0.08583669364452362), (0, 0.1604137271642685), (1, 0.06767823547124863), (2, 0.0797639936208725), (3, 0.07799108326435089), (4, 0.15759100019931793), (5, 0.0794183686375618), (6, 0.05809129774570465), (7, 0.0903850570321083), (8, 0.12696807086467743), (9, 0.056857429444789886), (0, 0.09984862059354782), (1, 0.12854008376598358), (2, 0.09494897723197937), (3, 0.06977713108062744), (4, 0.08038336783647537), (5, 0.10237254947423935), (6, 0.05893005058169365), (7, 0.06504075974225998), (8, 0.10944955796003342), (9, 0.0677594467997551), (0, 0.050485607236623764), (1, 0.06036614254117012), (2, 0.05436508357524872), (3, 0.056495875120162964), (4, 0.06395120918750763), (5, 0.06532228738069534), (6, 0.05948741361498833), (7, 0.0655466616153717), (8, 0.05897265300154686), (9, 0.061241112649440765), (0, 0.050986506044864655), (1, 0.05700058490037918), (2, 0.06836947798728943), (3, 0.059868648648262024), (4, 0.056398700922727585), (5, 0.04686759039759636), (6, 0.05290308594703674), (7, 0.06651858240365982), (8, 0.058380741626024246), (9, 0.051485661417245865), (0, 0.05723279342055321), (1, 0.06319358944892883), (2, 0.05170821025967598), (3, 0.048357974737882614), (4, 0.061593446880578995), (5, 0.05835996940732002), (6, 0.048486046493053436), (7, 0.060413457453250885), (8, 0.0530671700835228), (9, 0.05492100864648819), (0, 0.06710854172706604), (1, 0.053649481385946274), (2, 0.06315062940120697), (3, 0.047340940684080124), (4, 0.061057716608047485), (5, 0.05319559946656227), (6, 0.04494902119040489), (7, 0.053594425320625305), (8, 0.06482881307601929), (9, 0.04342808201909065), (0, 0.049415841698646545), (1, 0.06616421043872833), (2, 0.05499708652496338), (3, 0.05810195580124855), (4, 0.05479223653674126), (5, 0.05131101608276367), (6, 0.05360007286071777), (7, 0.051741424947977066), (8, 0.052466802299022675), (9, 0.05794716998934746), (0, 0.052278805524110794), (1, 0.055412694811820984), (2, 0.04771191254258156), (3, 0.05541541427373886), (4, 0.053447265177965164), (5, 0.058991122990846634), (6, 0.05082905292510986), (7, 0.04821557179093361), (8, 0.05679630860686302), (9, 0.05935802310705185), (0, 0.05276195704936981), (1, 0.05046815052628517), (2, 0.05024518817663193), (3, 0.047585152089595795), (4, 0.04977361857891083), (5, 0.05082591995596886), (6, 0.05322910472750664), (7, 0.05792597681283951), (8, 0.05267287418246269), (9, 0.06059687212109566), (0, 0.05334707349538803), (1, 0.05377870053052902), (2, 0.052729178220033646), (3, 0.04841906577348709), (4, 0.049744363874197006), (5, 0.05987372249364853), (6, 0.035814620554447174), (7, 0.05275444686412811), (8, 0.052736349403858185), (9, 0.052179571241140366), (0, 0.05328426510095596), (1, 0.048673056066036224), (2, 0.047976795583963394), (3, 0.05301327258348465), (4, 0.044388510286808014), (5, 0.05192830041050911), (6, 0.051773883402347565), (7, 0.04384715482592583), (8, 0.060885731130838394), (9, 0.04791751503944397), (0, 0.05307721719145775), (1, 0.04975201562047005), (2, 0.04825342074036598), (3, 0.05451218783855438), (4, 0.04971814155578613), (5, 0.04649404436349869), (6, 0.044276051223278046), (7, 0.04608354717493057), (8, 0.05481462925672531), (9, 0.05330836400389671), (0, 0.056096840649843216), (1, 0.04464271664619446), (2, 0.048285506665706635), (3, 0.04963385686278343), (4, 0.042097751051187515), (5, 0.048986539244651794), (6, 0.0549144372344017), (7, 0.04944466054439545), (8, 0.05733616277575493), (9, 0.04824422299861908), (0, 0.04498634487390518), (1, 0.04838459566235542), (2, 0.05487753823399544), (3, 0.04711056873202324), (4, 0.050261493772268295), (5, 0.048003360629081726), (6, 0.05141175910830498), (7, 0.05106532946228981), (8, 0.053466469049453735), (9, 0.03817225620150566), (0, 0.04691064730286598), (1, 0.04637469723820686), (2, 0.04677823185920715), (3, 0.049716878682374954), (4, 0.05070114508271217), (5, 0.04737348482012749), (6, 0.05269420146942139), (7, 0.047452088445425034), (8, 0.046604808419942856), (9, 0.051534250378608704), (0, 0.056699007749557495), (1, 0.04361827298998833), (2, 0.04129772633314133), (3, 0.05231529846787453), (4, 0.056014880537986755), (5, 0.03982890024781227), (6, 0.05051840841770172), (7, 0.05272749811410904), (8, 0.046902090311050415), (9, 0.044501643627882004), (0, 0.05289700999855995), (1, 0.05291947349905968), (2, 0.04976616054773331), (3, 0.03906816616654396), (4, 0.051508087664842606), (5, 0.045127104967832565), (6, 0.04414677619934082), (7, 0.049555420875549316), (8, 0.045427050441503525), (9, 0.04002600163221359), (0, 0.04462466388940811), (1, 0.0474390871822834), (2, 0.04462839290499687), (3, 0.0482134073972702), (4, 0.046928539872169495), (5, 0.04610724747180939), (6, 0.04437262937426567), (7, 0.0481003001332283), (8, 0.05128958821296692), (9, 0.05030972138047218), (0, 0.0495031513273716), (1, 0.04238606616854668), (2, 0.046291712671518326), (3, 0.04421143978834152), (4, 0.04686252027750015), (5, 0.05136549845337868), (6, 0.04958997294306755), (7, 0.050317730754613876), (8, 0.04461072012782097), (9, 0.03770580515265465)]