Model Setup for Uniformvirtual {PATIENT_GROUPS} Trained Network:

Network Architecture Parameters
Input channels=2
Hidden channels=32
Output channels=1

Training hyperparameters
Optimizer=AdamW (
Parameter Group 0
    amsgrad: False
    betas: (0.9, 0.999)
    capturable: False
    differentiable: False
    eps: 1e-08
    foreach: None
    fused: None
    lr: 0.001
    maximize: False
    weight_decay: 1e-06
)Training Iterations=200
Learning rate=0.001
Weight decay=1e-06
Optimizer reset frequency=None

Dropout probability (after initial linear layer before NCDE): 0
Training Data Selection Parameters
(If not virtual, the only important params are the groups and whether data was normalized/standardized)
Patient groups=['Control', 'Atypical']
Augmentation strategy=Uniform
Noise Magnitude=0.05
Normalized/standardized=Standardize
Number of virtual patients per real patient=100
Label smoothing factor=0
Test Patient Combinations:
Control: (13, 11, 8, 14, 6)
MDD: (2, 6, 9, 3, 5)
Training batch size=200
Training Results:
Runtime=242.4711389541626
Loss over time=[(0, 0.707176148891449), (1, 0.6959846615791321), (2, 0.6939022541046143), (3, 0.6993727087974548), (4, 0.6878231763839722), (5, 0.6874794960021973), (6, 0.6840907335281372), (7, 0.6876367330551147), (8, 0.6836308240890503), (9, 0.6715999841690063), (0, 0.6745665669441223), (1, 0.682433009147644), (2, 0.6792160272598267), (3, 0.6699255108833313), (4, 0.6716600656509399), (5, 0.6687939167022705), (6, 0.6688320636749268), (7, 0.6739075183868408), (8, 0.6762433648109436), (9, 0.6512892246246338), (0, 0.66690993309021), (1, 0.6577587723731995), (2, 0.6536967754364014), (3, 0.6576939225196838), (4, 0.654869794845581), (5, 0.652436375617981), (6, 0.6547560095787048), (7, 0.6575402021408081), (8, 0.661319375038147), (9, 0.6642094254493713), (0, 0.6550303101539612), (1, 0.6499972343444824), (2, 0.6359689831733704), (3, 0.6469073295593262), (4, 0.6488896012306213), (5, 0.6539666056632996), (6, 0.6453491449356079), (7, 0.6425268054008484), (8, 0.6383500099182129), (9, 0.6672714948654175), (0, 0.6219791173934937), (1, 0.6441704630851746), (2, 0.6391408443450928), (3, 0.6671368479728699), (4, 0.6466397643089294), (5, 0.6370838284492493), (6, 0.6483105421066284), (7, 0.6254760026931763), (8, 0.6456096172332764), (9, 0.6325073838233948), (0, 0.6299198269844055), (1, 0.6510816216468811), (2, 0.6363464593887329), (3, 0.6325688362121582), (4, 0.6509214639663696), (5, 0.6457001566886902), (6, 0.6276819109916687), (7, 0.6308088898658752), (8, 0.6247400045394897), (9, 0.6513930559158325), (0, 0.6287365555763245), (1, 0.6367034316062927), (2, 0.6369603276252747), (3, 0.6420503258705139), (4, 0.6393254995346069), (5, 0.6333878040313721), (6, 0.6182995438575745), (7, 0.6145128011703491), (8, 0.643113911151886), (9, 0.651638388633728), (0, 0.6299948692321777), (1, 0.6285132765769958), (2, 0.631440281867981), (3, 0.6183807849884033), (4, 0.6442558169364929), (5, 0.6245390176773071), (6, 0.6170644164085388), (7, 0.6209977865219116), (8, 0.6241450309753418), (9, 0.6272162795066833), (0, 0.6272003650665283), (1, 0.6213486790657043), (2, 0.5976125597953796), (3, 0.6411103010177612), (4, 0.6231023669242859), (5, 0.6046952605247498), (6, 0.623152494430542), (7, 0.599895179271698), (8, 0.6025714874267578), (9, 0.592379629611969), (0, 0.6106307506561279), (1, 0.6060059070587158), (2, 0.5881549715995789), (3, 0.5927709937095642), (4, 0.589400053024292), (5, 0.5821046233177185), (6, 0.5955746173858643), (7, 0.5900376439094543), (8, 0.6057476997375488), (9, 0.6047725677490234), (0, 0.5902789235115051), (1, 0.5837337970733643), (2, 0.5644863247871399), (3, 0.6071585416793823), (4, 0.5612968802452087), (5, 0.5728715658187866), (6, 0.5695176124572754), (7, 0.586746871471405), (8, 0.5536878705024719), (9, 0.595466673374176), (0, 0.5801553130149841), (1, 0.5944066643714905), (2, 0.5816088318824768), (3, 0.5397169589996338), (4, 0.5591240525245667), (5, 0.5397293567657471), (6, 0.5524119734764099), (7, 0.5450596809387207), (8, 0.6041776537895203), (9, 0.5224361419677734), (0, 0.5308243036270142), (1, 0.5551633238792419), (2, 0.5378766059875488), (3, 0.5741751194000244), (4, 0.5685298442840576), (5, 0.5457119941711426), (6, 0.5436025857925415), (7, 0.5751675367355347), (8, 0.5476698279380798), (9, 0.5718268156051636), (0, 0.5475189089775085), (1, 0.542483925819397), (2, 0.5782796740531921), (3, 0.5403467416763306), (4, 0.567459225654602), (5, 0.5197268128395081), (6, 0.5205681324005127), (7, 0.5688669681549072), (8, 0.5490722060203552), (9, 0.5078790187835693), (0, 0.5242263078689575), (1, 0.5425152778625488), (2, 0.5435277819633484), (3, 0.5510852336883545), (4, 0.539836585521698), (5, 0.5125640034675598), (6, 0.563982367515564), (7, 0.5448104739189148), (8, 0.5337576866149902), (9, 0.5453184843063354), (0, 0.5449720025062561), (1, 0.5377759337425232), (2, 0.54860520362854), (3, 0.5489155650138855), (4, 0.5516432523727417), (5, 0.5231641530990601), (6, 0.5362238883972168), (7, 0.5314347743988037), (8, 0.4934642016887665), (9, 0.518199622631073), (0, 0.5450639128684998), (1, 0.5225955843925476), (2, 0.5232701301574707), (3, 0.5509526133537292), (4, 0.5173656940460205), (5, 0.5563709139823914), (6, 0.5187127590179443), (7, 0.5304657220840454), (8, 0.5520089864730835), (9, 0.43388521671295166), (0, 0.526739776134491), (1, 0.5093866586685181), (2, 0.5815643072128296), (3, 0.5786184668540955), (4, 0.48337608575820923), (5, 0.5343453884124756), (6, 0.49672603607177734), (7, 0.528976559638977), (8, 0.5052370429039001), (9, 0.5019381046295166), (0, 0.4904997944831848), (1, 0.5279129147529602), (2, 0.5574845671653748), (3, 0.5126453638076782), (4, 0.5588595867156982), (5, 0.4967811107635498), (6, 0.5107911825180054), (7, 0.5405475497245789), (8, 0.5460313558578491), (9, 0.4608147442340851), (0, 0.5669876337051392), (1, 0.532809317111969), (2, 0.5117398500442505), (3, 0.4735936224460602), (4, 0.5392049551010132), (5, 0.4983707368373871), (6, 0.4959202706813812), (7, 0.5252345204353333), (8, 0.5345348119735718), (9, 0.5357921123504639), (0, 0.5312026739120483), (1, 0.5353342294692993), (2, 0.46798256039619446), (3, 0.5585567951202393), (4, 0.5265207886695862), (5, 0.487812340259552), (6, 0.444805383682251), (7, 0.4752550423145294), (8, 0.612196683883667), (9, 0.5426273345947266), (0, 0.454733669757843), (1, 0.5517551302909851), (2, 0.48788225650787354), (3, 0.4769990146160126), (4, 0.5377501845359802), (5, 0.5653405785560608), (6, 0.5103414058685303), (7, 0.5014091730117798), (8, 0.5014384388923645), (9, 0.5852788686752319), (0, 0.5357551574707031), (1, 0.5027658939361572), (2, 0.45453333854675293), (3, 0.5277284383773804), (4, 0.4242366552352905), (5, 0.5663672089576721), (6, 0.5488512516021729), (7, 0.5132026076316833), (8, 0.5122926831245422), (9, 0.5268334746360779), (0, 0.4801095128059387), (1, 0.5213807821273804), (2, 0.4988822042942047), (3, 0.523780345916748), (4, 0.5309138894081116), (5, 0.5432984828948975), (6, 0.4625375270843506), (7, 0.5099408030509949), (8, 0.47734761238098145), (9, 0.5573789477348328), (0, 0.4836755394935608), (1, 0.4905170500278473), (2, 0.5491551756858826), (3, 0.4928136467933655), (4, 0.4940539598464966), (5, 0.5566673874855042), (6, 0.5325155854225159), (7, 0.46712085604667664), (8, 0.523589015007019), (9, 0.45196235179901123), (0, 0.4869607985019684), (1, 0.4941600561141968), (2, 0.5311588644981384), (3, 0.5007967948913574), (4, 0.4881225824356079), (5, 0.5249183773994446), (6, 0.5101177096366882), (7, 0.4921065866947174), (8, 0.49694332480430603), (9, 0.5368399024009705), (0, 0.4656531512737274), (1, 0.4802682101726532), (2, 0.5417506098747253), (3, 0.5275591015815735), (4, 0.5553678274154663), (5, 0.4328859746456146), (6, 0.4996625781059265), (7, 0.49586451053619385), (8, 0.5440467596054077), (9, 0.45903050899505615), (0, 0.5128746628761292), (1, 0.49544385075569153), (2, 0.4964362680912018), (3, 0.49631157517433167), (4, 0.5174867510795593), (5, 0.5232081413269043), (6, 0.5249164700508118), (7, 0.46749985218048096), (8, 0.4700336158275604), (9, 0.5001913905143738), (0, 0.508435845375061), (1, 0.4593210220336914), (2, 0.49250224232673645), (3, 0.4767555892467499), (4, 0.4779428541660309), (5, 0.524075984954834), (6, 0.494828999042511), (7, 0.5184037089347839), (8, 0.5426218509674072), (9, 0.483285516500473), (0, 0.49865567684173584), (1, 0.5258546471595764), (2, 0.5315619111061096), (3, 0.47278714179992676), (4, 0.5331038236618042), (5, 0.5042174458503723), (6, 0.4531986713409424), (7, 0.5388352274894714), (8, 0.4277726113796234), (9, 0.46685826778411865), (0, 0.46606484055519104), (1, 0.5396042466163635), (2, 0.47771090269088745), (3, 0.4990187883377075), (4, 0.47372967004776), (5, 0.4907098412513733), (6, 0.5332882404327393), (7, 0.5090870261192322), (8, 0.48021987080574036), (9, 0.47241806983947754), (0, 0.4632309079170227), (1, 0.47542309761047363), (2, 0.495382696390152), (3, 0.4886435270309448), (4, 0.48084691166877747), (5, 0.5332135558128357), (6, 0.5214533805847168), (7, 0.4978218376636505), (8, 0.4804827868938446), (9, 0.5038193464279175), (0, 0.4515634775161743), (1, 0.48874446749687195), (2, 0.5075439214706421), (3, 0.5461908578872681), (4, 0.5366334319114685), (5, 0.4585743248462677), (6, 0.4598136246204376), (7, 0.49211791157722473), (8, 0.47471290826797485), (9, 0.5169765949249268), (0, 0.4995988607406616), (1, 0.5413368940353394), (2, 0.4210396111011505), (3, 0.4740593731403351), (4, 0.5174943804740906), (5, 0.5648819208145142), (6, 0.46994683146476746), (7, 0.5168212652206421), (8, 0.4356449246406555), (9, 0.4460947811603546), (0, 0.5309044718742371), (1, 0.4650460481643677), (2, 0.4515398442745209), (3, 0.4710395038127899), (4, 0.5085384845733643), (5, 0.5058405995368958), (6, 0.46848922967910767), (7, 0.5018242001533508), (8, 0.548391580581665), (9, 0.3987317979335785), (0, 0.5200661420822144), (1, 0.48410072922706604), (2, 0.4285682439804077), (3, 0.4954344928264618), (4, 0.4741606116294861), (5, 0.515602707862854), (6, 0.5169761180877686), (7, 0.533719003200531), (8, 0.45345214009284973), (9, 0.4379202127456665), (0, 0.5026605129241943), (1, 0.5126619935035706), (2, 0.4769250750541687), (3, 0.49702492356300354), (4, 0.4939263164997101), (5, 0.4720420837402344), (6, 0.4949718713760376), (7, 0.562812864780426), (8, 0.444266676902771), (9, 0.59006667137146), (0, 0.44728901982307434), (1, 0.5049422383308411), (2, 0.5051174163818359), (3, 0.5002570152282715), (4, 0.47437629103660583), (5, 0.4964105188846588), (6, 0.531001091003418), (7, 0.5155515074729919), (8, 0.43209919333457947), (9, 0.5582858920097351), (0, 0.5399673581123352), (1, 0.5019135475158691), (2, 0.48773062229156494), (3, 0.49621647596359253), (4, 0.46611613035202026), (5, 0.4685657024383545), (6, 0.46281492710113525), (7, 0.4638921022415161), (8, 0.4946058392524719), (9, 0.5327557325363159), (0, 0.4921421706676483), (1, 0.517397940158844), (2, 0.491160124540329), (3, 0.44989296793937683), (4, 0.45739373564720154), (5, 0.45904436707496643), (6, 0.47535455226898193), (7, 0.47077301144599915), (8, 0.5244092345237732), (9, 0.5580251812934875), (0, 0.43258002400398254), (1, 0.4864811599254608), (2, 0.5345548391342163), (3, 0.44596782326698303), (4, 0.49236705899238586), (5, 0.5011942386627197), (6, 0.4424488842487335), (7, 0.49970459938049316), (8, 0.45919981598854065), (9, 0.6114180088043213), (0, 0.4700264036655426), (1, 0.5184568166732788), (2, 0.47310006618499756), (3, 0.4851840138435364), (4, 0.47799673676490784), (5, 0.4724803864955902), (6, 0.4805281460285187), (7, 0.46946507692337036), (8, 0.5064719915390015), (9, 0.47884809970855713), (0, 0.45511871576309204), (1, 0.5005175471305847), (2, 0.4963454008102417), (3, 0.5178037285804749), (4, 0.47758713364601135), (5, 0.48602065443992615), (6, 0.42349541187286377), (7, 0.5292181968688965), (8, 0.4533732235431671), (9, 0.4895322918891907), (0, 0.48726195096969604), (1, 0.465081125497818), (2, 0.44506722688674927), (3, 0.46195003390312195), (4, 0.4649960398674011), (5, 0.43119657039642334), (6, 0.5141779780387878), (7, 0.5021832585334778), (8, 0.519064724445343), (9, 0.5758876800537109), (0, 0.42988190054893494), (1, 0.46746107935905457), (2, 0.4897344708442688), (3, 0.4834526777267456), (4, 0.45964962244033813), (5, 0.4917156994342804), (6, 0.5041741728782654), (7, 0.4658588469028473), (8, 0.5188325643539429), (9, 0.5276608467102051), (0, 0.4747501015663147), (1, 0.45029082894325256), (2, 0.520300030708313), (3, 0.46321338415145874), (4, 0.4736207127571106), (5, 0.4400918483734131), (6, 0.5276708006858826), (7, 0.4639379382133484), (8, 0.4956182539463043), (9, 0.5178287625312805), (0, 0.5216103792190552), (1, 0.5001270771026611), (2, 0.48041075468063354), (3, 0.4881629943847656), (4, 0.4723597466945648), (5, 0.43628907203674316), (6, 0.454039067029953), (7, 0.43989771604537964), (8, 0.4741111397743225), (9, 0.5969443321228027), (0, 0.4370499849319458), (1, 0.46499907970428467), (2, 0.4830690324306488), (3, 0.5315302014350891), (4, 0.46760204434394836), (5, 0.5410564541816711), (6, 0.4853443205356598), (7, 0.46205928921699524), (8, 0.4868476092815399), (9, 0.4040018320083618), (0, 0.44522207975387573), (1, 0.5042613744735718), (2, 0.4430351257324219), (3, 0.4626331031322479), (4, 0.4564535617828369), (5, 0.4701870381832123), (6, 0.503835916519165), (7, 0.5303460955619812), (8, 0.5551336407661438), (9, 0.36879974603652954), (0, 0.4483511745929718), (1, 0.5195832848548889), (2, 0.5053430199623108), (3, 0.5143784880638123), (4, 0.4591454267501831), (5, 0.4869645833969116), (6, 0.44162896275520325), (7, 0.4874728322029114), (8, 0.44342178106307983), (9, 0.4875473082065582), (0, 0.41236260533332825), (1, 0.49397000670433044), (2, 0.5151548981666565), (3, 0.4435201585292816), (4, 0.4585283398628235), (5, 0.5183640122413635), (6, 0.4880698323249817), (7, 0.5389226675033569), (8, 0.44282570481300354), (9, 0.4674667418003082), (0, 0.4725803732872009), (1, 0.49639183282852173), (2, 0.4876272976398468), (3, 0.4448102116584778), (4, 0.5132245421409607), (5, 0.4823109805583954), (6, 0.4310623109340668), (7, 0.4615572988986969), (8, 0.4837419092655182), (9, 0.5345827341079712), (0, 0.49800923466682434), (1, 0.42064908146858215), (2, 0.4830985367298126), (3, 0.4760042130947113), (4, 0.5045384168624878), (5, 0.5038295388221741), (6, 0.43110325932502747), (7, 0.5287513732910156), (8, 0.4764164090156555), (9, 0.44756630063056946), (0, 0.5167952179908752), (1, 0.48017752170562744), (2, 0.48720186948776245), (3, 0.43808692693710327), (4, 0.45633232593536377), (5, 0.4916246831417084), (6, 0.48883259296417236), (7, 0.4595543146133423), (8, 0.49732667207717896), (9, 0.45399582386016846), (0, 0.48552072048187256), (1, 0.4786948263645172), (2, 0.45663583278656006), (3, 0.49730461835861206), (4, 0.4546167850494385), (5, 0.451394259929657), (6, 0.467926561832428), (7, 0.5063381791114807), (8, 0.49735820293426514), (9, 0.4755318760871887), (0, 0.48469477891921997), (1, 0.5194259285926819), (2, 0.4888424575328827), (3, 0.46792179346084595), (4, 0.5147789120674133), (5, 0.4609726071357727), (6, 0.4538916051387787), (7, 0.46332913637161255), (8, 0.46080437302589417), (9, 0.43011274933815), (0, 0.48232442140579224), (1, 0.49126389622688293), (2, 0.430924654006958), (3, 0.49022606015205383), (4, 0.4799294173717499), (5, 0.48876866698265076), (6, 0.4620501399040222), (7, 0.4543490707874298), (8, 0.47991713881492615), (9, 0.5295570492744446), (0, 0.5118250250816345), (1, 0.4729273319244385), (2, 0.5245037078857422), (3, 0.45928940176963806), (4, 0.47041240334510803), (5, 0.4363956153392792), (6, 0.4982033967971802), (7, 0.4971461594104767), (8, 0.4139167070388794), (9, 0.4745270609855652), (0, 0.5107077360153198), (1, 0.4753652811050415), (2, 0.4083179831504822), (3, 0.48749321699142456), (4, 0.4547773599624634), (5, 0.5068018436431885), (6, 0.5111773610115051), (7, 0.4270605742931366), (8, 0.499210923910141), (9, 0.48380032181739807), (0, 0.4481066167354584), (1, 0.49082469940185547), (2, 0.4415370523929596), (3, 0.5405715703964233), (4, 0.4444868564605713), (5, 0.47332078218460083), (6, 0.47150859236717224), (7, 0.4965137839317322), (8, 0.4901628792285919), (9, 0.4393605887889862), (0, 0.48315200209617615), (1, 0.48625704646110535), (2, 0.5110485553741455), (3, 0.5088037252426147), (4, 0.45989540219306946), (5, 0.43311816453933716), (6, 0.423874169588089), (7, 0.5027650594711304), (8, 0.4665389358997345), (9, 0.4781626760959625), (0, 0.49732667207717896), (1, 0.4955618679523468), (2, 0.5249490141868591), (3, 0.49137356877326965), (4, 0.42947766184806824), (5, 0.44560718536376953), (6, 0.5175424814224243), (7, 0.4504348337650299), (8, 0.42269498109817505), (9, 0.46860045194625854), (0, 0.4725993275642395), (1, 0.4486553966999054), (2, 0.49098673462867737), (3, 0.5052857398986816), (4, 0.427580326795578), (5, 0.452065646648407), (6, 0.47958090901374817), (7, 0.49990078806877136), (8, 0.45527470111846924), (9, 0.552510678768158), (0, 0.5223533511161804), (1, 0.44095227122306824), (2, 0.4294617772102356), (3, 0.5256716012954712), (4, 0.45048636198043823), (5, 0.5218448042869568), (6, 0.4475151300430298), (7, 0.4640544652938843), (8, 0.45936843752861023), (9, 0.4882047176361084), (0, 0.4212280213832855), (1, 0.4497099220752716), (2, 0.5265649557113647), (3, 0.4937373399734497), (4, 0.46276724338531494), (5, 0.4822363257408142), (6, 0.44764289259910583), (7, 0.46825528144836426), (8, 0.5251829624176025), (9, 0.45463794469833374), (0, 0.3983822762966156), (1, 0.4546446204185486), (2, 0.4603177607059479), (3, 0.4988526999950409), (4, 0.46137645840644836), (5, 0.49226561188697815), (6, 0.5329132080078125), (7, 0.43672189116477966), (8, 0.4971291422843933), (9, 0.5359153151512146), (0, 0.4301837682723999), (1, 0.4656006991863251), (2, 0.4800328016281128), (3, 0.5186175107955933), (4, 0.4946323037147522), (5, 0.47343844175338745), (6, 0.4630488157272339), (7, 0.4765840470790863), (8, 0.4585278630256653), (9, 0.4698919355869293), (0, 0.45135965943336487), (1, 0.45412585139274597), (2, 0.41254279017448425), (3, 0.45361053943634033), (4, 0.4796057939529419), (5, 0.4936045706272125), (6, 0.4854007959365845), (7, 0.5283794403076172), (8, 0.48421919345855713), (9, 0.5060944557189941), (0, 0.49219009280204773), (1, 0.462137371301651), (2, 0.47103580832481384), (3, 0.4443513751029968), (4, 0.41702812910079956), (5, 0.5076607465744019), (6, 0.5174287557601929), (7, 0.5216485261917114), (8, 0.43112242221832275), (9, 0.46485769748687744), (0, 0.45205649733543396), (1, 0.4485021233558655), (2, 0.5114351511001587), (3, 0.4004511535167694), (4, 0.5383013486862183), (5, 0.4947706460952759), (6, 0.49400007724761963), (7, 0.4622112214565277), (8, 0.4390154182910919), (9, 0.49915412068367004), (0, 0.49013751745224), (1, 0.43712225556373596), (2, 0.5215432643890381), (3, 0.44452035427093506), (4, 0.43353477120399475), (5, 0.42854058742523193), (6, 0.5130885243415833), (7, 0.49754947423934937), (8, 0.46246737241744995), (9, 0.5121982097625732), (0, 0.4814046621322632), (1, 0.42213600873947144), (2, 0.46298396587371826), (3, 0.44856300950050354), (4, 0.498458594083786), (5, 0.485655814409256), (6, 0.45498284697532654), (7, 0.4940716624259949), (8, 0.4933517873287201), (9, 0.4837639629840851), (0, 0.4944293200969696), (1, 0.4902793765068054), (2, 0.4326505661010742), (3, 0.4555860757827759), (4, 0.48031410574913025), (5, 0.4315531253814697), (6, 0.47826504707336426), (7, 0.5231695175170898), (8, 0.45329520106315613), (9, 0.4796518087387085), (0, 0.46476638317108154), (1, 0.46663546562194824), (2, 0.5047716498374939), (3, 0.44419562816619873), (4, 0.4246594309806824), (5, 0.493958979845047), (6, 0.512028157711029), (7, 0.44203323125839233), (8, 0.4956606924533844), (9, 0.44977569580078125), (0, 0.4734081029891968), (1, 0.4554680287837982), (2, 0.44761329889297485), (3, 0.4811479151248932), (4, 0.48531556129455566), (5, 0.46449485421180725), (6, 0.4507100582122803), (7, 0.45593783259391785), (8, 0.5163217782974243), (9, 0.48383888602256775), (0, 0.5182138085365295), (1, 0.4710777699947357), (2, 0.4229782223701477), (3, 0.5102769732475281), (4, 0.4554070234298706), (5, 0.49077919125556946), (6, 0.4650699198246002), (7, 0.4735700190067291), (8, 0.43987125158309937), (9, 0.4499656558036804), (0, 0.5173878073692322), (1, 0.5086294412612915), (2, 0.46951308846473694), (3, 0.4392547309398651), (4, 0.5213305354118347), (5, 0.4311867654323578), (6, 0.42734241485595703), (7, 0.47386446595191956), (8, 0.45568373799324036), (9, 0.4538037180900574), (0, 0.4979148507118225), (1, 0.47646790742874146), (2, 0.48878487944602966), (3, 0.48485249280929565), (4, 0.4664757251739502), (5, 0.453021764755249), (6, 0.44941356778144836), (7, 0.4857619106769562), (8, 0.4289546310901642), (9, 0.4683457612991333), (0, 0.5075457692146301), (1, 0.4598582088947296), (2, 0.45964309573173523), (3, 0.4445725977420807), (4, 0.4822860658168793), (5, 0.4390379786491394), (6, 0.49064338207244873), (7, 0.4906812906265259), (8, 0.4795559346675873), (9, 0.42061999440193176), (0, 0.47480055689811707), (1, 0.4720294177532196), (2, 0.47102275490760803), (3, 0.45453453063964844), (4, 0.4621196985244751), (5, 0.4955703616142273), (6, 0.46210476756095886), (7, 0.4989784359931946), (8, 0.456625759601593), (9, 0.4316081702709198), (0, 0.4890707731246948), (1, 0.4320089817047119), (2, 0.47150829434394836), (3, 0.46362268924713135), (4, 0.42889469861984253), (5, 0.4839377999305725), (6, 0.4368588924407959), (7, 0.511478066444397), (8, 0.49118706583976746), (9, 0.4981164038181305), (0, 0.4744337201118469), (1, 0.4722822308540344), (2, 0.4597071707248688), (3, 0.46859490871429443), (4, 0.41516783833503723), (5, 0.507570743560791), (6, 0.5165130496025085), (7, 0.491733193397522), (8, 0.4478946328163147), (9, 0.40661826729774475), (0, 0.44881898164749146), (1, 0.4655286371707916), (2, 0.4133260250091553), (3, 0.4866887331008911), (4, 0.5290062427520752), (5, 0.47412949800491333), (6, 0.4769749045372009), (7, 0.45753902196884155), (8, 0.4700848460197449), (9, 0.4636463224887848), (0, 0.484612375497818), (1, 0.44808030128479004), (2, 0.49756529927253723), (3, 0.4903281331062317), (4, 0.43855711817741394), (5, 0.4822860658168793), (6, 0.467424213886261), (7, 0.4662854075431824), (8, 0.4637311100959778), (9, 0.42853984236717224), (0, 0.5108486413955688), (1, 0.4215451776981354), (2, 0.4278758764266968), (3, 0.4931025207042694), (4, 0.45910152792930603), (5, 0.47685351967811584), (6, 0.4759722948074341), (7, 0.48265889286994934), (8, 0.5180647373199463), (9, 0.37013480067253113), (0, 0.5140137672424316), (1, 0.4840274453163147), (2, 0.4849535822868347), (3, 0.46798136830329895), (4, 0.47030875086784363), (5, 0.4060012102127075), (6, 0.4748876988887787), (7, 0.42626485228538513), (8, 0.4606815278530121), (9, 0.5159198641777039), (0, 0.4453289806842804), (1, 0.4316767156124115), (2, 0.4640287756919861), (3, 0.4975056052207947), (4, 0.46888870000839233), (5, 0.5096121430397034), (6, 0.5101101398468018), (7, 0.4592444598674774), (8, 0.4469669759273529), (9, 0.4271094799041748), (0, 0.4963550567626953), (1, 0.4113515019416809), (2, 0.5010396242141724), (3, 0.4569252133369446), (4, 0.4785439968109131), (5, 0.5115956664085388), (6, 0.44259533286094666), (7, 0.4959847331047058), (8, 0.4422389566898346), (9, 0.4136502146720886), (0, 0.4493848383426666), (1, 0.41777217388153076), (2, 0.4717249572277069), (3, 0.4638182818889618), (4, 0.45238035917282104), (5, 0.46791473031044006), (6, 0.5227882266044617), (7, 0.4286743104457855), (8, 0.5258874297142029), (9, 0.4816129803657532), (0, 0.520839273929596), (1, 0.4623781144618988), (2, 0.46792542934417725), (3, 0.41738033294677734), (4, 0.518577516078949), (5, 0.4470463693141937), (6, 0.47537747025489807), (7, 0.4505944848060608), (8, 0.4561416506767273), (9, 0.44617146253585815), (0, 0.4689991772174835), (1, 0.5143706798553467), (2, 0.4661512076854706), (3, 0.48768532276153564), (4, 0.47236546874046326), (5, 0.46945831179618835), (6, 0.45509594678878784), (7, 0.4458375871181488), (8, 0.4261009991168976), (9, 0.4569079875946045), (0, 0.45903563499450684), (1, 0.47244349122047424), (2, 0.45419254899024963), (3, 0.5085434913635254), (4, 0.4693338871002197), (5, 0.47831231355667114), (6, 0.4715370833873749), (7, 0.4707922339439392), (8, 0.43254339694976807), (9, 0.4335601031780243), (0, 0.4195401072502136), (1, 0.47907984256744385), (2, 0.5037236213684082), (3, 0.503355085849762), (4, 0.48405948281288147), (5, 0.451989084482193), (6, 0.44813936948776245), (7, 0.47107383608818054), (8, 0.41706275939941406), (9, 0.5068838596343994), (0, 0.47049155831336975), (1, 0.44532474875450134), (2, 0.4604863226413727), (3, 0.5046451687812805), (4, 0.4873744249343872), (5, 0.43534114956855774), (6, 0.44339942932128906), (7, 0.4796803593635559), (8, 0.4532639682292938), (9, 0.4970813989639282), (0, 0.5386238098144531), (1, 0.44142282009124756), (2, 0.4604244530200958), (3, 0.4742562472820282), (4, 0.46909111738204956), (5, 0.45953378081321716), (6, 0.4392824172973633), (7, 0.4753633737564087), (8, 0.48729705810546875), (9, 0.37467625737190247), (0, 0.5115426778793335), (1, 0.45837974548339844), (2, 0.44457244873046875), (3, 0.43476277589797974), (4, 0.4883910119533539), (5, 0.4717908501625061), (6, 0.44368577003479004), (7, 0.47650060057640076), (8, 0.44965577125549316), (9, 0.4983096718788147), (0, 0.39691412448883057), (1, 0.503633439540863), (2, 0.5216432213783264), (3, 0.49791190028190613), (4, 0.40838944911956787), (5, 0.5154899954795837), (6, 0.4282965362071991), (7, 0.45348238945007324), (8, 0.48468348383903503), (9, 0.4272201657295227), (0, 0.3925231993198395), (1, 0.46228331327438354), (2, 0.5181780457496643), (3, 0.44254809617996216), (4, 0.5433247089385986), (5, 0.42254889011383057), (6, 0.4500894248485565), (7, 0.47844254970550537), (8, 0.4905186593532562), (9, 0.4398273527622223), (0, 0.4428246319293976), (1, 0.46663230657577515), (2, 0.42957809567451477), (3, 0.5063437819480896), (4, 0.45192238688468933), (5, 0.49577265977859497), (6, 0.4316559135913849), (7, 0.47903820872306824), (8, 0.47428959608078003), (9, 0.4867435097694397), (0, 0.45519933104515076), (1, 0.4481410086154938), (2, 0.4619241952896118), (3, 0.50334233045578), (4, 0.4623508155345917), (5, 0.4947817623615265), (6, 0.4506295919418335), (7, 0.4512726664543152), (8, 0.45827633142471313), (9, 0.46749255061149597), (0, 0.42570874094963074), (1, 0.45496872067451477), (2, 0.44876396656036377), (3, 0.4696720242500305), (4, 0.43997514247894287), (5, 0.450191855430603), (6, 0.5080251097679138), (7, 0.46172282099723816), (8, 0.5119141936302185), (9, 0.4884689450263977), (0, 0.44226983189582825), (1, 0.4105418026447296), (2, 0.5126231908798218), (3, 0.42118194699287415), (4, 0.4960167706012726), (5, 0.46241313219070435), (6, 0.4479552209377289), (7, 0.4722093939781189), (8, 0.4957042634487152), (9, 0.5054667592048645), (0, 0.4742039144039154), (1, 0.45286881923675537), (2, 0.4873672127723694), (3, 0.47269293665885925), (4, 0.46231400966644287), (5, 0.4685206115245819), (6, 0.47184181213378906), (7, 0.41509419679641724), (8, 0.4426412582397461), (9, 0.5268161296844482), (0, 0.4651494324207306), (1, 0.41495102643966675), (2, 0.48752361536026), (3, 0.44286346435546875), (4, 0.497752845287323), (5, 0.42390206456184387), (6, 0.4638780355453491), (7, 0.4878169000148773), (8, 0.5058435201644897), (9, 0.4343467652797699), (0, 0.48355257511138916), (1, 0.4558720290660858), (2, 0.48875564336776733), (3, 0.44616901874542236), (4, 0.4270377457141876), (5, 0.44756439328193665), (6, 0.4907752275466919), (7, 0.423099160194397), (8, 0.48277539014816284), (9, 0.5198384523391724), (0, 0.46434277296066284), (1, 0.44768810272216797), (2, 0.4850597679615021), (3, 0.46527013182640076), (4, 0.495570570230484), (5, 0.4500361680984497), (6, 0.4535744786262512), (7, 0.45313045382499695), (8, 0.45736685395240784), (9, 0.47297611832618713), (0, 0.49844062328338623), (1, 0.4692631661891937), (2, 0.45667052268981934), (3, 0.4334196448326111), (4, 0.4097493886947632), (5, 0.44496822357177734), (6, 0.4654316306114197), (7, 0.4895608425140381), (8, 0.4711054563522339), (9, 0.5268045663833618), (0, 0.4569737911224365), (1, 0.46399030089378357), (2, 0.4361584484577179), (3, 0.48953190445899963), (4, 0.5119391679763794), (5, 0.43852347135543823), (6, 0.4821450412273407), (7, 0.42335206270217896), (8, 0.48040351271629333), (9, 0.4342028796672821), (0, 0.4585281014442444), (1, 0.441397488117218), (2, 0.43659117817878723), (3, 0.4555952548980713), (4, 0.4949553608894348), (5, 0.45515644550323486), (6, 0.4848344922065735), (7, 0.43129631876945496), (8, 0.4686591327190399), (9, 0.5434466004371643), (0, 0.4204791188240051), (1, 0.4444602131843567), (2, 0.4679524898529053), (3, 0.4540647268295288), (4, 0.4805341958999634), (5, 0.513598620891571), (6, 0.49064040184020996), (7, 0.45576944947242737), (8, 0.4366321861743927), (9, 0.47224321961402893), (0, 0.4597068428993225), (1, 0.4317549169063568), (2, 0.45643723011016846), (3, 0.4703744947910309), (4, 0.4332117736339569), (5, 0.4929271936416626), (6, 0.4506079852581024), (7, 0.45150548219680786), (8, 0.4915841817855835), (9, 0.5222980976104736), (0, 0.4340117275714874), (1, 0.46315503120422363), (2, 0.4706544876098633), (3, 0.5060424208641052), (4, 0.47123250365257263), (5, 0.44379156827926636), (6, 0.441060334444046), (7, 0.44558030366897583), (8, 0.49253514409065247), (9, 0.44812238216400146), (0, 0.5188719630241394), (1, 0.4437573552131653), (2, 0.4447172284126282), (3, 0.42499831318855286), (4, 0.4906591475009918), (5, 0.4132017195224762), (6, 0.4608463943004608), (7, 0.5040901899337769), (8, 0.46505874395370483), (9, 0.4454585909843445), (0, 0.45701849460601807), (1, 0.4515779912471771), (2, 0.4848712086677551), (3, 0.49302372336387634), (4, 0.43171992897987366), (5, 0.4754544496536255), (6, 0.4047715365886688), (7, 0.439149409532547), (8, 0.5110328793525696), (9, 0.4740329086780548), (0, 0.4581989347934723), (1, 0.46073001623153687), (2, 0.5039763450622559), (3, 0.4977967143058777), (4, 0.4488326609134674), (5, 0.4474583864212036), (6, 0.5138683915138245), (7, 0.4066985845565796), (8, 0.4184953272342682), (9, 0.4579318165779114), (0, 0.472077876329422), (1, 0.469236820936203), (2, 0.44120049476623535), (3, 0.42443832755088806), (4, 0.4705081582069397), (5, 0.4543991982936859), (6, 0.4737405478954315), (7, 0.47484657168388367), (8, 0.4850075840950012), (9, 0.4363386929035187), (0, 0.4781498610973358), (1, 0.41009700298309326), (2, 0.5049147009849548), (3, 0.4720425009727478), (4, 0.4653359353542328), (5, 0.5182549953460693), (6, 0.46208927035331726), (7, 0.4284256100654602), (8, 0.41824302077293396), (9, 0.44951897859573364), (0, 0.46930792927742004), (1, 0.426961749792099), (2, 0.5196920037269592), (3, 0.5041576623916626), (4, 0.41325119137763977), (5, 0.4351085424423218), (6, 0.47518905997276306), (7, 0.43002575635910034), (8, 0.4506983160972595), (9, 0.5151346921920776), (0, 0.47173362970352173), (1, 0.4871949255466461), (2, 0.456686794757843), (3, 0.4273163676261902), (4, 0.459674596786499), (5, 0.4886939525604248), (6, 0.4836394190788269), (7, 0.4632072448730469), (8, 0.42319145798683167), (9, 0.4360862374305725), (0, 0.5087921023368835), (1, 0.45944735407829285), (2, 0.5186770558357239), (3, 0.49139881134033203), (4, 0.42389217019081116), (5, 0.4095116853713989), (6, 0.4545835256576538), (7, 0.41612711548805237), (8, 0.4357856512069702), (9, 0.5181351900100708), (0, 0.4282441735267639), (1, 0.43374520540237427), (2, 0.4799973964691162), (3, 0.45193102955818176), (4, 0.5033754110336304), (5, 0.4687606394290924), (6, 0.4225516617298126), (7, 0.4678768813610077), (8, 0.4771977365016937), (9, 0.4808235168457031), (0, 0.5256490707397461), (1, 0.47050395607948303), (2, 0.4588226079940796), (3, 0.4687362015247345), (4, 0.4518890380859375), (5, 0.4469665586948395), (6, 0.459803968667984), (7, 0.43887901306152344), (8, 0.4587876796722412), (9, 0.38264232873916626), (0, 0.43779629468917847), (1, 0.4505563974380493), (2, 0.46225857734680176), (3, 0.4772660434246063), (4, 0.5072331428527832), (5, 0.4384796619415283), (6, 0.4721128046512604), (7, 0.4352279007434845), (8, 0.45469343662261963), (9, 0.46763551235198975), (0, 0.4629688560962677), (1, 0.4616852104663849), (2, 0.47244369983673096), (3, 0.46018683910369873), (4, 0.43381035327911377), (5, 0.4372047483921051), (6, 0.465804785490036), (7, 0.48042070865631104), (8, 0.45620808005332947), (9, 0.4722774922847748), (0, 0.5048646926879883), (1, 0.4504064619541168), (2, 0.443217933177948), (3, 0.4412524402141571), (4, 0.47580188512802124), (5, 0.4893861413002014), (6, 0.43601182103157043), (7, 0.44617941975593567), (8, 0.42369234561920166), (9, 0.5096435546875), (0, 0.46316826343536377), (1, 0.4455955922603607), (2, 0.49654731154441833), (3, 0.5003533363342285), (4, 0.462881475687027), (5, 0.48220542073249817), (6, 0.4469383955001831), (7, 0.39930644631385803), (8, 0.43900907039642334), (9, 0.4606626033782959), (0, 0.4483204185962677), (1, 0.46800172328948975), (2, 0.4387226104736328), (3, 0.4539860188961029), (4, 0.43575912714004517), (5, 0.4368499517440796), (6, 0.44908440113067627), (7, 0.5038114190101624), (8, 0.5065311789512634), (9, 0.4377976357936859), (0, 0.5174211263656616), (1, 0.46073800325393677), (2, 0.36870047450065613), (3, 0.4832596480846405), (4, 0.5050516724586487), (5, 0.4537566304206848), (6, 0.46931135654449463), (7, 0.49452757835388184), (8, 0.41754692792892456), (9, 0.3772461712360382), (0, 0.5206642150878906), (1, 0.4290079176425934), (2, 0.47312840819358826), (3, 0.4526735544204712), (4, 0.45493751764297485), (5, 0.4831041991710663), (6, 0.3673325777053833), (7, 0.5012839436531067), (8, 0.4322657883167267), (9, 0.48482266068458557), (0, 0.5130422711372375), (1, 0.4503486752510071), (2, 0.45661547780036926), (3, 0.4652365446090698), (4, 0.488860160112381), (5, 0.4419459402561188), (6, 0.41381165385246277), (7, 0.48782879114151), (8, 0.43479451537132263), (9, 0.40453654527664185), (0, 0.49337607622146606), (1, 0.48834556341171265), (2, 0.43510493636131287), (3, 0.4679175615310669), (4, 0.4458827078342438), (5, 0.5090808868408203), (6, 0.48684707283973694), (7, 0.3797789514064789), (8, 0.4152909219264984), (9, 0.4601907432079315), (0, 0.4433783292770386), (1, 0.43631088733673096), (2, 0.43111974000930786), (3, 0.4912208318710327), (4, 0.46663084626197815), (5, 0.4384903311729431), (6, 0.4763858914375305), (7, 0.4632005989551544), (8, 0.47372108697891235), (9, 0.45546290278434753), (0, 0.4457085430622101), (1, 0.46498069167137146), (2, 0.49192869663238525), (3, 0.38520482182502747), (4, 0.49560901522636414), (5, 0.4795602858066559), (6, 0.4610629677772522), (7, 0.4443829357624054), (8, 0.436445951461792), (9, 0.48533743619918823), (0, 0.5018340945243835), (1, 0.45635196566581726), (2, 0.45851051807403564), (3, 0.5161562561988831), (4, 0.4497471749782562), (5, 0.42999404668807983), (6, 0.4229525029659271), (7, 0.4482468068599701), (8, 0.4497091770172119), (9, 0.425601989030838), (0, 0.5386929512023926), (1, 0.45061951875686646), (2, 0.4308791756629944), (3, 0.39162611961364746), (4, 0.4621473550796509), (5, 0.4506722390651703), (6, 0.43959081172943115), (7, 0.47250011563301086), (8, 0.43632277846336365), (9, 0.5435869693756104), (0, 0.434061735868454), (1, 0.49118492007255554), (2, 0.4315703213214874), (3, 0.43721824884414673), (4, 0.44394639134407043), (5, 0.4766145646572113), (6, 0.4494750201702118), (7, 0.4484725296497345), (8, 0.5045433044433594), (9, 0.44631853699684143), (0, 0.4941413104534149), (1, 0.40918341279029846), (2, 0.4646700322628021), (3, 0.5055741667747498), (4, 0.447157084941864), (5, 0.42617085576057434), (6, 0.4351857304573059), (7, 0.47177162766456604), (8, 0.44541969895362854), (9, 0.4825426936149597), (0, 0.4131980240345001), (1, 0.46718060970306396), (2, 0.5149289965629578), (3, 0.45755377411842346), (4, 0.4532817602157593), (5, 0.47972461581230164), (6, 0.4357711672782898), (7, 0.4140281677246094), (8, 0.505124568939209), (9, 0.39770710468292236), (0, 0.4260639548301697), (1, 0.4763115346431732), (2, 0.4492415487766266), (3, 0.5376268029212952), (4, 0.43929439783096313), (5, 0.42854368686676025), (6, 0.4307144582271576), (7, 0.45475029945373535), (8, 0.47675999999046326), (9, 0.42845484614372253), (0, 0.42945411801338196), (1, 0.44007882475852966), (2, 0.4833463728427887), (3, 0.44190117716789246), (4, 0.4565260410308838), (5, 0.4642064571380615), (6, 0.487453818321228), (7, 0.4998091161251068), (8, 0.4271423816680908), (9, 0.40263622999191284), (0, 0.4606226980686188), (1, 0.4694207012653351), (2, 0.4395506978034973), (3, 0.4598385691642761), (4, 0.45695286989212036), (5, 0.4148637354373932), (6, 0.4522828161716461), (7, 0.4970974624156952), (8, 0.46138283610343933), (9, 0.44197094440460205), (0, 0.4595918357372284), (1, 0.4986364245414734), (2, 0.4657163619995117), (3, 0.487338662147522), (4, 0.4090460240840912), (5, 0.4660998582839966), (6, 0.4726485013961792), (7, 0.45202410221099854), (8, 0.4279255270957947), (9, 0.38260558247566223), (0, 0.44108346104621887), (1, 0.46487098932266235), (2, 0.4992527663707733), (3, 0.41306987404823303), (4, 0.45699161291122437), (5, 0.47125861048698425), (6, 0.4171549677848816), (7, 0.48101794719696045), (8, 0.4251984655857086), (9, 0.5114970207214355), (0, 0.4743408262729645), (1, 0.45698174834251404), (2, 0.43894335627555847), (3, 0.4350285828113556), (4, 0.48966747522354126), (5, 0.4590044319629669), (6, 0.4668835401535034), (7, 0.4845855236053467), (8, 0.4389905035495758), (9, 0.3615604341030121), (0, 0.49317657947540283), (1, 0.4778476059436798), (2, 0.5286145210266113), (3, 0.4588460922241211), (4, 0.47659024596214294), (5, 0.4268489181995392), (6, 0.4129185378551483), (7, 0.4271334707736969), (8, 0.40116217732429504), (9, 0.4345000386238098), (0, 0.4706953763961792), (1, 0.44508713483810425), (2, 0.491603285074234), (3, 0.43258583545684814), (4, 0.4897647798061371), (5, 0.4994739890098572), (6, 0.5862258672714233), (7, 0.6112483739852905), (8, 0.7975816130638123), (9, 0.8344801068305969), (0, 0.9317158460617065), (1, 0.7362706065177917), (2, 0.8358157277107239), (3, 0.7608696222305298), (4, 0.781425416469574), (5, 0.8195051550865173), (6, 0.8376222252845764), (7, 0.766364336013794), (8, 0.7685658931732178), (9, 0.7467253804206848), (0, 0.678975522518158), (1, 0.7605966329574585), (2, 0.7753744721412659), (3, 0.6823307871818542), (4, 0.7518705725669861), (5, 0.7828915119171143), (6, 0.6907002329826355), (7, 0.7095706462860107), (8, 0.6882469654083252), (9, 0.6847825646400452), (0, 0.6971946954727173), (1, 0.7074195742607117), (2, 0.6272696852684021), (3, 0.611383855342865), (4, 0.6573045253753662), (5, 0.6345272660255432), (6, 0.7143029570579529), (7, 0.679664671421051), (8, 0.6780381798744202), (9, 0.6403501629829407), (0, 0.6713295578956604), (1, 0.6280794739723206), (2, 0.5933873057365417), (3, 0.6276743412017822), (4, 0.6408900618553162), (5, 0.6356508731842041), (6, 0.5894374251365662), (7, 0.6440322399139404), (8, 0.6143253445625305), (9, 0.5796597003936768), (0, 0.6279653906822205), (1, 0.6103720664978027), (2, 0.5926293730735779), (3, 0.6400086283683777), (4, 0.6033548712730408), (5, 0.6092730164527893), (6, 0.6209844946861267), (7, 0.6081582903862), (8, 0.6012232899665833), (9, 0.5823165774345398), (0, 0.5694813132286072), (1, 0.5905795097351074), (2, 0.6299665570259094), (3, 0.6554036140441895), (4, 0.5931944847106934), (5, 0.6087942719459534), (6, 0.6047593951225281), (7, 0.612749457359314), (8, 0.5660964846611023), (9, 0.5816987752914429), (0, 0.5987767577171326), (1, 0.6359068155288696), (2, 0.5760849118232727), (3, 0.6271989941596985), (4, 0.5884198546409607), (5, 0.5590391755104065), (6, 0.6158491373062134), (7, 0.6018039584159851), (8, 0.5705651044845581), (9, 0.5743986368179321), (0, 0.6384262442588806), (1, 0.5644194483757019), (2, 0.5867065191268921), (3, 0.5907631516456604), (4, 0.5673167109489441), (5, 0.6017674207687378), (6, 0.5919590592384338), (7, 0.5856065154075623), (8, 0.5983139872550964), (9, 0.5777066946029663), (0, 0.6181122660636902), (1, 0.5839794278144836), (2, 0.5466348528862), (3, 0.5680283904075623), (4, 0.5883374214172363), (5, 0.5993629097938538), (6, 0.5626363158226013), (7, 0.5847554206848145), (8, 0.5998163223266602), (9, 0.6196621060371399), (0, 0.5843589901924133), (1, 0.5706614851951599), (2, 0.6220183968544006), (3, 0.5596919059753418), (4, 0.5739603638648987), (5, 0.5714124441146851), (6, 0.572878897190094), (7, 0.5863757133483887), (8, 0.5615277290344238), (9, 0.5825256705284119), (0, 0.563854455947876), (1, 0.5521218180656433), (2, 0.5867204070091248), (3, 0.5976725816726685), (4, 0.5673824548721313), (5, 0.576438844203949), (6, 0.5644991993904114), (7, 0.5974403619766235), (8, 0.58073890209198), (9, 0.5497708916664124), (0, 0.576224148273468), (1, 0.6051148176193237), (2, 0.5711660981178284), (3, 0.5534971356391907), (4, 0.554454505443573), (5, 0.5607251524925232), (6, 0.5470211505889893), (7, 0.6011022925376892), (8, 0.5484970211982727), (9, 0.6339839100837708), (0, 0.5704391598701477), (1, 0.5547676682472229), (2, 0.5411369800567627), (3, 0.5735962390899658), (4, 0.6246511340141296), (5, 0.57893967628479), (6, 0.5738838315010071), (7, 0.5628201961517334), (8, 0.5834410190582275), (9, 0.4926755428314209), (0, 0.588293194770813), (1, 0.6307986378669739), (2, 0.5593357086181641), (3, 0.5358225107192993), (4, 0.5603663921356201), (5, 0.5435243248939514), (6, 0.5841981768608093), (7, 0.5856921672821045), (8, 0.519193708896637), (9, 0.5521079301834106), (0, 0.5446851253509521), (1, 0.5423053503036499), (2, 0.5879177451133728), (3, 0.5695924162864685), (4, 0.5620731115341187), (5, 0.5951018333435059), (6, 0.5702264308929443), (7, 0.5591736435890198), (8, 0.5618816614151001), (9, 0.527397871017456), (0, 0.5733706951141357), (1, 0.5849025845527649), (2, 0.5910559892654419), (3, 0.5755811333656311), (4, 0.5204459428787231), (5, 0.555938720703125), (6, 0.531758725643158), (7, 0.5684548020362854), (8, 0.5496723055839539), (9, 0.5416756868362427), (0, 0.5573011636734009), (1, 0.5367780327796936), (2, 0.5504440069198608), (3, 0.5545924305915833), (4, 0.55034339427948), (5, 0.5712343454360962), (6, 0.5282407999038696), (7, 0.6034452319145203), (8, 0.570273756980896), (9, 0.5059289336204529), (0, 0.5550417304039001), (1, 0.516183078289032), (2, 0.5600722432136536), (3, 0.5163718461990356), (4, 0.5674960017204285), (5, 0.5608305335044861), (6, 0.5905439853668213), (7, 0.5502541065216064), (8, 0.5552032589912415), (9, 0.526848554611206), (0, 0.5607936978340149), (1, 0.5630974769592285), (2, 0.5288124680519104), (3, 0.5593103170394897), (4, 0.5746599435806274), (5, 0.5338330268859863), (6, 0.5252010822296143), (7, 0.5107318758964539), (8, 0.5604103207588196), (9, 0.5556647777557373), (0, 0.536216676235199), (1, 0.5784787535667419), (2, 0.5604833364486694), (3, 0.5543531179428101), (4, 0.49745261669158936), (5, 0.546454906463623), (6, 0.5240147113800049), (7, 0.5421745777130127), (8, 0.544546365737915), (9, 0.5522038340568542), (0, 0.5351788401603699), (1, 0.549262523651123), (2, 0.5625936388969421), (3, 0.5289323925971985), (4, 0.5609416961669922), (5, 0.5105944275856018), (6, 0.4948520362377167), (7, 0.5405295491218567), (8, 0.5566578507423401), (9, 0.5845547914505005), (0, 0.5291743278503418), (1, 0.5323280096054077), (2, 0.5252072811126709), (3, 0.5402301549911499), (4, 0.49058276414871216), (5, 0.548025906085968), (6, 0.5659905672073364), (7, 0.5543422698974609), (8, 0.5326533317565918), (9, 0.5525224208831787), (0, 0.5166330933570862), (1, 0.5086438655853271), (2, 0.539597749710083), (3, 0.53444904088974), (4, 0.5447661876678467), (5, 0.5206515789031982), (6, 0.529582142829895), (7, 0.5268901586532593), (8, 0.5353838205337524), (9, 0.5822746753692627), (0, 0.5559999346733093), (1, 0.5385143756866455), (2, 0.4636131227016449), (3, 0.5298888683319092), (4, 0.5495795607566833), (5, 0.5022266507148743), (6, 0.5407191514968872), (7, 0.47338154911994934), (8, 0.5341237187385559), (9, 0.5647886991500854), (0, 0.476658433675766), (1, 0.48875418305397034), (2, 0.5062966346740723), (3, 0.48851218819618225), (4, 0.5188132524490356), (5, 0.5408368110656738), (6, 0.5555288195610046), (7, 0.5226547718048096), (8, 0.5181821584701538), (9, 0.5390779972076416), (0, 0.4892151653766632), (1, 0.5505653619766235), (2, 0.49987339973449707), (3, 0.45968109369277954), (4, 0.534709095954895), (5, 0.5180566906929016), (6, 0.4968268573284149), (7, 0.520626962184906), (8, 0.49580100178718567), (9, 0.5393959283828735), (0, 0.51698899269104), (1, 0.5042715668678284), (2, 0.49313023686408997), (3, 0.5021432042121887), (4, 0.5204285383224487), (5, 0.5205150842666626), (6, 0.4943080246448517), (7, 0.5489846467971802), (8, 0.4514863193035126), (9, 0.4798480272293091), (0, 0.4600905478000641), (1, 0.5157402157783508), (2, 0.5354432463645935), (3, 0.49473389983177185), (4, 0.4911203682422638), (5, 0.5087344646453857), (6, 0.5091887712478638), (7, 0.4952844977378845), (8, 0.4817097783088684), (9, 0.5231612920761108), (0, 0.48983463644981384), (1, 0.5317135453224182), (2, 0.48333466053009033), (3, 0.5248191952705383), (4, 0.4715724587440491), (5, 0.48830533027648926), (6, 0.4618496298789978), (7, 0.5200717449188232), (8, 0.5228055119514465), (9, 0.43927493691444397), (0, 0.5288457870483398), (1, 0.49109184741973877), (2, 0.4644482731819153), (3, 0.48242509365081787), (4, 0.47114989161491394), (5, 0.5165011882781982), (6, 0.5134642124176025), (7, 0.4830540418624878), (8, 0.47116827964782715), (9, 0.48364609479904175), (0, 0.5025227665901184), (1, 0.4614045321941376), (2, 0.516273558139801), (3, 0.4400526285171509), (4, 0.4685487449169159), (5, 0.4823243319988251), (6, 0.48881152272224426), (7, 0.50534588098526), (8, 0.483682245016098), (9, 0.5351282358169556), (0, 0.46565523743629456), (1, 0.513630211353302), (2, 0.46904346346855164), (3, 0.4946591258049011), (4, 0.4735563397407532), (5, 0.47151675820350647), (6, 0.45892879366874695), (7, 0.4609262943267822), (8, 0.4934062063694), (9, 0.530484139919281), (0, 0.44394171237945557), (1, 0.5212490558624268), (2, 0.5111331939697266), (3, 0.543734073638916), (4, 0.4360516369342804), (5, 0.4492211639881134), (6, 0.4981928765773773), (7, 0.4445946514606476), (8, 0.4671166241168976), (9, 0.447417289018631), (0, 0.5579332113265991), (1, 0.4237048327922821), (2, 0.5201322436332703), (3, 0.4550224542617798), (4, 0.471694678068161), (5, 0.4075683653354645), (6, 0.507442831993103), (7, 0.46756476163864136), (8, 0.47087419033050537), (9, 0.4750288128852844), (0, 0.4608871042728424), (1, 0.46704792976379395), (2, 0.4517015218734741), (3, 0.5238290429115295), (4, 0.4421755075454712), (5, 0.43568214774131775), (6, 0.5114566683769226), (7, 0.5137540698051453), (8, 0.4379464089870453), (9, 0.5127094388008118), (0, 0.44759508967399597), (1, 0.5213272571563721), (2, 0.43762916326522827), (3, 0.48230671882629395), (4, 0.4670306146144867), (5, 0.4331233501434326), (6, 0.5114830732345581), (7, 0.5282600522041321), (8, 0.4192224144935608), (9, 0.47253403067588806), (0, 0.5215753316879272), (1, 0.48365843296051025), (2, 0.44273892045021057), (3, 0.46323585510253906), (4, 0.43859970569610596), (5, 0.4860304594039917), (6, 0.44014158844947815), (7, 0.5041391849517822), (8, 0.4854111075401306), (9, 0.4221199154853821), (0, 0.4473542273044586), (1, 0.4869900941848755), (2, 0.47499901056289673), (3, 0.52522873878479), (4, 0.47009164094924927), (5, 0.4747401475906372), (6, 0.48891228437423706), (7, 0.40772542357444763), (8, 0.46389856934547424), (9, 0.4532029628753662), (0, 0.498381644487381), (1, 0.40553024411201477), (2, 0.445390522480011), (3, 0.4498969614505768), (4, 0.4628826379776001), (5, 0.49336838722229004), (6, 0.4706101715564728), (7, 0.49798867106437683), (8, 0.48289942741394043), (9, 0.5012416243553162), (0, 0.42286455631256104), (1, 0.4655963182449341), (2, 0.4551977813243866), (3, 0.45034968852996826), (4, 0.4946703612804413), (5, 0.46660736203193665), (6, 0.45009708404541016), (7, 0.5226254463195801), (8, 0.491109699010849), (9, 0.46195289492607117), (0, 0.4624130129814148), (1, 0.45518362522125244), (2, 0.45898669958114624), (3, 0.473036527633667), (4, 0.523400604724884), (5, 0.47452250123023987), (6, 0.48979702591896057), (7, 0.47271454334259033), (8, 0.4177939295768738), (9, 0.4303663969039917), (0, 0.4768233001232147), (1, 0.45016562938690186), (2, 0.4703840911388397), (3, 0.4632387161254883), (4, 0.5145426988601685), (5, 0.4454091787338257), (6, 0.4661548137664795), (7, 0.4785096347332001), (8, 0.46927616000175476), (9, 0.40904927253723145), (0, 0.46501269936561584), (1, 0.4537695050239563), (2, 0.44662895798683167), (3, 0.41453316807746887), (4, 0.49037566781044006), (5, 0.4817960858345032), (6, 0.4956313967704773), (7, 0.4503283202648163), (8, 0.46155819296836853), (9, 0.5474504828453064), (0, 0.4649813771247864), (1, 0.49298936128616333), (2, 0.489547997713089), (3, 0.4934042692184448), (4, 0.4472039043903351), (5, 0.44427862763404846), (6, 0.4222446084022522), (7, 0.43648281693458557), (8, 0.5021709203720093), (9, 0.459717720746994), (0, 0.49452656507492065), (1, 0.4649685025215149), (2, 0.47858715057373047), (3, 0.4300598204135895), (4, 0.444813996553421), (5, 0.5229952931404114), (6, 0.4742788076400757), (7, 0.42125415802001953), (8, 0.46193718910217285), (9, 0.4528381824493408), (0, 0.4311119318008423), (1, 0.47524821758270264), (2, 0.4709532856941223), (3, 0.4948800802230835), (4, 0.45584380626678467), (5, 0.4305419623851776), (6, 0.46601784229278564), (7, 0.5102470517158508), (8, 0.46020612120628357), (9, 0.4474368691444397), (0, 0.40099769830703735), (1, 0.5225833654403687), (2, 0.45671841502189636), (3, 0.47695961594581604), (4, 0.4521882236003876), (5, 0.49865180253982544), (6, 0.4256536066532135), (7, 0.47921299934387207), (8, 0.46862733364105225), (9, 0.4505957067012787), (0, 0.48336467146873474), (1, 0.45204102993011475), (2, 0.48035842180252075), (3, 0.46939268708229065), (4, 0.4690338373184204), (5, 0.42157238721847534), (6, 0.44788485765457153), (7, 0.4708433151245117), (8, 0.47303706407546997), (9, 0.4748046100139618), (0, 0.4632578194141388), (1, 0.4970379173755646), (2, 0.5097719430923462), (3, 0.43923255801200867), (4, 0.4481237530708313), (5, 0.4474163055419922), (6, 0.45728570222854614), (7, 0.4384031295776367), (8, 0.4277713894844055), (9, 0.5368983149528503), (0, 0.4108206033706665), (1, 0.46192172169685364), (2, 0.5216845870018005), (3, 0.4777735471725464), (4, 0.43616294860839844), (5, 0.4733685255050659), (6, 0.4218273460865021), (7, 0.45675620436668396), (8, 0.49954473972320557), (9, 0.4639242887496948), (0, 0.4412020146846771), (1, 0.44927528500556946), (2, 0.43230727314949036), (3, 0.44427406787872314), (4, 0.4941241145133972), (5, 0.45887261629104614), (6, 0.46120014786720276), (7, 0.4726780652999878), (8, 0.47988787293434143), (9, 0.4965357482433319), (0, 0.4242711365222931), (1, 0.43282797932624817), (2, 0.47286757826805115), (3, 0.4216762185096741), (4, 0.4392821788787842), (5, 0.494276762008667), (6, 0.46404770016670227), (7, 0.5044375061988831), (8, 0.4720618724822998), (9, 0.5043367743492126), (0, 0.4910518229007721), (1, 0.41773152351379395), (2, 0.47585946321487427), (3, 0.45311370491981506), (4, 0.40692275762557983), (5, 0.4497973918914795), (6, 0.4981362819671631), (7, 0.48740798234939575), (8, 0.4732920825481415), (9, 0.440618097782135), (0, 0.49709728360176086), (1, 0.48584139347076416), (2, 0.4775247275829315), (3, 0.4416027069091797), (4, 0.41848137974739075), (5, 0.44866666197776794), (6, 0.42126190662384033), (7, 0.43000534176826477), (8, 0.5098845958709717), (9, 0.4741170406341553)]