Model Setup for Uniformvirtual {PATIENT_GROUPS} Trained Network:

{NETWORK_TYPE} Network Architecture Parameters
Input channels=22
Hidden channels=128
Output channels=1

Training hyperparameters
Optimizer=AdamW (
Parameter Group 0
    amsgrad: False
    betas: (0.9, 0.999)
    capturable: False
    differentiable: False
    eps: 1e-08
    foreach: None
    fused: None
    lr: 0.001
    maximize: False
    weight_decay: 1e-06
)Training Iterations=30
Learning rate=0.001
Weight decay=1e-06
Optimizer reset frequency=None

Dropout probability (after initial linear layer before NCDE): 0
Training Data Selection Parameters
(If not virtual, the only important params are the groups and whether data was normalized/standardized)
Patient groups=['Control', 'MDD']
Augmentation strategy=Uniform
Noise Magnitude=0.05
Normalized/standardized=StandardizeAll
Number of virtual patients per real patient=100
Label smoothing factor=0
Test Patient Combinations:
Control: (0, 6, 9, 24, 32)
MDD: (43, 3, 19, 7, 1)
Training batch size=200
Training Results:
Runtime=2.5724852085113525
Loss over time=[(0, 0.6963495016098022), (1, 0.6873090863227844), (2, 0.6764062643051147), (3, 0.6685642004013062), (4, 0.665107786655426), (5, 0.6586349606513977), (6, 0.6465685963630676), (7, 0.6363013982772827), (8, 0.6480533480644226), (9, 0.6199814081192017), (10, 0.5828892588615417), (11, 0.6026434898376465), (12, 0.5943375825881958), (13, 0.5712398886680603), (14, 0.5684024095535278), (15, 0.5322635173797607), (16, 0.5603342652320862), (17, 0.5181664824485779), (18, 0.47817322611808777), (19, 0.4875278174877167), (20, 0.48952826857566833), (21, 0.43455201387405396), (22, 0.4142589867115021), (23, 0.38237011432647705), (24, 0.38313961029052734), (25, 0.43381455540657043), (26, 0.3547913730144501), (27, 0.4094160795211792), (28, 0.3631564974784851), (29, 0.33546310663223267), (30, 0.3163641691207886), (31, 0.3349422216415405), (32, 0.3075033128261566), (33, 0.30780649185180664), (34, 0.3249897360801697), (35, 0.272300124168396), (36, 0.3095771372318268), (37, 0.26146695017814636), (38, 0.30012640357017517), (39, 0.25796887278556824), (40, 0.23349040746688843), (41, 0.20776264369487762), (42, 0.17904846370220184), (43, 0.22601741552352905), (44, 0.1769527643918991), (45, 0.1437240093946457), (46, 0.18918552994728088), (47, 0.14849591255187988), (48, 0.16000060737133026), (0, 0.14960581064224243), (1, 0.1701149195432663), (2, 0.1217629611492157), (3, 0.11180035769939423), (4, 0.1335126906633377), (5, 0.14460110664367676), (6, 0.12493541836738586), (7, 0.1290939599275589), (8, 0.08984708040952682), (9, 0.15971846878528595), (10, 0.0905437096953392), (11, 0.10312657058238983), (12, 0.10648052394390106), (13, 0.09768377989530563), (14, 0.09372810274362564), (15, 0.2219284474849701), (16, 0.05424031242728233), (17, 0.06718864291906357), (18, 0.09566151350736618), (19, 0.08053724467754364), (20, 0.07176978886127472), (21, 0.07491549849510193), (22, 0.11661257594823837), (23, 0.03733482211828232), (24, 0.07477719336748123), (25, 0.12472718954086304), (26, 0.06760117411613464), (27, 0.07117001712322235), (28, 0.0472736656665802), (29, 0.0955074205994606), (30, 0.07333248108625412), (31, 0.03843655437231064), (32, 0.03801073879003525), (33, 0.06420255452394485), (34, 0.079678013920784), (35, 0.05785704776644707), (36, 0.06222740560770035), (37, 0.03405383974313736), (38, 0.06152290478348732), (39, 0.03204573318362236), (40, 0.03548010438680649), (41, 0.04730198532342911), (42, 0.032789915800094604), (43, 0.043707579374313354), (44, 0.039175476878881454), (45, 0.02724655158817768), (46, 0.036052435636520386), (47, 0.03394122049212456), (48, 0.038171086460351944), (0, 0.0174148827791214), (1, 0.03411314636468887), (2, 0.014875692315399647), (3, 0.02374042198061943), (4, 0.031213421374559402), (5, 0.031442783772945404), (6, 0.03712768107652664), (7, 0.01988636516034603), (8, 0.022404344752430916), (9, 0.03868211805820465), (10, 0.019305041059851646), (11, 0.03247696906328201), (12, 0.015232047997415066), (13, 0.011110018938779831), (14, 0.01484239473938942), (15, 0.01971656084060669), (16, 0.009721122682094574), (17, 0.015124979428946972), (18, 0.013626063242554665), (19, 0.01336967945098877), (20, 0.017798468470573425), (21, 0.012067006900906563), (22, 0.00899120606482029), (23, 0.007874255068600178), (24, 0.007890894077718258), (25, 0.011226343922317028), (26, 0.007554991170763969), (27, 0.005308775696903467), (28, 0.008196636103093624), (29, 0.005950929131358862), (30, 0.007743333466351032), (31, 0.006206153426319361), (32, 0.004044784232974052), (33, 0.005000818986445665), (34, 0.004268890246748924), (35, 0.003906635567545891), (36, 0.0073030684143304825), (37, 0.004692261107265949), (38, 0.0035622885916382074), (39, 0.005050125066190958), (40, 0.0042666601948440075), (41, 0.004211124964058399), (42, 0.0027981018647551537), (43, 0.005024595186114311), (44, 0.003448318922892213), (45, 0.0032842240761965513), (46, 0.003611717838793993), (47, 0.002586166840046644), (48, 0.0021097895223647356), (0, 0.002789771882817149), (1, 0.0032282096799463034), (2, 0.003428177209571004), (3, 0.0022510094568133354), (4, 0.0021618036553263664), (5, 0.002368231536820531), (6, 0.0014833107125014067), (7, 0.0026678636204451323), (8, 0.0021457651164382696), (9, 0.0019109711283817887), (10, 0.0020666264463216066), (11, 0.0021589165553450584), (12, 0.0017610655631870031), (13, 0.0027246468234807253), (14, 0.0017659548902884126), (15, 0.0017720054602250457), (16, 0.0014371612342074513), (17, 0.0015890949871391058), (18, 0.0015842006541788578), (19, 0.0010419143363833427), (20, 0.0016394291305914521), (21, 0.0013987947022542357), (22, 0.0014110261108726263), (23, 0.001385355251841247), (24, 0.0011840711813420057), (25, 0.001397139159962535), (26, 0.0011950511252507567), (27, 0.0009929569205269217), (28, 0.0017350075067952275), (29, 0.001074418076314032), (30, 0.0016801358433440328), (31, 0.0014204494655132294), (32, 0.0012379448162391782), (33, 0.00099686358589679), (34, 0.0007764808833599091), (35, 0.0011764970840886235), (36, 0.001006314647383988), (37, 0.001062849652953446), (38, 0.0005729664117097855), (39, 0.0009074844419956207), (40, 0.0008455317583866417), (41, 0.0008543755393475294), (42, 0.0012259508948773146), (43, 0.001604140386916697), (44, 0.0008492860361002386), (45, 0.0005920592229813337), (46, 0.0007312704692594707), (47, 0.000845453585498035), (48, 0.0010744072496891022), (0, 0.0012085099006071687), (1, 0.0006658071069978178), (2, 0.0008964390144683421), (3, 0.0007659604889340699), (4, 0.0010304114548489451), (5, 0.000699338037520647), (6, 0.0005558140692301095), (7, 0.0005642885807901621), (8, 0.0004925208049826324), (9, 0.0008158587734214962), (10, 0.0008409590809606016), (11, 0.0010767847998067737), (12, 0.0008029910386539996), (13, 0.00041231355862692), (14, 0.000689904612954706), (15, 0.0007514256867580116), (16, 0.0009412571089342237), (17, 0.0008035796345211565), (18, 0.0005968062323518097), (19, 0.00047483533853664994), (20, 0.0006900341250002384), (21, 0.0002948131877928972), (22, 0.0005632133688777685), (23, 0.000626466004177928), (24, 0.0006911514210514724), (25, 0.0005506732268258929), (26, 0.0005252586561255157), (27, 0.000601993000600487), (28, 0.0008158406708389521), (29, 0.0005684131756424904), (30, 0.0007085581310093403), (31, 0.0003585621016100049), (32, 0.0003451395023148507), (33, 0.00045211068936623633), (34, 0.0004064901149831712), (35, 0.0004436888266354799), (36, 0.0003992381680291146), (37, 0.0006040150765329599), (38, 0.0004288418567739427), (39, 0.0006362306885421276), (40, 0.0004891531425528228), (41, 0.00053611263865605), (42, 0.0003472269745543599), (43, 0.0005815125769004226), (44, 0.0005236159777268767), (45, 0.0005691248807124794), (46, 0.0003565449733287096), (47, 0.0003373976796865463), (48, 0.00027491600485518575), (0, 0.000503648305311799), (1, 0.0004380527534522116), (2, 0.00039786609704606235), (3, 0.0004909418057650328), (4, 0.0002720814081840217), (5, 0.00042349498835392296), (6, 0.0004076693148817867), (7, 0.0005178746650926769), (8, 0.00024404651776421815), (9, 0.00035028360434807837), (10, 0.00044058996718376875), (11, 0.00032921903766691685), (12, 0.00021459134586621076), (13, 0.0002581446315161884), (14, 0.0004813164414372295), (15, 0.00039284437661990523), (16, 0.00030436270753853023), (17, 0.0003491980896797031), (18, 0.00024258566554635763), (19, 0.00023011502344161272), (20, 0.0004176297807134688), (21, 0.000349277863278985), (22, 0.0004792570252902806), (23, 0.0003331440675538033), (24, 0.000304209504975006), (25, 0.0004119316581636667), (26, 0.0002865868736989796), (27, 0.0003307678853161633), (28, 0.00036078141420148313), (29, 0.0003128274402115494), (30, 0.00012070984666934237), (31, 0.0002925462322309613), (32, 0.000275115278782323), (33, 0.0004089763096999377), (34, 0.00022602005628868937), (35, 0.0002431862085359171), (36, 0.0002719546027947217), (37, 0.00032587823807261884), (38, 0.0003441561129875481), (39, 0.00036539731081575155), (40, 0.000290680123725906), (41, 0.0002776831388473511), (42, 0.00024385466531384736), (43, 0.00020564462465699762), (44, 0.0003078160516452044), (45, 0.00017025279521476477), (46, 0.00019888413953594863), (47, 0.00028585229301825166), (48, 0.0003101116744801402), (0, 0.00025114891468547285), (1, 0.00018781016115099192), (2, 0.0002635616110637784), (3, 0.00018962698231916875), (4, 0.00024820270482450724), (5, 0.00028953608125448227), (6, 0.0001951688464032486), (7, 0.00016098238120321184), (8, 0.0002552863152232021), (9, 0.00027513981331139803), (10, 0.00018420543347019702), (11, 0.00021924488828517497), (12, 0.00023610942298546433), (13, 0.00021988574007991701), (14, 0.00015049749345052987), (15, 0.00012863015581388026), (16, 0.00023513422638643533), (17, 0.00030165587668307126), (18, 0.00013747472257819027), (19, 0.00021682109218090773), (20, 0.00021246177493594587), (21, 0.0001839036849560216), (22, 0.00020887452410534024), (23, 0.00011919456301257014), (24, 0.00019145036640111357), (25, 0.00017147077596746385), (26, 0.00015400275879073888), (27, 0.00015148904640227556), (28, 0.00018851544882636517), (29, 0.00015899966820143163), (30, 0.00013487735122907907), (31, 0.00015278023784048855), (32, 0.0001888547994894907), (33, 0.000199414454982616), (34, 0.00025812769308686256), (35, 0.0001750914816511795), (36, 0.00015783238632138819), (37, 0.00018344754062127322), (38, 0.00019668987079057842), (39, 0.00027531373780220747), (40, 0.00019372512178961188), (41, 0.0001950917940121144), (42, 0.00022135274775791913), (43, 0.000150805150042288), (44, 0.00020714077982120216), (45, 0.0002352769806748256), (46, 0.00014586682664230466), (47, 0.00010870867117773741), (48, 0.00014747987734153867), (0, 0.00012213051377329975), (1, 0.00025307672331109643), (2, 0.00016502571816090494), (3, 0.00014831619046162814), (4, 0.00013234646758064628), (5, 0.00014659255975857377), (6, 0.00016430550022050738), (7, 0.00010979201761074364), (8, 0.00013132678577676415), (9, 0.00016762623272370547), (10, 0.00010568252037046477), (11, 0.00018439628183841705), (12, 0.00015666880062781274), (13, 0.00014582774019800127), (14, 0.00012504281767178327), (15, 0.00013166017015464604), (16, 0.0001569520536577329), (17, 7.115615881048143e-05), (18, 0.0001365278149023652), (19, 0.00014386483235284686), (20, 0.00014724806533195078), (21, 0.00010637333616614342), (22, 0.00015760418318677694), (23, 0.00012775910727214068), (24, 0.00016695255180820823), (25, 0.00015134905697777867), (26, 0.00011766297393478453), (27, 0.00014834050671197474), (28, 0.00013369281077757478), (29, 0.00017990125343203545), (30, 0.0001118252330343239), (31, 0.00013063194637652487), (32, 0.00011585686297621578), (33, 0.00013039591431152076), (34, 0.00011368926789145917), (35, 0.00014075091166887432), (36, 0.00017314231081400067), (37, 0.00010657701932359487), (38, 0.0001303682802245021), (39, 0.00010557539644651115), (40, 9.922101889969781e-05), (41, 0.00010194330388912931), (42, 8.898658416001126e-05), (43, 0.00014965255104470998), (44, 0.00011247563816141337), (45, 0.000101654433819931), (46, 0.00010845856741070747), (47, 8.269812678918242e-05), (48, 7.715662650298327e-05), (0, 9.63811544352211e-05), (1, 0.00011391990119591355), (2, 7.889355765655637e-05), (3, 8.577233529649675e-05), (4, 9.287407738156617e-05), (5, 0.00017331901472061872), (6, 0.00010180572280660272), (7, 9.286107524530962e-05), (8, 8.921412518247962e-05), (9, 0.00010558257054071873), (10, 0.00013058986223768443), (11, 0.00013017261517234147), (12, 8.97071513463743e-05), (13, 0.00011675390123855323), (14, 0.00011237239232286811), (15, 9.226079419022426e-05), (16, 6.889460928505287e-05), (17, 8.046457514865324e-05), (18, 8.817493653623387e-05), (19, 0.00012264268298167735), (20, 5.7289038522867486e-05), (21, 8.569232886657119e-05), (22, 0.00011698260641423985), (23, 8.377177437068895e-05), (24, 0.0001353195693809539), (25, 8.144063758663833e-05), (26, 8.658895239932463e-05), (27, 7.514626486226916e-05), (28, 9.11540919332765e-05), (29, 8.664579218020663e-05), (30, 0.00011782786168623716), (31, 0.00014393009769264609), (32, 8.854120096657425e-05), (33, 8.520369738107547e-05), (34, 0.00012188571417937055), (35, 7.194379577413201e-05), (36, 8.617194544058293e-05), (37, 0.0001315876579610631), (38, 6.641079380642623e-05), (39, 8.67312410264276e-05), (40, 7.865724910516292e-05), (41, 8.387062553083524e-05), (42, 0.00011048682063119486), (43, 9.510126255918294e-05), (44, 8.191398228518665e-05), (45, 8.605507900938392e-05), (46, 7.604780694236979e-05), (47, 7.678465772187337e-05), (48, 8.46144903334789e-05), (0, 8.040245302254334e-05), (1, 6.062714965082705e-05), (2, 5.9691468777600676e-05), (3, 8.340277418028563e-05), (4, 6.386965833371505e-05), (5, 9.780348045751452e-05), (6, 6.792423664592206e-05), (7, 6.485433550551534e-05), (8, 0.00012058016000082716), (9, 4.857809835812077e-05), (10, 5.3361811296781525e-05), (11, 7.913910667411983e-05), (12, 7.638801616849378e-05), (13, 8.619144500698894e-05), (14, 6.71803645673208e-05), (15, 6.216773181222379e-05), (16, 6.955752905923873e-05), (17, 0.00010595165804261342), (18, 6.666000990662724e-05), (19, 8.05530944489874e-05), (20, 8.753331348998472e-05), (21, 8.291655103676021e-05), (22, 9.152643178822473e-05), (23, 0.00010915476741502061), (24, 0.0001074752799468115), (25, 7.249878399306908e-05), (26, 5.721616616938263e-05), (27, 7.377183646894991e-05), (28, 5.2018793212482706e-05), (29, 8.173312380677089e-05), (30, 6.276636122493073e-05), (31, 6.711380410706624e-05), (32, 6.573488644789904e-05), (33, 7.540587102994323e-05), (34, 5.995045285089873e-05), (35, 5.6076092732837424e-05), (36, 8.482036355417222e-05), (37, 9.006228356156498e-05), (38, 3.862412631860934e-05), (39, 7.336584531003609e-05), (40, 5.376407352741808e-05), (41, 4.9045029300032184e-05), (42, 4.430453191162087e-05), (43, 6.356232916004956e-05), (44, 6.861174188088626e-05), (45, 5.91622811043635e-05), (46, 6.306904833763838e-05), (47, 6.580106128240004e-05), (48, 6.27547997282818e-05), (0, 5.383819734561257e-05), (1, 5.176058039069176e-05), (2, 3.477275095065124e-05), (3, 7.929728599265218e-05), (4, 4.859206819674e-05), (5, 7.061626092763618e-05), (6, 5.700635301764123e-05), (7, 5.4145264584803954e-05), (8, 4.544467810774222e-05), (9, 5.0412087148288265e-05), (10, 6.880866567371413e-05), (11, 5.620450610877015e-05), (12, 6.328490417217836e-05), (13, 5.381357914302498e-05), (14, 7.406594522763044e-05), (15, 4.437675670487806e-05), (16, 4.8036850785138085e-05), (17, 7.447763346135616e-05), (18, 4.690190326073207e-05), (19, 8.083195280050859e-05), (20, 5.1939274271717295e-05), (21, 7.002677011769265e-05), (22, 6.503912300104275e-05), (23, 4.645104127121158e-05), (24, 4.5696739107370377e-05), (25, 6.507770740427077e-05), (26, 4.6673882025061175e-05), (27, 4.9436559493187815e-05), (28, 5.503889042302035e-05), (29, 6.080658204155043e-05), (30, 4.1284252802142873e-05), (31, 5.046470687375404e-05), (32, 4.704051752923988e-05), (33, 6.976443546591327e-05), (34, 5.3412597480928525e-05), (35, 4.65173288830556e-05), (36, 5.077348032500595e-05), (37, 5.003466139896773e-05), (38, 4.288558557163924e-05), (39, 4.789231388713233e-05), (40, 5.70343981962651e-05), (41, 5.8954163250746205e-05), (42, 5.782224252470769e-05), (43, 4.749933577841148e-05), (44, 5.49326759937685e-05), (45, 3.804144580499269e-05), (46, 4.9066682549891993e-05), (47, 7.519720384152606e-05), (48, 6.547055818373337e-05), (0, 3.0194692953955382e-05), (1, 6.391115311998874e-05), (2, 4.499409988056868e-05), (3, 3.914580520358868e-05), (4, 6.0915990616194904e-05), (5, 4.718753189081326e-05), (6, 5.3240371926221997e-05), (7, 6.745788414264098e-05), (8, 4.868243922828697e-05), (9, 6.127844244474545e-05), (10, 5.2636674809036776e-05), (11, 4.410881228977814e-05), (12, 5.670076279784553e-05), (13, 4.799196176463738e-05), (14, 3.7126257666386664e-05), (15, 4.309944779379293e-05), (16, 4.975542105967179e-05), (17, 5.506729212356731e-05), (18, 4.1754727135412395e-05), (19, 4.8195979616139084e-05), (20, 5.812445670017041e-05), (21, 4.058910417370498e-05), (22, 3.689413642860018e-05), (23, 3.8705606129951775e-05), (24, 4.1317460272694007e-05), (25, 5.623155811917968e-05), (26, 3.382748764124699e-05), (27, 4.1733594116522e-05), (28, 3.4304797736695036e-05), (29, 4.0433624235447496e-05), (30, 3.630194260040298e-05), (31, 3.7241050449665636e-05), (32, 4.981005622539669e-05), (33, 3.8040339859435335e-05), (34, 4.3857678974745795e-05), (35, 4.8497608077013865e-05), (36, 4.081522274645977e-05), (37, 4.572679245029576e-05), (38, 3.0118129870970733e-05), (39, 5.649648664984852e-05), (40, 3.8423651858465746e-05), (41, 4.3725296563934535e-05), (42, 3.861243021674454e-05), (43, 2.673525523277931e-05), (44, 4.0881735912989825e-05), (45, 3.2151598134078085e-05), (46, 5.404528565122746e-05), (47, 2.915091135946568e-05), (48, 3.925310738850385e-05), (0, 4.825969153898768e-05), (1, 2.6800295017892495e-05), (2, 3.0112765671219677e-05), (3, 2.6910218366538174e-05), (4, 3.1767172913532704e-05), (5, 3.5621746064862236e-05), (6, 3.31672745232936e-05), (7, 2.6984775104210712e-05), (8, 3.596772876335308e-05), (9, 2.817639870045241e-05), (10, 2.617421341710724e-05), (11, 4.1022885852726176e-05), (12, 4.2852218030020595e-05), (13, 4.649792026611976e-05), (14, 4.189454921288416e-05), (15, 2.850973942258861e-05), (16, 3.0857216188451275e-05), (17, 2.8782909794244915e-05), (18, 4.168292070971802e-05), (19, 4.795204949914478e-05), (20, 2.4746632334426977e-05), (21, 3.240736623411067e-05), (22, 3.6214649298926815e-05), (23, 5.3607738664140925e-05), (24, 4.012664794572629e-05), (25, 3.867862687911838e-05), (26, 3.252559690736234e-05), (27, 2.5256944354623556e-05), (28, 3.4076121664838865e-05), (29, 3.999488762929104e-05), (30, 3.0904036975698546e-05), (31, 4.871431883657351e-05), (32, 4.668009569286369e-05), (33, 2.6835743483388796e-05), (34, 3.2256084523396567e-05), (35, 3.6029752664035186e-05), (36, 2.7988478905172087e-05), (37, 3.183218359481543e-05), (38, 4.283945236238651e-05), (39, 3.368836041772738e-05), (40, 5.0472506700316444e-05), (41, 3.884984471369535e-05), (42, 3.5761611798079684e-05), (43, 2.4062719603534788e-05), (44, 3.708813164848834e-05), (45, 3.159317566314712e-05), (46, 3.213151649106294e-05), (47, 3.889485742547549e-05), (48, 3.1750321795698255e-05), (0, 3.461469168541953e-05), (1, 2.344182757951785e-05), (2, 3.155301237711683e-05), (3, 3.2700994779588655e-05), (4, 3.836747782770544e-05), (5, 3.87246509490069e-05), (6, 3.487699359538965e-05), (7, 2.8041633413522504e-05), (8, 4.079385325894691e-05), (9, 3.5600220144260675e-05), (10, 3.9309867133852094e-05), (11, 1.870650885393843e-05), (12, 4.294100290280767e-05), (13, 3.446767004788853e-05), (14, 2.7773821784649044e-05), (15, 1.9945982785429806e-05), (16, 3.2747553632361814e-05), (17, 3.122182170045562e-05), (18, 1.8064512914861552e-05), (19, 2.7805992431240156e-05), (20, 2.5622437533456832e-05), (21, 3.807756002061069e-05), (22, 2.503531322872732e-05), (23, 2.3896112907095812e-05), (24, 2.461236363160424e-05), (25, 2.551130273786839e-05), (26, 2.898257298511453e-05), (27, 4.1689443605719134e-05), (28, 2.4179385945899412e-05), (29, 2.8208776711835526e-05), (30, 2.498201502021402e-05), (31, 3.069062950089574e-05), (32, 2.691275585675612e-05), (33, 3.570236003724858e-05), (34, 2.2638463633484207e-05), (35, 2.7294334358884953e-05), (36, 3.031439337064512e-05), (37, 3.3045082091121e-05), (38, 3.616969479480758e-05), (39, 2.9429513233480975e-05), (40, 3.2675900001777336e-05), (41, 2.0547960957628675e-05), (42, 3.298302544862963e-05), (43, 2.1778660084237345e-05), (44, 2.9426424589473754e-05), (45, 1.9343953681527637e-05), (46, 2.645872336870525e-05), (47, 2.7718111596186645e-05), (48, 1.69641225511441e-05), (0, 2.497546847735066e-05), (1, 2.5952387659344822e-05), (2, 1.5928299035294913e-05), (3, 2.4850009140209295e-05), (4, 2.249398676212877e-05), (5, 2.7698893973138183e-05), (6, 2.0373559891595505e-05), (7, 3.448261850280687e-05), (8, 1.8391716366750188e-05), (9, 3.445471520535648e-05), (10, 1.8465863831806928e-05), (11, 2.7566358767217025e-05), (12, 2.6346551749156788e-05), (13, 2.2183563487487845e-05), (14, 2.4174407371901907e-05), (15, 2.1583628040389158e-05), (16, 2.66067472693976e-05), (17, 3.2769730751169845e-05), (18, 1.9162394892191514e-05), (19, 3.773884964175522e-05), (20, 2.8266158551559784e-05), (21, 1.4572979125659913e-05), (22, 3.3319225622108206e-05), (23, 1.2108514056308195e-05), (24, 2.7199066607863642e-05), (25, 2.0759809558512643e-05), (26, 2.911574483732693e-05), (27, 1.8822676793206483e-05), (28, 2.973128175653983e-05), (29, 2.7939846404478885e-05), (30, 2.397579919488635e-05), (31, 1.7328937246929854e-05), (32, 2.0710907847387716e-05), (33, 3.177075632265769e-05), (34, 2.6045710910693742e-05), (35, 2.696241790545173e-05), (36, 1.530257213744335e-05), (37, 2.251100704597775e-05), (38, 1.6337637134711258e-05), (39, 3.092061524512246e-05), (40, 3.164985901094042e-05), (41, 1.9880895706592128e-05), (42, 3.409701457712799e-05), (43, 2.7337628125678748e-05), (44, 2.2530115529661998e-05), (45, 2.593725366750732e-05), (46, 2.3598950065206736e-05), (47, 2.1727080820710398e-05), (48, 1.8684397218748927e-05), (0, 2.7396077712182887e-05), (1, 2.094335650326684e-05), (2, 2.629627488204278e-05), (3, 2.500796654203441e-05), (4, 1.8318265574635006e-05), (5, 2.876037069654558e-05), (6, 1.7221096641151235e-05), (7, 1.549726766825188e-05), (8, 3.0672006687382236e-05), (9, 2.744296580203809e-05), (10, 1.794743184291292e-05), (11, 2.3102304112398997e-05), (12, 2.148523708456196e-05), (13, 2.809172474371735e-05), (14, 1.5784853530931287e-05), (15, 1.2057605090376455e-05), (16, 2.489039434294682e-05), (17, 2.6424546376802027e-05), (18, 1.9712048015207984e-05), (19, 2.5773431843845174e-05), (20, 1.7504671632195823e-05), (21, 1.9711187633220106e-05), (22, 1.5629191693733446e-05), (23, 1.8236642063129693e-05), (24, 1.5505258488701656e-05), (25, 1.7399490388925187e-05), (26, 2.9706352506764233e-05), (27, 2.239311652374454e-05), (28, 2.1369867681642063e-05), (29, 2.3117447199183516e-05), (30, 1.897295078379102e-05), (31, 1.8995386199094355e-05), (32, 2.7713706003851257e-05), (33, 2.6171954232268035e-05), (34, 2.1049778297310695e-05), (35, 2.1690893845516257e-05), (36, 2.258650420117192e-05), (37, 2.0851713998126797e-05), (38, 2.0274535927455872e-05), (39, 2.7899644919671118e-05), (40, 2.027599657594692e-05), (41, 2.0218949430272914e-05), (42, 1.5700788935646415e-05), (43, 2.450175816193223e-05), (44, 1.978965701709967e-05), (45, 1.5652633010176942e-05), (46, 1.6507903637830168e-05), (47, 1.3570358532888349e-05), (48, 1.5318228179239668e-05), (0, 2.2321541109704413e-05), (1, 2.1332045434974134e-05), (2, 2.1670255591743626e-05), (3, 1.9416011127759703e-05), (4, 2.2051530322642066e-05), (5, 1.5588793758070096e-05), (6, 2.1871244825888425e-05), (7, 2.430849417578429e-05), (8, 1.8180977349402383e-05), (9, 2.1534473489737138e-05), (10, 1.29645432025427e-05), (11, 2.411952482361812e-05), (12, 1.59249575517606e-05), (13, 2.0866784325335175e-05), (14, 2.006298200285528e-05), (15, 2.6527326554059982e-05), (16, 1.4793997252127156e-05), (17, 1.823211641749367e-05), (18, 1.5624093066435307e-05), (19, 1.9998773495899513e-05), (20, 1.1832036761916243e-05), (21, 2.306189162482042e-05), (22, 2.3228018108056858e-05), (23, 1.6410192984039895e-05), (24, 1.4962344721425325e-05), (25, 1.7783755538403057e-05), (26, 2.1442050638142973e-05), (27, 1.9983139281976037e-05), (28, 1.2175132724223658e-05), (29, 1.5019343663880136e-05), (30, 1.6151470845215954e-05), (31, 1.846578197728377e-05), (32, 1.85881472134497e-05), (33, 1.349403646599967e-05), (34, 1.5082558093126863e-05), (35, 2.304534245922696e-05), (36, 1.4019744412507862e-05), (37, 2.4934897737693973e-05), (38, 1.7793941879062913e-05), (39, 1.802851511456538e-05), (40, 2.552678961365018e-05), (41, 1.674001759965904e-05), (42, 1.8065939002553932e-05), (43, 1.544314727652818e-05), (44, 1.5782718037371524e-05), (45, 1.1173712664458435e-05), (46, 8.923210771172307e-06), (47, 1.7573613149579614e-05), (48, 1.6344030882464722e-05), (0, 2.1773586922790855e-05), (1, 1.763651380315423e-05), (2, 1.7570444470038638e-05), (3, 2.09092213481199e-05), (4, 1.6095642422442324e-05), (5, 1.68682963703759e-05), (6, 1.4920681678631809e-05), (7, 1.2054090802848805e-05), (8, 2.225433854619041e-05), (9, 1.8050544895231724e-05), (10, 1.5297939171432517e-05), (11, 2.2958598492550664e-05), (12, 1.1704159987857565e-05), (13, 1.9439168681856245e-05), (14, 1.7359794583171606e-05), (15, 1.4834040484856814e-05), (16, 1.195468666992383e-05), (17, 1.2870044884039089e-05), (18, 1.6294430679408833e-05), (19, 1.8113320038537495e-05), (20, 1.524433264421532e-05), (21, 9.714552106743213e-06), (22, 2.083471008518245e-05), (23, 1.2352372323221061e-05), (24, 1.3298362318892032e-05), (25, 1.8949889636132866e-05), (26, 1.2671719559875783e-05), (27, 1.8168206224800088e-05), (28, 1.2550925930554513e-05), (29, 1.449506453354843e-05), (30, 1.8288474166183732e-05), (31, 1.8631426428328268e-05), (32, 1.3552831660490483e-05), (33, 1.3966480764793232e-05), (34, 1.4356353858602233e-05), (35, 1.7739459508447908e-05), (36, 9.74166232481366e-06), (37, 1.6897180103114806e-05), (38, 1.3974407011119183e-05), (39, 1.5555611753370613e-05), (40, 1.967012940440327e-05), (41, 1.6025480363168754e-05), (42, 1.1870183698192704e-05), (43, 1.846873237809632e-05), (44, 1.7607420886633918e-05), (45, 1.433878242096398e-05), (46, 1.731253541947808e-05), (47, 1.532721762487199e-05), (48, 1.2154990145063493e-05), (0, 1.853855064837262e-05), (1, 1.1089997315139044e-05), (2, 1.892299587780144e-05), (3, 1.1647585779428482e-05), (4, 1.8364735296927392e-05), (5, 1.760796112648677e-05), (6, 1.5662772057112306e-05), (7, 1.6269896150333807e-05), (8, 1.1678032933559734e-05), (9, 1.747420901665464e-05), (10, 1.8860811906051822e-05), (11, 1.451868320145877e-05), (12, 1.0165214916924015e-05), (13, 1.0067223229270894e-05), (14, 1.5430674466188066e-05), (15, 1.1349295164109208e-05), (16, 1.2862221410614438e-05), (17, 1.3259754268801771e-05), (18, 1.540233461128082e-05), (19, 1.1829734830826055e-05), (20, 1.429743042535847e-05), (21, 1.5121958313102368e-05), (22, 2.0288876839913428e-05), (23, 2.129252243321389e-05), (24, 1.4057994121685624e-05), (25, 1.8606961020850576e-05), (26, 9.234810931957327e-06), (27, 1.0559118891251273e-05), (28, 1.633809915801976e-05), (29, 1.8183560314355418e-05), (30, 1.3618818229588214e-05), (31, 1.3500098248186987e-05), (32, 1.0836323781404644e-05), (33, 1.5015883946034592e-05), (34, 1.3326270163815934e-05), (35, 1.362935836368706e-05), (36, 9.494808182353154e-06), (37, 1.2379025974951219e-05), (38, 1.1379994248272851e-05), (39, 1.5718780559836887e-05), (40, 1.1729462130460888e-05), (41, 1.171958774648374e-05), (42, 1.000983320409432e-05), (43, 1.4544039004249498e-05), (44, 1.4151806681184098e-05), (45, 1.2989803508389741e-05), (46, 1.5271663869498298e-05), (47, 1.8003298464464024e-05), (48, 1.3607811524707358e-05), (0, 1.623976459086407e-05), (1, 1.0953358469123486e-05), (2, 1.2806363884010352e-05), (3, 9.06445893633645e-06), (4, 1.5768020602990873e-05), (5, 1.3880669030186255e-05), (6, 1.3424283679341897e-05), (7, 1.699367567198351e-05), (8, 1.4545541489496827e-05), (9, 1.526882806501817e-05), (10, 1.6242775018326938e-05), (11, 1.132690431404626e-05), (12, 1.1743296454369556e-05), (13, 1.329556016571587e-05), (14, 9.502216926193796e-06), (15, 1.916458313644398e-05), (16, 1.2390275514917448e-05), (17, 1.3434860193228815e-05), (18, 9.851402865024284e-06), (19, 1.04925975392689e-05), (20, 1.3823824701830745e-05), (21, 1.1066345905419439e-05), (22, 1.3888859939470422e-05), (23, 1.0799310075526591e-05), (24, 1.2220793905726168e-05), (25, 1.2948751646035817e-05), (26, 1.3105334801366553e-05), (27, 8.369312126887962e-06), (28, 1.0655218829924706e-05), (29, 1.578396222612355e-05), (30, 5.2837699513474945e-06), (31, 1.5222977708617691e-05), (32, 1.1276451004960109e-05), (33, 1.2320782843744382e-05), (34, 1.3310197573446203e-05), (35, 1.1111379535577726e-05), (36, 1.5608004105160944e-05), (37, 1.3653414498548955e-05), (38, 9.444406714465003e-06), (39, 1.2979916391486768e-05), (40, 1.3030482477915939e-05), (41, 1.2067832358297892e-05), (42, 1.3213850252213888e-05), (43, 1.3216316801845096e-05), (44, 1.1410140359657817e-05), (45, 7.199697392934468e-06), (46, 1.0572641258477233e-05), (47, 9.941772077581845e-06), (48, 1.1577617442526389e-05), (0, 1.0585124982753769e-05), (1, 1.172430711449124e-05), (2, 1.0110076800629031e-05), (3, 1.248350690730149e-05), (4, 8.489188076055143e-06), (5, 1.0667464266589377e-05), (6, 1.1413657375669573e-05), (7, 1.1320396879455075e-05), (8, 1.4989860574132763e-05), (9, 1.1539459592313506e-05), (10, 1.3150370250514243e-05), (11, 1.2184215847810265e-05), (12, 1.3023374776821584e-05), (13, 1.3376523384067696e-05), (14, 1.1963968063355424e-05), (15, 1.1060602446377743e-05), (16, 8.296588930534199e-06), (17, 8.310797056765296e-06), (18, 1.2587814126163721e-05), (19, 1.1515159712871537e-05), (20, 9.095891073229723e-06), (21, 1.1222253306186758e-05), (22, 1.2874433195975143e-05), (23, 1.533411159471143e-05), (24, 9.448620403418317e-06), (25, 1.0619905879138969e-05), (26, 1.1647116480162367e-05), (27, 1.1150385034852661e-05), (28, 1.3482067515724339e-05), (29, 1.603652890480589e-05), (30, 8.02113936515525e-06), (31, 1.0224315701634623e-05), (32, 1.0325801667931955e-05), (33, 1.1707129488058854e-05), (34, 7.103671578079229e-06), (35, 1.1639839613053482e-05), (36, 1.3629231034428813e-05), (37, 6.6431030063540675e-06), (38, 1.1210746379219927e-05), (39, 1.2569816135510337e-05), (40, 1.0815325367730111e-05), (41, 7.412426839437103e-06), (42, 1.0040026609203778e-05), (43, 9.48941942624515e-06), (44, 8.583677299611736e-06), (45, 1.2156237971794326e-05), (46, 6.706501608277904e-06), (47, 1.5489895304199308e-05), (48, 1.1582210390770342e-05), (0, 1.0338396350562107e-05), (1, 1.4112219105300028e-05), (2, 1.3254671102913562e-05), (3, 7.335741429415066e-06), (4, 7.659295079065487e-06), (5, 1.2065062946930993e-05), (6, 1.2461892765713856e-05), (7, 1.251435332960682e-05), (8, 1.1923857528017834e-05), (9, 1.1883517800015397e-05), (10, 1.095480729418341e-05), (11, 1.128948133555241e-05), (12, 1.0823453521879856e-05), (13, 1.1805874237325042e-05), (14, 1.0970969015033916e-05), (15, 1.0799341907841153e-05), (16, 6.833786756033078e-06), (17, 9.432769729755819e-06), (18, 1.1819565770565532e-05), (19, 1.0277012734150048e-05), (20, 9.794730431167409e-06), (21, 1.257342410099227e-05), (22, 1.1096226444351487e-05), (23, 8.70729490998201e-06), (24, 1.2260035873623565e-05), (25, 1.1073116183979437e-05), (26, 7.009210548858391e-06), (27, 1.1013250514224637e-05), (28, 9.090779713005759e-06), (29, 5.4558040574193e-06), (30, 7.964748874655925e-06), (31, 9.05940032680519e-06), (32, 6.496086825791281e-06), (33, 9.163443792203907e-06), (34, 1.249221259058686e-05), (35, 8.332727702509146e-06), (36, 9.357030648970976e-06), (37, 8.141463695210405e-06), (38, 6.715571998938685e-06), (39, 8.956450074038003e-06), (40, 1.3973294699098915e-05), (41, 1.0736314834502991e-05), (42, 9.58012151386356e-06), (43, 8.424466614087578e-06), (44, 9.848125046119094e-06), (45, 5.1474048632371705e-06), (46, 1.0855684195121285e-05), (47, 1.1079633623012342e-05), (48, 6.846628821222112e-06), (0, 7.744538379483856e-06), (1, 1.2316166248638183e-05), (2, 9.625801794754807e-06), (3, 9.982930350815877e-06), (4, 9.72894031292526e-06), (5, 7.798121259838808e-06), (6, 5.888566192879807e-06), (7, 5.358369890018366e-06), (8, 7.915930837043561e-06), (9, 1.0804543308040593e-05), (10, 1.2969614544999786e-05), (11, 1.0150011803489178e-05), (12, 1.2786451407009736e-05), (13, 6.940868843230419e-06), (14, 8.913229976315051e-06), (15, 8.458743650407996e-06), (16, 7.666574674658477e-06), (17, 9.694388609204907e-06), (18, 6.3230500018107705e-06), (19, 1.0099091923621017e-05), (20, 1.0585014024400152e-05), (21, 7.7077793321223e-06), (22, 1.008153321890859e-05), (23, 8.658153092255816e-06), (24, 6.9810757850063965e-06), (25, 1.06307970781927e-05), (26, 5.667230198014295e-06), (27, 9.021508958539926e-06), (28, 1.2094952580810059e-05), (29, 5.442678229883313e-06), (30, 8.636706297693308e-06), (31, 9.59567569225328e-06), (32, 6.9538473326247185e-06), (33, 1.037326092045987e-05), (34, 9.444950592296664e-06), (35, 5.6170447351178154e-06), (36, 1.0006353477365337e-05), (37, 8.000701200217009e-06), (38, 9.525189852865878e-06), (39, 1.2419585800671484e-05), (40, 6.889192263770383e-06), (41, 1.1554811862879433e-05), (42, 1.0305368050467223e-05), (43, 9.235459401679691e-06), (44, 9.278752258978784e-06), (45, 9.262231287721079e-06), (46, 1.0486692190170288e-05), (47, 7.460448614438064e-06), (48, 8.380837243748829e-06), (0, 8.61969601828605e-06), (1, 7.75392254581675e-06), (2, 7.3698756750673056e-06), (3, 7.156257197493687e-06), (4, 7.896065653767437e-06), (5, 6.658505753875943e-06), (6, 8.72363307280466e-06), (7, 6.8046374508412555e-06), (8, 8.72789587447187e-06), (9, 9.786546797840856e-06), (10, 7.932303560664877e-06), (11, 7.872910828155e-06), (12, 7.918943083495833e-06), (13, 1.0384737834101543e-05), (14, 6.762224529666128e-06), (15, 7.714024832239375e-06), (16, 7.319324140553363e-06), (17, 7.678740985284094e-06), (18, 1.1079765499744099e-05), (19, 7.594443559355568e-06), (20, 8.580064786656294e-06), (21, 6.158015366963809e-06), (22, 6.923312412254745e-06), (23, 9.50079265749082e-06), (24, 8.53708479553461e-06), (25, 9.17484885576414e-06), (26, 1.1577147233765572e-05), (27, 9.882276572170667e-06), (28, 8.118144251056947e-06), (29, 7.704197741986718e-06), (30, 5.981705726298969e-06), (31, 8.840725968184415e-06), (32, 9.812214557314292e-06), (33, 4.9129066610476e-06), (34, 9.929931366059463e-06), (35, 1.131558292399859e-05), (36, 7.241951152536785e-06), (37, 5.869378128409153e-06), (38, 7.202799224614864e-06), (39, 9.549856258672662e-06), (40, 8.822884410619736e-06), (41, 5.714416147384327e-06), (42, 1.0598433618724812e-05), (43, 8.693659765413031e-06), (44, 6.302828751358902e-06), (45, 6.973212748562219e-06), (46, 9.789056093723048e-06), (47, 8.255446118710097e-06), (48, 8.269346835731994e-06), (0, 9.868685992842074e-06), (1, 8.80396237334935e-06), (2, 9.507723916613031e-06), (3, 6.768496859876905e-06), (4, 6.969814421609044e-06), (5, 6.862936970719602e-06), (6, 6.461427346948767e-06), (7, 6.420827048714273e-06), (8, 7.669405931665096e-06), (9, 7.523226486227941e-06), (10, 9.146546290139668e-06), (11, 7.589726465084823e-06), (12, 7.696246939303819e-06), (13, 6.822519935667515e-06), (14, 5.181903816264821e-06), (15, 9.260951628675684e-06), (16, 6.079403192416066e-06), (17, 6.843290066171903e-06), (18, 9.474177204538137e-06), (19, 8.748022082727402e-06), (20, 6.890712484164396e-06), (21, 8.182574674719945e-06), (22, 7.531994015153032e-06), (23, 7.334643214562675e-06), (24, 1.0062334695248865e-05), (25, 8.083654392976314e-06), (26, 6.666889930784237e-06), (27, 8.819883987598587e-06), (28, 6.4129667407542e-06), (29, 1.1436507520556916e-05), (30, 9.576957381796092e-06), (31, 6.272246992011787e-06), (32, 7.021786132099805e-06), (33, 6.846521500847302e-06), (34, 8.92803382157581e-06), (35, 8.60826185089536e-06), (36, 4.547900061879773e-06), (37, 5.160055479791481e-06), (38, 6.6171924117952585e-06), (39, 4.885578164248727e-06), (40, 9.032713023771066e-06), (41, 6.3809625316935126e-06), (42, 6.803228643548209e-06), (43, 6.2196718317864e-06), (44, 7.3638279900478665e-06), (45, 6.192758519318886e-06), (46, 8.528088983439375e-06), (47, 6.335296347970143e-06), (48, 6.177936029416742e-06), (0, 7.747774361632764e-06), (1, 5.475791567732813e-06), (2, 6.387550456565805e-06), (3, 5.439906999527011e-06), (4, 7.875993105699308e-06), (5, 5.0750004447763786e-06), (6, 6.516135726997163e-06), (7, 7.773107427055947e-06), (8, 8.10311485111015e-06), (9, 6.772671895305393e-06), (10, 6.869501703476999e-06), (11, 5.288958618621109e-06), (12, 6.2560011429013684e-06), (13, 7.915380592748988e-06), (14, 6.754333298886195e-06), (15, 6.907888291607378e-06), (16, 7.5407465374155436e-06), (17, 4.899733539787121e-06), (18, 8.577206244808622e-06), (19, 7.162787824199768e-06), (20, 4.392865321278805e-06), (21, 8.615763363195583e-06), (22, 4.509519840212306e-06), (23, 6.119254976511002e-06), (24, 5.912103006266989e-06), (25, 4.765006906382041e-06), (26, 5.879899163119262e-06), (27, 4.9507652875036e-06), (28, 6.894953912706114e-06), (29, 5.285805855237413e-06), (30, 1.043824613589095e-05), (31, 8.159309800248593e-06), (32, 7.196823844424216e-06), (33, 6.600977030757349e-06), (34, 5.748296189267421e-06), (35, 8.00934049038915e-06), (36, 6.501552888948936e-06), (37, 6.668930382147664e-06), (38, 6.950538590899669e-06), (39, 7.877333700889722e-06), (40, 8.966766472440213e-06), (41, 6.136263891676208e-06), (42, 1.020408672047779e-05), (43, 5.7828765420708805e-06), (44, 5.983194114378421e-06), (45, 8.951884410635103e-06), (46, 4.296474344300805e-06), (47, 7.097097295627464e-06), (48, 8.586565854784567e-06), (0, 6.692318493151106e-06), (1, 5.4149159041116945e-06), (2, 6.682795174128842e-06), (3, 5.924631295783911e-06), (4, 4.196135705569759e-06), (5, 5.2315363063826226e-06), (6, 6.7368514464760665e-06), (7, 4.946740318700904e-06), (8, 5.644578322971938e-06), (9, 6.0410834521462675e-06), (10, 6.8323543018777855e-06), (11, 4.786827958014328e-06), (12, 5.656268967868527e-06), (13, 5.846095518791117e-06), (14, 6.5664930843922775e-06), (15, 4.979765435564332e-06), (16, 8.795740541245323e-06), (17, 5.140563189343084e-06), (18, 7.316590199479833e-06), (19, 5.9784524637507275e-06), (20, 6.877241048641736e-06), (21, 5.7855363593262155e-06), (22, 1.041914219968021e-05), (23, 6.250817477848614e-06), (24, 6.635153567913221e-06), (25, 4.377048298920272e-06), (26, 5.091595994599629e-06), (27, 7.0941819103609305e-06), (28, 8.015273124328814e-06), (29, 4.786298177350545e-06), (30, 8.033887752390001e-06), (31, 5.325714482751209e-06), (32, 7.111733793863095e-06), (33, 5.555054485739674e-06), (34, 4.791705123352585e-06), (35, 7.253816420416115e-06), (36, 6.715841664117761e-06), (37, 4.970222562405979e-06), (38, 8.747595529712271e-06), (39, 5.421605692390585e-06), (40, 6.955412118259119e-06), (41, 6.808155376347713e-06), (42, 5.151489858690184e-06), (43, 3.850976554531371e-06), (44, 5.6386011237918865e-06), (45, 5.3292505981517024e-06), (46, 7.947589438117575e-06), (47, 6.599376320082229e-06), (48, 8.27854273666162e-06), (0, 6.769340416212799e-06), (1, 3.59206978828297e-06), (2, 7.180665761552518e-06), (3, 5.385273652791511e-06), (4, 6.277105967456009e-06), (5, 6.192108685354469e-06), (6, 5.9151602727069985e-06), (7, 9.225917892763391e-06), (8, 5.493586286320351e-06), (9, 7.362138603639323e-06), (10, 6.598456366191385e-06), (11, 4.3288578126521315e-06), (12, 3.875811216857983e-06), (13, 7.016009021754144e-06), (14, 4.951583832735196e-06), (15, 4.830287252843846e-06), (16, 4.782707947015297e-06), (17, 6.7918322201876435e-06), (18, 4.743076715385541e-06), (19, 5.801955012429971e-06), (20, 7.575577910756692e-06), (21, 4.957738383382093e-06), (22, 5.54867574464879e-06), (23, 9.254344149667304e-06), (24, 4.235227152094012e-06), (25, 5.385863914852962e-06), (26, 6.117644261394162e-06), (27, 5.92212245464907e-06), (28, 5.573834187089233e-06), (29, 4.587149760482134e-06), (30, 6.858373126306105e-06), (31, 7.159565939218737e-06), (32, 8.128216904879082e-06), (33, 5.341757059795782e-06), (34, 4.995071321900468e-06), (35, 4.4511566557048354e-06), (36, 6.105592547100969e-06), (37, 3.3607884688535705e-06), (38, 4.65499579149764e-06), (39, 4.7658704716013744e-06), (40, 6.539593869092641e-06), (41, 5.078522463008994e-06), (42, 6.013166967022698e-06), (43, 5.677744411514141e-06), (44, 6.977698831178714e-06), (45, 3.360379423611448e-06), (46, 4.47907586931251e-06), (47, 5.983664777886588e-06), (48, 4.637171969079645e-06), (0, 4.498377620620886e-06), (1, 7.747576091787778e-06), (2, 6.392501745722257e-06), (3, 5.79779407416936e-06), (4, 5.962989689578535e-06), (5, 5.821635568281636e-06), (6, 3.453672206887859e-06), (7, 4.406786047184141e-06), (8, 4.851937319472199e-06), (9, 6.341585958580254e-06), (10, 6.786584890505765e-06), (11, 5.232007879385492e-06), (12, 4.616997102857567e-06), (13, 5.010576387576293e-06), (14, 6.501219559140736e-06), (15, 8.200398042390589e-06), (16, 6.166342700453242e-06), (17, 6.081403171265265e-06), (18, 4.865777555096429e-06), (19, 6.399600351869594e-06), (20, 5.4290831030812114e-06), (21, 5.517972567758989e-06), (22, 4.120082394365454e-06), (23, 5.207615686231293e-06), (24, 3.6762917261512484e-06), (25, 5.215013970882865e-06), (26, 3.857654519379139e-06), (27, 5.655619133904111e-06), (28, 6.8973577072029e-06), (29, 3.349423877807567e-06), (30, 5.332653927325737e-06), (31, 3.699881290231133e-06), (32, 6.47706974632456e-06), (33, 5.035059075453319e-06), (34, 4.342393367551267e-06), (35, 3.5910404676542385e-06), (36, 5.343398242985131e-06), (37, 5.332047749107005e-06), (38, 5.871753728570184e-06), (39, 4.705783794634044e-06), (40, 4.8357233026763424e-06), (41, 5.583372512774076e-06), (42, 3.700034312714706e-06), (43, 4.9161540118802804e-06), (44, 4.7760877350810915e-06), (45, 6.083532298362115e-06), (46, 5.061728188593406e-06), (47, 5.282024631014792e-06), (48, 3.172240667481674e-06), (0, 6.561824648088077e-06), (1, 6.150662557047326e-06), (2, 4.755760073749116e-06), (3, 3.2269585972244386e-06), (4, 6.2445296862279065e-06), (5, 6.023642072250368e-06), (6, 3.653971361927688e-06), (7, 5.525218057300663e-06), (8, 3.757755393962725e-06), (9, 3.5383134218136547e-06), (10, 6.457917606894625e-06), (11, 4.105446805624524e-06), (12, 4.44677289124229e-06), (13, 4.0725694816501345e-06), (14, 5.400847840064671e-06), (15, 5.384541509556584e-06), (16, 4.425183760758955e-06), (17, 4.865863957093097e-06), (18, 4.253712177160196e-06), (19, 5.257872544461861e-06), (20, 5.011061602999689e-06), (21, 4.813932264369214e-06), (22, 4.253576662449632e-06), (23, 6.9665043156419415e-06), (24, 5.445222996058874e-06), (25, 4.85192731503048e-06), (26, 5.442418569145957e-06), (27, 5.317360773915425e-06), (28, 4.974566309101647e-06), (29, 3.1741872135171434e-06), (30, 4.1678563320601825e-06), (31, 4.9986783778877e-06), (32, 4.936506684316555e-06), (33, 4.357458237791434e-06), (34, 6.714291430398589e-06), (35, 5.869056167284725e-06), (36, 4.735764832730638e-06), (37, 4.231962975609349e-06), (38, 3.92469246435212e-06), (39, 4.154609086981509e-06), (40, 5.457786755869165e-06), (41, 3.0166429496603087e-06), (42, 4.517574780038558e-06), (43, 5.423104539659107e-06), (44, 4.529704256128753e-06), (45, 5.691581009159563e-06), (46, 3.245689185860101e-06), (47, 4.901239208265906e-06), (48, 6.025995844538556e-06)]