Model Setup for Uniformvirtual {PATIENT_GROUPS} Trained Network:

Network Architecture Parameters
Input channels=2
Hidden channels=32
Output channels=1

Training hyperparameters
Optimizer=AdamW (
Parameter Group 0
    amsgrad: False
    betas: (0.9, 0.999)
    capturable: False
    differentiable: False
    eps: 1e-08
    foreach: None
    fused: None
    lr: 0.001
    maximize: False
    weight_decay: 1e-06
)Training Iterations=100
Learning rate=0.001
Weight decay=1e-06
Optimizer reset frequency=None

Dropout probability (after initial linear layer before NCDE): 0
Training Data Selection Parameters
(If not virtual, the only important params are the groups and whether data was normalized/standardized)
Patient groups=['Control', 'Atypical']
Augmentation strategy=Uniform
Noise Magnitude=0.1
Normalized/standardized=StandardizeAll
Number of virtual patients per real patient=100
Label smoothing factor=0
Test Patient Combinations:
Control: (0, 9, 3, 7, 4)
MDD: (1, 4, 5, 7, 15)
Training batch size=200
Training Results:
Runtime=86.8652696609497
Loss over time=[(0, 0.6894736289978027), (1, 0.6871338486671448), (2, 0.6892700791358948), (3, 0.6842085123062134), (4, 0.6911436319351196), (5, 0.68595290184021), (6, 0.6877381801605225), (7, 0.6887770891189575), (8, 0.6768252849578857), (9, 0.6797387003898621), (0, 0.6844045519828796), (1, 0.6713564991950989), (2, 0.6836327314376831), (3, 0.6754955053329468), (4, 0.6802868843078613), (5, 0.6870357990264893), (6, 0.6820446252822876), (7, 0.6763826608657837), (8, 0.6794289946556091), (9, 0.6834980845451355), (0, 0.6882479786872864), (1, 0.6819406151771545), (2, 0.6706894040107727), (3, 0.6789600253105164), (4, 0.6689357161521912), (5, 0.6644951701164246), (6, 0.6727624535560608), (7, 0.6637436151504517), (8, 0.6748505234718323), (9, 0.6797767877578735), (0, 0.6679238677024841), (1, 0.6713874936103821), (2, 0.6729774475097656), (3, 0.6679050326347351), (4, 0.6670112013816833), (5, 0.6803167462348938), (6, 0.6778534650802612), (7, 0.6718063354492188), (8, 0.6670548915863037), (9, 0.6487481594085693), (0, 0.6914327144622803), (1, 0.6620253920555115), (2, 0.6644608378410339), (3, 0.6501462459564209), (4, 0.6708009243011475), (5, 0.6655621528625488), (6, 0.6611872911453247), (7, 0.6919346451759338), (8, 0.6637398600578308), (9, 0.650705873966217), (0, 0.672809898853302), (1, 0.6639706492424011), (2, 0.67156583070755), (3, 0.6728934645652771), (4, 0.6551943421363831), (5, 0.6608827114105225), (6, 0.6817577481269836), (7, 0.6624276638031006), (8, 0.6587277054786682), (9, 0.6584920287132263), (0, 0.657472550868988), (1, 0.6611769199371338), (2, 0.6594190001487732), (3, 0.673054575920105), (4, 0.6580864191055298), (5, 0.6751035451889038), (6, 0.6731828451156616), (7, 0.6678328514099121), (8, 0.6557399034500122), (9, 0.6716799736022949), (0, 0.6683912873268127), (1, 0.6636186242103577), (2, 0.6628664135932922), (3, 0.6447715759277344), (4, 0.6662830114364624), (5, 0.6569834351539612), (6, 0.6594849228858948), (7, 0.6776270866394043), (8, 0.6626436710357666), (9, 0.6549615263938904), (0, 0.6686583161354065), (1, 0.6649960279464722), (2, 0.6663600206375122), (3, 0.6607871055603027), (4, 0.6531342267990112), (5, 0.6576345562934875), (6, 0.6528807878494263), (7, 0.6711792945861816), (8, 0.6485742926597595), (9, 0.6320288777351379), (0, 0.6615515947341919), (1, 0.6337923407554626), (2, 0.662080705165863), (3, 0.6644014716148376), (4, 0.6553001999855042), (5, 0.6414037942886353), (6, 0.6555523872375488), (7, 0.6406087279319763), (8, 0.6625151038169861), (9, 0.6619772911071777), (0, 0.6444375514984131), (1, 0.6358116269111633), (2, 0.6545240879058838), (3, 0.6545923352241516), (4, 0.653515100479126), (5, 0.6198171377182007), (6, 0.6461592316627502), (7, 0.641366720199585), (8, 0.669532299041748), (9, 0.6394096612930298), (0, 0.6298022866249084), (1, 0.6626265645027161), (2, 0.6352351903915405), (3, 0.6215730309486389), (4, 0.654237687587738), (5, 0.6281406879425049), (6, 0.6302527785301208), (7, 0.6316917538642883), (8, 0.6332921385765076), (9, 0.6561607122421265), (0, 0.634472131729126), (1, 0.6161410808563232), (2, 0.6304285526275635), (3, 0.6285890340805054), (4, 0.6430507898330688), (5, 0.6256778240203857), (6, 0.6138929724693298), (7, 0.6272891759872437), (8, 0.639244556427002), (9, 0.6067000031471252), (0, 0.6404313445091248), (1, 0.6149153709411621), (2, 0.6202238202095032), (3, 0.6279681921005249), (4, 0.6108195781707764), (5, 0.6026227474212646), (6, 0.6136058568954468), (7, 0.6017549633979797), (8, 0.6205701231956482), (9, 0.6106431484222412), (0, 0.601401686668396), (1, 0.6080085635185242), (2, 0.6095381379127502), (3, 0.6300432682037354), (4, 0.5869461297988892), (5, 0.5991930961608887), (6, 0.5955135226249695), (7, 0.6094915866851807), (8, 0.5988180041313171), (9, 0.6119681000709534), (0, 0.598587691783905), (1, 0.5957691669464111), (2, 0.6014671921730042), (3, 0.5683556199073792), (4, 0.6271356344223022), (5, 0.5754891037940979), (6, 0.5793144106864929), (7, 0.6005961894989014), (8, 0.579597532749176), (9, 0.5907146334648132), (0, 0.5882996916770935), (1, 0.5880853533744812), (2, 0.5803768634796143), (3, 0.5762207508087158), (4, 0.5713053345680237), (5, 0.5948994159698486), (6, 0.5778201818466187), (7, 0.573701798915863), (8, 0.5722346901893616), (9, 0.566080629825592), (0, 0.5642707943916321), (1, 0.5672168135643005), (2, 0.5744066834449768), (3, 0.5397460460662842), (4, 0.5862252116203308), (5, 0.539304256439209), (6, 0.5603491067886353), (7, 0.5770820379257202), (8, 0.5720764398574829), (9, 0.5887733697891235), (0, 0.5319324135780334), (1, 0.5565947890281677), (2, 0.5387392640113831), (3, 0.5653057098388672), (4, 0.564400851726532), (5, 0.5627440214157104), (6, 0.5636069774627686), (7, 0.5530813932418823), (8, 0.5533646941184998), (9, 0.5066324472427368), (0, 0.5286638140678406), (1, 0.5381565690040588), (2, 0.5554628968238831), (3, 0.5388875007629395), (4, 0.5427457690238953), (5, 0.5255990624427795), (6, 0.5380939245223999), (7, 0.5476810932159424), (8, 0.520527184009552), (9, 0.5596115589141846), (0, 0.5652667880058289), (1, 0.5368829369544983), (2, 0.4941299557685852), (3, 0.5244191288948059), (4, 0.5433380007743835), (5, 0.5246226787567139), (6, 0.5479316711425781), (7, 0.5076718330383301), (8, 0.5017383694648743), (9, 0.5069490671157837), (0, 0.5058525800704956), (1, 0.5088403820991516), (2, 0.5379235744476318), (3, 0.5167787671089172), (4, 0.48322516679763794), (5, 0.4910406172275543), (6, 0.5352608561515808), (7, 0.5103667378425598), (8, 0.5176177024841309), (9, 0.5485032796859741), (0, 0.5066730380058289), (1, 0.48333290219306946), (2, 0.5047433972358704), (3, 0.5281282663345337), (4, 0.5060089230537415), (5, 0.48661568760871887), (6, 0.5114732384681702), (7, 0.47519877552986145), (8, 0.5027282238006592), (9, 0.4889194965362549), (0, 0.48785945773124695), (1, 0.48725441098213196), (2, 0.48808830976486206), (3, 0.46419402956962585), (4, 0.473979651927948), (5, 0.4871554970741272), (6, 0.5119259357452393), (7, 0.4971844553947449), (8, 0.4928050935268402), (9, 0.4536142647266388), (0, 0.4901280701160431), (1, 0.46876293420791626), (2, 0.49487820267677307), (3, 0.4740872085094452), (4, 0.4777843952178955), (5, 0.47293633222579956), (6, 0.4504567086696625), (7, 0.44263988733291626), (8, 0.4933444559574127), (9, 0.4680836796760559), (0, 0.479325532913208), (1, 0.4699142575263977), (2, 0.48415878415107727), (3, 0.4725123941898346), (4, 0.4611642062664032), (5, 0.47246211767196655), (6, 0.4148014187812805), (7, 0.47877395153045654), (8, 0.436420738697052), (9, 0.407201886177063), (0, 0.4275456666946411), (1, 0.4517565667629242), (2, 0.4282366931438446), (3, 0.45304274559020996), (4, 0.4544787108898163), (5, 0.4645015001296997), (6, 0.4399036467075348), (7, 0.47544625401496887), (8, 0.43611282110214233), (9, 0.43190279603004456), (0, 0.4755723178386688), (1, 0.4657503366470337), (2, 0.44326817989349365), (3, 0.42376506328582764), (4, 0.45170989632606506), (5, 0.4530809819698334), (6, 0.38507771492004395), (7, 0.45753154158592224), (8, 0.42303547263145447), (9, 0.39000651240348816), (0, 0.40953028202056885), (1, 0.4417889714241028), (2, 0.39168819785118103), (3, 0.4276118874549866), (4, 0.4229061007499695), (5, 0.43724822998046875), (6, 0.4134652316570282), (7, 0.4453542232513428), (8, 0.43538472056388855), (9, 0.4353463351726532), (0, 0.418059766292572), (1, 0.39433327317237854), (2, 0.4264981150627136), (3, 0.3946632742881775), (4, 0.4208596348762512), (5, 0.4229593575000763), (6, 0.4037543833255768), (7, 0.43064525723457336), (8, 0.41819044947624207), (9, 0.427275151014328), (0, 0.39163920283317566), (1, 0.4462794363498688), (2, 0.4081795811653137), (3, 0.4032657742500305), (4, 0.4149090051651001), (5, 0.4147883355617523), (6, 0.40678107738494873), (7, 0.39421653747558594), (8, 0.3626941442489624), (9, 0.4364704191684723), (0, 0.4338550865650177), (1, 0.3650447428226471), (2, 0.40031611919403076), (3, 0.3948187530040741), (4, 0.40181559324264526), (5, 0.3932643234729767), (6, 0.4398707449436188), (7, 0.3872356712818146), (8, 0.39801156520843506), (9, 0.40567684173583984), (0, 0.405246376991272), (1, 0.40806666016578674), (2, 0.3829985558986664), (3, 0.35731661319732666), (4, 0.3904324471950531), (5, 0.41028499603271484), (6, 0.3863924443721771), (7, 0.40245872735977173), (8, 0.37059593200683594), (9, 0.3932770788669586), (0, 0.3725576102733612), (1, 0.38158276677131653), (2, 0.3822910785675049), (3, 0.37386882305145264), (4, 0.40043869614601135), (5, 0.3673233389854431), (6, 0.39758196473121643), (7, 0.38731929659843445), (8, 0.3891746997833252), (9, 0.37440812587738037), (0, 0.38585659861564636), (1, 0.3739088475704193), (2, 0.37066563963890076), (3, 0.3855036199092865), (4, 0.38274261355400085), (5, 0.38827580213546753), (6, 0.37194105982780457), (7, 0.34056708216667175), (8, 0.39907097816467285), (9, 0.38876715302467346), (0, 0.36099502444267273), (1, 0.36140337586402893), (2, 0.36153239011764526), (3, 0.3486446738243103), (4, 0.38346290588378906), (5, 0.3909943699836731), (6, 0.3754853308200836), (7, 0.3553524315357208), (8, 0.38305598497390747), (9, 0.403054416179657), (0, 0.34186291694641113), (1, 0.3736501932144165), (2, 0.3713025152683258), (3, 0.39377057552337646), (4, 0.35553619265556335), (5, 0.40144965052604675), (6, 0.327055960893631), (7, 0.3541460931301117), (8, 0.35258615016937256), (9, 0.3733028173446655), (0, 0.36595404148101807), (1, 0.33235156536102295), (2, 0.32896700501441956), (3, 0.3615420460700989), (4, 0.336406946182251), (5, 0.3600958585739136), (6, 0.39017078280448914), (7, 0.3854333758354187), (8, 0.36793655157089233), (9, 0.3613086938858032), (0, 0.3597710132598877), (1, 0.402444988489151), (2, 0.37764355540275574), (3, 0.33031371235847473), (4, 0.3596970736980438), (5, 0.32913345098495483), (6, 0.38686153292655945), (7, 0.3313087821006775), (8, 0.3438171446323395), (9, 0.37749987840652466), (0, 0.3321618139743805), (1, 0.3749557435512543), (2, 0.3313499689102173), (3, 0.3494504988193512), (4, 0.3214683532714844), (5, 0.34784170985221863), (6, 0.3499020040035248), (7, 0.3496968150138855), (8, 0.39116814732551575), (9, 0.36600327491760254), (0, 0.3153581917285919), (1, 0.3463374674320221), (2, 0.3339032232761383), (3, 0.3201524317264557), (4, 0.36287379264831543), (5, 0.3728525638580322), (6, 0.3668636977672577), (7, 0.3696507215499878), (8, 0.353893518447876), (9, 0.3200777769088745), (0, 0.3421590030193329), (1, 0.3633512258529663), (2, 0.33436405658721924), (3, 0.3327232599258423), (4, 0.33648163080215454), (5, 0.3283003270626068), (6, 0.37056735157966614), (7, 0.3200739920139313), (8, 0.3546392023563385), (9, 0.34434738755226135), (0, 0.3242613673210144), (1, 0.35444071888923645), (2, 0.33639952540397644), (3, 0.3665400743484497), (4, 0.3255992829799652), (5, 0.3737785220146179), (6, 0.34315207600593567), (7, 0.30839186906814575), (8, 0.323978066444397), (9, 0.3002157211303711), (0, 0.35671550035476685), (1, 0.29942694306373596), (2, 0.3688880503177643), (3, 0.33231666684150696), (4, 0.33938437700271606), (5, 0.32489848136901855), (6, 0.3875473737716675), (7, 0.31863823533058167), (8, 0.309110552072525), (9, 0.35493919253349304), (0, 0.33426928520202637), (1, 0.34988152980804443), (2, 0.3397175073623657), (3, 0.3291783034801483), (4, 0.31186458468437195), (5, 0.3272119462490082), (6, 0.3034404516220093), (7, 0.3170057237148285), (8, 0.36285531520843506), (9, 0.374491810798645), (0, 0.3358081877231598), (1, 0.3100584149360657), (2, 0.29874512553215027), (3, 0.3657192885875702), (4, 0.29750004410743713), (5, 0.3299226760864258), (6, 0.33478912711143494), (7, 0.32062608003616333), (8, 0.35151854157447815), (9, 0.34440281987190247), (0, 0.306565523147583), (1, 0.3670006990432739), (2, 0.3213375508785248), (3, 0.30649977922439575), (4, 0.31056755781173706), (5, 0.31144991517066956), (6, 0.32774657011032104), (7, 0.31109419465065), (8, 0.32123371958732605), (9, 0.4084033668041229), (0, 0.3508087992668152), (1, 0.31179267168045044), (2, 0.333983451128006), (3, 0.28402435779571533), (4, 0.32051193714141846), (5, 0.3196204900741577), (6, 0.3256901800632477), (7, 0.348260760307312), (8, 0.30548515915870667), (9, 0.36503830552101135), (0, 0.3602637052536011), (1, 0.2739759385585785), (2, 0.31818392872810364), (3, 0.26720336079597473), (4, 0.32218220829963684), (5, 0.36602768301963806), (6, 0.3295449912548065), (7, 0.3141215145587921), (8, 0.33607593178749084), (9, 0.34872275590896606), (0, 0.3250157833099365), (1, 0.2879553437232971), (2, 0.32377374172210693), (3, 0.29726454615592957), (4, 0.3567124903202057), (5, 0.36412283778190613), (6, 0.35162580013275146), (7, 0.2751184403896332), (8, 0.30617934465408325), (9, 0.2876738905906677), (0, 0.3292592167854309), (1, 0.32820677757263184), (2, 0.3242267668247223), (3, 0.27852165699005127), (4, 0.26201891899108887), (5, 0.3691270053386688), (6, 0.30917292833328247), (7, 0.3094782829284668), (8, 0.33162373304367065), (9, 0.3422336280345917), (0, 0.34231147170066833), (1, 0.2958598732948303), (2, 0.3208197057247162), (3, 0.3085934519767761), (4, 0.3176526129245758), (5, 0.2782787084579468), (6, 0.38859912753105164), (7, 0.3391460180282593), (8, 0.3044763505458832), (9, 0.2706924080848694), (0, 0.35441839694976807), (1, 0.3051094710826874), (2, 0.2961219847202301), (3, 0.317066490650177), (4, 0.3093467652797699), (5, 0.3264745771884918), (6, 0.30738943815231323), (7, 0.2964719831943512), (8, 0.3002051115036011), (9, 0.3016566336154938), (0, 0.28694382309913635), (1, 0.32869216799736023), (2, 0.2809121608734131), (3, 0.33894187211990356), (4, 0.31332892179489136), (5, 0.3133460283279419), (6, 0.31451767683029175), (7, 0.32451358437538147), (8, 0.3234352469444275), (9, 0.2790946960449219), (0, 0.3347252607345581), (1, 0.31520140171051025), (2, 0.3196600377559662), (3, 0.3214217722415924), (4, 0.2824958860874176), (5, 0.30892518162727356), (6, 0.2843894064426422), (7, 0.31145402789115906), (8, 0.29168641567230225), (9, 0.30293306708335876), (0, 0.3322432339191437), (1, 0.34549087285995483), (2, 0.3429413139820099), (3, 0.2747003436088562), (4, 0.2792934477329254), (5, 0.31712257862091064), (6, 0.3361087143421173), (7, 0.27888303995132446), (8, 0.2826891839504242), (9, 0.26688042283058167), (0, 0.3244771659374237), (1, 0.3117002844810486), (2, 0.262317955493927), (3, 0.2953588366508484), (4, 0.28369614481925964), (5, 0.32142922282218933), (6, 0.3068164587020874), (7, 0.320639431476593), (8, 0.3250352740287781), (9, 0.3146660029888153), (0, 0.3464404046535492), (1, 0.32616981863975525), (2, 0.30288243293762207), (3, 0.301509290933609), (4, 0.29617422819137573), (5, 0.3015480041503906), (6, 0.2841244041919708), (7, 0.27426642179489136), (8, 0.3033919930458069), (9, 0.2662738561630249), (0, 0.3110508322715759), (1, 0.3038009703159332), (2, 0.26616036891937256), (3, 0.2897988259792328), (4, 0.3267417550086975), (5, 0.30248305201530457), (6, 0.27549633383750916), (7, 0.30411478877067566), (8, 0.28354939818382263), (9, 0.3682368993759155), (0, 0.2815767228603363), (1, 0.31883102655410767), (2, 0.3036934733390808), (3, 0.3128918409347534), (4, 0.2779175341129303), (5, 0.28289300203323364), (6, 0.3090282380580902), (7, 0.31332701444625854), (8, 0.3082393407821655), (9, 0.2802332639694214), (0, 0.2755099833011627), (1, 0.28970780968666077), (2, 0.30480271577835083), (3, 0.3538251221179962), (4, 0.2608717381954193), (5, 0.31420621275901794), (6, 0.28822261095046997), (7, 0.2823062837123871), (8, 0.26705068349838257), (9, 0.3781965970993042), (0, 0.2728143036365509), (1, 0.26895731687545776), (2, 0.27931374311447144), (3, 0.318428099155426), (4, 0.2988779544830322), (5, 0.2958483099937439), (6, 0.33924931287765503), (7, 0.3038341999053955), (8, 0.24277473986148834), (9, 0.3731129467487335), (0, 0.33538609743118286), (1, 0.3920117914676666), (2, 0.28135523200035095), (3, 0.209528386592865), (4, 0.2987545132637024), (5, 0.27283772826194763), (6, 0.25263485312461853), (7, 0.27479976415634155), (8, 0.3052998185157776), (9, 0.3265801668167114), (0, 0.2555626630783081), (1, 0.3049623966217041), (2, 0.29574546217918396), (3, 0.31350505352020264), (4, 0.2982001006603241), (5, 0.28955647349357605), (6, 0.31744515895843506), (7, 0.3099437654018402), (8, 0.26830166578292847), (9, 0.2525104582309723), (0, 0.2732626795768738), (1, 0.3297199606895447), (2, 0.30338817834854126), (3, 0.28189384937286377), (4, 0.3145312964916229), (5, 0.27211907505989075), (6, 0.2823399603366852), (7, 0.2883140742778778), (8, 0.2690735161304474), (9, 0.2860614061355591), (0, 0.30657365918159485), (1, 0.31843632459640503), (2, 0.27021220326423645), (3, 0.30690833926200867), (4, 0.2763504683971405), (5, 0.30527710914611816), (6, 0.26886165142059326), (7, 0.3001418709754944), (8, 0.26648464798927307), (9, 0.24398495256900787), (0, 0.30132028460502625), (1, 0.2659227252006531), (2, 0.31040245294570923), (3, 0.2624621093273163), (4, 0.29585403203964233), (5, 0.2898271679878235), (6, 0.3379899263381958), (7, 0.2931152880191803), (8, 0.2679053843021393), (9, 0.2375704050064087), (0, 0.3017399311065674), (1, 0.29474011063575745), (2, 0.2575061321258545), (3, 0.2979256510734558), (4, 0.31227484345436096), (5, 0.2879944145679474), (6, 0.29012152552604675), (7, 0.24583396315574646), (8, 0.29107779264450073), (9, 0.3635595738887787), (0, 0.2778012156486511), (1, 0.3265398442745209), (2, 0.27216899394989014), (3, 0.3329932391643524), (4, 0.2971090078353882), (5, 0.32530537247657776), (6, 0.31795942783355713), (7, 0.24321573972702026), (8, 0.28620898723602295), (9, 0.268164724111557), (0, 0.2655097246170044), (1, 0.3058909475803375), (2, 0.33083251118659973), (3, 0.28688713908195496), (4, 0.30111098289489746), (5, 0.346068799495697), (6, 0.31773698329925537), (7, 0.25669410824775696), (8, 0.32913529872894287), (9, 0.2708544433116913), (0, 0.36228424310684204), (1, 0.3196081519126892), (2, 0.34722137451171875), (3, 0.29480019211769104), (4, 0.24824541807174683), (5, 0.2777346074581146), (6, 0.3138216733932495), (7, 0.26524344086647034), (8, 0.2677672505378723), (9, 0.30704325437545776), (0, 0.34101173281669617), (1, 0.26336538791656494), (2, 0.2939055860042572), (3, 0.23458564281463623), (4, 0.2902543842792511), (5, 0.2881753146648407), (6, 0.2930114269256592), (7, 0.2727007567882538), (8, 0.2933696508407593), (9, 0.32895344495773315), (0, 0.26209867000579834), (1, 0.27831920981407166), (2, 0.2925183176994324), (3, 0.2880061864852905), (4, 0.29274529218673706), (5, 0.31099629402160645), (6, 0.2695504426956177), (7, 0.28430068492889404), (8, 0.24942757189273834), (9, 0.2885773181915283), (0, 0.3270414471626282), (1, 0.2505863904953003), (2, 0.329651802778244), (3, 0.3083032965660095), (4, 0.2555433213710785), (5, 0.2418927550315857), (6, 0.26484593749046326), (7, 0.2820682227611542), (8, 0.25833675265312195), (9, 0.3084526062011719), (0, 0.29746517539024353), (1, 0.2594916522502899), (2, 0.23094674944877625), (3, 0.23297668993473053), (4, 0.28344500064849854), (5, 0.27618521451950073), (6, 0.3393276333808899), (7, 0.29997825622558594), (8, 0.28820687532424927), (9, 0.3320537209510803), (0, 0.2891978323459625), (1, 0.29516661167144775), (2, 0.2811194360256195), (3, 0.2745433449745178), (4, 0.26802077889442444), (5, 0.28861063718795776), (6, 0.26564016938209534), (7, 0.26707661151885986), (8, 0.28685471415519714), (9, 0.29231446981430054), (0, 0.31344062089920044), (1, 0.24092893302440643), (2, 0.24679674208164215), (3, 0.2811964750289917), (4, 0.2997415065765381), (5, 0.27535420656204224), (6, 0.28237247467041016), (7, 0.26509612798690796), (8, 0.2721414864063263), (9, 0.3058021664619446), (0, 0.2892132103443146), (1, 0.2756215035915375), (2, 0.2586264908313751), (3, 0.2851184606552124), (4, 0.28323158621788025), (5, 0.31622442603111267), (6, 0.2778399586677551), (7, 0.2698630392551422), (8, 0.26480305194854736), (9, 0.2684479057788849), (0, 0.27089691162109375), (1, 0.285001665353775), (2, 0.23354248702526093), (3, 0.3001556694507599), (4, 0.2670854926109314), (5, 0.2868609130382538), (6, 0.31999725103378296), (7, 0.2883653938770294), (8, 0.2810955345630646), (9, 0.26241642236709595), (0, 0.3071080446243286), (1, 0.2648952901363373), (2, 0.283311128616333), (3, 0.32564789056777954), (4, 0.27141064405441284), (5, 0.2633923888206482), (6, 0.24933433532714844), (7, 0.2952839732170105), (8, 0.2982840836048126), (9, 0.1969972550868988), (0, 0.26394638419151306), (1, 0.2567465305328369), (2, 0.2497418075799942), (3, 0.25755080580711365), (4, 0.29522040486335754), (5, 0.3318937420845032), (6, 0.277616947889328), (7, 0.28005897998809814), (8, 0.2516658902168274), (9, 0.2596059739589691), (0, 0.2955237030982971), (1, 0.3014446198940277), (2, 0.2612495422363281), (3, 0.2638232707977295), (4, 0.24971289932727814), (5, 0.29456835985183716), (6, 0.2568475902080536), (7, 0.2814033031463623), (8, 0.24108968675136566), (9, 0.24731792509555817), (0, 0.2834995985031128), (1, 0.2672487497329712), (2, 0.2659502923488617), (3, 0.2726143002510071), (4, 0.27353110909461975), (5, 0.27130675315856934), (6, 0.2502768933773041), (7, 0.29396942257881165), (8, 0.2597505450248718), (9, 0.2335384339094162), (0, 0.2726258337497711), (1, 0.2716606855392456), (2, 0.2741355001926422), (3, 0.27677246928215027), (4, 0.22848539054393768), (5, 0.25584378838539124), (6, 0.25164738297462463), (7, 0.293844610452652), (8, 0.2766706347465515), (9, 0.2860633134841919), (0, 0.26096516847610474), (1, 0.2267899513244629), (2, 0.2994080185890198), (3, 0.25339049100875854), (4, 0.2825727164745331), (5, 0.2437155842781067), (6, 0.27436718344688416), (7, 0.28729385137557983), (8, 0.2813173830509186), (9, 0.2508887052536011), (0, 0.23437386751174927), (1, 0.2898133397102356), (2, 0.3010656237602234), (3, 0.27148836851119995), (4, 0.2588518261909485), (5, 0.24803297221660614), (6, 0.24946589767932892), (7, 0.2298002392053604), (8, 0.295438289642334), (9, 0.2976694405078888), (0, 0.2795035243034363), (1, 0.29090067744255066), (2, 0.2598816752433777), (3, 0.31771740317344666), (4, 0.281614750623703), (5, 0.2513067126274109), (6, 0.2719345986843109), (7, 0.21067026257514954), (8, 0.24242708086967468), (9, 0.21850290894508362), (0, 0.32537975907325745), (1, 0.23909322917461395), (2, 0.27234935760498047), (3, 0.22485408186912537), (4, 0.22664017975330353), (5, 0.29383087158203125), (6, 0.231086865067482), (7, 0.30178380012512207), (8, 0.23448264598846436), (9, 0.32332131266593933), (0, 0.29406389594078064), (1, 0.2516753077507019), (2, 0.24665047228336334), (3, 0.297961950302124), (4, 0.2801983654499054), (5, 0.23533883690834045), (6, 0.2787992060184479), (7, 0.2506793439388275), (8, 0.29124560952186584), (9, 0.2073245495557785), (0, 0.27548128366470337), (1, 0.328384131193161), (2, 0.244541734457016), (3, 0.24477191269397736), (4, 0.2650449275970459), (5, 0.24968793988227844), (6, 0.2795540988445282), (7, 0.2903076112270355), (8, 0.2650851905345917), (9, 0.23792392015457153), (0, 0.25701770186424255), (1, 0.2861405313014984), (2, 0.28774330019950867), (3, 0.2701926529407501), (4, 0.3085198998451233), (5, 0.2616177797317505), (6, 0.2702982425689697), (7, 0.29216280579566956), (8, 0.28231120109558105), (9, 0.300548255443573), (0, 0.28294670581817627), (1, 0.26220351457595825), (2, 0.2804592251777649), (3, 0.2785455584526062), (4, 0.2776634693145752), (5, 0.2265053242444992), (6, 0.3080839514732361), (7, 0.2772142291069031), (8, 0.2914942502975464), (9, 0.2191367745399475), (0, 0.26834335923194885), (1, 0.30743980407714844), (2, 0.24713459610939026), (3, 0.28111666440963745), (4, 0.26763296127319336), (5, 0.2914873957633972), (6, 0.22269630432128906), (7, 0.292362779378891), (8, 0.258955180644989), (9, 0.1991284191608429), (0, 0.2755669355392456), (1, 0.26388007402420044), (2, 0.25440892577171326), (3, 0.27358442544937134), (4, 0.2710619568824768), (5, 0.2630484104156494), (6, 0.2669917345046997), (7, 0.24899359047412872), (8, 0.258873850107193), (9, 0.1942058950662613), (0, 0.2738263010978699), (1, 0.24724307656288147), (2, 0.24980951845645905), (3, 0.2874598801136017), (4, 0.23627227544784546), (5, 0.2827281057834625), (6, 0.288400262594223), (7, 0.21005544066429138), (8, 0.2507244646549225), (9, 0.2672867178916931), (0, 0.2331736981868744), (1, 0.2511157691478729), (2, 0.2804111838340759), (3, 0.2631690502166748), (4, 0.25139757990837097), (5, 0.23488378524780273), (6, 0.2231261283159256), (7, 0.28412389755249023), (8, 0.30333212018013), (9, 0.2698698341846466), (0, 0.27597010135650635), (1, 0.24895191192626953), (2, 0.2590610980987549), (3, 0.24419279396533966), (4, 0.25877344608306885), (5, 0.23914004862308502), (6, 0.26288196444511414), (7, 0.29677876830101013), (8, 0.2586216628551483), (9, 0.2708446979522705), (0, 0.24860741198062897), (1, 0.2744106352329254), (2, 0.2643056809902191), (3, 0.22810620069503784), (4, 0.27502354979515076), (5, 0.2842313051223755), (6, 0.2406442016363144), (7, 0.2502485513687134), (8, 0.24046911299228668), (9, 0.30008190870285034), (0, 0.23707462847232819), (1, 0.28630512952804565), (2, 0.2545177936553955), (3, 0.25489628314971924), (4, 0.2661125361919403), (5, 0.23616307973861694), (6, 0.25673890113830566), (7, 0.28976818919181824), (8, 0.266104519367218), (9, 0.21206599473953247), (0, 0.2373984456062317), (1, 0.21992552280426025), (2, 0.26436999440193176), (3, 0.22462360560894012), (4, 0.27381694316864014), (5, 0.2989247441291809), (6, 0.27362948656082153), (7, 0.22990205883979797), (8, 0.2512494921684265), (9, 0.29764795303344727)]