Model Setup for Uniform virtual {PATIENT_GROUP} Trained Network:

Network Architecture Parameters
Input channels=3
Hidden channels=32
Output channels=1

Training hyperparameters
Optimizer=AdamW (
Parameter Group 0
    amsgrad: False
    betas: (0.9, 0.999)
    capturable: False
    differentiable: False
    eps: 1e-08
    foreach: None
    fused: None
    lr: 0.001
    maximize: False
    weight_decay: 1e-06
)Training Iterations=100
Learning rate=0.001
Weight decay=1e-06
Optimizer reset frequency=None

Dropout probability (after initial linear layer before NCDE): 0
Training Data Selection Parameters
(If not virtual, the only important params are the groups and whether data was normalized/standardized)
Patient groups=['Control', 'Atypical']
Augmentation strategy=Uniform
Normalized/standardized=StandardizeAll
Number of virtual patients per real patient=100
Number of real patients sampled from each group=10
Label smoothing factor=0
Virtual population number used=1
Test Patient Combinations:
Control: (0, 9, 3, 7, 4)
Atypical: (0, 7, 12, 8, 11)
Training batch size=200
Training Results:
Runtime=1860.3127620220184
Loss over time=[(0, 0.6963553665128208), (1, 0.6713546027143674), (2, 0.6699642815730962), (3, 0.6715956794368932), (4, 0.666556060538482), (5, 0.6579131876128753), (6, 0.6367010844892108), (7, 0.6503852817301307), (8, 0.6345165853966016), (9, 0.6707019344997539), (0, 0.6171418739111515), (1, 0.6367671733823215), (2, 0.6267071000399245), (3, 0.6202414531881366), (4, 0.6293034089339931), (5, 0.616956777653456), (6, 0.6109287315810812), (7, 0.6153932115501815), (8, 0.6169331707994327), (9, 0.5812167509439052), (0, 0.5766688929819813), (1, 0.6060773182899621), (2, 0.5964593478767934), (3, 0.6096926245060541), (4, 0.5636269478376978), (5, 0.5857238471024455), (6, 0.5650611724200946), (7, 0.5691960798324496), (8, 0.5532639239466937), (9, 0.5928900261854337), (0, 0.5702064981967454), (1, 0.5477612581368326), (2, 0.5671086161389044), (3, 0.5411367815612862), (4, 0.5688911494099146), (5, 0.5367406603771981), (6, 0.5345537750270176), (7, 0.5281516940353058), (8, 0.5195952378802231), (9, 0.48362666382205705), (0, 0.513085378078997), (1, 0.5205297199536021), (2, 0.5653142100437962), (3, 0.5280658430306042), (4, 0.4790301928138876), (5, 0.4969581410064481), (6, 0.5392960383619682), (7, 0.4757275052619628), (8, 0.48129906157349045), (9, 0.4843838940320411), (0, 0.47894495101910683), (1, 0.4768925613930884), (2, 0.48763911853705194), (3, 0.5113083546488184), (4, 0.5209611723151487), (5, 0.4794402001028135), (6, 0.4929699055962037), (7, 0.4565233920386545), (8, 0.4933340365809657), (9, 0.41163703877683344), (0, 0.4791640288209932), (1, 0.4718529372433086), (2, 0.4531881405629374), (3, 0.454762492795367), (4, 0.4156151851343028), (5, 0.5060369598684453), (6, 0.5289844011844164), (7, 0.4779172607102427), (8, 0.45586228235999987), (9, 0.4274774236529544), (0, 0.4607484298408943), (1, 0.47700967347299694), (2, 0.46120948175308235), (3, 0.45711865546085456), (4, 0.40847591265919225), (5, 0.4798429260338035), (6, 0.41102969278384127), (7, 0.4702877138801461), (8, 0.46323672004136646), (9, 0.5166266843843543), (0, 0.404764419091024), (1, 0.5032627617000475), (2, 0.44726720027799294), (3, 0.4819705976785736), (4, 0.47532820829766065), (5, 0.4606138454244453), (6, 0.41809089823452267), (7, 0.4514649245165701), (8, 0.37795392286604923), (9, 0.4753543845959367), (0, 0.4762682757236351), (1, 0.47002141753094023), (2, 0.414268780713838), (3, 0.4450277402515017), (4, 0.4603590992098252), (5, 0.37998650129483635), (6, 0.4737477100341846), (7, 0.45362417304619923), (8, 0.44179373528437815), (9, 0.3370784672950602), (0, 0.42178592503671725), (1, 0.38657203189813133), (2, 0.4021500096954327), (3, 0.4665520111281618), (4, 0.42529273834988407), (5, 0.4222929902946696), (6, 0.46787935851632767), (7, 0.42443531761047226), (8, 0.4573768668857366), (9, 0.4839978397129164), (0, 0.426910271094388), (1, 0.40922856889671794), (2, 0.3886337449120591), (3, 0.45277877886537665), (4, 0.42702397778148005), (5, 0.4316909967548256), (6, 0.41549388736911136), (7, 0.4623321106478272), (8, 0.3976227022189618), (9, 0.4965719187278841), (0, 0.4211140137365346), (1, 0.4255500705667749), (2, 0.41274046395333985), (3, 0.45356909215695507), (4, 0.4133656487132197), (5, 0.40491267483169224), (6, 0.4074918253755044), (7, 0.41777836006681596), (8, 0.44716955215009435), (9, 0.4110027655462048), (0, 0.43559459194598077), (1, 0.4370914097940539), (2, 0.32382472805458584), (3, 0.44193325520907145), (4, 0.47255315324006447), (5, 0.4484236992089914), (6, 0.3992923002186316), (7, 0.37379900559594686), (8, 0.41656002038264783), (9, 0.43096485720969996), (0, 0.40954139075746154), (1, 0.4060738856451806), (2, 0.4035653692417569), (3, 0.4260523634017446), (4, 0.39596515768793067), (5, 0.4372040939685393), (6, 0.39013839038177855), (7, 0.4642665455696904), (8, 0.36063274885235047), (9, 0.4571616868324901), (0, 0.37432607598987633), (1, 0.3444833940880349), (2, 0.4175816026342038), (3, 0.4078730914715252), (4, 0.41610800083618005), (5, 0.46356818516059617), (6, 0.4025413071305307), (7, 0.41334962367767836), (8, 0.4150791948145831), (9, 0.463826979427209), (0, 0.44272422934495154), (1, 0.3724702159365709), (2, 0.4317242240416989), (3, 0.40737894839221606), (4, 0.3874171966351123), (5, 0.3974708292555412), (6, 0.41099326776717615), (7, 0.3907697267615525), (8, 0.42717478574297024), (9, 0.36081608282205563), (0, 0.36302533207256815), (1, 0.3999905729208049), (2, 0.37028968589415684), (3, 0.4739744304252787), (4, 0.40507292803982), (5, 0.4464664613546843), (6, 0.3886738184932804), (7, 0.39414080802498885), (8, 0.3514437794324571), (9, 0.4139016053190733), (0, 0.34601748230305757), (1, 0.38769372612462044), (2, 0.4639874889914889), (3, 0.4385454763728791), (4, 0.4084360113795138), (5, 0.36330934358060835), (6, 0.350960197945597), (7, 0.3880321271039914), (8, 0.45691025976563365), (9, 0.29595112124144607), (0, 0.42608010205289887), (1, 0.3665738944125094), (2, 0.4239549548352304), (3, 0.41505720933826895), (4, 0.3623496374083869), (5, 0.3588837279175368), (6, 0.4390067128607418), (7, 0.40324278172652694), (8, 0.33706035036761933), (9, 0.3459130755119476), (0, 0.44874371597505275), (1, 0.4254162985981924), (2, 0.3909926695465261), (3, 0.40648590885473446), (4, 0.35088674326423075), (5, 0.3446084168993124), (6, 0.3849104204754574), (7, 0.381162011126588), (8, 0.3546868328691064), (9, 0.33417715890211325), (0, 0.35780543831761064), (1, 0.31542052261171066), (2, 0.3846590361767227), (3, 0.4184894904961061), (4, 0.3793422494339575), (5, 0.37573324092263116), (6, 0.3939313484224186), (7, 0.4126385449850498), (8, 0.3700212026592937), (9, 0.39773030449990115), (0, 0.38327853822950736), (1, 0.37862389167358174), (2, 0.3578188001318309), (3, 0.3378276243923503), (4, 0.3703398994094277), (5, 0.34648610591545476), (6, 0.4217477205446253), (7, 0.3845540771507208), (8, 0.37791478083410296), (9, 0.39233632942842095), (0, 0.3733412171986415), (1, 0.377884046549198), (2, 0.33607587143709705), (3, 0.30005959972805774), (4, 0.3983397170748404), (5, 0.3632361552947143), (6, 0.3391684530085), (7, 0.3868633133779107), (8, 0.4491474765030227), (9, 0.39292195487925613), (0, 0.4228652983469407), (1, 0.35064196576819756), (2, 0.3653078368016312), (3, 0.3867025024852015), (4, 0.3405089957587319), (5, 0.37199830182474114), (6, 0.39233850067650344), (7, 0.4239558584391485), (8, 0.2705173282212431), (9, 0.31863619512016095), (0, 0.33984798410969186), (1, 0.3121522959630545), (2, 0.3666830972223363), (3, 0.38943976251161017), (4, 0.37223691333115205), (5, 0.34600955200733496), (6, 0.40452174596052587), (7, 0.3382731221110031), (8, 0.4223963230633273), (9, 0.3000292952834907), (0, 0.34875198358329484), (1, 0.3704212381234221), (2, 0.3664582547005793), (3, 0.3503854151419194), (4, 0.3521173071140934), (5, 0.3460739482507731), (6, 0.3544777971124001), (7, 0.32589142898816453), (8, 0.36417179324347615), (9, 0.45447885080017403), (0, 0.3240717663383488), (1, 0.36724493372263206), (2, 0.32825960707074786), (3, 0.3167256576502536), (4, 0.3722424754058576), (5, 0.3516190717025658), (6, 0.3648922876384651), (7, 0.3254351437850882), (8, 0.4261902102792148), (9, 0.4111156058982438), (0, 0.3561837702425279), (1, 0.397011081743281), (2, 0.3227064250180689), (3, 0.3546095998660574), (4, 0.39858928065434723), (5, 0.3409009746195788), (6, 0.3667913269176001), (7, 0.2798949923832829), (8, 0.3567780078048463), (9, 0.3576712017947726), (0, 0.3145112215019736), (1, 0.2955406411151909), (2, 0.4208781387823468), (3, 0.31084440999085455), (4, 0.3896318902766376), (5, 0.33340108181275196), (6, 0.35374711540068815), (7, 0.3595732653933473), (8, 0.3742169295081489), (9, 0.37195392421497947), (0, 0.3056663045828501), (1, 0.37975353796871064), (2, 0.3291091940039958), (3, 0.3504941106743248), (4, 0.39592634573823743), (5, 0.3250018661161726), (6, 0.3482269167114871), (7, 0.3590431681201268), (8, 0.33321450711773826), (9, 0.3613118998457391), (0, 0.4272487388495862), (1, 0.3488932367004132), (2, 0.3270758551798042), (3, 0.3092257328141932), (4, 0.3356373949920699), (5, 0.3010157649168728), (6, 0.3642167198265852), (7, 0.35064989342348724), (8, 0.36041419801399116), (9, 0.3048303098657496), (0, 0.35037628675765825), (1, 0.3424720197761173), (2, 0.33168174790641386), (3, 0.2824390438107796), (4, 0.36890403036081254), (5, 0.3452980227428547), (6, 0.35117453747658106), (7, 0.35618059273772495), (8, 0.40337353566619216), (9, 0.2630319656514319), (0, 0.3146091379410493), (1, 0.3678329627013685), (2, 0.3414650256439121), (3, 0.33768277465918445), (4, 0.3073484237689672), (5, 0.41270505795309254), (6, 0.3411283717285454), (7, 0.3120629713180129), (8, 0.3160203572277231), (9, 0.37322493230988685), (0, 0.32901753329898953), (1, 0.34819739592853205), (2, 0.35986892951992216), (3, 0.33256172226747355), (4, 0.3495362983354834), (5, 0.29714109998751004), (6, 0.35270058688484723), (7, 0.321706983235727), (8, 0.36077860109228266), (9, 0.3397065463748363), (0, 0.3319639492238185), (1, 0.3131760618277019), (2, 0.34845737309239744), (3, 0.29678621554239093), (4, 0.37456434803846805), (5, 0.32030254913136064), (6, 0.3572747174137719), (7, 0.38565763985265683), (8, 0.3414246768735285), (9, 0.268174256409349), (0, 0.32178703543528286), (1, 0.31062126112841504), (2, 0.3499108101497012), (3, 0.32431468254043266), (4, 0.29154028838964635), (5, 0.4028157648994275), (6, 0.3192007523173488), (7, 0.3107638655544497), (8, 0.3715263856107385), (9, 0.3699700659683046), (0, 0.2988606933328347), (1, 0.33127022356355806), (2, 0.3384135235607625), (3, 0.3519754321759942), (4, 0.3587728139436714), (5, 0.383009032167995), (6, 0.3315321866674127), (7, 0.31363093281042215), (8, 0.30291236454021364), (9, 0.33362502175749803), (0, 0.37210404764563015), (1, 0.30417900375301093), (2, 0.3307834375321944), (3, 0.3684641187050154), (4, 0.3232674228878541), (5, 0.31264938197934683), (6, 0.3117601220636103), (7, 0.3597657629384616), (8, 0.3082077008869768), (9, 0.3341864505815778), (0, 0.30865606043473165), (1, 0.33973693423491896), (2, 0.3250302886995143), (3, 0.3060496260361829), (4, 0.3340878623215662), (5, 0.37794048231794447), (6, 0.352280725665981), (7, 0.3824703822992525), (8, 0.2920961973524568), (9, 0.25648883638808195), (0, 0.4218958432217522), (1, 0.2661386922265208), (2, 0.3067816123750571), (3, 0.29569800322971285), (4, 0.40302901141188074), (5, 0.3588349401368245), (6, 0.3414656795487804), (7, 0.3092066789048011), (8, 0.3132708700487101), (9, 0.2271370026329568), (0, 0.3400200004200755), (1, 0.36675520747187973), (2, 0.31747994386631534), (3, 0.3277473489995604), (4, 0.2677893482665158), (5, 0.32669539991490154), (6, 0.34951292578843457), (7, 0.36430899373002146), (8, 0.3084228199265873), (9, 0.2929923979197839), (0, 0.35233367697009627), (1, 0.29872131617313274), (2, 0.3463095576564207), (3, 0.3387081036397), (4, 0.33953617538540654), (5, 0.3139988572320424), (6, 0.2768886557110794), (7, 0.31529270616771027), (8, 0.3375173758784203), (9, 0.3661976696999847), (0, 0.29265362197990413), (1, 0.33735646048172474), (2, 0.3149628457446372), (3, 0.3162247093203315), (4, 0.3689186197784655), (5, 0.31784916902866217), (6, 0.3353412899457052), (7, 0.31917028906663925), (8, 0.361144642243618), (9, 0.2646693233286894), (0, 0.30311599147979257), (1, 0.3436094017492217), (2, 0.3638703298306407), (3, 0.31531340296079396), (4, 0.32603940881406557), (5, 0.32985778179721825), (6, 0.3802871623576289), (7, 0.2919332141054734), (8, 0.3000037535208178), (9, 0.25072823508427694), (0, 0.29766433482688265), (1, 0.3528326954849642), (2, 0.2936638154692175), (3, 0.3363412997193425), (4, 0.3952741005560402), (5, 0.27159330619444033), (6, 0.29998919437121135), (7, 0.31953527244718316), (8, 0.35784778195000105), (9, 0.2976633629932395), (0, 0.377189281381207), (1, 0.36726743683236956), (2, 0.33089135484329824), (3, 0.3424622200737671), (4, 0.3187572737544874), (5, 0.2875593240250377), (6, 0.33928181695921195), (7, 0.2973611566035163), (8, 0.25664306791129443), (9, 0.2768902060842287), (0, 0.29002660598390534), (1, 0.2915598117554103), (2, 0.36109136333170055), (3, 0.32786584704226684), (4, 0.3139239921874433), (5, 0.3052360579362027), (6, 0.33189856657519795), (7, 0.3299797805620615), (8, 0.3582488251152886), (9, 0.2648077196502834), (0, 0.31884280096025014), (1, 0.30291608075781096), (2, 0.3491347949180475), (3, 0.3035720574913359), (4, 0.3187995071505173), (5, 0.2793277285704231), (6, 0.33751606374969884), (7, 0.3563277154646785), (8, 0.3206110008957966), (9, 0.2766449542833999), (0, 0.36967185528219526), (1, 0.32871778997669543), (2, 0.3137670897200642), (3, 0.256754057279849), (4, 0.31428009805591994), (5, 0.3299875206275067), (6, 0.31676315912624076), (7, 0.3035128463187364), (8, 0.32151025309693765), (9, 0.3256434237292002), (0, 0.3478476144575077), (1, 0.3680625534552007), (2, 0.34423577755519474), (3, 0.2664466014083791), (4, 0.34959530064399486), (5, 0.32425670526957356), (6, 0.3014130430580113), (7, 0.28219802300118363), (8, 0.2787279863353046), (9, 0.2864087239863497), (0, 0.3017302113838081), (1, 0.30140402235447317), (2, 0.2986535379353625), (3, 0.30963514257149966), (4, 0.3329514209371019), (5, 0.27998893519391294), (6, 0.3448619577809886), (7, 0.3311144882386801), (8, 0.3611999119020311), (9, 0.26548739529178134), (0, 0.2744872192844217), (1, 0.36627596227868353), (2, 0.31544424833430595), (3, 0.35500364018572594), (4, 0.2552755762525985), (5, 0.2668019921566501), (6, 0.37234133574701295), (7, 0.2651233681507423), (8, 0.3603657857519849), (9, 0.3203191029488485), (0, 0.33935285534383525), (1, 0.3653495785570773), (2, 0.282991371236197), (3, 0.37903077765309506), (4, 0.3138391647897841), (5, 0.23513396866997457), (6, 0.32437851841248067), (7, 0.28524470890277426), (8, 0.28881075447557886), (9, 0.33456102030103024), (0, 0.28576869878886396), (1, 0.2866312465034897), (2, 0.31085867811647705), (3, 0.36873536633313647), (4, 0.2946432831794844), (5, 0.30484315260951533), (6, 0.35775768884075804), (7, 0.2791287600060581), (8, 0.32151526099330113), (9, 0.3193708015847776), (0, 0.29424803476789607), (1, 0.3265199933410426), (2, 0.33151260121587256), (3, 0.34703825266890176), (4, 0.28324144830572096), (5, 0.29526326398944724), (6, 0.24146141758828915), (7, 0.35133876423422694), (8, 0.3110076532563749), (9, 0.31329201270531365), (0, 0.3547901895024805), (1, 0.27000267266669725), (2, 0.2805565564359069), (3, 0.3382033224505364), (4, 0.3275112309024299), (5, 0.3553569353353337), (6, 0.26150665857881156), (7, 0.30050756346700347), (8, 0.2905794777995581), (9, 0.29706006148276637), (0, 0.2807497168739562), (1, 0.35629775391024654), (2, 0.25600655316245713), (3, 0.26208084395888853), (4, 0.35700783455600726), (5, 0.2965096622347488), (6, 0.2796087384645922), (7, 0.34481981633896264), (8, 0.2965834816143138), (9, 0.36034923752799874), (0, 0.31178605064631876), (1, 0.3266143707214528), (2, 0.2874485349565615), (3, 0.33611366796039915), (4, 0.29096366888543446), (5, 0.278206150823066), (6, 0.31030463314676987), (7, 0.28070131625409955), (8, 0.3174297075491222), (9, 0.2925850366095035), (0, 0.2996863467274157), (1, 0.2974296486901638), (2, 0.2805847489715719), (3, 0.3737410918798124), (4, 0.2986018188618233), (5, 0.2816145616493577), (6, 0.2947045773897223), (7, 0.34760681033981206), (8, 0.23937445358410522), (9, 0.2755763370338433), (0, 0.36272490176129807), (1, 0.24910906521083567), (2, 0.3053744821444566), (3, 0.2932875939519525), (4, 0.2653012895996921), (5, 0.29276161047410276), (6, 0.2963829140274928), (7, 0.30201101618377046), (8, 0.27631853935228967), (9, 0.3477390453870769), (0, 0.2820736043977449), (1, 0.29353109070338823), (2, 0.30696839844420715), (3, 0.31446185913290853), (4, 0.29057613216378475), (5, 0.30250247601479846), (6, 0.2895477307076187), (7, 0.286858674447687), (8, 0.2789341128755502), (9, 0.2734215638429431), (0, 0.30065990244989815), (1, 0.28192837996162834), (2, 0.30083239159047115), (3, 0.3093531069233822), (4, 0.30489343563670096), (5, 0.2822041080818213), (6, 0.30312614331450816), (7, 0.23760291328748934), (8, 0.2775198243395423), (9, 0.3311770723375769), (0, 0.29018185996876744), (1, 0.26184080423830003), (2, 0.31382308411623866), (3, 0.28381177977018984), (4, 0.29186231863855), (5, 0.31758065377008754), (6, 0.2752091998593803), (7, 0.263327434835558), (8, 0.2948648947061877), (9, 0.2773653453888395), (0, 0.2867158301888915), (1, 0.2980226097420979), (2, 0.27196767371328223), (3, 0.25088083586669896), (4, 0.2276112260120504), (5, 0.34084855801659586), (6, 0.2986620834290336), (7, 0.2864262533979139), (8, 0.31796972854316446), (9, 0.26711403938306183), (0, 0.3328166750319552), (1, 0.30670227087253793), (2, 0.2943049548215477), (3, 0.24993183268372313), (4, 0.30291416735525734), (5, 0.29154839226905693), (6, 0.2623213038238724), (7, 0.25754480811211744), (8, 0.25559416793623746), (9, 0.23848755198799154), (0, 0.25140542363932344), (1, 0.29818538201199407), (2, 0.27950455341734326), (3, 0.29116032162286076), (4, 0.30936656904716264), (5, 0.24494812299317217), (6, 0.27483034384142985), (7, 0.284887529424311), (8, 0.25147467500914183), (9, 0.25133649801573116), (0, 0.28112781520211383), (1, 0.23854947371330137), (2, 0.29284144676457496), (3, 0.29203159667820855), (4, 0.2692122188799665), (5, 0.2658971855884328), (6, 0.2861138626653034), (7, 0.25530422765582084), (8, 0.24127530545620465), (9, 0.30935792950885754), (0, 0.24296496757270597), (1, 0.2720837826042927), (2, 0.26348095803990945), (3, 0.23017635780568121), (4, 0.29345965221138137), (5, 0.29923701961302457), (6, 0.2573797181633811), (7, 0.2762342752847178), (8, 0.2952569724176239), (9, 0.28589043446376594), (0, 0.28586044540268324), (1, 0.226729420553493), (2, 0.2974573729803049), (3, 0.261852878268578), (4, 0.3090360744432022), (5, 0.2881061044138662), (6, 0.2565641638723388), (7, 0.21908053535878907), (8, 0.2583264920073756), (9, 0.2656105883300535), (0, 0.31982561037047835), (1, 0.2840770083141433), (2, 0.25283502504118216), (3, 0.3098145783731803), (4, 0.26280174746143), (5, 0.2150502083197203), (6, 0.1826080618945191), (7, 0.2732443561476034), (8, 0.27086792669750376), (9, 0.3300592066317977), (0, 0.31170832921945213), (1, 0.25995152743102), (2, 0.24792367780496286), (3, 0.25249835797037545), (4, 0.3040376580951787), (5, 0.21329884103773605), (6, 0.25197729392470564), (7, 0.24348834730654675), (8, 0.26567216683371364), (9, 0.30953385132027), (0, 0.27137308391926124), (1, 0.28917869259323015), (2, 0.22687836874231465), (3, 0.29938659908504234), (4, 0.24907198043670653), (5, 0.26094879645858976), (6, 0.3131496786909373), (7, 0.24841226596680002), (8, 0.27584915843166113), (9, 0.17256540162448186), (0, 0.23156424692027497), (1, 0.2798021132052115), (2, 0.3059759076176093), (3, 0.2628607890149132), (4, 0.2415194638502208), (5, 0.2359746788927132), (6, 0.29534357530667654), (7, 0.2821070853306296), (8, 0.24266068933046775), (9, 0.29829298511088986), (0, 0.22152205955787296), (1, 0.28365452416114534), (2, 0.25382347553610407), (3, 0.2942153905991755), (4, 0.23320669699924557), (5, 0.2605944705277628), (6, 0.27566662929495256), (7, 0.27230014456684265), (8, 0.27551910655971573), (9, 0.21654979621125445), (0, 0.2214353161234705), (1, 0.2555726473155679), (2, 0.30418437346397714), (3, 0.302653970312306), (4, 0.24254700742499746), (5, 0.24385389766491428), (6, 0.21847092464385284), (7, 0.23614581833163073), (8, 0.2645603494362279), (9, 0.30473333250928375), (0, 0.24218260712381878), (1, 0.2817277139318539), (2, 0.2472888323560356), (3, 0.21643536621983003), (4, 0.27759640414840037), (5, 0.22546484368369668), (6, 0.23967724346795394), (7, 0.2761128222195472), (8, 0.2964202513754842), (9, 0.22947567589883128), (0, 0.1896712168540693), (1, 0.2675062450866798), (2, 0.2844702179992321), (3, 0.2240160992062997), (4, 0.26655142126306125), (5, 0.25948913586619043), (6, 0.24526486903458444), (7, 0.28721867271041546), (8, 0.2433485592142868), (9, 0.23785120508591476), (0, 0.2653711375458407), (1, 0.23146775720995905), (2, 0.23357196711212538), (3, 0.2540914475560504), (4, 0.26327948207575175), (5, 0.24941144837691598), (6, 0.30237944238482134), (7, 0.2361329676145138), (8, 0.20491179086799935), (9, 0.3017698986091027), (0, 0.30300044667897796), (1, 0.20454351616555957), (2, 0.2768988534607623), (3, 0.23045083616325995), (4, 0.2365875287111311), (5, 0.23739099456906415), (6, 0.2587396900667157), (7, 0.21492892095302923), (8, 0.23092793995123084), (9, 0.305630308450295), (0, 0.24115879107814678), (1, 0.26129542853715665), (2, 0.2874197019499898), (3, 0.26297721717492273), (4, 0.23475639405549067), (5, 0.2133048796700631), (6, 0.26284142157035206), (7, 0.19905754933667164), (8, 0.26061769700381904), (9, 0.2220364065686281), (0, 0.23770739132032845), (1, 0.20837614417381986), (2, 0.3204278799509583), (3, 0.22577077919279329), (4, 0.2528225748765572), (5, 0.2134292229456989), (6, 0.2435770530194813), (7, 0.25094023475891336), (8, 0.2121633269955801), (9, 0.2596469452234707), (0, 0.2583792767241204), (1, 0.2482235458550427), (2, 0.23899200284993632), (3, 0.2860551499252667), (4, 0.28248288299166346), (5, 0.2160024329157709), (6, 0.2536928398695316), (7, 0.20839147945401548), (8, 0.19545960720879638), (9, 0.1861191395342434), (0, 0.2523591308442339), (1, 0.22251116139684943), (2, 0.27466176849022583), (3, 0.2064318178622148), (4, 0.2170548717900841), (5, 0.2276883978272051), (6, 0.2462540438213277), (7, 0.23354822468844852), (8, 0.26429373997570943), (9, 0.25764639350658075), (0, 0.20970598300667972), (1, 0.22301498417123536), (2, 0.23769990549062966), (3, 0.22354613646337504), (4, 0.2498697726069465), (5, 0.23755288165921393), (6, 0.28127905591035895), (7, 0.16866441919079653), (8, 0.2819457285190461), (9, 0.28550900568168336), (0, 0.26951958984951785), (1, 0.2192003772956997), (2, 0.2343628871813483), (3, 0.21037406323617389), (4, 0.2504877557545382), (5, 0.21491200932211282), (6, 0.2041782644888245), (7, 0.2755616426162944), (8, 0.25487552993033913), (9, 0.27943010137375734), (0, 0.22735732716749965), (1, 0.2568198613527282), (2, 0.21441608832847933), (3, 0.19662676908616392), (4, 0.2555590380090238), (5, 0.2438960924459885), (6, 0.23629363570401743), (7, 0.2855096437370803), (8, 0.2555384189046309), (9, 0.1890721580307943), (0, 0.26168895719676505), (1, 0.23145531050572835), (2, 0.24240635151692416), (3, 0.19703615835426333), (4, 0.22956022351137315), (5, 0.2888994009103144), (6, 0.23619185723921038), (7, 0.24468166346473563), (8, 0.2344209091507063), (9, 0.24002331485268563), (0, 0.24059169169967431), (1, 0.21959957672033562), (2, 0.2010910212731352), (3, 0.26281616806192143), (4, 0.29006183712430156), (5, 0.20865352514100913), (6, 0.26822859237924745), (7, 0.2500432125142476), (8, 0.20176709191549747), (9, 0.21283407640309268), (0, 0.24874491351570527), (1, 0.26360814977964675), (2, 0.25604807515007527), (3, 0.2206922997427531), (4, 0.19189471125865531), (5, 0.2251362081248931), (6, 0.21321259544574303), (7, 0.24186726678294115), (8, 0.24071790918211544), (9, 0.2054707989427605), (0, 0.19897526094489174), (1, 0.2711594376223429), (2, 0.2717621615863349), (3, 0.2159368921907605), (4, 0.1890607698278879), (5, 0.2377270564203085), (6, 0.22138482355095593), (7, 0.2574456590459657), (8, 0.22057917370677874), (9, 0.2193648115867391), (0, 0.23462592443295194), (1, 0.24372156587643165), (2, 0.24441163373583677), (3, 0.20962809730732934), (4, 0.19506806375723076), (5, 0.21638554176563735), (6, 0.26339839548991534), (7, 0.22798822663606402), (8, 0.25559412475820875), (9, 0.1775194040459969), (0, 0.2544446420367175), (1, 0.28167519078556114), (2, 0.19890095459879226), (3, 0.2316011169085671), (4, 0.20291463511247973), (5, 0.23565933987387758), (6, 0.2013026607145804), (7, 0.21641850648565367), (8, 0.2435629761550833), (9, 0.21558691783363998), (0, 0.16813605510635532), (1, 0.20143549913264142), (2, 0.22639387494466415), (3, 0.2092532161999482), (4, 0.2492866377516685), (5, 0.27308274185081544), (6, 0.2185907068154562), (7, 0.23886646192298577), (8, 0.24779409385830115), (9, 0.25568382390994243), (0, 0.25267197591858315), (1, 0.21385893706588996), (2, 0.2676426204206645), (3, 0.22509466510202375), (4, 0.20122695967882515), (5, 0.2231818602675962), (6, 0.23586867327414118), (7, 0.1723847632564142), (8, 0.23027256208154923), (9, 0.25180335847663565), (0, 0.23564791649306696), (1, 0.21696822563743876), (2, 0.21276064181719742), (3, 0.20225941517195573), (4, 0.2530112608131762), (5, 0.2548273409137865), (6, 0.25764356148329737), (7, 0.2112598488793639), (8, 0.2049082471381729), (9, 0.22159471424966234), (0, 0.2310374320825165), (1, 0.25657697524115763), (2, 0.23430629199816905), (3, 0.2208650351574155), (4, 0.22059900966863266), (5, 0.2303008613840607), (6, 0.208072011487117), (7, 0.22647690278068125), (8, 0.21591535240085885), (9, 0.16410249195959087), (0, 0.19136891631623945), (1, 0.24420465170677608), (2, 0.2504163100019391), (3, 0.18777683810731693), (4, 0.22941185876355746), (5, 0.23891288500855581), (6, 0.2222911644909709), (7, 0.24832908826720457), (8, 0.25302548285888476), (9, 0.17631519829344683), (0, 0.19294453932696898), (1, 0.23501546529921336), (2, 0.18366011204157937), (3, 0.21926733873807883), (4, 0.22017659921912006), (5, 0.23718010279862115), (6, 0.28338421221666255), (7, 0.22336700527417322), (8, 0.21711999444585137), (9, 0.18581432795704866), (0, 0.2285988518559535), (1, 0.20265152289170105), (2, 0.24873208216441514), (3, 0.22612140557496077), (4, 0.23298840491585218), (5, 0.18204095175702736), (6, 0.22686455772957967), (7, 0.21587263220891673), (8, 0.1989931489017181), (9, 0.21907455401192488)]