Model Setup for {PATIENT_GROUPS} Trained Network:

NODE Network Architecture Parameters
Input channels=2
Hidden channels=11
Output channels=2

Training hyperparameters
Optimizer=AdamW (
Parameter Group 0
    amsgrad: False
    betas: (0.9, 0.999)
    capturable: False
    differentiable: False
    eps: 1e-08
    foreach: None
    fused: None
    lr: 0.001
    maximize: False
    weight_decay: 1e-06
)Training Iterations=100
Learning rate=0.001
Weight decay=1e-06
Optimizer reset frequency=None

Dropout probability (after initial linear layer before NCDE): 0.0
Training Data Selection Parameters
(If not virtual, the only important params are the groups and whether data was normalized/standardized)
Patient groups=['Control', 'MDD']
Augmentation strategy=Uniform
Noise Magnitude=0.05
Normalized/standardized=StandardizeAll
Number of virtual patients per real patient=100
Label smoothing factor=0
Test Patient Combinations:
Control: (30, 11, 3, 38, 29)
MDD: (4, 32, 48, 44, 31)
Training batch size=5
Training Results:
Runtime=25.852759838104248
Loss over time=[(0, 4.414050102233887), (1, 2.7403736114501953), (2, 5.948195457458496), (3, 2.5288643836975098), (4, 3.664214611053467), (5, 3.416102647781372), (6, 3.308356761932373), (7, 6.089606285095215), (8, 4.270398139953613), (9, 1.8930450677871704), (10, 4.571074485778809), (11, 1.7681901454925537), (12, 1.6384124755859375), (13, 1.0749707221984863), (14, 1.9980113506317139), (15, 2.1075809001922607), (16, 2.694213390350342), (17, 1.904192566871643), (18, 0.8131572008132935), (19, 3.899092435836792), (0, 1.1156543493270874), (1, 2.0809342861175537), (2, 1.323468565940857), (3, 1.2536104917526245), (4, 0.9774290323257446), (5, 2.698625087738037), (6, 0.9146392941474915), (7, 1.015785813331604), (8, 0.49837619066238403), (9, 0.843267560005188), (10, 0.7841665148735046), (11, 1.3290903568267822), (12, 0.8505783081054688), (13, 0.8557130694389343), (14, 1.1633862257003784), (15, 1.732386827468872), (16, 1.6710830926895142), (17, 0.7679592967033386), (18, 0.7145311236381531), (19, 1.0740406513214111), (0, 0.34917885065078735), (1, 0.836475670337677), (2, 0.6840276718139648), (3, 0.8249399065971375), (4, 0.8271867632865906), (5, 1.0276403427124023), (6, 0.8283655047416687), (7, 0.7061203718185425), (8, 0.6850684881210327), (9, 0.8114900588989258), (10, 0.7889364957809448), (11, 0.5732418298721313), (12, 0.6771973371505737), (13, 0.7416507005691528), (14, 0.5914823412895203), (15, 0.5845950841903687), (16, 0.8371472358703613), (17, 0.8065179586410522), (18, 0.8673860430717468), (19, 0.7330050468444824), (0, 0.7267717123031616), (1, 0.7716535329818726), (2, 0.6958357095718384), (3, 0.7486835718154907), (4, 0.6460682153701782), (5, 0.7417275905609131), (6, 0.6945737600326538), (7, 0.678489089012146), (8, 0.7000916004180908), (9, 0.6596955060958862), (10, 0.6924161911010742), (11, 0.7074536681175232), (12, 0.6764643788337708), (13, 0.6768619418144226), (14, 0.722112774848938), (15, 0.6978260278701782), (16, 0.6729954481124878), (17, 0.6932463645935059), (18, 0.6866506338119507), (19, 0.697115421295166), (0, 0.7200455069541931), (1, 0.6862220168113708), (2, 0.673552393913269), (3, 0.6889103055000305), (4, 0.6970340013504028), (5, 0.6912358403205872), (6, 0.6833230257034302), (7, 0.6855758428573608), (8, 0.6771619319915771), (9, 0.6649360656738281), (10, 0.6931031942367554), (11, 0.6678673624992371), (12, 0.6651293039321899), (13, 0.7091189622879028), (14, 0.7003939747810364), (15, 0.6618687510490417), (16, 0.689448893070221), (17, 0.6917481422424316), (18, 0.731440544128418), (19, 0.7725867629051208), (0, 0.647855818271637), (1, 0.6877782344818115), (2, 0.6845389604568481), (3, 0.6766905784606934), (4, 0.7160775661468506), (5, 0.663674533367157), (6, 0.6908826231956482), (7, 0.7060631513595581), (8, 0.6701062917709351), (9, 0.6885465979576111), (10, 0.6719579696655273), (11, 0.6771166920661926), (12, 0.7064067721366882), (13, 0.673608660697937), (14, 0.679207980632782), (15, 0.6689373254776001), (16, 0.6921058297157288), (17, 0.7288187742233276), (18, 0.6677296161651611), (19, 0.7126578688621521), (0, 0.6926743388175964), (1, 0.711447536945343), (2, 0.6709373593330383), (3, 0.6776820421218872), (4, 0.6922110319137573), (5, 0.6859142184257507), (6, 0.7183161973953247), (7, 0.6601067781448364), (8, 0.6695654392242432), (9, 0.6711181998252869), (10, 0.6763291358947754), (11, 0.7187206745147705), (12, 0.6753530502319336), (13, 0.6762006878852844), (14, 0.7017651796340942), (15, 0.6620330810546875), (16, 0.703507661819458), (17, 0.6795456409454346), (18, 0.6662952899932861), (19, 0.6914346814155579), (0, 0.7341855764389038), (1, 0.7267959713935852), (2, 0.6710183024406433), (3, 0.6958107948303223), (4, 0.6626654863357544), (5, 0.7156870365142822), (6, 0.6932073831558228), (7, 0.6387630105018616), (8, 0.6897434592247009), (9, 0.6721655130386353), (10, 0.7060112953186035), (11, 0.6865677237510681), (12, 0.6688894033432007), (13, 0.6788191795349121), (14, 0.6638587713241577), (15, 0.6918241381645203), (16, 0.6395015716552734), (17, 0.7306240797042847), (18, 0.6759361624717712), (19, 0.7204516530036926), (0, 0.7003547549247742), (1, 0.7068172693252563), (2, 0.7172919511795044), (3, 0.7184157371520996), (4, 0.6785334348678589), (5, 0.7038108110427856), (6, 0.652174711227417), (7, 0.6651673913002014), (8, 0.6584974527359009), (9, 0.7033265829086304), (10, 0.7436824440956116), (11, 0.6691155433654785), (12, 0.6881510019302368), (13, 0.6793724298477173), (14, 0.6871532201766968), (15, 0.6779035329818726), (16, 0.6737422347068787), (17, 0.6769755482673645), (18, 0.6897338032722473), (19, 0.6637454032897949), (0, 0.6494911313056946), (1, 0.7051640748977661), (2, 0.6514492034912109), (3, 0.6749618649482727), (4, 0.6695331335067749), (5, 0.7233554720878601), (6, 0.7357462644577026), (7, 0.668289065361023), (8, 0.6399728059768677), (9, 0.7195016145706177), (10, 0.6650328040122986), (11, 0.6890882253646851), (12, 0.6709154844284058), (13, 0.6899141073226929), (14, 0.622272253036499), (15, 0.6874896883964539), (16, 0.7136660814285278), (17, 0.7298906445503235), (18, 0.7244969606399536), (19, 0.7595762610435486), (0, 0.6518920660018921), (1, 0.6631124019622803), (2, 0.701353907585144), (3, 0.6813743710517883), (4, 0.6540147662162781), (5, 0.6209030747413635), (6, 0.764356255531311), (7, 0.7223313450813293), (8, 0.7037973999977112), (9, 0.685005247592926), (10, 0.6992282867431641), (11, 0.7374156713485718), (12, 0.6908275485038757), (13, 0.6155831217765808), (14, 0.7732744216918945), (15, 0.5947567820549011), (16, 0.7155460119247437), (17, 0.7297595739364624), (18, 0.6472855806350708), (19, 0.6737568974494934), (0, 0.7137202024459839), (1, 0.6877703666687012), (2, 0.6080682873725891), (3, 0.6782252788543701), (4, 0.7003027200698853), (5, 0.7228055000305176), (6, 0.7036995887756348), (7, 0.6828861236572266), (8, 0.6457761526107788), (9, 0.6343837976455688), (10, 0.6328941583633423), (11, 0.7383297681808472), (12, 0.7107895612716675), (13, 0.7135432958602905), (14, 0.6829096674919128), (15, 0.6743154525756836), (16, 0.7271991968154907), (17, 0.7023364305496216), (18, 0.6605072021484375), (19, 0.6254203915596008), (0, 0.6731100082397461), (1, 0.693837583065033), (2, 0.6929258704185486), (3, 0.6471917033195496), (4, 0.7539812922477722), (5, 0.6976061463356018), (6, 0.7068290710449219), (7, 0.6318076252937317), (8, 0.673309326171875), (9, 0.6614609360694885), (10, 0.6972589492797852), (11, 0.7012761235237122), (12, 0.7402713894844055), (13, 0.6683467626571655), (14, 0.7115539312362671), (15, 0.7013109922409058), (16, 0.6790233850479126), (17, 0.6866599321365356), (18, 0.6336177587509155), (19, 0.6565194129943848), (0, 0.6903027296066284), (1, 0.7035757899284363), (2, 0.7398086786270142), (3, 0.7013214230537415), (4, 0.7208326458930969), (5, 0.6496697664260864), (6, 0.6608246564865112), (7, 0.6598338484764099), (8, 0.7254599332809448), (9, 0.6605962514877319), (10, 0.6582428216934204), (11, 0.6716159582138062), (12, 0.6528624296188354), (13, 0.6929373145103455), (14, 0.6852771639823914), (15, 0.7201797366142273), (16, 0.6957802176475525), (17, 0.7000843286514282), (18, 0.6754091382026672), (19, 0.6685433387756348), (0, 0.7013810873031616), (1, 0.6913898587226868), (2, 0.675255298614502), (3, 0.6669917702674866), (4, 0.6674467325210571), (5, 0.6914560794830322), (6, 0.6954607367515564), (7, 0.7408220767974854), (8, 0.6899799108505249), (9, 0.6449985504150391), (10, 0.6709397435188293), (11, 0.6378605961799622), (12, 0.6569769978523254), (13, 0.6784113049507141), (14, 0.6762176752090454), (15, 0.70689457654953), (16, 0.7174863219261169), (17, 0.675088107585907), (18, 0.6791496276855469), (19, 0.7128868103027344), (0, 0.6209508776664734), (1, 0.6460369229316711), (2, 0.6703671216964722), (3, 0.6730424165725708), (4, 0.7127310037612915), (5, 0.7366549372673035), (6, 0.7173022031784058), (7, 0.6757484078407288), (8, 0.6915372014045715), (9, 0.6631723046302795), (10, 0.6458570957183838), (11, 0.730410635471344), (12, 0.6958078145980835), (13, 0.7226477861404419), (14, 0.6040236949920654), (15, 0.6660661101341248), (16, 0.7576726675033569), (17, 0.7238842248916626), (18, 0.7266010046005249), (19, 0.6485517621040344), (0, 0.6777957677841187), (1, 0.7311530113220215), (2, 0.6639076471328735), (3, 0.6823192834854126), (4, 0.7057198882102966), (5, 0.7195192575454712), (6, 0.6672809720039368), (7, 0.6869964599609375), (8, 0.67705237865448), (9, 0.7124280333518982), (10, 0.638667106628418), (11, 0.7038310170173645), (12, 0.6755309700965881), (13, 0.6941210031509399), (14, 0.7065547704696655), (15, 0.6484699845314026), (16, 0.6578442454338074), (17, 0.6492245197296143), (18, 0.7067989706993103), (19, 0.7091853022575378), (0, 0.6862135529518127), (1, 0.6833006143569946), (2, 0.7127715349197388), (3, 0.7082948088645935), (4, 0.6856569051742554), (5, 0.67243492603302), (6, 0.6930092573165894), (7, 0.6911498308181763), (8, 0.7026638984680176), (9, 0.6442298889160156), (10, 0.7062971591949463), (11, 0.6720401048660278), (12, 0.7085698843002319), (13, 0.6553918719291687), (14, 0.6657799482345581), (15, 0.6730989217758179), (16, 0.6830117106437683), (17, 0.709823489189148), (18, 0.6711558103561401), (19, 0.7204465866088867), (0, 0.7133444547653198), (1, 0.6906117796897888), (2, 0.668510377407074), (3, 0.6724594235420227), (4, 0.6390365362167358), (5, 0.6905759572982788), (6, 0.703586220741272), (7, 0.6293112635612488), (8, 0.6644006967544556), (9, 0.6706250905990601), (10, 0.7464011311531067), (11, 0.7136837244033813), (12, 0.6576509475708008), (13, 0.7214881181716919), (14, 0.6752334833145142), (15, 0.6867168545722961), (16, 0.6922206282615662), (17, 0.7031184434890747), (18, 0.6734904050827026), (19, 0.7063873410224915), (0, 0.7006451487541199), (1, 0.6403344869613647), (2, 0.6838468313217163), (3, 0.6616618037223816), (4, 0.692428469657898), (5, 0.633978009223938), (6, 0.6817010045051575), (7, 0.6864380836486816), (8, 0.6991287469863892), (9, 0.6631313562393188), (10, 0.6926065683364868), (11, 0.682409405708313), (12, 0.6931153535842896), (13, 0.7459026575088501), (14, 0.691287636756897), (15, 0.7578225135803223), (16, 0.6774380207061768), (17, 0.6702817678451538), (18, 0.6786072850227356), (19, 0.6632628440856934), (0, 0.7009555101394653), (1, 0.6019380688667297), (2, 0.7107160687446594), (3, 0.7337934970855713), (4, 0.7216647267341614), (5, 0.7394464015960693), (6, 0.6390756368637085), (7, 0.6718016266822815), (8, 0.698908805847168), (9, 0.6993921399116516), (10, 0.7314152717590332), (11, 0.691498875617981), (12, 0.6643925905227661), (13, 0.6548383235931396), (14, 0.6847680807113647), (15, 0.6781731843948364), (16, 0.6467024683952332), (17, 0.6847409009933472), (18, 0.6764718294143677), (19, 0.6571582555770874), (0, 0.6645447015762329), (1, 0.7169159650802612), (2, 0.6923257112503052), (3, 0.7138519883155823), (4, 0.6894766688346863), (5, 0.68580561876297), (6, 0.6749448776245117), (7, 0.672618567943573), (8, 0.6927494406700134), (9, 0.6630026698112488), (10, 0.6968877911567688), (11, 0.6809683442115784), (12, 0.696989893913269), (13, 0.7344881296157837), (14, 0.6577612161636353), (15, 0.7089271545410156), (16, 0.6725682020187378), (17, 0.6826186180114746), (18, 0.67988121509552), (19, 0.6364409327507019), (0, 0.7291110754013062), (1, 0.7190765142440796), (2, 0.6815950274467468), (3, 0.6836046576499939), (4, 0.6890195608139038), (5, 0.6648041009902954), (6, 0.6490857601165771), (7, 0.6814830899238586), (8, 0.6638201475143433), (9, 0.6646811366081238), (10, 0.6895170211791992), (11, 0.6761244535446167), (12, 0.6893612146377563), (13, 0.6637104749679565), (14, 0.6373965740203857), (15, 0.6276057362556458), (16, 0.7760107517242432), (17, 0.6783358454704285), (18, 0.7468460202217102), (19, 0.7098814845085144), (0, 0.6933174133300781), (1, 0.6561280488967896), (2, 0.673895001411438), (3, 0.6412804126739502), (4, 0.6826106309890747), (5, 0.7579717636108398), (6, 0.6815201044082642), (7, 0.6896228194236755), (8, 0.7359341979026794), (9, 0.7683414220809937), (10, 0.7240312099456787), (11, 0.6435068249702454), (12, 0.6972802877426147), (13, 0.6831990480422974), (14, 0.6720384359359741), (15, 0.640256404876709), (16, 0.6715685129165649), (17, 0.6294870376586914), (18, 0.7323306202888489), (19, 0.6442237496376038), (0, 0.6692508459091187), (1, 0.6838313937187195), (2, 0.6859233975410461), (3, 0.685916543006897), (4, 0.6424363851547241), (5, 0.7380160093307495), (6, 0.7272366285324097), (7, 0.6702862977981567), (8, 0.6264492273330688), (9, 0.7930067777633667), (10, 0.6564067006111145), (11, 0.6686886548995972), (12, 0.7153440713882446), (13, 0.6671649813652039), (14, 0.6213697195053101), (15, 0.6911575198173523), (16, 0.6986968517303467), (17, 0.7120586633682251), (18, 0.6937717199325562), (19, 0.6498777270317078), (0, 0.6748008131980896), (1, 0.6855301856994629), (2, 0.6677214503288269), (3, 0.7707239389419556), (4, 0.6921157240867615), (5, 0.6878321766853333), (6, 0.6358587145805359), (7, 0.7022061347961426), (8, 0.6377310752868652), (9, 0.6752486228942871), (10, 0.6942666172981262), (11, 0.7567299008369446), (12, 0.6619749665260315), (13, 0.6244832873344421), (14, 0.6747139692306519), (15, 0.6924861073493958), (16, 0.6535742878913879), (17, 0.7177895307540894), (18, 0.7377532124519348), (19, 0.6537721157073975), (0, 0.7454538345336914), (1, 0.6747389435768127), (2, 0.718218982219696), (3, 0.6988853812217712), (4, 0.680132269859314), (5, 0.6781569719314575), (6, 0.6750736832618713), (7, 0.7116562724113464), (8, 0.6916261911392212), (9, 0.7140127420425415), (10, 0.6863886117935181), (11, 0.6600848436355591), (12, 0.6533171534538269), (13, 0.7289011478424072), (14, 0.6617751121520996), (15, 0.6633487939834595), (16, 0.7192806005477905), (17, 0.6647549271583557), (18, 0.6496907472610474), (19, 0.6104792952537537), (0, 0.6379814147949219), (1, 0.6666473746299744), (2, 0.7284814119338989), (3, 0.6268170475959778), (4, 0.6690741777420044), (5, 0.5870329737663269), (6, 0.6834084391593933), (7, 0.6826821565628052), (8, 0.6670282483100891), (9, 0.7049838304519653), (10, 0.6190339922904968), (11, 0.7156616449356079), (12, 0.6731258630752563), (13, 0.7102392315864563), (14, 0.6869352459907532), (15, 0.7307316064834595), (16, 0.8096431493759155), (17, 0.667881965637207), (18, 0.7872609496116638), (19, 0.7512726783752441), (0, 0.7517399787902832), (1, 0.6193631291389465), (2, 0.5947462916374207), (3, 0.6042779684066772), (4, 0.6846888661384583), (5, 0.7648231983184814), (6, 0.6647879481315613), (7, 0.7157217264175415), (8, 0.6614714860916138), (9, 0.6906331181526184), (10, 0.7088784575462341), (11, 0.7225502729415894), (12, 0.6640179753303528), (13, 0.70501309633255), (14, 0.6216098666191101), (15, 0.6922386884689331), (16, 0.6369001269340515), (17, 0.7565306425094604), (18, 0.7234142422676086), (19, 0.725462019443512), (0, 0.6293569207191467), (1, 0.6992236375808716), (2, 0.7014241218566895), (3, 0.7159414291381836), (4, 0.6890891194343567), (5, 0.6909201741218567), (6, 0.6288166642189026), (7, 0.6151179075241089), (8, 0.7060364484786987), (9, 0.674541711807251), (10, 0.6866810917854309), (11, 0.6753921508789062), (12, 0.7381550073623657), (13, 0.6350785493850708), (14, 0.7707055807113647), (15, 0.6659091114997864), (16, 0.6527007222175598), (17, 0.6860130429267883), (18, 0.7692030072212219), (19, 0.6025400757789612), (0, 0.678630530834198), (1, 0.7180312871932983), (2, 0.6721924543380737), (3, 0.665635347366333), (4, 0.6337457299232483), (5, 0.7443171739578247), (6, 0.7273432016372681), (7, 0.6919776201248169), (8, 0.6679071187973022), (9, 0.6923039555549622), (10, 0.622428834438324), (11, 0.6696861982345581), (12, 0.6715779900550842), (13, 0.6862642168998718), (14, 0.6994401216506958), (15, 0.6968522071838379), (16, 0.7133881449699402), (17, 0.6932562589645386), (18, 0.6766911745071411), (19, 0.6942217946052551), (0, 0.65360027551651), (1, 0.6607949137687683), (2, 0.7113984823226929), (3, 0.6606005430221558), (4, 0.6659077405929565), (5, 0.6526676416397095), (6, 0.6797398924827576), (7, 0.6435147523880005), (8, 0.7240684032440186), (9, 0.7163282036781311), (10, 0.6649405360221863), (11, 0.642128586769104), (12, 0.7482757568359375), (13, 0.701472282409668), (14, 0.7470406889915466), (15, 0.7390389442443848), (16, 0.6448282599449158), (17, 0.6740567088127136), (18, 0.6847535967826843), (19, 0.6511280536651611), (0, 0.6356101036071777), (1, 0.7305728197097778), (2, 0.6767627596855164), (3, 0.7128664255142212), (4, 0.6845971345901489), (5, 0.7344588041305542), (6, 0.6522969007492065), (7, 0.6461210250854492), (8, 0.6720846891403198), (9, 0.684307873249054), (10, 0.652613639831543), (11, 0.6930500864982605), (12, 0.6540834903717041), (13, 0.7096875309944153), (14, 0.6319301128387451), (15, 0.6781261563301086), (16, 0.6671024560928345), (17, 0.7249293327331543), (18, 0.7166053056716919), (19, 0.7785038948059082), (0, 0.6970919370651245), (1, 0.6726457476615906), (2, 0.7098426222801208), (3, 0.6672955751419067), (4, 0.6440216898918152), (5, 0.7474638223648071), (6, 0.6607188582420349), (7, 0.6497474908828735), (8, 0.6553109288215637), (9, 0.7156730890274048), (10, 0.6864394545555115), (11, 0.6491965055465698), (12, 0.6748681664466858), (13, 0.6905838847160339), (14, 0.6243203282356262), (15, 0.7685414552688599), (16, 0.6485887169837952), (17, 0.7000733613967896), (18, 0.6763796210289001), (19, 0.7819975018501282), (0, 0.6735602617263794), (1, 0.7357338070869446), (2, 0.6745859980583191), (3, 0.6786484122276306), (4, 0.6815531253814697), (5, 0.6316746473312378), (6, 0.6836560964584351), (7, 0.6744786500930786), (8, 0.705751895904541), (9, 0.6365996599197388), (10, 0.6718133687973022), (11, 0.6789113283157349), (12, 0.6911240816116333), (13, 0.6964681148529053), (14, 0.6383686065673828), (15, 0.6694115400314331), (16, 0.679151177406311), (17, 0.7195214033126831), (18, 0.7074099779129028), (19, 0.7288064956665039), (0, 0.6923261880874634), (1, 0.6844847798347473), (2, 0.6337727308273315), (3, 0.6738924980163574), (4, 0.6695805788040161), (5, 0.7029410600662231), (6, 0.6858928799629211), (7, 0.6714569926261902), (8, 0.7017903327941895), (9, 0.6896513104438782), (10, 0.7288905382156372), (11, 0.6775508522987366), (12, 0.6799405813217163), (13, 0.6976771950721741), (14, 0.6722390651702881), (15, 0.7417334318161011), (16, 0.6879011392593384), (17, 0.6721948981285095), (18, 0.6671468019485474), (19, 0.7159010767936707), (0, 0.655711829662323), (1, 0.6975654363632202), (2, 0.6742409467697144), (3, 0.6795309782028198), (4, 0.684542715549469), (5, 0.6722138524055481), (6, 0.6871513724327087), (7, 0.6580516695976257), (8, 0.7338733077049255), (9, 0.6852337121963501), (10, 0.6458988189697266), (11, 0.6671143174171448), (12, 0.7180541753768921), (13, 0.7105423808097839), (14, 0.6522566676139832), (15, 0.6706228256225586), (16, 0.743436336517334), (17, 0.7235198020935059), (18, 0.6840696334838867), (19, 0.6092064380645752), (0, 0.677273690700531), (1, 0.6753337979316711), (2, 0.668280839920044), (3, 0.6845104694366455), (4, 0.7210575342178345), (5, 0.6828254461288452), (6, 0.7073166966438293), (7, 0.6861932873725891), (8, 0.7193185091018677), (9, 0.7187711596488953), (10, 0.702776312828064), (11, 0.6287979483604431), (12, 0.7146928906440735), (13, 0.6735296845436096), (14, 0.660778820514679), (15, 0.6697969436645508), (16, 0.684521496295929), (17, 0.6535043120384216), (18, 0.6575512290000916), (19, 0.6703353524208069), (0, 0.6420160531997681), (1, 0.6525884866714478), (2, 0.774523138999939), (3, 0.6757577657699585), (4, 0.7046351432800293), (5, 0.7255018353462219), (6, 0.7087812423706055), (7, 0.7066864371299744), (8, 0.6810348033905029), (9, 0.6520477533340454), (10, 0.6722039580345154), (11, 0.6890151500701904), (12, 0.6687383651733398), (13, 0.6608916521072388), (14, 0.6705864667892456), (15, 0.6445757150650024), (16, 0.7325647473335266), (17, 0.6845600605010986), (18, 0.6670278310775757), (19, 0.6695957183837891), (0, 0.7773553133010864), (1, 0.6874169111251831), (2, 0.6703550219535828), (3, 0.6852368116378784), (4, 0.6505627036094666), (5, 0.6713248491287231), (6, 0.6399216651916504), (7, 0.6867145299911499), (8, 0.6656061410903931), (9, 0.6823858022689819), (10, 0.6951764225959778), (11, 0.6900977492332458), (12, 0.6206544637680054), (13, 0.6565097570419312), (14, 0.721225380897522), (15, 0.661090075969696), (16, 0.6966103911399841), (17, 0.6983094215393066), (18, 0.7058523893356323), (19, 0.7218043804168701), (0, 0.6403641700744629), (1, 0.6602660417556763), (2, 0.6882243156433105), (3, 0.6400384306907654), (4, 0.7869356870651245), (5, 0.6055124998092651), (6, 0.6865378618240356), (7, 0.6332743167877197), (8, 0.6498618721961975), (9, 0.7146700024604797), (10, 0.7974677085876465), (11, 0.6264961957931519), (12, 0.7670069932937622), (13, 0.6792551279067993), (14, 0.6513676047325134), (15, 0.6481014490127563), (16, 0.7504876852035522), (17, 0.6756223440170288), (18, 0.6623685956001282), (19, 0.7490561604499817), (0, 0.6701856851577759), (1, 0.7234603762626648), (2, 0.6962330937385559), (3, 0.6507939100265503), (4, 0.6657829880714417), (5, 0.7402060627937317), (6, 0.6919007301330566), (7, 0.6999365091323853), (8, 0.6557124853134155), (9, 0.6941348314285278), (10, 0.6433228850364685), (11, 0.7301105260848999), (12, 0.6914322972297668), (13, 0.664138674736023), (14, 0.6460028290748596), (15, 0.6831833124160767), (16, 0.666900634765625), (17, 0.6831356287002563), (18, 0.6923446655273438), (19, 0.6920879483222961), (0, 0.6611970663070679), (1, 0.6531124114990234), (2, 0.669133722782135), (3, 0.6844046711921692), (4, 0.6819238662719727), (5, 0.6615060567855835), (6, 0.6285085678100586), (7, 0.6997992396354675), (8, 0.7094067335128784), (9, 0.7244732975959778), (10, 0.7475164532661438), (11, 0.6782053709030151), (12, 0.6971539855003357), (13, 0.6778676509857178), (14, 0.6923062205314636), (15, 0.6998254656791687), (16, 0.7370749711990356), (17, 0.7510228753089905), (18, 0.6629617810249329), (19, 0.5917524695396423), (0, 0.7105485796928406), (1, 0.6104370355606079), (2, 0.7092633247375488), (3, 0.6975706815719604), (4, 0.6949912309646606), (5, 0.6297633647918701), (6, 0.7194223403930664), (7, 0.6999953985214233), (8, 0.7517220973968506), (9, 0.6898735165596008), (10, 0.6504858732223511), (11, 0.7215549349784851), (12, 0.726729154586792), (13, 0.6571059823036194), (14, 0.6910676956176758), (15, 0.6516145467758179), (16, 0.6608057618141174), (17, 0.69203782081604), (18, 0.7100823521614075), (19, 0.6758697628974915), (0, 0.6718851327896118), (1, 0.6847078800201416), (2, 0.6374152898788452), (3, 0.6649755239486694), (4, 0.7284995317459106), (5, 0.669335126876831), (6, 0.6764010190963745), (7, 0.5979372262954712), (8, 0.684112548828125), (9, 0.6979376077651978), (10, 0.7298318147659302), (11, 0.7630623579025269), (12, 0.6748044490814209), (13, 0.6792452335357666), (14, 0.6971511244773865), (15, 0.6830956935882568), (16, 0.6708099842071533), (17, 0.710966944694519), (18, 0.7205869555473328), (19, 0.6532412171363831), (0, 0.6970657110214233), (1, 0.6739325523376465), (2, 0.7259920835494995), (3, 0.7139360308647156), (4, 0.6984784007072449), (5, 0.7017287015914917), (6, 0.6800668835639954), (7, 0.6931131482124329), (8, 0.7015224099159241), (9, 0.6803473830223083), (10, 0.6703503727912903), (11, 0.701876163482666), (12, 0.6271091103553772), (13, 0.6868120431900024), (14, 0.6985814571380615), (15, 0.6732134222984314), (16, 0.7074580788612366), (17, 0.6189435720443726), (18, 0.6274988055229187), (19, 0.6704216003417969), (0, 0.6436991691589355), (1, 0.6878309845924377), (2, 0.6777032613754272), (3, 0.7139307260513306), (4, 0.6970188021659851), (5, 0.653443455696106), (6, 0.6882262229919434), (7, 0.6422907710075378), (8, 0.6368533372879028), (9, 0.6678601503372192), (10, 0.7605888843536377), (11, 0.6703923940658569), (12, 0.6586305499076843), (13, 0.6733962893486023), (14, 0.6972651481628418), (15, 0.6286351680755615), (16, 0.7062562108039856), (17, 0.7242938280105591), (18, 0.7064932584762573), (19, 0.7261362075805664), (0, 0.6339716911315918), (1, 0.7139406204223633), (2, 0.6608833074569702), (3, 0.6680558919906616), (4, 0.6495556831359863), (5, 0.6395553350448608), (6, 0.6399070024490356), (7, 0.6392810940742493), (8, 0.7845767736434937), (9, 0.6648920178413391), (10, 0.7003574371337891), (11, 0.6814263463020325), (12, 0.7268481254577637), (13, 0.7585374116897583), (14, 0.7375956773757935), (15, 0.6956197023391724), (16, 0.6362313032150269), (17, 0.6820143461227417), (18, 0.6989943385124207), (19, 0.5944237112998962), (0, 0.6783720254898071), (1, 0.7160523533821106), (2, 0.7328046560287476), (3, 0.6038700938224792), (4, 0.7265512347221375), (5, 0.6663902401924133), (6, 0.6837886571884155), (7, 0.6601852178573608), (8, 0.6102398633956909), (9, 0.6479222178459167), (10, 0.6760132908821106), (11, 0.6905871629714966), (12, 0.6458472013473511), (13, 0.7023991942405701), (14, 0.7205458283424377), (15, 0.7168916463851929), (16, 0.6191900968551636), (17, 0.7490164041519165), (18, 0.6951291561126709), (19, 0.772160530090332), (0, 0.6129570007324219), (1, 0.6941434741020203), (2, 0.6501162052154541), (3, 0.7580223083496094), (4, 0.72519850730896), (5, 0.6266721487045288), (6, 0.7047500610351562), (7, 0.6972530484199524), (8, 0.6710548400878906), (9, 0.6574407815933228), (10, 0.6867201328277588), (11, 0.6381343007087708), (12, 0.7136322259902954), (13, 0.6810153126716614), (14, 0.7053497433662415), (15, 0.637056827545166), (16, 0.6633878946304321), (17, 0.6564900875091553), (18, 0.7402545213699341), (19, 0.7253022193908691), (0, 0.6586143970489502), (1, 0.6402655839920044), (2, 0.7025504112243652), (3, 0.681099534034729), (4, 0.6259442567825317), (5, 0.711880087852478), (6, 0.700894832611084), (7, 0.7158137559890747), (8, 0.7480222582817078), (9, 0.6401539444923401), (10, 0.7257791757583618), (11, 0.6899054050445557), (12, 0.7309414148330688), (13, 0.6945513486862183), (14, 0.7030551433563232), (15, 0.6421279311180115), (16, 0.6604830026626587), (17, 0.5918275117874146), (18, 0.6979745030403137), (19, 0.6953955292701721), (0, 0.7403801679611206), (1, 0.6391938328742981), (2, 0.6941646337509155), (3, 0.6590883135795593), (4, 0.635700523853302), (5, 0.674835205078125), (6, 0.6499124765396118), (7, 0.6323772668838501), (8, 0.7133938670158386), (9, 0.6843869090080261), (10, 0.6802664995193481), (11, 0.5944732427597046), (12, 0.67659592628479), (13, 0.7687010765075684), (14, 0.7139939665794373), (15, 0.7294586300849915), (16, 0.6437318325042725), (17, 0.6984207630157471), (18, 0.6687805652618408), (19, 0.7843730449676514), (0, 0.6922816038131714), (1, 0.637816309928894), (2, 0.7009094953536987), (3, 0.6896523237228394), (4, 0.6637033224105835), (5, 0.705262303352356), (6, 0.6899322271347046), (7, 0.7048929929733276), (8, 0.6287778615951538), (9, 0.663568377494812), (10, 0.6829174757003784), (11, 0.7411373853683472), (12, 0.7171949148178101), (13, 0.6446055173873901), (14, 0.6701418161392212), (15, 0.6574665307998657), (16, 0.6786002516746521), (17, 0.6470949649810791), (18, 0.6954004168510437), (19, 0.6625717282295227), (0, 0.7312370538711548), (1, 0.6365063786506653), (2, 0.6123332977294922), (3, 0.7169259190559387), (4, 0.6879926919937134), (5, 0.626625120639801), (6, 0.7179972529411316), (7, 0.6535186767578125), (8, 0.6964468955993652), (9, 0.6799507737159729), (10, 0.6753804683685303), (11, 0.6952904462814331), (12, 0.6955665349960327), (13, 0.70213782787323), (14, 0.6638275384902954), (15, 0.6995803713798523), (16, 0.6374359130859375), (17, 0.6426874399185181), (18, 0.6812421083450317), (19, 0.7177149653434753), (0, 0.656435489654541), (1, 0.7096676230430603), (2, 0.6283775568008423), (3, 0.6510381698608398), (4, 0.671282172203064), (5, 0.6290459036827087), (6, 0.6472069025039673), (7, 0.7220178246498108), (8, 0.6460350155830383), (9, 0.7185202836990356), (10, 0.6409985423088074), (11, 0.6548742055892944), (12, 0.6957350969314575), (13, 0.7018153071403503), (14, 0.6926214098930359), (15, 0.7200924754142761), (16, 0.6225479245185852), (17, 0.811750590801239), (18, 0.6967126727104187), (19, 0.6652151942253113), (0, 0.6814898252487183), (1, 0.5938698053359985), (2, 0.6378431916236877), (3, 0.7290583848953247), (4, 0.6873983144760132), (5, 0.6946946382522583), (6, 0.6784669160842896), (7, 0.7107732892036438), (8, 0.5877809524536133), (9, 0.69426429271698), (10, 0.7999898195266724), (11, 0.6580035090446472), (12, 0.6736501455307007), (13, 0.6671404838562012), (14, 0.6986316442489624), (15, 0.6798982620239258), (16, 0.6784533262252808), (17, 0.6859729886054993), (18, 0.6650238037109375), (19, 0.6474482417106628), (0, 0.7160888910293579), (1, 0.7498552203178406), (2, 0.6724007725715637), (3, 0.6404906511306763), (4, 0.664522111415863), (5, 0.6570624113082886), (6, 0.6726776957511902), (7, 0.6951929330825806), (8, 0.7491351962089539), (9, 0.6753960847854614), (10, 0.6867263913154602), (11, 0.6584773063659668), (12, 0.7310584187507629), (13, 0.6770439147949219), (14, 0.6717015504837036), (15, 0.654602587223053), (16, 0.7604235410690308), (17, 0.6242824792861938), (18, 0.6052533984184265), (19, 0.7390055656433105), (0, 0.6093839406967163), (1, 0.6670404076576233), (2, 0.7287322282791138), (3, 0.689422607421875), (4, 0.6845627427101135), (5, 0.7393244504928589), (6, 0.6791232824325562), (7, 0.7200595736503601), (8, 0.622042715549469), (9, 0.6910765767097473), (10, 0.6838464736938477), (11, 0.7055699229240417), (12, 0.6843012571334839), (13, 0.6922004818916321), (14, 0.6195490956306458), (15, 0.6628140211105347), (16, 0.7235163450241089), (17, 0.6931965351104736), (18, 0.6375914812088013), (19, 0.6734139323234558), (0, 0.6841115951538086), (1, 0.706236720085144), (2, 0.6663405895233154), (3, 0.6834464073181152), (4, 0.6690539121627808), (5, 0.639518678188324), (6, 0.6530040502548218), (7, 0.5853059887886047), (8, 0.7390626668930054), (9, 0.6872478723526001), (10, 0.6306413412094116), (11, 0.7103356122970581), (12, 0.6576316952705383), (13, 0.672193706035614), (14, 0.6907052993774414), (15, 0.6515787839889526), (16, 0.6792954206466675), (17, 0.6357477307319641), (18, 0.7306755781173706), (19, 0.6673937439918518), (0, 0.6679974794387817), (1, 0.709941029548645), (2, 0.7430664300918579), (3, 0.7134740948677063), (4, 0.6167634129524231), (5, 0.7014671564102173), (6, 0.6825949549674988), (7, 0.6103168725967407), (8, 0.6428029537200928), (9, 0.6612080931663513), (10, 0.6494625210762024), (11, 0.7643733024597168), (12, 0.7170580625534058), (13, 0.7221547961235046), (14, 0.5964241027832031), (15, 0.6936495900154114), (16, 0.6874516606330872), (17, 0.6127362847328186), (18, 0.6160140633583069), (19, 0.7274907231330872), (0, 0.7233713865280151), (1, 0.6367966532707214), (2, 0.6517099142074585), (3, 0.6481636762619019), (4, 0.649609386920929), (5, 0.6646455526351929), (6, 0.5997895002365112), (7, 0.687218427658081), (8, 0.7196798324584961), (9, 0.586633563041687), (10, 0.6828099489212036), (11, 0.7840962409973145), (12, 0.7028017640113831), (13, 0.7774802446365356), (14, 0.543331503868103), (15, 0.6481195688247681), (16, 0.6304675340652466), (17, 0.5988456606864929), (18, 0.751884400844574), (19, 0.864307701587677), (0, 0.5922683477401733), (1, 0.6808769702911377), (2, 0.591619610786438), (3, 0.6965224146842957), (4, 0.686708927154541), (5, 0.6559703946113586), (6, 0.6814508438110352), (7, 0.6589828729629517), (8, 0.6203112602233887), (9, 0.6499416828155518), (10, 0.7256657481193542), (11, 0.7275975942611694), (12, 0.7165132761001587), (13, 0.683790385723114), (14, 0.5959195494651794), (15, 0.6472300291061401), (16, 0.7742978930473328), (17, 0.6990128755569458), (18, 0.6166636347770691), (19, 0.5892122983932495), (0, 0.6537085771560669), (1, 0.6160170435905457), (2, 0.669722855091095), (3, 0.7742689847946167), (4, 0.758945107460022), (5, 0.6579123735427856), (6, 0.7494200468063354), (7, 0.6896510124206543), (8, 0.6273873448371887), (9, 0.6170693635940552), (10, 0.7105125188827515), (11, 0.6055554747581482), (12, 0.7745794057846069), (13, 0.627447783946991), (14, 0.7521353960037231), (15, 0.6044259071350098), (16, 0.6935511827468872), (17, 0.6738824844360352), (18, 0.7182844281196594), (19, 0.7386156916618347), (0, 0.8582598567008972), (1, 0.5899989008903503), (2, 0.6827445030212402), (3, 0.6738647222518921), (4, 0.64671391248703), (5, 0.6321606636047363), (6, 0.6469568014144897), (7, 0.6134511828422546), (8, 0.7095505595207214), (9, 0.6399103999137878), (10, 0.6061515808105469), (11, 0.6235408186912537), (12, 0.7203677892684937), (13, 0.6952416300773621), (14, 0.7255202531814575), (15, 0.6332864165306091), (16, 0.686506450176239), (17, 0.7013933658599854), (18, 0.6354594230651855), (19, 0.653567910194397), (0, 0.6123237013816833), (1, 0.6967739462852478), (2, 0.646349310874939), (3, 0.6224353909492493), (4, 0.6828793287277222), (5, 0.6565276980400085), (6, 0.5654081702232361), (7, 0.6604454517364502), (8, 0.6404229998588562), (9, 0.7542930245399475), (10, 0.7738946080207825), (11, 0.6291778087615967), (12, 0.5242641568183899), (13, 0.7975136637687683), (14, 0.679256021976471), (15, 0.6632909774780273), (16, 0.7545271515846252), (17, 0.6526409387588501), (18, 0.6069357991218567), (19, 0.6661862730979919), (0, 0.6461251378059387), (1, 0.6962684392929077), (2, 0.6329103708267212), (3, 0.5410594344139099), (4, 0.7198196649551392), (5, 0.7241703867912292), (6, 0.5925692319869995), (7, 0.8505872488021851), (8, 0.68609219789505), (9, 0.5747984647750854), (10, 0.572180986404419), (11, 0.8169153332710266), (12, 0.7725147604942322), (13, 0.5331762433052063), (14, 0.7434686422348022), (15, 0.6795700788497925), (16, 0.6169905662536621), (17, 0.5075411796569824), (18, 0.6561452746391296), (19, 0.6656402945518494), (0, 0.7290427684783936), (1, 0.7220495939254761), (2, 0.7143255472183228), (3, 0.6755772233009338), (4, 0.6462152004241943), (5, 0.7457991242408752), (6, 0.7105640769004822), (7, 0.5938382148742676), (8, 0.6856127977371216), (9, 0.628909170627594), (10, 0.6370638012886047), (11, 0.5670737028121948), (12, 0.6352831125259399), (13, 0.8565117120742798), (14, 0.7345882654190063), (15, 0.648810863494873), (16, 0.717210054397583), (17, 0.7091419100761414), (18, 0.5797377228736877), (19, 0.767134428024292), (0, 0.7171852588653564), (1, 0.7158705592155457), (2, 0.5397977232933044), (3, 0.8340622186660767), (4, 0.8579890131950378), (5, 0.48626312613487244), (6, 0.5651616454124451), (7, 0.7082825899124146), (8, 0.7206305861473083), (9, 0.7077318429946899), (10, 0.5432813167572021), (11, 0.706030011177063), (12, 0.6544495820999146), (13, 0.6245163679122925), (14, 0.685814380645752), (15, 0.6768902540206909), (16, 0.6771494746208191), (17, 0.636333703994751), (18, 0.7049962282180786), (19, 0.678006649017334), (0, 0.6891787052154541), (1, 0.7473432421684265), (2, 0.6407199501991272), (3, 0.683845043182373), (4, 0.6950399279594421), (5, 0.6336396336555481), (6, 0.7261423468589783), (7, 0.7948712110519409), (8, 0.5624507069587708), (9, 0.6795481443405151), (10, 0.5911685824394226), (11, 0.6716999411582947), (12, 0.6146910786628723), (13, 0.706150233745575), (14, 0.6142687797546387), (15, 0.6354994177818298), (16, 0.7372242212295532), (17, 0.5821368098258972), (18, 0.6297904253005981), (19, 0.7766463160514832), (0, 0.606838047504425), (1, 0.5902978181838989), (2, 0.6002990007400513), (3, 0.5700526237487793), (4, 0.7363178133964539), (5, 0.8258353471755981), (6, 0.7094581127166748), (7, 0.6555518507957458), (8, 0.6082514524459839), (9, 0.6772154569625854), (10, 0.611372709274292), (11, 0.7201803922653198), (12, 0.7195812463760376), (13, 0.6626424789428711), (14, 0.5999405384063721), (15, 0.6491988301277161), (16, 0.6989825367927551), (17, 0.7440603375434875), (18, 0.6184735298156738), (19, 0.2987042963504791), (0, 0.6022406816482544), (1, 0.757727861404419), (2, 0.6660951375961304), (3, 0.7075400948524475), (4, 0.553155779838562), (5, 0.773730456829071), (6, 0.6085847616195679), (7, 0.7197049260139465), (8, 0.6993718147277832), (9, 0.6722463369369507), (10, 0.6177389621734619), (11, 0.6750413179397583), (12, 0.7001763582229614), (13, 0.7323397397994995), (14, 0.654060959815979), (15, 0.6584668159484863), (16, 0.7861687541007996), (17, 0.6273698806762695), (18, 0.7018479108810425), (19, 0.6535994410514832), (0, 0.6043025255203247), (1, 0.6526830792427063), (2, 0.6833130717277527), (3, 0.6755937337875366), (4, 0.6768411993980408), (5, 0.6262807846069336), (6, 0.6383417248725891), (7, 0.6143606901168823), (8, 0.6716386079788208), (9, 0.6624735593795776), (10, 0.7220485806465149), (11, 0.6907410621643066), (12, 0.8100412487983704), (13, 0.5513020753860474), (14, 0.8573362231254578), (15, 0.9452155232429504), (16, 0.651106595993042), (17, 0.5530619025230408), (18, 0.637491762638092), (19, 0.5374689698219299), (0, 0.5718652009963989), (1, 0.7698293924331665), (2, 0.6450878381729126), (3, 0.599442183971405), (4, 0.6544361710548401), (5, 0.6148689389228821), (6, 0.6561400294303894), (7, 0.6192023754119873), (8, 0.6054959297180176), (9, 0.6735045313835144), (10, 0.6669566035270691), (11, 0.6750946044921875), (12, 0.8722344636917114), (13, 0.8329755663871765), (14, 0.5942258834838867), (15, 0.7068924307823181), (16, 0.6686796545982361), (17, 0.6043661236763), (18, 0.6751091480255127), (19, 0.6466171741485596), (0, 0.5979679822921753), (1, 0.5311426520347595), (2, 0.6671498417854309), (3, 0.5549637675285339), (4, 0.716259241104126), (5, 0.6595461964607239), (6, 0.7522748112678528), (7, 0.7573889493942261), (8, 0.7756498456001282), (9, 0.6103242635726929), (10, 0.576990008354187), (11, 0.8343431353569031), (12, 0.7733442187309265), (13, 0.7715769410133362), (14, 0.5771933794021606), (15, 0.6685653924942017), (16, 0.7255934476852417), (17, 0.6929064989089966), (18, 0.6077653169631958), (19, 0.5955045819282532), (0, 0.6445821523666382), (1, 0.8344900012016296), (2, 0.6104972958564758), (3, 0.6511895656585693), (4, 0.7926144599914551), (5, 0.5920751690864563), (6, 0.7585033774375916), (7, 0.6229466199874878), (8, 0.6093987822532654), (9, 0.7340059280395508), (10, 0.6462701559066772), (11, 0.6932033896446228), (12, 0.6472734212875366), (13, 0.6314179301261902), (14, 0.5885195732116699), (15, 0.5807703733444214), (16, 0.6887030601501465), (17, 0.7059286236763), (18, 0.6129492521286011), (19, 0.6848254203796387), (0, 0.6217595338821411), (1, 0.6525803804397583), (2, 0.6325560212135315), (3, 0.7379840016365051), (4, 0.5809389352798462), (5, 0.5790517926216125), (6, 0.6994855999946594), (7, 0.6916859745979309), (8, 0.6839479207992554), (9, 0.574715256690979), (10, 0.7773848176002502), (11, 0.6601765751838684), (12, 0.6533292531967163), (13, 0.7863938212394714), (14, 0.697492778301239), (15, 0.7059570550918579), (16, 0.6494878530502319), (17, 0.7161635160446167), (18, 0.6430928111076355), (19, 0.5354411005973816), (0, 0.851781964302063), (1, 0.7592213749885559), (2, 0.6887180805206299), (3, 0.5216947793960571), (4, 0.676937460899353), (5, 0.6011767387390137), (6, 0.6389862895011902), (7, 0.6360887289047241), (8, 0.6641579866409302), (9, 0.6883853673934937), (10, 0.7500532269477844), (11, 0.5288781523704529), (12, 0.5769945383071899), (13, 0.6197299957275391), (14, 0.7300451397895813), (15, 0.5142492055892944), (16, 0.6418431401252747), (17, 0.8031603693962097), (18, 0.6274030208587646), (19, 0.635843813419342), (0, 0.6963076591491699), (1, 0.6046358346939087), (2, 0.7724495530128479), (3, 0.6358124613761902), (4, 0.659982442855835), (5, 0.6789199113845825), (6, 0.6546878218650818), (7, 0.6591016054153442), (8, 0.9494821429252625), (9, 0.7338587641716003), (10, 0.6226581335067749), (11, 0.594865620136261), (12, 0.7061275839805603), (13, 0.6080635786056519), (14, 0.6076465845108032), (15, 0.6333160400390625), (16, 0.7476614117622375), (17, 0.5222593545913696), (18, 0.6448166966438293), (19, 0.6371709704399109), (0, 0.6242574453353882), (1, 0.702604353427887), (2, 0.7331314086914062), (3, 0.6063250303268433), (4, 0.7461439967155457), (5, 0.6724210977554321), (6, 0.6192233562469482), (7, 0.6264640688896179), (8, 0.5683592557907104), (9, 0.7009714245796204), (10, 0.5874210000038147), (11, 0.735470175743103), (12, 0.6416868567466736), (13, 0.5828740000724792), (14, 0.719183623790741), (15, 0.6836010217666626), (16, 0.8965128660202026), (17, 0.5298618078231812), (18, 0.7083914875984192), (19, 0.6335938572883606), (0, 0.786099374294281), (1, 0.7786813378334045), (2, 0.5518211722373962), (3, 0.6466134786605835), (4, 0.6725576519966125), (5, 0.7088678479194641), (6, 0.6939948797225952), (7, 0.6017767190933228), (8, 0.7017706632614136), (9, 0.6251846551895142), (10, 0.6327939033508301), (11, 0.7340282201766968), (12, 0.5592918395996094), (13, 0.6993494033813477), (14, 0.5976811051368713), (15, 0.6952114701271057), (16, 0.5099616646766663), (17, 0.6096221804618835), (18, 0.6899932026863098), (19, 0.6626315116882324), (0, 0.7054296731948853), (1, 0.6273390054702759), (2, 0.7842732071876526), (3, 0.6156843304634094), (4, 0.6363077163696289), (5, 0.5045613050460815), (6, 0.6256584525108337), (7, 0.7778571248054504), (8, 0.7165454030036926), (9, 0.6935922503471375), (10, 0.9134785532951355), (11, 0.5960007905960083), (12, 0.591212809085846), (13, 0.6551433205604553), (14, 0.6173387765884399), (15, 0.588140070438385), (16, 0.6840971112251282), (17, 0.596823513507843), (18, 0.7632466554641724), (19, 0.6541245579719543), (0, 0.7616227865219116), (1, 0.5770092606544495), (2, 0.7481826543807983), (3, 0.6943879723548889), (4, 0.5986716151237488), (5, 0.6012807488441467), (6, 0.5722193121910095), (7, 0.625798761844635), (8, 0.6186278462409973), (9, 0.5514218807220459), (10, 0.5616351962089539), (11, 0.6259915232658386), (12, 0.6952748894691467), (13, 0.7591434717178345), (14, 0.5473154783248901), (15, 0.8684583902359009), (16, 0.7116571664810181), (17, 0.730140745639801), (18, 0.688943088054657), (19, 0.7611628174781799), (0, 0.572311520576477), (1, 0.7130482196807861), (2, 0.6754354238510132), (3, 0.6109468340873718), (4, 0.757287859916687), (5, 0.6110826730728149), (6, 0.7775467038154602), (7, 0.6615152955055237), (8, 0.7025059461593628), (9, 0.7111493349075317), (10, 0.5209783315658569), (11, 0.7944759726524353), (12, 0.6418699026107788), (13, 0.70954430103302), (14, 0.5983587503433228), (15, 0.5593143701553345), (16, 0.665778636932373), (17, 0.6716350317001343), (18, 0.6003384590148926), (19, 0.6908702254295349), (0, 0.8040531277656555), (1, 0.5481951236724854), (2, 0.7051008343696594), (3, 0.6505151987075806), (4, 0.638408899307251), (5, 0.5520315766334534), (6, 0.6358159184455872), (7, 0.6557498574256897), (8, 0.6753466725349426), (9, 0.593438982963562), (10, 0.7185462117195129), (11, 0.5085667371749878), (12, 0.73894202709198), (13, 0.5776928067207336), (14, 0.692226767539978), (15, 0.691087007522583), (16, 0.8294607996940613), (17, 0.781525731086731), (18, 0.6701225638389587), (19, 0.543584406375885), (0, 0.6021901369094849), (1, 0.7375589609146118), (2, 0.5890672206878662), (3, 0.6844669580459595), (4, 0.6550743579864502), (5, 0.8395091891288757), (6, 0.666870653629303), (7, 0.6718416213989258), (8, 0.5775328278541565), (9, 0.7083165049552917), (10, 0.5402371287345886), (11, 0.6827720403671265), (12, 0.7656397819519043), (13, 0.6138787269592285), (14, 0.6510233879089355), (15, 0.6934216618537903), (16, 0.7339428663253784), (17, 0.6340140104293823), (18, 0.6385056376457214), (19, 0.42910274863243103), (0, 0.5946420431137085), (1, 0.6170427203178406), (2, 0.5722250938415527), (3, 0.5941662192344666), (4, 0.5895164608955383), (5, 0.6674215197563171), (6, 0.6559306979179382), (7, 0.7524651885032654), (8, 0.6290557384490967), (9, 0.543418824672699), (10, 0.6491929888725281), (11, 0.767236590385437), (12, 0.9148155450820923), (13, 0.9458516240119934), (14, 0.7631829977035522), (15, 0.6517224907875061), (16, 0.5926480293273926), (17, 0.5627641677856445), (18, 0.6672466397285461), (19, 0.5207889676094055), (0, 0.6865048408508301), (1, 0.7389476895332336), (2, 0.7647205591201782), (3, 0.7856071591377258), (4, 0.6040987372398376), (5, 0.7156007885932922), (6, 0.4686332643032074), (7, 0.6408289670944214), (8, 0.5984350442886353), (9, 0.7734063863754272), (10, 0.5960487127304077), (11, 0.5528929829597473), (12, 0.580899178981781), (13, 0.5989896059036255), (14, 0.6992571353912354), (15, 0.7381817698478699), (16, 0.7405968904495239), (17, 0.7066753506660461), (18, 0.7107645869255066), (19, 0.5676604509353638), (0, 0.5608818531036377), (1, 0.5434650778770447), (2, 0.6248674988746643), (3, 0.7155118584632874), (4, 0.6545810699462891), (5, 0.731330394744873), (6, 0.6619041562080383), (7, 0.6488001942634583), (8, 0.6652545928955078), (9, 0.6261495351791382), (10, 0.8689476251602173), (11, 0.6097756624221802), (12, 0.686933159828186), (13, 0.6647981405258179), (14, 0.6135351061820984), (15, 0.6729992628097534), (16, 0.6406764984130859), (17, 0.6452594995498657), (18, 0.9559961557388306), (19, 0.6480546593666077), (0, 0.7530877590179443), (1, 0.7609411478042603), (2, 0.5857037901878357), (3, 0.6349049806594849), (4, 0.6455811262130737), (5, 0.7138022184371948), (6, 0.714490532875061), (7, 0.7083356976509094), (8, 0.49835100769996643), (9, 0.5729853510856628), (10, 0.7587770223617554), (11, 0.5915802717208862), (12, 0.6772116422653198), (13, 0.624393105506897), (14, 0.6899915933609009), (15, 0.7359843254089355), (16, 0.6130390167236328), (17, 0.6864553689956665), (18, 0.6713778376579285), (19, 0.6650967001914978), (0, 0.7835303544998169), (1, 0.651240885257721), (2, 0.7441016435623169), (3, 0.6172318458557129), (4, 0.7626855969429016), (5, 0.6045762896537781), (6, 0.863427996635437), (7, 0.5586222410202026), (8, 0.5472729802131653), (9, 0.6811711192131042), (10, 0.7637516260147095), (11, 0.5806475877761841), (12, 0.6545410752296448), (13, 0.5802043676376343), (14, 0.603522777557373), (15, 0.5964343547821045), (16, 0.6563593149185181), (17, 0.6689662933349609), (18, 0.7243360280990601), (19, 0.5263627767562866), (0, 0.660080075263977), (1, 0.7704257965087891), (2, 0.5761534571647644), (3, 0.634346604347229), (4, 0.5860711336135864), (5, 0.6759670972824097), (6, 0.6282434463500977), (7, 0.4809928834438324), (8, 0.6336285471916199), (9, 0.7454025149345398), (10, 0.6999930739402771), (11, 0.7755821347236633), (12, 0.7395593523979187), (13, 0.7152814269065857), (14, 0.5913547277450562), (15, 0.8345382809638977), (16, 0.6591256856918335), (17, 0.7631077766418457), (18, 0.6198907494544983), (19, 0.5572200417518616), (0, 0.7921534776687622), (1, 0.826452374458313), (2, 0.610457718372345), (3, 0.5255900621414185), (4, 0.6459617614746094), (5, 0.6056625247001648), (6, 0.6191449761390686), (7, 0.6781460046768188), (8, 0.700070858001709), (9, 0.5503141283988953), (10, 0.7974017262458801), (11, 0.7075344324111938), (12, 0.592633068561554), (13, 0.6584099531173706), (14, 0.6228172183036804), (15, 0.6394488215446472), (16, 0.7241646647453308), (17, 0.6839383840560913), (18, 0.6246979236602783), (19, 0.8316494822502136), (0, 0.633297860622406), (1, 0.6287699937820435), (2, 0.7799137234687805), (3, 0.6479821801185608), (4, 0.6178617477416992), (5, 0.6799098253250122), (6, 0.5574772953987122), (7, 0.9460157155990601), (8, 0.7117729187011719), (9, 0.6071110963821411), (10, 0.7343566417694092), (11, 0.7487775683403015), (12, 0.5606274604797363), (13, 0.513231098651886), (14, 0.6597602963447571), (15, 0.6987024545669556), (16, 0.6362177729606628), (17, 0.7234863042831421), (18, 0.6041616201400757), (19, 0.7406578063964844), (0, 0.5291879773139954), (1, 0.6171160936355591), (2, 0.5887728333473206), (3, 0.6940478682518005), (4, 0.9520702362060547), (5, 0.6923975944519043), (6, 0.720996618270874), (7, 0.6334341168403625), (8, 0.5930980443954468), (9, 0.5786832571029663), (10, 0.6051952838897705), (11, 0.5777773261070251), (12, 0.6335062384605408), (13, 0.6470329165458679), (14, 0.5912502408027649), (15, 0.6999814510345459), (16, 0.857613205909729), (17, 0.6487856507301331), (18, 0.6989654302597046), (19, 0.5842710733413696), (0, 0.6224240064620972), (1, 0.663870632648468), (2, 0.5452843904495239), (3, 0.7596351504325867), (4, 0.6236565113067627), (5, 0.5746301412582397), (6, 0.7039884328842163), (7, 0.6848231554031372), (8, 0.6943961381912231), (9, 0.6594935655593872), (10, 0.528518557548523), (11, 0.6988805532455444), (12, 0.5725966691970825), (13, 0.6454162001609802), (14, 0.721711277961731), (15, 0.6453288793563843), (16, 0.7682768106460571), (17, 0.6978422403335571), (18, 0.7707747220993042), (19, 0.6711587905883789), (0, 0.6044121384620667), (1, 0.6267344951629639), (2, 0.6069860458374023), (3, 0.8599650263786316), (4, 0.7243953943252563), (5, 0.5680608749389648), (6, 0.6208308935165405), (7, 0.554486870765686), (8, 0.570715069770813), (9, 0.6615368127822876), (10, 0.6863061785697937), (11, 0.6724833250045776), (12, 0.6554123163223267), (13, 0.718129575252533), (14, 0.6929344534873962), (15, 0.6618726253509521), (16, 0.716370701789856), (17, 0.6318634152412415), (18, 0.7718405723571777), (19, 0.6878944039344788), (0, 0.643244743347168), (1, 0.5839189291000366), (2, 0.6614248156547546), (3, 0.6195265054702759), (4, 0.613063395023346), (5, 0.6643819808959961), (6, 0.5703133344650269), (7, 0.5870741605758667), (8, 0.682029664516449), (9, 0.6509188413619995), (10, 0.7826633453369141), (11, 0.5775724649429321), (12, 0.6023353338241577), (13, 0.6438733339309692), (14, 0.7477931976318359), (15, 0.5359131097793579), (16, 0.7471195459365845), (17, 0.7462764978408813), (18, 0.7382621765136719), (19, 0.870760440826416), (0, 0.6425520181655884), (1, 0.5525251626968384), (2, 0.4494394361972809), (3, 0.665686309337616), (4, 0.7199031114578247), (5, 0.7140771746635437), (6, 0.5960348844528198), (7, 0.5867055654525757), (8, 0.654030978679657), (9, 0.9849521517753601), (10, 0.6966749429702759), (11, 0.7382765412330627), (12, 0.5782402157783508), (13, 0.6489934921264648), (14, 0.6109670400619507), (15, 0.672690749168396), (16, 0.7263194918632507), (17, 0.5660005807876587), (18, 0.7542444467544556), (19, 0.5787603855133057), (0, 0.564027726650238), (1, 0.7169907093048096), (2, 0.7367451786994934), (3, 0.6300982236862183), (4, 0.7056638598442078), (5, 0.6682530641555786), (6, 0.6523863077163696), (7, 0.6197737455368042), (8, 0.6002604961395264), (9, 0.6621962189674377), (10, 0.7432663440704346), (11, 0.6465362906455994), (12, 0.7916275262832642), (13, 0.6872090101242065), (14, 0.5210971236228943), (15, 0.6946122646331787), (16, 0.6125014424324036), (17, 0.6904417276382446), (18, 0.6300531029701233), (19, 0.7179487347602844), (0, 0.5312111377716064), (1, 0.7779394388198853), (2, 0.589328408241272), (3, 0.6472675800323486), (4, 0.7159087657928467), (5, 0.6488267779350281), (6, 0.6730945706367493), (7, 0.7326616048812866), (8, 0.6066085696220398), (9, 0.685564398765564), (10, 0.6292357444763184), (11, 0.6040221452713013), (12, 0.6711532473564148), (13, 0.6471413373947144), (14, 0.7698236107826233), (15, 0.7446976900100708), (16, 0.6856194734573364), (17, 0.4565272927284241), (18, 0.61286860704422), (19, 0.700847327709198)]