Model Setup for {PATIENT_GROUPS} Trained Network:

NODE Network Architecture Parameters
Input channels=2
Hidden channels=11
Output channels=2

Training hyperparameters
Optimizer=AdamW (
Parameter Group 0
    amsgrad: False
    betas: (0.9, 0.999)
    capturable: False
    differentiable: False
    eps: 1e-08
    foreach: None
    fused: None
    lr: 0.001
    maximize: False
    weight_decay: 1e-06
)Training Iterations=100
Learning rate=0.001
Weight decay=1e-06
Optimizer reset frequency=None

Dropout probability (after initial linear layer before NCDE): 0.0
Training Data Selection Parameters
(If not virtual, the only important params are the groups and whether data was normalized/standardized)
Patient groups=['Control', 'Atypical']
Augmentation strategy=Uniform
Noise Magnitude=0.05
Normalized/standardized=None
Number of virtual patients per real patient=100
Label smoothing factor=0
Test Patient Combinations:
Control: (2, 12, 10, 5, 1)
MDD: (2, 6, 9, 3, 5)
Training batch size=5
Training Results:
Runtime=4.00401496887207
Loss over time=[(0, 1.5347398519515991), (1, 1.2809367179870605), (2, 1.4098293781280518), (3, 1.4058444499969482), (0, 1.0056232213974), (1, 1.323330283164978), (2, 1.632738471031189), (3, 1.1595464944839478), (0, 1.5569250583648682), (1, 1.5814450979232788), (2, 0.5689128041267395), (3, 0.9949331879615784), (0, 1.8780444860458374), (1, 0.4904347360134125), (2, 0.6983233094215393), (3, 1.2708041667938232), (0, 1.4399586915969849), (1, 0.6753112077713013), (2, 0.9920021891593933), (3, 0.8001875877380371), (0, 1.229012370109558), (1, 1.285156011581421), (2, 0.5474909543991089), (3, 0.5764178037643433), (0, 1.317097544670105), (1, 0.7196422815322876), (2, 0.8996294140815735), (3, 0.5687766075134277), (0, 1.2154407501220703), (1, 1.1366767883300781), (2, 0.6136755347251892), (3, 0.4481613039970398), (0, 0.46030133962631226), (1, 1.0856291055679321), (2, 0.66916424036026), (3, 1.3287222385406494), (0, 1.0088088512420654), (1, 0.7971925735473633), (2, 0.7513017058372498), (3, 0.8836720585823059), (0, 0.7321023941040039), (1, 1.236472487449646), (2, 1.0368225574493408), (3, 0.32179099321365356), (0, 0.647528350353241), (1, 0.5354911684989929), (2, 1.033196210861206), (3, 1.2963966131210327), (0, 0.8374106287956238), (1, 0.6610633730888367), (2, 1.102872610092163), (3, 0.8138300180435181), (0, 1.1934216022491455), (1, 0.7198704481124878), (2, 0.6831986904144287), (3, 0.81989985704422), (0, 0.47029581665992737), (1, 0.9918845891952515), (2, 0.6483469009399414), (3, 1.4273542165756226), (0, 0.8160613775253296), (1, 1.2880686521530151), (2, 0.6419222950935364), (3, 0.6329478621482849), (0, 0.9316577911376953), (1, 0.8837578892707825), (2, 0.9982255101203918), (3, 0.5484619736671448), (0, 0.4607802927494049), (1, 0.6696974039077759), (2, 1.2436610460281372), (3, 1.0978400707244873), (0, 1.0289607048034668), (1, 0.9755056500434875), (2, 0.5969550609588623), (3, 0.813736617565155), (0, 1.134445071220398), (1, 0.8166086077690125), (2, 0.7578560709953308), (3, 0.6793761253356934), (0, 0.9924208521842957), (1, 1.1814112663269043), (2, 0.8212862014770508), (3, 0.3216154873371124), (0, 0.8689168095588684), (1, 1.428899884223938), (2, 0.44922322034835815), (3, 0.6317136287689209), (0, 0.5122841596603394), (1, 0.873163104057312), (2, 1.007210612297058), (3, 1.0746909379959106), (0, 1.1916288137435913), (1, 0.8697786331176758), (2, 0.6781407594680786), (3, 0.6410782337188721), (0, 0.5781412720680237), (1, 1.0716240406036377), (2, 0.9172970056533813), (3, 0.8566854596138), (0, 0.6328369379043579), (1, 1.2404277324676514), (2, 0.7426095604896545), (3, 0.7956704497337341), (0, 1.308640480041504), (1, 0.732951283454895), (2, 0.883393406867981), (3, 0.4092820882797241), (0, 0.7570571899414062), (1, 0.9029887914657593), (2, 0.9585172533988953), (3, 0.7923092842102051), (0, 1.088694453239441), (1, 0.43839263916015625), (2, 0.9734015464782715), (3, 0.9399025440216064), (0, 0.7678880095481873), (1, 0.9402894973754883), (2, 0.731655478477478), (3, 1.0157220363616943), (0, 0.8949337005615234), (1, 1.0360724925994873), (2, 0.6372890472412109), (3, 0.8551445007324219), (0, 0.6113077402114868), (1, 0.8473024368286133), (2, 0.9191716313362122), (3, 1.093286395072937), (0, 0.918366551399231), (1, 1.1752967834472656), (2, 0.6126964688301086), (3, 0.6825637221336365), (0, 0.6972754597663879), (1, 0.7705828547477722), (2, 1.4065072536468506), (3, 0.4725562036037445), (0, 0.6772440671920776), (1, 0.687999427318573), (2, 0.6095561981201172), (3, 1.5970137119293213), (0, 0.6107379794120789), (1, 0.5445511937141418), (2, 1.371399164199829), (3, 0.9071529507637024), (0, 1.0554884672164917), (1, 1.1108680963516235), (2, 0.5913196206092834), (3, 0.6184181571006775), (0, 1.4010741710662842), (1, 0.48198390007019043), (2, 0.8175630569458008), (3, 0.6897369027137756), (0, 0.7291447520256042), (1, 0.7617837190628052), (2, 0.9077641367912292), (3, 1.0671474933624268), (0, 0.5127213597297668), (1, 0.9034417271614075), (2, 0.9468652009963989), (3, 1.1117279529571533), (0, 0.9945886731147766), (1, 0.6413925290107727), (2, 0.9995043873786926), (3, 0.7711563110351562), (0, 0.33803707361221313), (1, 1.0586847066879272), (2, 1.1896394491195679), (3, 0.8325617909431458), (0, 1.0840656757354736), (1, 0.5521815419197083), (2, 1.1451926231384277), (3, 0.5887137651443481), (0, 0.5795553922653198), (1, 1.1006176471710205), (2, 1.0584781169891357), (3, 0.6421994566917419), (0, 1.1217039823532104), (1, 0.7482377290725708), (2, 0.7928842306137085), (3, 0.7369809150695801), (0, 0.9191993474960327), (1, 0.8066285252571106), (2, 1.142507791519165), (3, 0.48009371757507324), (0, 0.7938543558120728), (1, 0.8902634382247925), (2, 0.6947959065437317), (3, 1.0918712615966797), (0, 0.5512505769729614), (1, 1.561761498451233), (2, 0.5303707122802734), (3, 0.7612849473953247), (0, 0.6757135987281799), (1, 0.9603903889656067), (2, 0.8512542843818665), (3, 0.9563155174255371), (0, 0.8080127835273743), (1, 0.6139801740646362), (2, 0.755123496055603), (3, 1.3441177606582642), (0, 1.1505959033966064), (1, 0.8635613322257996), (2, 0.8900256156921387), (3, 0.43528467416763306), (0, 0.6049648523330688), (1, 0.6729878187179565), (2, 1.0256760120391846), (3, 1.185977578163147), (0, 0.6380216479301453), (1, 1.0059230327606201), (2, 0.7895256280899048), (3, 1.0236754417419434), (0, 0.4009218215942383), (1, 0.8871663808822632), (2, 0.9386086463928223), (3, 1.2821424007415771), (0, 0.6817275881767273), (1, 0.9843349456787109), (2, 0.8635025024414062), (3, 0.9035571217536926), (0, 0.6844027042388916), (1, 1.0105345249176025), (2, 0.9533432722091675), (3, 0.7551627159118652), (0, 0.9736438989639282), (1, 0.7624691128730774), (2, 0.741804301738739), (3, 0.9681167602539062), (0, 0.8665651082992554), (1, 1.0772521495819092), (2, 0.6910380125045776), (3, 0.7719441056251526), (0, 0.9213567972183228), (1, 0.7180344462394714), (2, 1.0177303552627563), (3, 0.7441114783287048), (0, 0.9948192834854126), (1, 0.95173180103302), (2, 0.8137425184249878), (3, 0.6151464581489563), (0, 0.623680591583252), (1, 0.8665652275085449), (2, 0.895602822303772), (3, 1.083202600479126), (0, 0.6685190200805664), (1, 0.9408048391342163), (2, 0.5356554388999939), (3, 1.384289264678955), (0, 0.58213210105896), (1, 0.8027603030204773), (2, 0.8503720164299011), (3, 1.271432876586914), (0, 1.2115017175674438), (1, 0.9137140512466431), (2, 0.5962550640106201), (3, 0.6636749505996704), (0, 1.1196227073669434), (1, 0.33546513319015503), (2, 0.687933087348938), (3, 1.38673734664917), (0, 0.9077642560005188), (1, 0.7089203596115112), (2, 0.8417766690254211), (3, 0.9924368858337402), (0, 0.7350391149520874), (1, 1.0998380184173584), (2, 0.7444021701812744), (3, 0.8414140939712524), (0, 0.9592124819755554), (1, 0.4078541696071625), (2, 1.1448732614517212), (3, 0.9255884289741516), (0, 0.910877525806427), (1, 0.9769441485404968), (2, 0.6931917071342468), (3, 0.8392466902732849), (0, 0.6046584248542786), (1, 1.2460265159606934), (2, 0.9344791173934937), (3, 0.5840583443641663), (0, 0.6985312700271606), (1, 0.8617509603500366), (2, 1.0081968307495117), (3, 0.8549146056175232), (0, 0.7235673666000366), (1, 1.0088976621627808), (2, 0.9177936315536499), (3, 0.7526900768280029), (0, 0.8861562609672546), (1, 0.9908998608589172), (2, 0.290637731552124), (3, 1.3558961153030396), (0, 1.038813829421997), (1, 0.8229300379753113), (2, 0.8739680051803589), (3, 0.6458735466003418), (0, 0.8250657320022583), (1, 0.8287183046340942), (2, 0.5673140287399292), (3, 1.2891408205032349), (0, 1.0308336019515991), (1, 0.7044454216957092), (2, 0.7013013958930969), (3, 1.0197879076004028), (0, 0.47248977422714233), (1, 0.8162306547164917), (2, 0.8597269058227539), (3, 1.3799540996551514), (0, 0.950692355632782), (1, 0.2981404662132263), (2, 1.2996832132339478), (3, 0.8798683285713196), (0, 0.8980883359909058), (1, 0.5578681826591492), (2, 1.1806613206863403), (3, 0.7697411775588989), (0, 0.6740176677703857), (1, 0.8551731109619141), (2, 1.07112717628479), (3, 0.8151159286499023), (0, 0.8740679621696472), (1, 0.6151441931724548), (2, 1.119329810142517), (3, 0.8048359155654907), (0, 0.6921138167381287), (1, 0.6884977221488953), (2, 1.3858829736709595), (3, 0.6073952317237854), (0, 1.3370708227157593), (1, 0.7146628499031067), (2, 0.5792558789253235), (3, 0.7767763137817383), (0, 1.064984679222107), (1, 0.9271801710128784), (2, 0.6548827886581421), (3, 0.7567036747932434), (0, 0.5865538120269775), (1, 0.8672577738761902), (2, 1.0185661315917969), (3, 0.9750412702560425), (0, 0.6052936911582947), (1, 0.7394567728042603), (2, 0.8455554842948914), (3, 1.327630877494812), (0, 0.5209020376205444), (1, 0.8940389752388), (2, 1.246588945388794), (3, 0.7386007905006409), (0, 0.7525986433029175), (1, 0.9280191659927368), (2, 0.7042474746704102), (3, 1.0844318866729736), (0, 0.9226847887039185), (1, 0.9287999272346497), (2, 1.0584690570831299), (3, 0.42807117104530334), (0, 0.6088446378707886), (1, 1.236472487449646), (2, 0.6934977173805237), (3, 0.891994833946228), (0, 0.7712542414665222), (1, 0.7543633580207825), (2, 0.7802455425262451), (3, 1.1831843852996826), (0, 1.032686471939087), (1, 1.0177843570709229), (2, 0.7459183931350708), (3, 0.5700267553329468), (0, 0.6251513361930847), (1, 0.7060163617134094), (2, 0.9307165145874023), (3, 1.2381579875946045), (0, 0.9680794477462769), (1, 0.47496071457862854), (2, 1.347055196762085), (3, 0.5778940916061401), (0, 0.5287917852401733), (1, 0.893135666847229), (2, 0.9720414876937866), (3, 1.073052167892456), (0, 0.4694797992706299), (1, 0.78715580701828), (2, 1.1396028995513916), (3, 1.0702153444290161), (0, 1.2927552461624146), (1, 0.5808196663856506), (2, 0.8481016159057617), (3, 0.6634178161621094), (0, 0.8114779591560364), (1, 0.8482354283332825), (2, 0.8918206095695496), (3, 0.8760960102081299), (0, 0.7759394645690918), (1, 1.0593979358673096), (2, 0.7950782775878906), (3, 0.777493953704834), (0, 0.610019326210022), (1, 0.7059875726699829), (2, 0.7885926961898804), (3, 1.4347639083862305)]