Model Setup for {PATIENT_GROUPS} Trained Network:

NODE Network Architecture Parameters
Input channels=2
Hidden channels=11
Output channels=2

Training hyperparameters
Optimizer=AdamW (
Parameter Group 0
    amsgrad: False
    betas: (0.9, 0.999)
    capturable: False
    differentiable: False
    eps: 1e-08
    foreach: None
    fused: None
    lr: 0.001
    maximize: False
    weight_decay: 1e-06
)Training Iterations=100
Learning rate=0.001
Weight decay=1e-06
Optimizer reset frequency=None

Dropout probability (after initial linear layer before NCDE): 0.0
Training Data Selection Parameters
(If not virtual, the only important params are the groups and whether data was normalized/standardized)
Patient groups=['Control', 'MDD']
Augmentation strategy=Uniform
Noise Magnitude=0.05
Normalized/standardized=StandardizeAll
Number of virtual patients per real patient=100
Label smoothing factor=0
Test Patient Combinations:
Control: (10, 5)
MDD: (2,)
Training batch size=5
Training Results:
Runtime=23.28544306755066
Loss over time=[(0, 0.8286707997322083), (1, 0.8101800680160522), (2, 0.7497571706771851), (3, 0.8429434895515442), (4, 0.8735615611076355), (5, 0.8127518892288208), (6, 0.9212110638618469), (7, 0.5321941375732422), (8, 0.6156971454620361), (9, 0.714155375957489), (10, 0.859509289264679), (11, 0.7006587386131287), (12, 0.8792430758476257), (13, 0.41545718908309937), (14, 0.7748907804489136), (15, 0.8134109377861023), (16, 0.6212576627731323), (17, 0.5908156633377075), (18, 0.425560861825943), (19, 0.7908687591552734), (20, 0.7373698353767395), (0, 0.5646255016326904), (1, 0.6366380453109741), (2, 0.5343316793441772), (3, 0.9198278188705444), (4, 0.4924081265926361), (5, 0.6186892986297607), (6, 0.6335751414299011), (7, 0.8291710615158081), (8, 0.6847635507583618), (9, 0.9411045908927917), (10, 0.917163074016571), (11, 0.6990193724632263), (12, 0.7470571398735046), (13, 0.7189913988113403), (14, 0.6627446413040161), (15, 0.7980787754058838), (16, 0.7992426156997681), (17, 0.8465471267700195), (18, 0.8139112591743469), (19, 0.786658525466919), (20, 0.6656166911125183), (0, 0.8090121150016785), (1, 0.558289647102356), (2, 0.5706676244735718), (3, 0.5503575205802917), (4, 0.6372922658920288), (5, 0.906613826751709), (6, 0.6388226747512817), (7, 0.6650789976119995), (8, 0.8647283315658569), (9, 0.9161339998245239), (10, 0.5919691324234009), (11, 0.948978066444397), (12, 0.8022415041923523), (13, 0.732177734375), (14, 0.6821616291999817), (15, 0.8343823552131653), (16, 0.5459908843040466), (17, 0.7189042568206787), (18, 0.900303840637207), (19, 0.7624027132987976), (20, 0.6736561059951782), (0, 0.6390718221664429), (1, 0.8162087202072144), (2, 0.8216745257377625), (3, 0.5432273745536804), (4, 0.6473178863525391), (5, 0.6356385350227356), (6, 0.808863639831543), (7, 0.8409765958786011), (8, 0.6578404307365417), (9, 0.806581974029541), (10, 0.6287170648574829), (11, 0.7302690744400024), (12, 0.6392656564712524), (13, 0.8014246225357056), (14, 0.8868683576583862), (15, 0.8745495080947876), (16, 0.7145320773124695), (17, 0.6987141966819763), (18, 0.7939654588699341), (19, 0.8094941973686218), (20, 0.5149634480476379), (0, 0.6989713907241821), (1, 0.71684330701828), (2, 0.6293299198150635), (3, 1.083606243133545), (4, 0.7797060608863831), (5, 0.717427134513855), (6, 0.9091682434082031), (7, 0.5649397373199463), (8, 0.6698828339576721), (9, 0.7810556888580322), (10, 0.5887855291366577), (11, 0.5415329933166504), (12, 0.8522710800170898), (13, 0.7839969992637634), (14, 0.6950375437736511), (15, 0.7689110636711121), (16, 0.7846324443817139), (17, 0.7163402438163757), (18, 0.7775750160217285), (19, 0.6238177418708801), (20, 0.6263343095779419), (0, 0.6990530490875244), (1, 0.8438557386398315), (2, 0.5588394403457642), (3, 0.6110427975654602), (4, 0.667518138885498), (5, 0.5796319246292114), (6, 0.9991472959518433), (7, 0.6542059779167175), (8, 0.6703709363937378), (9, 0.783229649066925), (10, 0.6367419958114624), (11, 0.8057458996772766), (12, 0.8728108406066895), (13, 0.5696139931678772), (14, 0.8912007212638855), (15, 0.7629076838493347), (16, 0.6147235631942749), (17, 0.7306655645370483), (18, 0.6117473840713501), (19, 0.9986931085586548), (20, 0.7484199404716492), (0, 0.6569687724113464), (1, 0.8143945932388306), (2, 0.7541891932487488), (3, 0.6315709352493286), (4, 0.5616411566734314), (5, 0.6731456518173218), (6, 0.953990638256073), (7, 0.6041756868362427), (8, 0.5942646265029907), (9, 0.7901455760002136), (10, 0.81071537733078), (11, 0.8583680987358093), (12, 0.7695622444152832), (13, 0.7060566544532776), (14, 0.9671642184257507), (15, 0.6730096340179443), (16, 0.6054909229278564), (17, 0.7787714004516602), (18, 0.7069967985153198), (19, 0.7484270334243774), (20, 0.6511163711547852), (0, 0.5546486377716064), (1, 0.8982059359550476), (2, 0.5998423099517822), (3, 0.6841849684715271), (4, 0.6792372465133667), (5, 0.4387851357460022), (6, 0.7511718273162842), (7, 0.7127689719200134), (8, 0.6845016479492188), (9, 0.7454554438591003), (10, 1.001462697982788), (11, 0.6798455119132996), (12, 1.0508347749710083), (13, 0.5914287567138672), (14, 0.863259494304657), (15, 0.7111564874649048), (16, 0.9039648771286011), (17, 0.7661900520324707), (18, 0.684573769569397), (19, 0.7583112120628357), (20, 0.5503357648849487), (0, 0.6664401292800903), (1, 0.5452998876571655), (2, 0.6677745580673218), (3, 0.6952767372131348), (4, 0.8118268847465515), (5, 0.704206645488739), (6, 0.4611651301383972), (7, 0.952793300151825), (8, 0.9358686208724976), (9, 0.6573973894119263), (10, 0.8018351793289185), (11, 0.928512454032898), (12, 0.7612288594245911), (13, 0.6779762506484985), (14, 0.5551294684410095), (15, 0.7028740048408508), (16, 0.6771857738494873), (17, 0.7453171610832214), (18, 0.7978339195251465), (19, 0.6889486312866211), (20, 0.8752745389938354), (0, 0.6343792676925659), (1, 0.6949456930160522), (2, 0.8044837117195129), (3, 0.8651930093765259), (4, 0.5428251624107361), (5, 0.4301314353942871), (6, 0.7196283340454102), (7, 0.7358927130699158), (8, 0.9090411067008972), (9, 0.7208309173583984), (10, 0.841690182685852), (11, 0.9706748723983765), (12, 0.6063019037246704), (13, 0.763034999370575), (14, 0.3960420787334442), (15, 0.7028906345367432), (16, 0.6667296290397644), (17, 0.8003994226455688), (18, 0.7788541913032532), (19, 0.817386269569397), (20, 0.9088104367256165), (0, 0.7869876027107239), (1, 0.8790922164916992), (2, 0.6542029976844788), (3, 0.6389971971511841), (4, 0.6710799932479858), (5, 0.9573758840560913), (6, 0.6820045709609985), (7, 0.744446873664856), (8, 0.6621943712234497), (9, 0.668613076210022), (10, 0.7370681166648865), (11, 0.6801145672798157), (12, 0.9787570238113403), (13, 0.5505033731460571), (14, 0.8498269319534302), (15, 0.6750330924987793), (16, 0.6849236488342285), (17, 0.8362696766853333), (18, 0.724115252494812), (19, 0.4181767404079437), (20, 0.8303825259208679), (0, 0.6297029256820679), (1, 0.7744127511978149), (2, 0.7731658220291138), (3, 0.655192494392395), (4, 0.7903857231140137), (5, 0.6944278478622437), (6, 0.7963645458221436), (7, 0.553141713142395), (8, 0.9861777424812317), (9, 0.5531712770462036), (10, 0.9606194496154785), (11, 0.790808379650116), (12, 0.6952773332595825), (13, 0.8289651870727539), (14, 0.6614974737167358), (15, 0.913277268409729), (16, 0.6155050992965698), (17, 0.5676686763763428), (18, 0.5261227488517761), (19, 0.6552923321723938), (20, 0.8889886140823364), (0, 0.7876728773117065), (1, 0.9208985567092896), (2, 0.5171729326248169), (3, 0.6689220666885376), (4, 0.9610961675643921), (5, 0.8378902673721313), (6, 0.6558729410171509), (7, 0.533995509147644), (8, 0.5579491853713989), (9, 0.9504240155220032), (10, 0.9535521268844604), (11, 0.6910983324050903), (12, 0.6672603487968445), (13, 0.7786241769790649), (14, 0.39923080801963806), (15, 0.5632836818695068), (16, 0.6962092518806458), (17, 0.8800956010818481), (18, 0.7623327970504761), (19, 0.6580406427383423), (20, 0.868543267250061), (0, 0.9778066873550415), (1, 0.6817399263381958), (2, 0.907997727394104), (3, 0.6965965628623962), (4, 0.5601591467857361), (5, 0.6582050323486328), (6, 0.6830925941467285), (7, 0.8776833415031433), (8, 0.6673973202705383), (9, 0.8033420443534851), (10, 0.8248295783996582), (11, 0.8033655881881714), (12, 0.6495296359062195), (13, 0.6293178796768188), (14, 0.5795100927352905), (15, 0.8495851755142212), (16, 0.8411060571670532), (17, 0.7037091255187988), (18, 0.5641254186630249), (19, 0.679046630859375), (20, 0.6720200777053833), (0, 0.778063178062439), (1, 0.5675410628318787), (2, 0.6537183523178101), (3, 0.43411770462989807), (4, 0.903394877910614), (5, 0.6577653288841248), (6, 0.768576979637146), (7, 0.7632542848587036), (8, 0.5698177218437195), (9, 0.8881306648254395), (10, 1.0299460887908936), (11, 0.7764674425125122), (12, 0.8436816930770874), (13, 0.8306792974472046), (14, 0.8265835642814636), (15, 0.6297975778579712), (16, 0.5551179051399231), (17, 0.585118293762207), (18, 0.5992630124092102), (19, 0.7496315836906433), (20, 0.8994990587234497), (0, 0.48200884461402893), (1, 0.7035592794418335), (2, 0.7861515283584595), (3, 0.8457624316215515), (4, 0.8737386465072632), (5, 0.4336770474910736), (6, 0.9384315609931946), (7, 0.844084620475769), (8, 0.6216017603874207), (9, 0.8506715893745422), (10, 0.7930076718330383), (11, 0.6725074648857117), (12, 0.5292233228683472), (13, 0.8243077993392944), (14, 0.6802314519882202), (15, 0.6471658945083618), (16, 0.7130343317985535), (17, 0.7774378061294556), (18, 0.7631710767745972), (19, 0.8225190043449402), (20, 0.7078722715377808), (0, 0.6850282549858093), (1, 0.8985149264335632), (2, 0.7827181816101074), (3, 0.7470868229866028), (4, 0.781768798828125), (5, 0.6160334348678589), (6, 0.8318197131156921), (7, 0.709184467792511), (8, 0.8914350271224976), (9, 0.8692363500595093), (10, 0.5281658172607422), (11, 0.6485481262207031), (12, 0.8884580731391907), (13, 0.8362234234809875), (14, 0.5591900944709778), (15, 0.4344627261161804), (16, 0.5674842596054077), (17, 0.6839702725410461), (18, 0.8050980567932129), (19, 0.684597373008728), (20, 0.8611413836479187), (0, 0.8629511594772339), (1, 0.6666232943534851), (2, 0.9687219858169556), (3, 0.7488299608230591), (4, 0.7254461050033569), (5, 0.593593180179596), (6, 0.6374756097793579), (7, 0.7100135684013367), (8, 0.7230885624885559), (9, 0.6774360537528992), (10, 0.56162428855896), (11, 0.6559402346611023), (12, 0.7797021865844727), (13, 0.8253948092460632), (14, 0.47015365958213806), (15, 0.7962190508842468), (16, 0.7284222841262817), (17, 0.7951837182044983), (18, 0.7190173268318176), (19, 0.9368746876716614), (20, 0.727453887462616), (0, 0.573498010635376), (1, 0.6987713575363159), (2, 0.7168803811073303), (3, 0.6719285845756531), (4, 0.5952460169792175), (5, 0.6538036465644836), (6, 0.6640247106552124), (7, 0.9224039316177368), (8, 0.7231486439704895), (9, 0.6720582246780396), (10, 0.9050869941711426), (11, 0.8105970621109009), (12, 0.6444430351257324), (13, 0.8775237798690796), (14, 0.6541382670402527), (15, 0.9766988754272461), (16, 0.6832377314567566), (17, 0.5583402514457703), (18, 0.6486817598342896), (19, 0.821209728717804), (20, 0.8384445309638977), (0, 0.7874212265014648), (1, 0.7766222953796387), (2, 0.6767390370368958), (3, 0.8620287775993347), (4, 0.9594753384590149), (5, 0.7763205170631409), (6, 0.7666877508163452), (7, 0.455803781747818), (8, 0.7922472357749939), (9, 0.751739501953125), (10, 0.7467674016952515), (11, 0.5535892248153687), (12, 0.6805146336555481), (13, 0.8211078643798828), (14, 0.534061074256897), (15, 0.8139284253120422), (16, 0.8897660970687866), (17, 0.7173458337783813), (18, 0.8255698084831238), (19, 0.5624386072158813), (20, 0.5599910616874695), (0, 0.7354139089584351), (1, 0.7709332704544067), (2, 0.5616744160652161), (3, 0.6751881241798401), (4, 0.5457136034965515), (5, 0.8718594312667847), (6, 0.7343431711196899), (7, 0.9586865305900574), (8, 0.7745896577835083), (9, 0.7987701296806335), (10, 0.5849246978759766), (11, 0.7302674055099487), (12, 0.4139663577079773), (13, 0.8323841094970703), (14, 1.0833901166915894), (15, 0.6736101508140564), (16, 0.6845048666000366), (17, 0.5960075259208679), (18, 0.7651771903038025), (19, 0.9081023931503296), (20, 0.6106584668159485), (0, 0.9117799997329712), (1, 0.5117529630661011), (2, 0.5578144788742065), (3, 1.0163495540618896), (4, 0.589443564414978), (5, 0.6407631039619446), (6, 0.7909743189811707), (7, 0.925733208656311), (8, 0.829581618309021), (9, 1.0444633960723877), (10, 0.7551931738853455), (11, 0.8801480531692505), (12, 0.5362514853477478), (13, 0.7720956802368164), (14, 0.4612482190132141), (15, 0.55982905626297), (16, 0.698194146156311), (17, 0.7415052652359009), (18, 0.664801299571991), (19, 0.6487401127815247), (20, 0.7735030651092529), (0, 0.9864515066146851), (1, 0.5497616529464722), (2, 0.5936042070388794), (3, 0.812433123588562), (4, 0.7837982773780823), (5, 0.5544198155403137), (6, 0.8036152720451355), (7, 0.7180982828140259), (8, 0.676602303981781), (9, 0.7738264799118042), (10, 0.6871849298477173), (11, 0.5697402358055115), (12, 0.5141021013259888), (13, 0.8254116773605347), (14, 0.8691250085830688), (15, 0.7526646852493286), (16, 1.0073308944702148), (17, 0.6862603425979614), (18, 0.7326751351356506), (19, 0.7529904246330261), (20, 0.6600692272186279), (0, 0.9691445231437683), (1, 0.9363020062446594), (2, 0.9708908200263977), (3, 0.6649647951126099), (4, 0.774053692817688), (5, 0.663326621055603), (6, 0.8619285821914673), (7, 0.5632129907608032), (8, 0.9623881578445435), (9, 0.5773681402206421), (10, 0.6862024664878845), (11, 0.5319908857345581), (12, 0.7191897630691528), (13, 0.7200643420219421), (14, 0.8858238458633423), (15, 0.5387628078460693), (16, 0.470633327960968), (17, 0.7333311438560486), (18, 0.6356030702590942), (19, 0.6609216928482056), (20, 0.7840622067451477), (0, 0.511765718460083), (1, 0.8993431925773621), (2, 0.8241788148880005), (3, 0.7904631495475769), (4, 0.7029021978378296), (5, 0.745688259601593), (6, 0.6837536096572876), (7, 0.9368383288383484), (8, 0.696398913860321), (9, 0.7844213247299194), (10, 0.8836882710456848), (11, 0.6704574823379517), (12, 0.5850325226783752), (13, 0.5319797992706299), (14, 0.5109029412269592), (15, 0.9269941449165344), (16, 0.8195170164108276), (17, 0.7373360991477966), (18, 0.530818521976471), (19, 0.7199569940567017), (20, 0.8177282214164734), (0, 0.8670967221260071), (1, 0.8275251388549805), (2, 0.6836848258972168), (3, 0.844346821308136), (4, 0.6137451529502869), (5, 0.8693633079528809), (6, 0.8077546954154968), (7, 0.709843635559082), (8, 0.7001789808273315), (9, 0.5868628025054932), (10, 0.7982251048088074), (11, 0.4498838782310486), (12, 0.784049928188324), (13, 0.7969074845314026), (14, 0.777726948261261), (15, 0.5776652693748474), (16, 0.7083438038825989), (17, 0.6014478802680969), (18, 0.7997536063194275), (19, 0.7576780319213867), (20, 0.7480813264846802), (0, 0.42706066370010376), (1, 0.8608485460281372), (2, 0.6829758286476135), (3, 0.8832899332046509), (4, 0.5593079328536987), (5, 0.8801488876342773), (6, 0.5963924527168274), (7, 0.43184584379196167), (8, 0.816062331199646), (9, 0.5554639101028442), (10, 0.7290106415748596), (11, 0.9290822744369507), (12, 0.9750419855117798), (13, 0.5639626979827881), (14, 0.7472532987594604), (15, 0.8884170651435852), (16, 0.5879945755004883), (17, 0.6842937469482422), (18, 0.8706806302070618), (19, 0.6414986848831177), (20, 0.9995337724685669), (0, 0.694336473941803), (1, 0.9314823150634766), (2, 0.6468059420585632), (3, 0.8015084266662598), (4, 0.7863770723342896), (5, 0.8923723101615906), (6, 0.507912278175354), (7, 0.567257285118103), (8, 0.6271117329597473), (9, 0.5498939752578735), (10, 0.69339919090271), (11, 0.6569435596466064), (12, 0.6629927158355713), (13, 0.8205760717391968), (14, 0.7185487747192383), (15, 0.8215551376342773), (16, 0.5460087060928345), (17, 0.8241831064224243), (18, 0.5997061729431152), (19, 0.8662580251693726), (20, 1.0949363708496094), (0, 0.7028356194496155), (1, 0.9121092557907104), (2, 0.5438748002052307), (3, 0.5114070177078247), (4, 0.7751147150993347), (5, 0.775244414806366), (6, 0.5662201642990112), (7, 0.6345165371894836), (8, 0.9156347513198853), (9, 0.8022668957710266), (10, 0.6947141885757446), (11, 0.8747402429580688), (12, 0.6942013502120972), (13, 0.7713024020195007), (14, 0.6724612712860107), (15, 0.5761518478393555), (16, 0.9048875570297241), (17, 0.7503074407577515), (18, 0.8259841203689575), (19, 0.6603095531463623), (20, 0.7458813786506653), (0, 0.9289699792861938), (1, 0.5678538680076599), (2, 0.5833625793457031), (3, 0.7262598276138306), (4, 0.5910992622375488), (5, 0.6660922169685364), (6, 0.8116393089294434), (7, 0.5129626989364624), (8, 0.8451286554336548), (9, 0.5563245415687561), (10, 0.866291880607605), (11, 0.7818700075149536), (12, 0.6978591680526733), (13, 0.5317389369010925), (14, 0.8746286630630493), (15, 0.8710119128227234), (16, 0.7995927929878235), (17, 0.8399642705917358), (18, 0.45023173093795776), (19, 0.8105414509773254), (20, 0.9967416524887085), (0, 0.4576534628868103), (1, 0.8101205825805664), (2, 0.6461465358734131), (3, 0.7394591569900513), (4, 0.7605613470077515), (5, 0.8484592437744141), (6, 0.6538298726081848), (7, 0.9148408770561218), (8, 0.8328189849853516), (9, 0.8430148363113403), (10, 0.7941412329673767), (11, 0.5247098803520203), (12, 0.6588873863220215), (13, 0.5522906184196472), (14, 0.8267725110054016), (15, 0.7077375054359436), (16, 0.7375455498695374), (17, 0.9489914178848267), (18, 0.8168638348579407), (19, 0.590971827507019), (20, 0.6443489789962769), (0, 0.5884734392166138), (1, 0.5939279794692993), (2, 0.9404590725898743), (3, 0.677176296710968), (4, 0.5455569624900818), (5, 0.637385368347168), (6, 0.7168712615966797), (7, 0.6477550268173218), (8, 0.6418718099594116), (9, 0.5850141048431396), (10, 0.8078500628471375), (11, 0.9037208557128906), (12, 0.5386597514152527), (13, 0.7451479434967041), (14, 0.8408957719802856), (15, 0.8631227612495422), (16, 0.95160311460495), (17, 0.7282395958900452), (18, 0.9088292121887207), (19, 0.8286296725273132), (20, 0.6189751029014587), (0, 0.7665830850601196), (1, 0.7152726650238037), (2, 0.7483285665512085), (3, 0.6692821383476257), (4, 0.6345702409744263), (5, 0.583872377872467), (6, 0.7522941827774048), (7, 0.6816622614860535), (8, 0.5284525752067566), (9, 0.5310242772102356), (10, 0.9131330251693726), (11, 0.7142230272293091), (12, 0.9016769528388977), (13, 0.6966736912727356), (14, 1.0534640550613403), (15, 0.7734765410423279), (16, 0.5384863615036011), (17, 0.6713258028030396), (18, 0.8829383850097656), (19, 0.9208087921142578), (20, 0.6326167583465576), (0, 0.9700530171394348), (1, 0.5558584928512573), (2, 0.6793558597564697), (3, 0.7782998085021973), (4, 0.6494874954223633), (5, 0.4303668141365051), (6, 0.6038753390312195), (7, 0.6722246408462524), (8, 0.9764400720596313), (9, 0.844028651714325), (10, 0.8950072526931763), (11, 0.8575779795646667), (12, 0.8274754285812378), (13, 0.5487287640571594), (14, 0.5151423215866089), (15, 0.6606391072273254), (16, 0.903509795665741), (17, 0.6735893487930298), (18, 0.7810633182525635), (19, 0.8974631428718567), (20, 0.5899791717529297), (0, 0.8036508560180664), (1, 0.38961631059646606), (2, 0.6803691983222961), (3, 0.7120749354362488), (4, 0.9613724946975708), (5, 0.43697232007980347), (6, 0.6477499008178711), (7, 0.7353371381759644), (8, 0.7823583483695984), (9, 0.8053156137466431), (10, 0.4547942280769348), (11, 0.9199531674385071), (12, 0.6629096269607544), (13, 0.6806392669677734), (14, 0.7790809869766235), (15, 0.9706619381904602), (16, 0.7138153910636902), (17, 0.8114941716194153), (18, 0.9009568095207214), (19, 0.6640454530715942), (20, 0.7969975471496582), (0, 0.5589245557785034), (1, 0.7493532299995422), (2, 0.7749413251876831), (3, 0.5697917342185974), (4, 0.8408969640731812), (5, 0.8274083137512207), (6, 0.7153673768043518), (7, 0.6073510646820068), (8, 0.9006656408309937), (9, 0.9160968661308289), (10, 0.7564677596092224), (11, 0.7962449193000793), (12, 0.6704696416854858), (13, 0.5402765274047852), (14, 0.7758488655090332), (15, 0.6596901416778564), (16, 0.6830422282218933), (17, 0.9099222421646118), (18, 0.7972521781921387), (19, 0.45647478103637695), (20, 0.8036791086196899), (0, 0.7640412449836731), (1, 0.5682268142700195), (2, 0.9239448308944702), (3, 0.5078713297843933), (4, 0.6829699873924255), (5, 0.5773342847824097), (6, 0.6941354870796204), (7, 0.7029649615287781), (8, 0.9429758787155151), (9, 0.6658055186271667), (10, 0.6651161313056946), (11, 0.512487530708313), (12, 0.7136579155921936), (13, 0.7537356615066528), (14, 0.8631665110588074), (15, 0.6387027502059937), (16, 0.8254206776618958), (17, 0.807099461555481), (18, 0.7802542448043823), (19, 0.8898221254348755), (20, 0.8304324150085449), (0, 0.6195441484451294), (1, 0.5261883735656738), (2, 0.5847989916801453), (3, 0.6941577792167664), (4, 0.7842997312545776), (5, 0.774232029914856), (6, 0.7641947269439697), (7, 0.9289547204971313), (8, 0.8297411799430847), (9, 0.9274696111679077), (10, 0.7013019323348999), (11, 0.8471676111221313), (12, 0.8593600392341614), (13, 0.6979144215583801), (14, 0.5281801819801331), (15, 0.7857683897018433), (16, 0.78189617395401), (17, 0.8525189161300659), (18, 0.4791244566440582), (19, 0.4608767032623291), (20, 0.8824754953384399), (0, 0.5423278212547302), (1, 0.7724127769470215), (2, 0.43178096413612366), (3, 0.6412560343742371), (4, 0.8284634351730347), (5, 0.7845248579978943), (6, 0.5880578756332397), (7, 0.9111534357070923), (8, 0.7175482511520386), (9, 0.8295947909355164), (10, 0.7537680864334106), (11, 0.9032129049301147), (12, 0.4274470806121826), (13, 0.8218283653259277), (14, 1.028186321258545), (15, 0.5857579708099365), (16, 0.8468117713928223), (17, 0.7766205668449402), (18, 0.6055759191513062), (19, 0.8006547093391418), (20, 0.7131814956665039), (0, 0.6904543042182922), (1, 0.5859196186065674), (2, 0.6294428110122681), (3, 0.8023891448974609), (4, 0.7647600173950195), (5, 0.4493759274482727), (6, 0.5680733919143677), (7, 0.6896864175796509), (8, 0.5149749517440796), (9, 0.7512242197990417), (10, 0.7991833090782166), (11, 0.8751528859138489), (12, 0.987902045249939), (13, 0.8810925483703613), (14, 0.7249165773391724), (15, 0.7758091688156128), (16, 0.7998903393745422), (17, 0.8482893705368042), (18, 0.7798286080360413), (19, 0.6669684648513794), (20, 0.7248314023017883), (0, 0.7591158151626587), (1, 0.8364967107772827), (2, 0.781690776348114), (3, 0.8115092515945435), (4, 0.6839475631713867), (5, 0.8197435140609741), (6, 0.6502227783203125), (7, 0.850651741027832), (8, 0.5451406240463257), (9, 0.6613051295280457), (10, 0.5276279449462891), (11, 0.674167275428772), (12, 0.7343355417251587), (13, 0.9442164301872253), (14, 0.7352964878082275), (15, 0.7102134823799133), (16, 0.6466981768608093), (17, 0.952060341835022), (18, 0.5599464178085327), (19, 0.8817800283432007), (20, 0.543999433517456), (0, 0.5335990190505981), (1, 0.8953593969345093), (2, 0.5420137047767639), (3, 0.7990885376930237), (4, 0.5469172596931458), (5, 0.7594020962715149), (6, 0.674666166305542), (7, 0.9264277219772339), (8, 0.5508917570114136), (9, 0.9927965402603149), (10, 0.7661756277084351), (11, 1.054232120513916), (12, 0.5579050779342651), (13, 0.6460460424423218), (14, 0.6773201823234558), (15, 0.8442994356155396), (16, 0.7923718094825745), (17, 0.6793116331100464), (18, 0.6518586277961731), (19, 0.8049284219741821), (20, 0.6145540475845337), (0, 0.8001766204833984), (1, 0.7664675712585449), (2, 0.6711574196815491), (3, 0.5595799684524536), (4, 0.7637041807174683), (5, 0.6748063564300537), (6, 0.5310999751091003), (7, 0.7997106313705444), (8, 0.7816051244735718), (9, 0.9669483304023743), (10, 0.9726461172103882), (11, 0.6193756461143494), (12, 0.7312695980072021), (13, 0.5826908946037292), (14, 0.9630849957466125), (15, 0.9749385118484497), (16, 0.5568492412567139), (17, 0.5213435888290405), (18, 0.8533477783203125), (19, 0.5426045656204224), (20, 0.6767586469650269), (0, 0.5316393375396729), (1, 0.9014279246330261), (2, 0.7776799201965332), (3, 0.5606383085250854), (4, 0.8688098192214966), (5, 0.8484103083610535), (6, 0.9546538591384888), (7, 0.9567066431045532), (8, 0.546665370464325), (9, 0.760676383972168), (10, 0.8356279134750366), (11, 0.9284086227416992), (12, 0.6842013597488403), (13, 0.42950138449668884), (14, 0.4464433193206787), (15, 0.6195297241210938), (16, 0.6401931643486023), (17, 0.6402023434638977), (18, 0.9183217287063599), (19, 0.7319795489311218), (20, 0.7284485101699829), (0, 0.695174515247345), (1, 0.5589456558227539), (2, 0.739772379398346), (3, 0.687022864818573), (4, 0.6422640085220337), (5, 0.7830944657325745), (6, 0.9737690091133118), (7, 0.5553182363510132), (8, 0.9309507608413696), (9, 0.8332118988037109), (10, 1.0435791015625), (11, 0.6440497636795044), (12, 0.7098758816719055), (13, 0.6748918294906616), (14, 0.6678504347801208), (15, 0.8670206069946289), (16, 0.6633471846580505), (17, 0.8261502981185913), (18, 0.44409117102622986), (19, 0.6180464029312134), (20, 0.7517390847206116), (0, 0.7395915389060974), (1, 0.7929685711860657), (2, 0.8322790265083313), (3, 0.5204311609268188), (4, 0.8331664204597473), (5, 0.5780524015426636), (6, 0.8026547431945801), (7, 0.7688196301460266), (8, 0.5477136373519897), (9, 0.88623046875), (10, 0.8645673990249634), (11, 0.5489766597747803), (12, 0.5684007406234741), (13, 0.6512060165405273), (14, 0.8850626945495605), (15, 0.8938679695129395), (16, 0.7686998248100281), (17, 0.9281623959541321), (18, 0.6308505535125732), (19, 0.7300179600715637), (20, 0.5384458303451538), (0, 0.9233419299125671), (1, 0.6447498798370361), (2, 0.7174518704414368), (3, 0.8501976132392883), (4, 0.5680109858512878), (5, 0.6820839643478394), (6, 0.4954466223716736), (7, 0.9312857389450073), (8, 0.7960294485092163), (9, 0.937822163105011), (10, 0.728233277797699), (11, 0.7530829310417175), (12, 0.5055443048477173), (13, 0.5582681894302368), (14, 0.8128393292427063), (15, 0.6655936241149902), (16, 0.6867283582687378), (17, 0.9704092144966125), (18, 0.7970245480537415), (19, 0.5297683477401733), (20, 0.7562533617019653), (0, 0.8275275230407715), (1, 0.8256279230117798), (2, 0.7712751626968384), (3, 0.6499277353286743), (4, 0.6459974050521851), (5, 0.8062295913696289), (6, 0.5360976457595825), (7, 0.9238409996032715), (8, 0.8244779706001282), (9, 0.4250519871711731), (10, 0.6675615310668945), (11, 0.5395727157592773), (12, 0.6700579524040222), (13, 0.806169867515564), (14, 0.7733399868011475), (15, 0.45183151960372925), (16, 0.7975960969924927), (17, 0.751921534538269), (18, 0.947902500629425), (19, 0.873878002166748), (20, 0.7942800521850586), (0, 0.7702873349189758), (1, 0.5617173314094543), (2, 0.6673787832260132), (3, 0.5561929941177368), (4, 0.9053800702095032), (5, 0.814679741859436), (6, 0.8417752385139465), (7, 1.0873041152954102), (8, 0.6796016693115234), (9, 0.5773528814315796), (10, 0.5261698961257935), (11, 0.5378326177597046), (12, 0.773460865020752), (13, 0.5666059851646423), (14, 0.9329315423965454), (15, 0.9085441827774048), (16, 0.8592388033866882), (17, 0.663885235786438), (18, 0.726174533367157), (19, 0.6607476472854614), (20, 0.692903995513916), (0, 0.4675731658935547), (1, 1.1784920692443848), (2, 0.8570216298103333), (3, 0.43489861488342285), (4, 0.538504421710968), (5, 0.7130112051963806), (6, 0.7959059476852417), (7, 0.9325317144393921), (8, 0.8217064142227173), (9, 0.5131719708442688), (10, 0.7800731658935547), (11, 0.6768468618392944), (12, 0.771346390247345), (13, 0.696861207485199), (14, 0.825107216835022), (15, 0.5491005778312683), (16, 0.730752170085907), (17, 0.7880632281303406), (18, 0.8931223750114441), (19, 0.6648274660110474), (20, 0.6812475919723511), (0, 0.8456436395645142), (1, 0.5514776706695557), (2, 0.6616309881210327), (3, 0.999609649181366), (4, 0.46540021896362305), (5, 0.6828255653381348), (6, 0.6885737180709839), (7, 0.7235937118530273), (8, 0.7478238344192505), (9, 0.6566880345344543), (10, 0.9066722989082336), (11, 0.8584010004997253), (12, 0.8024981617927551), (13, 0.5681074857711792), (14, 0.674524188041687), (15, 0.9949657320976257), (16, 0.6914227604866028), (17, 0.7380326390266418), (18, 0.8600231409072876), (19, 0.6651290655136108), (20, 0.5271220207214355), (0, 0.8105562925338745), (1, 0.6258744597434998), (2, 0.6681060194969177), (3, 0.7692843675613403), (4, 0.6510686278343201), (5, 0.573432981967926), (6, 0.9455987215042114), (7, 0.43645843863487244), (8, 0.8409589529037476), (9, 0.6905707120895386), (10, 0.7851864099502563), (11, 0.819108784198761), (12, 0.7153964042663574), (13, 0.6999553442001343), (14, 0.7676547765731812), (15, 0.6793338060379028), (16, 0.6471298933029175), (17, 0.7230491042137146), (18, 1.100990653038025), (19, 0.8201693296432495), (20, 0.540281355381012), (0, 0.6827747821807861), (1, 0.6506471633911133), (2, 0.5765357613563538), (3, 0.8165155649185181), (4, 0.545960545539856), (5, 0.9663165807723999), (6, 0.8137534260749817), (7, 0.7628118395805359), (8, 0.7294904589653015), (9, 0.8897209167480469), (10, 0.6585763692855835), (11, 1.0033650398254395), (12, 0.5787860751152039), (13, 0.7112237215042114), (14, 0.6442514657974243), (15, 0.6465851664543152), (16, 0.6202285885810852), (17, 0.6879693269729614), (18, 0.5604220628738403), (19, 0.8368401527404785), (20, 0.9273906946182251), (0, 0.6541242599487305), (1, 0.763687252998352), (2, 0.8645275831222534), (3, 0.8265954852104187), (4, 0.8170731663703918), (5, 0.7162562608718872), (6, 0.8126331567764282), (7, 0.8075567483901978), (8, 0.8271716237068176), (9, 0.8422595262527466), (10, 0.6477756500244141), (11, 0.4512530267238617), (12, 0.5922505855560303), (13, 0.6814473867416382), (14, 0.8832023739814758), (15, 0.9264079928398132), (16, 0.5365673303604126), (17, 0.5157510042190552), (18, 0.9303516149520874), (19, 0.44091472029685974), (20, 0.772358775138855), (0, 0.6697869300842285), (1, 0.6829679608345032), (2, 0.7943624258041382), (3, 0.5697492361068726), (4, 0.5642112493515015), (5, 0.7845724821090698), (6, 0.5497100949287415), (7, 0.6534856557846069), (8, 0.7906965017318726), (9, 0.8289693593978882), (10, 0.7973133325576782), (11, 0.8595169186592102), (12, 0.8198169469833374), (13, 0.5764037370681763), (14, 0.759213924407959), (15, 0.7481668591499329), (16, 0.7683826684951782), (17, 0.6266899108886719), (18, 0.8621910214424133), (19, 0.5665103793144226), (20, 1.0374479293823242), (0, 0.7721415162086487), (1, 0.76253741979599), (2, 0.6516128182411194), (3, 0.5155957937240601), (4, 0.6825600862503052), (5, 0.9976602792739868), (6, 0.8090518116950989), (7, 0.5855244994163513), (8, 0.8174930810928345), (9, 0.8366805911064148), (10, 0.7451889514923096), (11, 0.8083348274230957), (12, 0.7419331669807434), (13, 0.939708411693573), (14, 0.4620289206504822), (15, 0.7483231425285339), (16, 0.745995044708252), (17, 0.6453250050544739), (18, 0.5729723572731018), (19, 0.675091564655304), (20, 0.7944063544273376), (0, 0.9023321866989136), (1, 0.721402108669281), (2, 0.8878520727157593), (3, 0.8584378361701965), (4, 0.8529829978942871), (5, 0.7801147103309631), (6, 0.7080788016319275), (7, 0.6425915956497192), (8, 0.6638044714927673), (9, 0.8012054562568665), (10, 0.5383630394935608), (11, 0.8337370157241821), (12, 0.7873450517654419), (13, 0.7545326948165894), (14, 0.41016116738319397), (15, 0.7950858473777771), (16, 0.5594555735588074), (17, 0.5869002342224121), (18, 0.7948765158653259), (19, 0.6564189791679382), (20, 0.7744868993759155), (0, 0.6200470328330994), (1, 0.7779873013496399), (2, 0.9537311792373657), (3, 0.8635673522949219), (4, 0.6993764042854309), (5, 0.6229376792907715), (6, 0.6570560932159424), (7, 1.1202616691589355), (8, 0.6305245161056519), (9, 0.5515041947364807), (10, 0.8129283785820007), (11, 0.5564122200012207), (12, 0.6584092974662781), (13, 0.45327791571617126), (14, 0.777861475944519), (15, 0.7928833961486816), (16, 0.6741918325424194), (17, 0.8708454966545105), (18, 0.8370253443717957), (19, 0.5352155566215515), (20, 0.8441213369369507), (0, 0.8044136762619019), (1, 0.6658002734184265), (2, 0.547250509262085), (3, 0.5696706175804138), (4, 0.6722192764282227), (5, 0.4302438795566559), (6, 0.8820040822029114), (7, 0.8427669405937195), (8, 0.9928640127182007), (9, 0.641879141330719), (10, 0.8217965364456177), (11, 0.5595531463623047), (12, 0.6487976908683777), (13, 1.0779091119766235), (14, 0.6953334212303162), (15, 0.5196167826652527), (16, 0.5697791576385498), (17, 0.8715616464614868), (18, 0.8495259284973145), (19, 0.6985223889350891), (20, 0.9486575126647949), (0, 0.40478745102882385), (1, 0.7970428466796875), (2, 0.5648635625839233), (3, 0.7182014584541321), (4, 0.8602874875068665), (5, 0.7166609168052673), (6, 0.5951337814331055), (7, 0.9220760464668274), (8, 0.774630606174469), (9, 0.624925971031189), (10, 0.7981613278388977), (11, 0.7900432348251343), (12, 0.5334635972976685), (13, 0.6661735773086548), (14, 0.87004154920578), (15, 0.7563096284866333), (16, 0.6790945529937744), (17, 0.6726713180541992), (18, 0.5432842373847961), (19, 1.0770480632781982), (20, 0.9452646374702454), (0, 0.804375946521759), (1, 0.5443524122238159), (2, 0.818585991859436), (3, 0.5852768421173096), (4, 0.6059855222702026), (5, 0.9586931467056274), (6, 0.8472514152526855), (7, 0.7535718679428101), (8, 0.6889016628265381), (9, 0.6141822934150696), (10, 0.5954293012619019), (11, 0.7051532864570618), (12, 0.5163013339042664), (13, 1.048443078994751), (14, 0.8998185992240906), (15, 0.8956454396247864), (16, 0.6607356071472168), (17, 0.6640135049819946), (18, 0.7271871566772461), (19, 0.8058530688285828), (20, 0.5704078674316406), (0, 0.6667296290397644), (1, 0.6763108968734741), (2, 0.8514548540115356), (3, 0.6900729537010193), (4, 0.7696290016174316), (5, 0.5810183882713318), (6, 0.6230665445327759), (7, 0.9145810008049011), (8, 0.6395038366317749), (9, 0.9377719759941101), (10, 0.81175696849823), (11, 0.7267059087753296), (12, 0.7024606466293335), (13, 0.7035266160964966), (14, 0.7076147794723511), (15, 0.7824965715408325), (16, 0.8265858888626099), (17, 0.5814626812934875), (18, 0.6281499862670898), (19, 0.632414698600769), (20, 0.8568517565727234), (0, 0.8695155382156372), (1, 0.7849588394165039), (2, 0.6079820394515991), (3, 0.7406890988349915), (4, 0.669903039932251), (5, 0.6720052361488342), (6, 0.6781526803970337), (7, 0.9659960865974426), (8, 0.7009949684143066), (9, 0.6715396642684937), (10, 0.6465209126472473), (11, 0.8521167635917664), (12, 0.7705604434013367), (13, 0.5437144041061401), (14, 0.7898367047309875), (15, 0.6856242418289185), (16, 0.5672732591629028), (17, 0.85621178150177), (18, 0.8461320996284485), (19, 0.5829840898513794), (20, 0.8074538111686707), (0, 0.5305410623550415), (1, 0.8043109774589539), (2, 0.7304610013961792), (3, 0.6999324560165405), (4, 0.6163708567619324), (5, 0.7780347466468811), (6, 0.7297965884208679), (7, 0.727364182472229), (8, 0.8063311576843262), (9, 0.7924001812934875), (10, 0.674741268157959), (11, 0.5181267261505127), (12, 0.42807263135910034), (13, 0.8260527849197388), (14, 0.6747167706489563), (15, 0.8259223103523254), (16, 0.5697187185287476), (17, 0.8662538528442383), (18, 0.9486238360404968), (19, 0.823534369468689), (20, 0.9388591051101685), (0, 0.9267803430557251), (1, 0.7503618001937866), (2, 0.6605224013328552), (3, 0.6948051452636719), (4, 0.7794161438941956), (5, 0.8090101480484009), (6, 0.782481849193573), (7, 0.8122032284736633), (8, 0.6868641376495361), (9, 0.6245210766792297), (10, 0.8928458094596863), (11, 0.5978130102157593), (12, 0.5372846126556396), (13, 0.4278409481048584), (14, 0.8413988351821899), (15, 0.7701998949050903), (16, 0.6450694799423218), (17, 0.6451488733291626), (18, 0.8014742732048035), (19, 0.8950340151786804), (20, 0.729089617729187), (0, 1.0365325212478638), (1, 0.6665154099464417), (2, 0.7423275709152222), (3, 0.5485660433769226), (4, 0.5854200124740601), (5, 0.7333419919013977), (6, 0.7504943609237671), (7, 0.690949559211731), (8, 0.7507374882698059), (9, 1.1073873043060303), (10, 0.6227566003799438), (11, 0.6622899174690247), (12, 0.7040830850601196), (13, 1.041662573814392), (14, 0.555982768535614), (15, 0.7903270721435547), (16, 0.7221977114677429), (17, 0.7703517079353333), (18, 0.567211925983429), (19, 0.6691222786903381), (20, 0.5919078588485718), (0, 0.6711504459381104), (1, 0.7257587313652039), (2, 0.5678685903549194), (3, 0.8322805166244507), (4, 0.7228637337684631), (5, 0.6433509588241577), (6, 0.6214655637741089), (7, 0.7600067257881165), (8, 0.6869230270385742), (9, 0.79865962266922), (10, 0.6983100771903992), (11, 0.7608782052993774), (12, 0.7548587322235107), (13, 0.8032704591751099), (14, 0.7928688526153564), (15, 0.8158160448074341), (16, 0.6869387626647949), (17, 0.5698591470718384), (18, 0.5718010663986206), (19, 0.8968389630317688), (20, 0.9283971786499023), (0, 0.5320566892623901), (1, 0.6601898074150085), (2, 0.5637586712837219), (3, 1.1348903179168701), (4, 0.7227588295936584), (5, 0.9722383618354797), (6, 0.7276728749275208), (7, 0.8831676244735718), (8, 0.5732356309890747), (9, 0.7722326517105103), (10, 0.790797770023346), (11, 0.7520041465759277), (12, 0.7200614809989929), (13, 0.7832299470901489), (14, 0.6731812357902527), (15, 0.5588000416755676), (16, 0.6642477512359619), (17, 0.7505448460578918), (18, 0.6834123730659485), (19, 0.5674680471420288), (20, 0.8242162466049194), (0, 0.44649386405944824), (1, 0.7595650553703308), (2, 0.5235508680343628), (3, 0.7958614826202393), (4, 0.7565883994102478), (5, 0.6472368240356445), (6, 0.6774650812149048), (7, 0.9305146336555481), (8, 1.1469013690948486), (9, 0.6770172119140625), (10, 0.6539549827575684), (11, 0.79246985912323), (12, 0.6682757139205933), (13, 0.6266420483589172), (14, 1.010137915611267), (15, 0.8359910249710083), (16, 0.7792693376541138), (17, 0.6400972604751587), (18, 0.6909679174423218), (19, 0.4199482798576355), (20, 0.8312162160873413), (0, 0.5598556995391846), (1, 0.8346551656723022), (2, 0.8100610971450806), (3, 1.024399757385254), (4, 0.7527320981025696), (5, 0.6846201419830322), (6, 0.862026572227478), (7, 0.5457693934440613), (8, 0.7671860456466675), (9, 0.8901232481002808), (10, 0.6940449476242065), (11, 0.7088013887405396), (12, 0.742308497428894), (13, 0.580008327960968), (14, 0.5625132322311401), (15, 0.5770431756973267), (16, 0.6880210638046265), (17, 0.7968673706054688), (18, 0.7525967955589294), (19, 0.7733718156814575), (20, 0.703159511089325), (0, 0.6758635640144348), (1, 1.0057801008224487), (2, 0.5246740579605103), (3, 0.6983972191810608), (4, 0.7039591670036316), (5, 0.6829954981803894), (6, 0.783947765827179), (7, 0.7588379383087158), (8, 0.7876965999603271), (9, 0.927993655204773), (10, 0.8700997233390808), (11, 0.5328455567359924), (12, 0.857457160949707), (13, 0.8195208311080933), (14, 0.5126672983169556), (15, 0.5966523885726929), (16, 0.844789981842041), (17, 0.765555739402771), (18, 0.8191359639167786), (19, 0.5739388465881348), (20, 0.5673564076423645), (0, 0.6775879859924316), (1, 0.7018495202064514), (2, 0.7274913191795349), (3, 0.8945928812026978), (4, 0.5495103597640991), (5, 0.8371177911758423), (6, 0.8236398696899414), (7, 0.5570143461227417), (8, 0.8606542348861694), (9, 0.4667927324771881), (10, 0.556115984916687), (11, 0.7274383306503296), (12, 0.6368915438652039), (13, 0.7292439341545105), (14, 0.7710002660751343), (15, 0.8098400235176086), (16, 0.8085823059082031), (17, 0.7623186111450195), (18, 0.81415194272995), (19, 0.9045656323432922), (20, 0.6937659978866577), (0, 1.005448341369629), (1, 0.6553239226341248), (2, 0.5727164149284363), (3, 0.7332136034965515), (4, 0.9634410738945007), (5, 0.8169452548027039), (6, 0.8056842684745789), (7, 0.7162792086601257), (8, 0.7883965969085693), (9, 0.574893057346344), (10, 0.6391489505767822), (11, 0.5558995008468628), (12, 0.6689988374710083), (13, 0.5809427499771118), (14, 0.7791860103607178), (15, 0.7073491215705872), (16, 0.6575148701667786), (17, 0.6726716160774231), (18, 0.9207786321640015), (19, 0.8146268725395203), (20, 0.6807066798210144), (0, 0.7570896148681641), (1, 0.7990576028823853), (2, 0.7475137114524841), (3, 0.6414285898208618), (4, 0.6790445446968079), (5, 0.6920842528343201), (6, 0.5721527338027954), (7, 0.6749478578567505), (8, 0.7283717393875122), (9, 0.8841732144355774), (10, 0.9549732208251953), (11, 0.691048264503479), (12, 0.54461669921875), (13, 0.8883764147758484), (14, 0.8165391683578491), (15, 0.8508451581001282), (16, 0.8094590306282043), (17, 0.45030108094215393), (18, 0.6930974721908569), (19, 0.8276647329330444), (20, 0.6073802709579468), (0, 0.555910050868988), (1, 0.7653882503509521), (2, 0.6266263723373413), (3, 0.9691994786262512), (4, 0.809624969959259), (5, 0.8231975436210632), (6, 0.5719634294509888), (7, 0.7320658564567566), (8, 0.7507556676864624), (9, 0.7531266212463379), (10, 0.7438164949417114), (11, 0.6467892527580261), (12, 0.7413922548294067), (13, 0.8841007351875305), (14, 0.5353702306747437), (15, 0.792770266532898), (16, 0.7291544675827026), (17, 0.7000384330749512), (18, 0.8692066073417664), (19, 0.7633087038993835), (20, 0.5463597178459167), (0, 1.0463488101959229), (1, 0.5452345013618469), (2, 0.6091800928115845), (3, 0.6954284906387329), (4, 0.5236775279045105), (5, 0.8735777735710144), (6, 0.7330037355422974), (7, 1.0093594789505005), (8, 0.6451883912086487), (9, 0.6621862649917603), (10, 0.9548749923706055), (11, 0.6757597923278809), (12, 0.7879983186721802), (13, 0.9573467373847961), (14, 0.6110259890556335), (15, 0.6283460855484009), (16, 0.9893063306808472), (17, 0.5364078283309937), (18, 0.4258394241333008), (19, 0.630564272403717), (20, 0.7695107460021973), (0, 0.5470975041389465), (1, 0.6072304844856262), (2, 0.5633712410926819), (3, 0.9529097676277161), (4, 0.5586613416671753), (5, 0.9383789896965027), (6, 0.6790066957473755), (7, 0.9014352560043335), (8, 0.7386724948883057), (9, 0.8578552007675171), (10, 0.5714718103408813), (11, 0.7217205166816711), (12, 0.7637082934379578), (13, 0.6387648582458496), (14, 0.8270891308784485), (15, 0.6698709726333618), (16, 0.702266275882721), (17, 0.6561541557312012), (18, 0.8812776803970337), (19, 0.7829440832138062), (20, 0.7502789497375488), (0, 0.6999293565750122), (1, 0.9337318539619446), (2, 0.8617332577705383), (3, 0.7761157751083374), (4, 0.5764338374137878), (5, 0.5471343398094177), (6, 0.6439405083656311), (7, 0.8845899701118469), (8, 0.658302903175354), (9, 0.5255630612373352), (10, 0.809529185295105), (11, 0.9261094927787781), (12, 0.6253606081008911), (13, 0.8174405097961426), (14, 0.462563693523407), (15, 0.662767231464386), (16, 1.160172462463379), (17, 0.6134331822395325), (18, 0.6700588464736938), (19, 0.8047134280204773), (20, 0.6505419015884399), (0, 0.5384217500686646), (1, 0.7887448072433472), (2, 0.7296442985534668), (3, 1.0799106359481812), (4, 0.674437940120697), (5, 0.6223016977310181), (6, 0.6568624973297119), (7, 0.8115790486335754), (8, 0.5363240838050842), (9, 0.5593463182449341), (10, 1.0188246965408325), (11, 0.5565022826194763), (12, 0.6497244834899902), (13, 0.8856441378593445), (14, 0.6012529730796814), (15, 0.6983836889266968), (16, 0.8194687962532043), (17, 0.8116202354431152), (18, 0.9639854431152344), (19, 0.699100136756897), (20, 0.6080855131149292), (0, 0.8108465075492859), (1, 0.8243389129638672), (2, 0.5127392411231995), (3, 0.5885568261146545), (4, 0.467229425907135), (5, 0.8213361501693726), (6, 0.8479429483413696), (7, 0.6565533876419067), (8, 1.1225602626800537), (9, 0.5258069634437561), (10, 0.9359844326972961), (11, 0.7281734347343445), (12, 0.8795517086982727), (13, 0.5349224805831909), (14, 0.6871910095214844), (15, 0.9818830490112305), (16, 0.6797670125961304), (17, 0.6779889464378357), (18, 0.47143101692199707), (19, 0.7520498037338257), (20, 0.8033123016357422), (0, 0.6657125949859619), (1, 0.531286358833313), (2, 0.7593477964401245), (3, 0.9771793484687805), (4, 0.824252724647522), (5, 0.7160975933074951), (6, 0.6897517442703247), (7, 0.5750976800918579), (8, 0.6750749349594116), (9, 0.7544401288032532), (10, 0.6631069183349609), (11, 0.8014230728149414), (12, 0.7444463968276978), (13, 0.7791252732276917), (14, 0.7924832105636597), (15, 0.551999032497406), (16, 0.7121700644493103), (17, 0.8347145318984985), (18, 0.7227007746696472), (19, 0.6736284494400024), (20, 0.8661271929740906), (0, 0.6160649657249451), (1, 0.6514061093330383), (2, 0.6562948822975159), (3, 0.8385419845581055), (4, 0.7727111577987671), (5, 0.7556458115577698), (6, 0.7022839188575745), (7, 0.9285703897476196), (8, 0.6496933102607727), (9, 0.5290840268135071), (10, 1.013131022453308), (11, 0.5581444501876831), (12, 0.9086934924125671), (13, 0.8265056610107422), (14, 0.5829629898071289), (15, 0.6819728016853333), (16, 0.6801358461380005), (17, 0.6764261722564697), (18, 0.6778206825256348), (19, 0.7561463713645935), (20, 0.847929835319519), (0, 0.7936424016952515), (1, 0.5676268339157104), (2, 0.7824217081069946), (3, 0.6596380472183228), (4, 0.6785414218902588), (5, 0.8086768388748169), (6, 0.6781936883926392), (7, 0.61211758852005), (8, 0.6536434888839722), (9, 1.0540977716445923), (10, 0.8199995160102844), (11, 0.8894240260124207), (12, 0.5407093167304993), (13, 0.5494261980056763), (14, 0.7605976462364197), (15, 0.9948366284370422), (16, 0.702890157699585), (17, 0.5571564435958862), (18, 0.7845704555511475), (19, 0.8694944381713867), (20, 0.5524612665176392), (0, 0.7286783456802368), (1, 0.8878620862960815), (2, 0.548697829246521), (3, 0.8223945498466492), (4, 0.7006803154945374), (5, 0.8074037432670593), (6, 0.7117376923561096), (7, 0.5770760774612427), (8, 0.729965090751648), (9, 0.8240906596183777), (10, 0.7498604655265808), (11, 0.6668868064880371), (12, 0.7329992055892944), (13, 0.42985671758651733), (14, 0.6757482290267944), (15, 0.60892653465271), (16, 0.8077921867370605), (17, 0.7605664730072021), (18, 0.8374423980712891), (19, 0.6949427723884583), (20, 1.0065577030181885), (0, 0.6025569438934326), (1, 0.8051161766052246), (2, 0.6994920969009399), (3, 1.0074466466903687), (4, 0.6182030439376831), (5, 0.6950453519821167), (6, 0.7077674865722656), (7, 0.8399637341499329), (8, 0.8375824093818665), (9, 0.7692441940307617), (10, 0.6953845024108887), (11, 0.6902649998664856), (12, 0.6193533539772034), (13, 0.607704222202301), (14, 0.9812234044075012), (15, 0.6840664148330688), (16, 0.7512180805206299), (17, 0.69432133436203), (18, 0.5530983209609985), (19, 0.7063699960708618), (20, 0.744742751121521), (0, 0.6737567186355591), (1, 0.5502840876579285), (2, 0.8563892245292664), (3, 0.5620718002319336), (4, 0.7604209184646606), (5, 0.8368050456047058), (6, 0.5472246408462524), (7, 0.6192113757133484), (8, 0.834102988243103), (9, 0.7720295190811157), (10, 0.8546103239059448), (11, 0.7026894092559814), (12, 0.5611971020698547), (13, 0.7529306411743164), (14, 0.8271554112434387), (15, 0.7944992780685425), (16, 0.9480850100517273), (17, 0.6461906433105469), (18, 0.5247380137443542), (19, 0.7798135876655579), (20, 0.9059599041938782), (0, 0.6914306879043579), (1, 0.5571437478065491), (2, 0.813778281211853), (3, 0.8434156179428101), (4, 0.9276779890060425), (5, 0.6002050638198853), (6, 0.5458900928497314), (7, 0.6670885682106018), (8, 0.6799856424331665), (9, 0.6838271021842957), (10, 0.8518091440200806), (11, 0.7440881729125977), (12, 0.5763022303581238), (13, 0.8854535818099976), (14, 0.7929609417915344), (15, 0.7900375127792358), (16, 0.7542016506195068), (17, 0.7665947675704956), (18, 0.7772144079208374), (19, 0.7028535604476929), (20, 0.6582070589065552), (0, 0.5180487036705017), (1, 0.6714065074920654), (2, 0.7547175288200378), (3, 0.8699285387992859), (4, 0.6790105104446411), (5, 0.9868360757827759), (6, 0.7607240080833435), (7, 0.8424587249755859), (8, 0.5291332006454468), (9, 0.6835044622421265), (10, 0.6070792078971863), (11, 0.8163555264472961), (12, 0.9623592495918274), (13, 0.7333666086196899), (14, 0.5635231733322144), (15, 0.6350628733634949), (16, 0.6889750361442566), (17, 0.7727845311164856), (18, 0.7258487343788147), (19, 0.4779547154903412), (20, 1.0310877561569214), (0, 0.805374026298523), (1, 0.8741964101791382), (2, 0.586628794670105), (3, 0.5767205953598022), (4, 0.9149602651596069), (5, 0.46754902601242065), (6, 0.7791950702667236), (7, 0.7586122155189514), (8, 0.7039042711257935), (9, 0.7290819883346558), (10, 0.9309059977531433), (11, 0.9596236944198608), (12, 0.6503223180770874), (13, 0.8096967935562134), (14, 0.8344206809997559), (15, 0.864632785320282), (16, 0.5135189890861511), (17, 0.42604684829711914), (18, 0.7384388446807861), (19, 0.7425625920295715), (20, 0.643773078918457), (0, 0.7098931074142456), (1, 0.828970730304718), (2, 0.6871855854988098), (3, 0.581379771232605), (4, 0.8521217107772827), (5, 0.5618885159492493), (6, 0.6632745862007141), (7, 0.6968982219696045), (8, 0.7250080108642578), (9, 0.9529327154159546), (10, 0.5582920908927917), (11, 0.5148094892501831), (12, 0.8019712567329407), (13, 0.9058472514152527), (14, 0.9676288366317749), (15, 0.7479082942008972), (16, 0.828568160533905), (17, 0.6799522638320923), (18, 0.44678330421447754), (19, 0.6547538638114929), (20, 0.9440973997116089), (0, 0.7004969120025635), (1, 0.7086831331253052), (2, 0.5781801342964172), (3, 0.638856053352356), (4, 0.8139058351516724), (5, 0.5873380303382874), (6, 0.795479416847229), (7, 0.8973650932312012), (8, 0.9576301574707031), (9, 0.6325198411941528), (10, 0.6839845776557922), (11, 0.8775935173034668), (12, 0.6880301833152771), (13, 0.65015709400177), (14, 0.6751000881195068), (15, 0.4363477826118469), (16, 0.7997044324874878), (17, 0.9959969520568848), (18, 0.5783401131629944), (19, 0.6999379396438599), (20, 0.9145183563232422), (0, 0.8227924108505249), (1, 0.5925942659378052), (2, 0.7026514410972595), (3, 0.8104084730148315), (4, 0.6899528503417969), (5, 0.7189263105392456), (6, 0.6849504709243774), (7, 0.7854810953140259), (8, 0.6418105959892273), (9, 0.8775339126586914), (10, 0.6621070504188538), (11, 0.6919833421707153), (12, 0.46119576692581177), (13, 0.626364529132843), (14, 0.6584215760231018), (15, 0.9815982580184937), (16, 0.8851834535598755), (17, 0.6736957430839539), (18, 0.779670000076294), (19, 0.6952286958694458), (20, 0.8676154017448425), (0, 0.4215385913848877), (1, 0.7796238660812378), (2, 0.8184590339660645), (3, 0.7636828422546387), (4, 0.8805359601974487), (5, 0.6366507411003113), (6, 0.781251847743988), (7, 0.5155999064445496), (8, 0.5258477926254272), (9, 0.6875913739204407), (10, 0.8704344034194946), (11, 0.7010965943336487), (12, 0.7010966539382935), (13, 0.8885877728462219), (14, 0.7621002793312073), (15, 0.6614446043968201), (16, 0.7105649709701538), (17, 0.7643746137619019), (18, 1.0665099620819092), (19, 0.9012554287910461), (20, 0.4719184339046478), (0, 0.5893051028251648), (1, 0.8220502138137817), (2, 0.7994226217269897), (3, 1.0355074405670166), (4, 0.6162492036819458), (5, 0.685357928276062), (6, 0.6092560887336731), (7, 0.7669531106948853), (8, 0.48834460973739624), (9, 0.7477702498435974), (10, 0.6434508562088013), (11, 0.8618032336235046), (12, 0.5810083150863647), (13, 0.6800879240036011), (14, 0.9417659640312195), (15, 0.42970237135887146), (16, 0.5495998859405518), (17, 1.050565242767334), (18, 0.8344467282295227), (19, 0.6466370820999146), (20, 0.9308815002441406), (0, 0.9277228116989136), (1, 0.4430387616157532), (2, 0.821872353553772), (3, 0.8382877111434937), (4, 0.7475727796554565), (5, 0.5320578217506409), (6, 0.9737495183944702), (7, 0.8681312799453735), (8, 0.6240901947021484), (9, 0.704042911529541), (10, 0.8016998171806335), (11, 0.45905742049217224), (12, 0.7694624662399292), (13, 0.7595420479774475), (14, 0.6970263123512268), (15, 0.6857976317405701), (16, 0.7564412355422974), (17, 0.7780998349189758), (18, 0.7797741889953613), (19, 0.6354175806045532), (20, 0.7072808742523193), (0, 0.9700527191162109), (1, 0.6248534917831421), (2, 0.8945333361625671), (3, 0.7845759391784668), (4, 0.5713316202163696), (5, 1.0050783157348633), (6, 0.5628012418746948), (7, 0.7211170792579651), (8, 0.8832689523696899), (9, 0.7340786457061768), (10, 0.5835716724395752), (11, 0.812170147895813), (12, 0.6387577056884766), (13, 0.4156351089477539), (14, 0.5199359655380249), (15, 0.704147219657898), (16, 0.8402064442634583), (17, 0.5410905480384827), (18, 0.7280189394950867), (19, 0.7885516285896301), (20, 0.9863888025283813), (0, 0.7368083000183105), (1, 0.7616990804672241), (2, 0.4343782961368561), (3, 0.6808157563209534), (4, 0.4332674443721771), (5, 0.41278284788131714), (6, 0.5535346269607544), (7, 1.0443847179412842), (8, 0.9172468185424805), (9, 0.9779990911483765), (10, 0.784801185131073), (11, 0.6631791591644287), (12, 0.5659193992614746), (13, 1.038273572921753), (14, 0.7102127075195312), (15, 0.8746244311332703), (16, 0.9575464129447937), (17, 0.7477958798408508), (18, 0.782132089138031), (19, 0.6823604702949524), (20, 0.5504032969474792), (0, 0.5424603223800659), (1, 0.7957596778869629), (2, 0.8323477506637573), (3, 0.8034150004386902), (4, 0.6847710609436035), (5, 0.7791637182235718), (6, 0.764015793800354), (7, 0.7434705495834351), (8, 0.5322513580322266), (9, 0.8639237284660339), (10, 0.5515228509902954), (11, 0.6357120275497437), (12, 0.6681431531906128), (13, 0.6156867146492004), (14, 0.8506590127944946), (15, 0.5471461415290833), (16, 0.8625613451004028), (17, 0.9248210787773132), (18, 0.8864015340805054), (19, 0.6808396577835083), (20, 0.7450929284095764), (0, 0.8569037318229675), (1, 0.6865363121032715), (2, 0.6265240907669067), (3, 0.6476432681083679), (4, 0.6158794164657593), (5, 0.7585420608520508), (6, 0.5457602739334106), (7, 0.7853215336799622), (8, 0.8068733215332031), (9, 0.8442020416259766), (10, 0.6555477380752563), (11, 0.9735668301582336), (12, 0.7646469473838806), (13, 0.6858870387077332), (14, 0.5411857962608337), (15, 0.8544973134994507), (16, 0.8641592860221863), (17, 0.8640724420547485), (18, 0.6796455383300781), (19, 0.4621254801750183), (20, 0.790645182132721), (0, 0.6001276969909668), (1, 0.875100314617157), (2, 0.7065939903259277), (3, 0.8224760890007019), (4, 0.6811093091964722), (5, 0.8551912307739258), (6, 0.8731141090393066), (7, 0.753000020980835), (8, 0.581061601638794), (9, 0.7764384150505066), (10, 0.7738316655158997), (11, 0.6337035298347473), (12, 0.8113398551940918), (13, 0.6910479664802551), (14, 0.7723739743232727), (15, 0.7211526036262512), (16, 0.4960945248603821), (17, 0.6595138907432556), (18, 0.8357880711555481), (19, 0.7940233945846558), (20, 0.5970833897590637)]