Model Setup for Uniformvirtual {PATIENT_GROUPS} Trained Network:

Network Architecture Parameters
Input channels=2
Hidden channels=32
Output channels=1

Training hyperparameters
Optimizer=AdamW (
Parameter Group 0
    amsgrad: False
    betas: (0.9, 0.999)
    capturable: False
    differentiable: False
    eps: 1e-08
    foreach: None
    fused: None
    lr: 0.001
    maximize: False
    weight_decay: 1e-06
)Training Iterations=200
Learning rate=0.001
Weight decay=1e-06
Optimizer reset frequency=None

Dropout probability (after initial linear layer before NCDE): 0
Training Data Selection Parameters
(If not virtual, the only important params are the groups and whether data was normalized/standardized)
Patient groups=['Control', 'Atypical']
Augmentation strategy=Uniform
Noise Magnitude=0.05
Normalized/standardized=StandardizeAll
Number of virtual patients per real patient=100
Label smoothing factor=0
Test Patient Combinations:
Control: (13, 11, 8, 14, 6)
MDD: (2, 9, 3, 8, 14)
Training batch size=200
Training Results:
Runtime=160.25771117210388
Loss over time=[(0, 0.6983737349510193), (1, 0.6964137554168701), (2, 0.6988402605056763), (3, 0.6919406056404114), (4, 0.6998152732849121), (5, 0.6968470811843872), (6, 0.6938863396644592), (7, 0.6929534673690796), (8, 0.690325140953064), (9, 0.6960533261299133), (0, 0.6909509301185608), (1, 0.6910455822944641), (2, 0.6873283982276917), (3, 0.6877931356430054), (4, 0.6937588453292847), (5, 0.6889917254447937), (6, 0.6845294237136841), (7, 0.6925264000892639), (8, 0.6829063892364502), (9, 0.6865090131759644), (0, 0.6832324266433716), (1, 0.6849444508552551), (2, 0.6836417317390442), (3, 0.6857528686523438), (4, 0.6809137463569641), (5, 0.676613986492157), (6, 0.6790981888771057), (7, 0.6892732977867126), (8, 0.6775973439216614), (9, 0.6689654588699341), (0, 0.6835248470306396), (1, 0.6707580089569092), (2, 0.6711823344230652), (3, 0.6776145100593567), (4, 0.6829405426979065), (5, 0.6697693467140198), (6, 0.6757113933563232), (7, 0.6661205887794495), (8, 0.6721251606941223), (9, 0.6849712133407593), (0, 0.6701230406761169), (1, 0.6623401045799255), (2, 0.6687880158424377), (3, 0.6763962507247925), (4, 0.6726022958755493), (5, 0.6762051582336426), (6, 0.6865946054458618), (7, 0.6580086350440979), (8, 0.6682663559913635), (9, 0.6482619643211365), (0, 0.6609112620353699), (1, 0.6714258790016174), (2, 0.6551185846328735), (3, 0.6835850477218628), (4, 0.6717899441719055), (5, 0.6659756302833557), (6, 0.6745518445968628), (7, 0.6526839733123779), (8, 0.6546543836593628), (9, 0.6595616340637207), (0, 0.6654899716377258), (1, 0.6616291999816895), (2, 0.6654406785964966), (3, 0.6615824699401855), (4, 0.6500838398933411), (5, 0.6751139760017395), (6, 0.6683719754219055), (7, 0.6637012958526611), (8, 0.6632925271987915), (9, 0.6416553258895874), (0, 0.6665684580802917), (1, 0.6577290296554565), (2, 0.6655261516571045), (3, 0.6533170938491821), (4, 0.6826120018959045), (5, 0.6559688448905945), (6, 0.6556039452552795), (7, 0.6469970941543579), (8, 0.6652376651763916), (9, 0.6419183611869812), (0, 0.6603428721427917), (1, 0.6585129499435425), (2, 0.6765201091766357), (3, 0.6616168022155762), (4, 0.6526615023612976), (5, 0.6581799387931824), (6, 0.6437059044837952), (7, 0.642066240310669), (8, 0.659543514251709), (9, 0.6724979281425476), (0, 0.6492389440536499), (1, 0.683167040348053), (2, 0.6492984890937805), (3, 0.6459674835205078), (4, 0.6501497626304626), (5, 0.6314519643783569), (6, 0.6511881947517395), (7, 0.6668959856033325), (8, 0.6627399921417236), (9, 0.6605764627456665), (0, 0.6687431335449219), (1, 0.6714886426925659), (2, 0.655932605266571), (3, 0.6663690209388733), (4, 0.6550922393798828), (5, 0.6404440999031067), (6, 0.6341097950935364), (7, 0.6462361812591553), (8, 0.6396739482879639), (9, 0.6579462289810181), (0, 0.6491782665252686), (1, 0.6497604250907898), (2, 0.6554928421974182), (3, 0.6371240019798279), (4, 0.6655001640319824), (5, 0.6544673442840576), (6, 0.6460186243057251), (7, 0.6242585182189941), (8, 0.657273530960083), (9, 0.6559644341468811), (0, 0.6376728415489197), (1, 0.6548314094543457), (2, 0.6364296078681946), (3, 0.6385385394096375), (4, 0.6395641565322876), (5, 0.6574748158454895), (6, 0.6675319075584412), (7, 0.6322483420372009), (8, 0.6322259306907654), (9, 0.6657000780105591), (0, 0.6310480237007141), (1, 0.6369829773902893), (2, 0.6501917839050293), (3, 0.63619464635849), (4, 0.6210917830467224), (5, 0.6458672881126404), (6, 0.6507810354232788), (7, 0.6483617424964905), (8, 0.6390417814254761), (9, 0.6476649641990662), (0, 0.632214367389679), (1, 0.6371753215789795), (2, 0.6495864987373352), (3, 0.6576027870178223), (4, 0.6340634822845459), (5, 0.6291394233703613), (6, 0.6431396007537842), (7, 0.6384990215301514), (8, 0.6141108870506287), (9, 0.6159746646881104), (0, 0.626095175743103), (1, 0.6348143815994263), (2, 0.6352035999298096), (3, 0.6434078216552734), (4, 0.6259094476699829), (5, 0.6365385055541992), (6, 0.6325804591178894), (7, 0.630932092666626), (8, 0.6312238574028015), (9, 0.5997826457023621), (0, 0.6031737327575684), (1, 0.637768566608429), (2, 0.6343268156051636), (3, 0.6076188087463379), (4, 0.6199319958686829), (5, 0.6312977075576782), (6, 0.636239230632782), (7, 0.6291120648384094), (8, 0.6294263601303101), (9, 0.6411342620849609), (0, 0.6158445477485657), (1, 0.6340168714523315), (2, 0.6203912496566772), (3, 0.6122704148292542), (4, 0.6140047907829285), (5, 0.6239175200462341), (6, 0.616543173789978), (7, 0.6460299491882324), (8, 0.613825261592865), (9, 0.5936030149459839), (0, 0.620471715927124), (1, 0.625323474407196), (2, 0.6100938320159912), (3, 0.6156757473945618), (4, 0.612040638923645), (5, 0.618086040019989), (6, 0.6067306399345398), (7, 0.5941568613052368), (8, 0.6152541637420654), (9, 0.6256981492042542), (0, 0.6075313091278076), (1, 0.6023870706558228), (2, 0.6209139823913574), (3, 0.5998010635375977), (4, 0.6001962423324585), (5, 0.6248363256454468), (6, 0.5995864868164062), (7, 0.6060036420822144), (8, 0.6052234768867493), (9, 0.6000592708587646), (0, 0.6158187985420227), (1, 0.6018564701080322), (2, 0.5822370648384094), (3, 0.5961172580718994), (4, 0.5949740409851074), (5, 0.5865741968154907), (6, 0.6056501269340515), (7, 0.6046503186225891), (8, 0.6468589901924133), (9, 0.5457092523574829), (0, 0.5939971804618835), (1, 0.621215283870697), (2, 0.5986722707748413), (3, 0.5569512844085693), (4, 0.6022558212280273), (5, 0.5799243450164795), (6, 0.627468466758728), (7, 0.6014266014099121), (8, 0.5941946506500244), (9, 0.553067147731781), (0, 0.6156983971595764), (1, 0.5709399580955505), (2, 0.5656986236572266), (3, 0.5744510293006897), (4, 0.6236014366149902), (5, 0.6147972345352173), (6, 0.5763586163520813), (7, 0.5708057284355164), (8, 0.6038308143615723), (9, 0.5801149606704712), (0, 0.5915977954864502), (1, 0.5793318152427673), (2, 0.5999462008476257), (3, 0.5695164799690247), (4, 0.5939193367958069), (5, 0.5905756950378418), (6, 0.5776310563087463), (7, 0.5502440929412842), (8, 0.6059443950653076), (9, 0.6136500835418701), (0, 0.567737877368927), (1, 0.6071024537086487), (2, 0.5630800127983093), (3, 0.5651774406433105), (4, 0.573294460773468), (5, 0.5858609676361084), (6, 0.601204514503479), (7, 0.5779175758361816), (8, 0.5765628218650818), (9, 0.6272225379943848), (0, 0.6111631989479065), (1, 0.5899030566215515), (2, 0.5730210542678833), (3, 0.5821829438209534), (4, 0.5466871857643127), (5, 0.5813381671905518), (6, 0.6164649724960327), (7, 0.5857003331184387), (8, 0.5497371554374695), (9, 0.5327740907669067), (0, 0.6019709706306458), (1, 0.5643869638442993), (2, 0.5757998824119568), (3, 0.5970678329467773), (4, 0.602037250995636), (5, 0.5589873194694519), (6, 0.5811343193054199), (7, 0.5682321190834045), (8, 0.5574015974998474), (9, 0.5401567816734314), (0, 0.5786521434783936), (1, 0.5736110210418701), (2, 0.5974591374397278), (3, 0.5846272110939026), (4, 0.5845017433166504), (5, 0.5702458620071411), (6, 0.5290751457214355), (7, 0.5666018724441528), (8, 0.5796650052070618), (9, 0.5722376108169556), (0, 0.5673910975456238), (1, 0.5886951088905334), (2, 0.5788743495941162), (3, 0.5622652769088745), (4, 0.6106879711151123), (5, 0.5851792097091675), (6, 0.577650249004364), (7, 0.5209147930145264), (8, 0.5766788721084595), (9, 0.5357819199562073), (0, 0.5884644985198975), (1, 0.5439174175262451), (2, 0.5579103827476501), (3, 0.5462978482246399), (4, 0.6133122444152832), (5, 0.5735185146331787), (6, 0.5749598145484924), (7, 0.5703819394111633), (8, 0.572235643863678), (9, 0.5451312065124512), (0, 0.5707393288612366), (1, 0.5852210521697998), (2, 0.5833930373191833), (3, 0.5465186238288879), (4, 0.5399469137191772), (5, 0.5853939652442932), (6, 0.5827851891517639), (7, 0.5433773994445801), (8, 0.5876049995422363), (9, 0.5537055730819702), (0, 0.5666763186454773), (1, 0.5457433462142944), (2, 0.606046736240387), (3, 0.5666198134422302), (4, 0.5807143449783325), (5, 0.5610710978507996), (6, 0.599606454372406), (7, 0.5659762620925903), (8, 0.5373366475105286), (9, 0.5110576152801514), (0, 0.5419090986251831), (1, 0.5953247547149658), (2, 0.5715232491493225), (3, 0.5889941453933716), (4, 0.5915166139602661), (5, 0.5232816934585571), (6, 0.5372592210769653), (7, 0.5822421908378601), (8, 0.5339704751968384), (9, 0.6081132292747498), (0, 0.5800102949142456), (1, 0.5704727172851562), (2, 0.5431864261627197), (3, 0.5421522259712219), (4, 0.5594421029090881), (5, 0.5705689787864685), (6, 0.5701264142990112), (7, 0.5776770114898682), (8, 0.5680152773857117), (9, 0.5507257580757141), (0, 0.5725230574607849), (1, 0.5701699256896973), (2, 0.551910400390625), (3, 0.5625424385070801), (4, 0.5533421039581299), (5, 0.5539621114730835), (6, 0.5769741535186768), (7, 0.5514418482780457), (8, 0.5616456866264343), (9, 0.589364767074585), (0, 0.5245841145515442), (1, 0.5696006417274475), (2, 0.5784252285957336), (3, 0.5466966032981873), (4, 0.566960871219635), (5, 0.5859904289245605), (6, 0.5964983105659485), (7, 0.5489375591278076), (8, 0.5655176639556885), (9, 0.5041682124137878), (0, 0.5554091930389404), (1, 0.5516248941421509), (2, 0.5767658948898315), (3, 0.59317946434021), (4, 0.5588202476501465), (5, 0.5451027154922485), (6, 0.5432636141777039), (7, 0.5799924731254578), (8, 0.5491742491722107), (9, 0.5431807041168213), (0, 0.5697627067565918), (1, 0.562100350856781), (2, 0.5728437304496765), (3, 0.540972113609314), (4, 0.5177795886993408), (5, 0.5547758340835571), (6, 0.5426265597343445), (7, 0.5955508947372437), (8, 0.5721225738525391), (9, 0.5629702806472778), (0, 0.5186335444450378), (1, 0.574840784072876), (2, 0.5338622331619263), (3, 0.5731054544448853), (4, 0.5711531639099121), (5, 0.544630765914917), (6, 0.5543487668037415), (7, 0.562011182308197), (8, 0.5842210650444031), (9, 0.562492847442627), (0, 0.5257036089897156), (1, 0.5491819977760315), (2, 0.5442309379577637), (3, 0.5310490131378174), (4, 0.5856452584266663), (5, 0.5625260472297668), (6, 0.5489065647125244), (7, 0.5572869777679443), (8, 0.5934644341468811), (9, 0.5796008110046387), (0, 0.5989623665809631), (1, 0.539085328578949), (2, 0.5732846856117249), (3, 0.5631693005561829), (4, 0.5407195091247559), (5, 0.5468652844429016), (6, 0.5579733848571777), (7, 0.5751141905784607), (8, 0.5038307309150696), (9, 0.5516175031661987), (0, 0.5275982618331909), (1, 0.5403887033462524), (2, 0.5920985341072083), (3, 0.5512665510177612), (4, 0.5619044899940491), (5, 0.5699715614318848), (6, 0.5403361320495605), (7, 0.5576874017715454), (8, 0.5383669137954712), (9, 0.5556841492652893), (0, 0.5602002143859863), (1, 0.536400556564331), (2, 0.5503531694412231), (3, 0.5295454859733582), (4, 0.545732319355011), (5, 0.5750598907470703), (6, 0.575462818145752), (7, 0.5648136138916016), (8, 0.5392511487007141), (9, 0.5398461818695068), (0, 0.5712319612503052), (1, 0.5914053916931152), (2, 0.5466609001159668), (3, 0.5445557236671448), (4, 0.5133460760116577), (5, 0.5493676066398621), (6, 0.5820859670639038), (7, 0.5280518531799316), (8, 0.5116936564445496), (9, 0.5915756225585938), (0, 0.5748897194862366), (1, 0.5686408877372742), (2, 0.5583754181861877), (3, 0.5167884230613708), (4, 0.5510085821151733), (5, 0.5386289358139038), (6, 0.5456863641738892), (7, 0.55452561378479), (8, 0.5071282386779785), (9, 0.6065975427627563), (0, 0.5336354970932007), (1, 0.5485246777534485), (2, 0.5402764081954956), (3, 0.5313928723335266), (4, 0.5701695680618286), (5, 0.5364221334457397), (6, 0.551605224609375), (7, 0.5767229199409485), (8, 0.5436212420463562), (9, 0.5513005256652832), (0, 0.5493660569190979), (1, 0.5243452191352844), (2, 0.5311403870582581), (3, 0.5133710503578186), (4, 0.5568460822105408), (5, 0.5488131046295166), (6, 0.5412148237228394), (7, 0.5697252750396729), (8, 0.5936877131462097), (9, 0.5451573729515076), (0, 0.5684319138526917), (1, 0.5251722931861877), (2, 0.5642762184143066), (3, 0.5300511717796326), (4, 0.5558677911758423), (5, 0.5286109447479248), (6, 0.5404447913169861), (7, 0.5643424987792969), (8, 0.5493852496147156), (9, 0.5083222389221191), (0, 0.5459716320037842), (1, 0.5490440130233765), (2, 0.510810136795044), (3, 0.5297489762306213), (4, 0.5516655445098877), (5, 0.5549207329750061), (6, 0.5599060654640198), (7, 0.5570170879364014), (8, 0.534222424030304), (9, 0.5594119429588318), (0, 0.5693449974060059), (1, 0.5395495295524597), (2, 0.5370950102806091), (3, 0.5187596082687378), (4, 0.526810884475708), (5, 0.5827206373214722), (6, 0.5224222540855408), (7, 0.5204644203186035), (8, 0.56576007604599), (9, 0.5698490738868713), (0, 0.5595349669456482), (1, 0.5178322792053223), (2, 0.5369741320610046), (3, 0.5701255798339844), (4, 0.5369372367858887), (5, 0.5072478652000427), (6, 0.558567464351654), (7, 0.5560111403465271), (8, 0.5468597412109375), (9, 0.5216524600982666), (0, 0.5371155738830566), (1, 0.533191442489624), (2, 0.5383281111717224), (3, 0.5151826739311218), (4, 0.5245891213417053), (5, 0.5626511573791504), (6, 0.5368285179138184), (7, 0.5654551386833191), (8, 0.5387942790985107), (9, 0.5512722730636597), (0, 0.5195660591125488), (1, 0.5297442078590393), (2, 0.574328601360321), (3, 0.5465068221092224), (4, 0.5389605164527893), (5, 0.5506059527397156), (6, 0.5145635008811951), (7, 0.5200740694999695), (8, 0.543045163154602), (9, 0.5429909229278564), (0, 0.5525891780853271), (1, 0.5301142334938049), (2, 0.5526371598243713), (3, 0.5437228679656982), (4, 0.5294795632362366), (5, 0.5182121396064758), (6, 0.5309927463531494), (7, 0.5074965953826904), (8, 0.5404217839241028), (9, 0.5740004181861877), (0, 0.49393409490585327), (1, 0.4642567038536072), (2, 0.5460705757141113), (3, 0.5598294734954834), (4, 0.5338205695152283), (5, 0.5678175091743469), (6, 0.5436763167381287), (7, 0.5532293319702148), (8, 0.5537447929382324), (9, 0.4982530176639557), (0, 0.5187902450561523), (1, 0.51729416847229), (2, 0.5359403491020203), (3, 0.5234621167182922), (4, 0.529502809047699), (5, 0.5363208651542664), (6, 0.5172460675239563), (7, 0.5736821889877319), (8, 0.5466253757476807), (9, 0.4960450232028961), (0, 0.5312849283218384), (1, 0.5080546736717224), (2, 0.5142008066177368), (3, 0.5694007277488708), (4, 0.5405642986297607), (5, 0.4922047555446625), (6, 0.5246235132217407), (7, 0.5533552169799805), (8, 0.5192623734474182), (9, 0.5372222661972046), (0, 0.5341476202011108), (1, 0.5325974822044373), (2, 0.5105435252189636), (3, 0.533806562423706), (4, 0.5455057621002197), (5, 0.5447779297828674), (6, 0.5223108530044556), (7, 0.485569566488266), (8, 0.5359886884689331), (9, 0.5216904282569885), (0, 0.5242801904678345), (1, 0.552385687828064), (2, 0.5149424076080322), (3, 0.5165889263153076), (4, 0.5120054483413696), (5, 0.5492933392524719), (6, 0.4992586374282837), (7, 0.49074119329452515), (8, 0.5124956369400024), (9, 0.5976471900939941), (0, 0.5336703062057495), (1, 0.536342978477478), (2, 0.4840297996997833), (3, 0.5408490896224976), (4, 0.49567440152168274), (5, 0.518425464630127), (6, 0.5316394567489624), (7, 0.5297749638557434), (8, 0.4939471185207367), (9, 0.562080442905426), (0, 0.5195200443267822), (1, 0.5300689935684204), (2, 0.5250704288482666), (3, 0.49610140919685364), (4, 0.5060610175132751), (5, 0.5141680240631104), (6, 0.5304136276245117), (7, 0.5471569299697876), (8, 0.5222475528717041), (9, 0.5101359486579895), (0, 0.4846680164337158), (1, 0.549745500087738), (2, 0.5370543003082275), (3, 0.5176194310188293), (4, 0.5084609389305115), (5, 0.5237119793891907), (6, 0.515186607837677), (7, 0.4879785180091858), (8, 0.507211446762085), (9, 0.5070619583129883), (0, 0.5154705047607422), (1, 0.5292518138885498), (2, 0.48847290873527527), (3, 0.5298801064491272), (4, 0.5383778214454651), (5, 0.48686903715133667), (6, 0.5128187537193298), (7, 0.45758137106895447), (8, 0.5474985241889954), (9, 0.49993598461151123), (0, 0.4770275950431824), (1, 0.5133275389671326), (2, 0.5168919563293457), (3, 0.5382615327835083), (4, 0.49081188440322876), (5, 0.5542793869972229), (6, 0.48523834347724915), (7, 0.507866621017456), (8, 0.4932282567024231), (9, 0.5132892727851868), (0, 0.4804733991622925), (1, 0.533308207988739), (2, 0.49516379833221436), (3, 0.5287497639656067), (4, 0.46358901262283325), (5, 0.4941694736480713), (6, 0.5577446222305298), (7, 0.4887959957122803), (8, 0.5222032070159912), (9, 0.495156466960907), (0, 0.5328875780105591), (1, 0.5028606653213501), (2, 0.5065721273422241), (3, 0.5473622679710388), (4, 0.5012891888618469), (5, 0.5065737962722778), (6, 0.45726341009140015), (7, 0.48368245363235474), (8, 0.46010056138038635), (9, 0.5508583784103394), (0, 0.5160431265830994), (1, 0.48815369606018066), (2, 0.474507212638855), (3, 0.5155588388442993), (4, 0.5005393624305725), (5, 0.4871579110622406), (6, 0.4910024404525757), (7, 0.5098602175712585), (8, 0.5256314873695374), (9, 0.47097012400627136), (0, 0.48120296001434326), (1, 0.463252454996109), (2, 0.5212171077728271), (3, 0.4781867265701294), (4, 0.479465126991272), (5, 0.5195329189300537), (6, 0.5307619571685791), (7, 0.5041148066520691), (8, 0.48372504115104675), (9, 0.5377503037452698), (0, 0.538923442363739), (1, 0.5117674469947815), (2, 0.49377480149269104), (3, 0.5213680863380432), (4, 0.4522702693939209), (5, 0.5356332659721375), (6, 0.4939402639865875), (7, 0.4682067036628723), (8, 0.44387584924697876), (9, 0.49481987953186035), (0, 0.4590420126914978), (1, 0.4861753582954407), (2, 0.5178278088569641), (3, 0.49346569180488586), (4, 0.4935074746608734), (5, 0.5010133981704712), (6, 0.5181362628936768), (7, 0.4628516435623169), (8, 0.4939732849597931), (9, 0.516288161277771), (0, 0.4574086666107178), (1, 0.5164682865142822), (2, 0.49154162406921387), (3, 0.4645266830921173), (4, 0.5136445760726929), (5, 0.5131216645240784), (6, 0.5292319655418396), (7, 0.5089852809906006), (8, 0.44800305366516113), (9, 0.44434237480163574), (0, 0.5177376866340637), (1, 0.4898638427257538), (2, 0.47821044921875), (3, 0.4980510473251343), (4, 0.5476621389389038), (5, 0.5030131340026855), (6, 0.46257466077804565), (7, 0.4515616297721863), (8, 0.4545847773551941), (9, 0.47635936737060547), (0, 0.44451412558555603), (1, 0.46955248713493347), (2, 0.49634936451911926), (3, 0.5333981513977051), (4, 0.48275530338287354), (5, 0.46315109729766846), (6, 0.4953257441520691), (7, 0.48790496587753296), (8, 0.4873158931732178), (9, 0.525168776512146), (0, 0.5018123388290405), (1, 0.5035731792449951), (2, 0.4688490629196167), (3, 0.5196923613548279), (4, 0.4386118948459625), (5, 0.48208245635032654), (6, 0.5215386748313904), (7, 0.4739476144313812), (8, 0.4534984529018402), (9, 0.47819843888282776), (0, 0.5143585801124573), (1, 0.4686400890350342), (2, 0.49492645263671875), (3, 0.4744604527950287), (4, 0.5161429643630981), (5, 0.48686540126800537), (6, 0.4791463613510132), (7, 0.47945523262023926), (8, 0.4517337381839752), (9, 0.4365227520465851), (0, 0.47697582840919495), (1, 0.5196189284324646), (2, 0.49276432394981384), (3, 0.4444640278816223), (4, 0.507924497127533), (5, 0.4517395794391632), (6, 0.4974031150341034), (7, 0.48080703616142273), (8, 0.462692528963089), (9, 0.4749986231327057), (0, 0.48332884907722473), (1, 0.47617241740226746), (2, 0.4706158936023712), (3, 0.46301406621932983), (4, 0.4645572900772095), (5, 0.4979151785373688), (6, 0.463049978017807), (7, 0.50102299451828), (8, 0.4856598973274231), (9, 0.5103681683540344), (0, 0.46558913588523865), (1, 0.48742222785949707), (2, 0.5454779863357544), (3, 0.4383832812309265), (4, 0.4660821557044983), (5, 0.5059975385665894), (6, 0.48614561557769775), (7, 0.4680062532424927), (8, 0.4722650647163391), (9, 0.43722864985466003), (0, 0.513829231262207), (1, 0.4584532082080841), (2, 0.43476998805999756), (3, 0.4482091963291168), (4, 0.5116186738014221), (5, 0.4719780385494232), (6, 0.49391689896583557), (7, 0.4742717742919922), (8, 0.49595099687576294), (9, 0.46200621128082275), (0, 0.474691241979599), (1, 0.46488457918167114), (2, 0.4636476933956146), (3, 0.4355529844760895), (4, 0.4979393780231476), (5, 0.5286062359809875), (6, 0.4580889940261841), (7, 0.48756107687950134), (8, 0.4440232813358307), (9, 0.5203937292098999), (0, 0.4719080626964569), (1, 0.5372813940048218), (2, 0.47124671936035156), (3, 0.49408355355262756), (4, 0.45774391293525696), (5, 0.4900081753730774), (6, 0.47665899991989136), (7, 0.434245765209198), (8, 0.4374464452266693), (9, 0.4703671336174011), (0, 0.4817522466182709), (1, 0.4617995023727417), (2, 0.5305542945861816), (3, 0.4916316866874695), (4, 0.4491044878959656), (5, 0.4305160641670227), (6, 0.449616402387619), (7, 0.5211585760116577), (8, 0.44962093234062195), (9, 0.4462953209877014), (0, 0.44829121232032776), (1, 0.48016634583473206), (2, 0.5055002570152283), (3, 0.5017890334129333), (4, 0.42790496349334717), (5, 0.39683058857917786), (6, 0.5118405222892761), (7, 0.4848547875881195), (8, 0.4908094108104706), (9, 0.4431614577770233), (0, 0.4279305338859558), (1, 0.48192551732063293), (2, 0.4899623394012451), (3, 0.4662884473800659), (4, 0.501595139503479), (5, 0.45295265316963196), (6, 0.4670969247817993), (7, 0.45743876695632935), (8, 0.4631270468235016), (9, 0.5002485513687134), (0, 0.42522624135017395), (1, 0.4602110981941223), (2, 0.5010746121406555), (3, 0.43999427556991577), (4, 0.4977850317955017), (5, 0.46166130900382996), (6, 0.4357670247554779), (7, 0.5630506277084351), (8, 0.45167747139930725), (9, 0.4678647220134735), (0, 0.4440433382987976), (1, 0.5192655920982361), (2, 0.5047376155853271), (3, 0.46140384674072266), (4, 0.4551318287849426), (5, 0.45631980895996094), (6, 0.44780415296554565), (7, 0.45622605085372925), (8, 0.4499300718307495), (9, 0.4779411256313324), (0, 0.48999446630477905), (1, 0.4513854682445526), (2, 0.43892574310302734), (3, 0.464071124792099), (4, 0.5404898524284363), (5, 0.46173036098480225), (6, 0.45825493335723877), (7, 0.48264703154563904), (8, 0.4195325970649719), (9, 0.41621533036231995), (0, 0.4560094475746155), (1, 0.47238999605178833), (2, 0.3968651294708252), (3, 0.4820009469985962), (4, 0.4364375174045563), (5, 0.4692269563674927), (6, 0.546639621257782), (7, 0.48147284984588623), (8, 0.4477826654911041), (9, 0.4370635747909546), (0, 0.4763837456703186), (1, 0.4397937059402466), (2, 0.43856680393218994), (3, 0.4861648976802826), (4, 0.4393652379512787), (5, 0.47975149750709534), (6, 0.46949848532676697), (7, 0.49125751852989197), (8, 0.3925318419933319), (9, 0.5492591261863708), (0, 0.43244990706443787), (1, 0.5162046551704407), (2, 0.5043814778327942), (3, 0.42053988575935364), (4, 0.4007321298122406), (5, 0.41641196608543396), (6, 0.4765677750110626), (7, 0.5048094391822815), (8, 0.4470282793045044), (9, 0.5103707313537598), (0, 0.44102928042411804), (1, 0.4265787601470947), (2, 0.5058581829071045), (3, 0.4783799648284912), (4, 0.4457022547721863), (5, 0.4601655602455139), (6, 0.44843193888664246), (7, 0.4706355929374695), (8, 0.47836169600486755), (9, 0.42488110065460205), (0, 0.45520690083503723), (1, 0.4799967110157013), (2, 0.4443829357624054), (3, 0.4499877989292145), (4, 0.4472513496875763), (5, 0.46491825580596924), (6, 0.5029786229133606), (7, 0.472228467464447), (8, 0.42578086256980896), (9, 0.4319636821746826), (0, 0.48516368865966797), (1, 0.4815015494823456), (2, 0.4717859625816345), (3, 0.45563003420829773), (4, 0.5173876285552979), (5, 0.4915328323841095), (6, 0.36108970642089844), (7, 0.4251442849636078), (8, 0.45105716586112976), (9, 0.39740055799484253), (0, 0.44291621446609497), (1, 0.44990795850753784), (2, 0.43261516094207764), (3, 0.48674070835113525), (4, 0.45058003067970276), (5, 0.4580042362213135), (6, 0.48543721437454224), (7, 0.45271462202072144), (8, 0.45576155185699463), (9, 0.4347723722457886), (0, 0.482596755027771), (1, 0.44962120056152344), (2, 0.42211341857910156), (3, 0.48790836334228516), (4, 0.45857372879981995), (5, 0.43089908361434937), (6, 0.4233379662036896), (7, 0.4757145643234253), (8, 0.4591939151287079), (9, 0.4717012047767639), (0, 0.4567767381668091), (1, 0.43561309576034546), (2, 0.46088436245918274), (3, 0.45566341280937195), (4, 0.44256579875946045), (5, 0.4571233093738556), (6, 0.4864135682582855), (7, 0.43751800060272217), (8, 0.4557173252105713), (9, 0.4486593008041382), (0, 0.42764079570770264), (1, 0.4858171045780182), (2, 0.43036553263664246), (3, 0.3874770402908325), (4, 0.449067622423172), (5, 0.5000642538070679), (6, 0.49363043904304504), (7, 0.4525850713253021), (8, 0.4626675844192505), (9, 0.4318526089191437), (0, 0.4353310763835907), (1, 0.4478360116481781), (2, 0.5031749606132507), (3, 0.4917914867401123), (4, 0.4842851161956787), (5, 0.4387896656990051), (6, 0.4532351791858673), (7, 0.4015846252441406), (8, 0.4114084541797638), (9, 0.47481587529182434), (0, 0.39346686005592346), (1, 0.4954211413860321), (2, 0.4730782210826874), (3, 0.42333653569221497), (4, 0.45470237731933594), (5, 0.46845299005508423), (6, 0.4413813650608063), (7, 0.4664132595062256), (8, 0.43060165643692017), (9, 0.45679205656051636), (0, 0.4269941747188568), (1, 0.40566471219062805), (2, 0.45884379744529724), (3, 0.46252185106277466), (4, 0.49724632501602173), (5, 0.4577733278274536), (6, 0.4910939335823059), (7, 0.42353543639183044), (8, 0.3947440981864929), (9, 0.48366883397102356), (0, 0.3715955317020416), (1, 0.46582260727882385), (2, 0.4802623987197876), (3, 0.4870898425579071), (4, 0.4260883629322052), (5, 0.5015174746513367), (6, 0.4129679203033447), (7, 0.4903227686882019), (8, 0.4110451638698578), (9, 0.40134197473526), (0, 0.39627113938331604), (1, 0.4209789037704468), (2, 0.4375690221786499), (3, 0.45626208186149597), (4, 0.4464765787124634), (5, 0.42959433794021606), (6, 0.5061031579971313), (7, 0.45398104190826416), (8, 0.5084037184715271), (9, 0.4038553535938263), (0, 0.45233264565467834), (1, 0.42167729139328003), (2, 0.46097397804260254), (3, 0.41947585344314575), (4, 0.4478643834590912), (5, 0.45512157678604126), (6, 0.4249610900878906), (7, 0.4702848196029663), (8, 0.4660997688770294), (9, 0.42677009105682373), (0, 0.45660945773124695), (1, 0.42606258392333984), (2, 0.4078524708747864), (3, 0.46341797709465027), (4, 0.44843384623527527), (5, 0.460712194442749), (6, 0.44243496656417847), (7, 0.4435569643974304), (8, 0.4510135352611542), (9, 0.42621177434921265), (0, 0.4225733280181885), (1, 0.4738965928554535), (2, 0.41039448976516724), (3, 0.5001435279846191), (4, 0.405801922082901), (5, 0.4186669886112213), (6, 0.46296024322509766), (7, 0.43613681197166443), (8, 0.4398578703403473), (9, 0.4628075361251831), (0, 0.49466076493263245), (1, 0.4582151472568512), (2, 0.48343029618263245), (3, 0.43564948439598083), (4, 0.4411914348602295), (5, 0.4284207820892334), (6, 0.43344834446907043), (7, 0.459901362657547), (8, 0.37950220704078674), (9, 0.34315043687820435), (0, 0.4079435467720032), (1, 0.3742784261703491), (2, 0.41870611906051636), (3, 0.4890376925468445), (4, 0.513718843460083), (5, 0.4381552040576935), (6, 0.4659079313278198), (7, 0.47362276911735535), (8, 0.42609909176826477), (9, 0.3188585638999939), (0, 0.41158154606819153), (1, 0.45962515473365784), (2, 0.4386318325996399), (3, 0.406955361366272), (4, 0.4511677920818329), (5, 0.40945419669151306), (6, 0.4164539575576782), (7, 0.4632059931755066), (8, 0.4779980480670929), (9, 0.4213472008705139), (0, 0.4525771737098694), (1, 0.43712180852890015), (2, 0.42974013090133667), (3, 0.44914567470550537), (4, 0.4421134889125824), (5, 0.48318853974342346), (6, 0.36980342864990234), (7, 0.47735336422920227), (8, 0.3952958285808563), (9, 0.4143752157688141), (0, 0.4101574718952179), (1, 0.49906331300735474), (2, 0.41505518555641174), (3, 0.45520126819610596), (4, 0.42041507363319397), (5, 0.42000943422317505), (6, 0.44201260805130005), (7, 0.4558691084384918), (8, 0.41556626558303833), (9, 0.39419254660606384), (0, 0.4129808843135834), (1, 0.40995293855667114), (2, 0.4389660954475403), (3, 0.42544227838516235), (4, 0.45988065004348755), (5, 0.46613913774490356), (6, 0.4182458519935608), (7, 0.42591190338134766), (8, 0.4004644751548767), (9, 0.5105403661727905), (0, 0.41999998688697815), (1, 0.46140122413635254), (2, 0.4167426824569702), (3, 0.4842105209827423), (4, 0.4017634987831116), (5, 0.42765694856643677), (6, 0.40366461873054504), (7, 0.4292973279953003), (8, 0.40994179248809814), (9, 0.49445638060569763), (0, 0.4046824276447296), (1, 0.4668163061141968), (2, 0.4086970388889313), (3, 0.4076211154460907), (4, 0.42657577991485596), (5, 0.4457128643989563), (6, 0.4826184809207916), (7, 0.4047698974609375), (8, 0.4034907817840576), (9, 0.475831538438797), (0, 0.4440246522426605), (1, 0.4951097369194031), (2, 0.4073975682258606), (3, 0.3871155083179474), (4, 0.41044560074806213), (5, 0.4113660752773285), (6, 0.4540334641933441), (7, 0.4115466773509979), (8, 0.4417248070240021), (9, 0.44654905796051025), (0, 0.44190260767936707), (1, 0.4007657766342163), (2, 0.41923195123672485), (3, 0.42943766713142395), (4, 0.46764349937438965), (5, 0.4439559280872345), (6, 0.4540591835975647), (7, 0.38671720027923584), (8, 0.4452490210533142), (9, 0.3632059395313263), (0, 0.43841058015823364), (1, 0.4311519265174866), (2, 0.44297313690185547), (3, 0.49089980125427246), (4, 0.4982560873031616), (5, 0.37710249423980713), (6, 0.3683672249317169), (7, 0.4182741940021515), (8, 0.4103997051715851), (9, 0.3672196865081787), (0, 0.45608776807785034), (1, 0.3774026930332184), (2, 0.454293817281723), (3, 0.4053155183792114), (4, 0.44650721549987793), (5, 0.3966125249862671), (6, 0.4309188723564148), (7, 0.4539318382740021), (8, 0.4347842335700989), (9, 0.4305528998374939), (0, 0.3981131315231323), (1, 0.45256003737449646), (2, 0.4444330334663391), (3, 0.39404669404029846), (4, 0.456583708524704), (5, 0.4743306338787079), (6, 0.4294758141040802), (7, 0.43731629848480225), (8, 0.4138016104698181), (9, 0.3133678138256073), (0, 0.44359177350997925), (1, 0.4546339809894562), (2, 0.3834645450115204), (3, 0.40547314286231995), (4, 0.40274935960769653), (5, 0.4327985346317291), (6, 0.476532906293869), (7, 0.47446194291114807), (8, 0.3697946071624756), (9, 0.39889898896217346), (0, 0.45111924409866333), (1, 0.3749624192714691), (2, 0.4553591012954712), (3, 0.3698015511035919), (4, 0.44281619787216187), (5, 0.4406563639640808), (6, 0.40719449520111084), (7, 0.43758559226989746), (8, 0.4509447515010834), (9, 0.38766586780548096), (0, 0.399064838886261), (1, 0.44226759672164917), (2, 0.4454619586467743), (3, 0.4376412630081177), (4, 0.4041079580783844), (5, 0.5009400248527527), (6, 0.42048588395118713), (7, 0.38067853450775146), (8, 0.39676594734191895), (9, 0.38656607270240784), (0, 0.42599087953567505), (1, 0.4213862717151642), (2, 0.4050769805908203), (3, 0.405587762594223), (4, 0.496224582195282), (5, 0.4314593970775604), (6, 0.4051710069179535), (7, 0.4362812042236328), (8, 0.4129582345485687), (9, 0.3293384313583374), (0, 0.3912114202976227), (1, 0.40129363536834717), (2, 0.4427202343940735), (3, 0.4356647729873657), (4, 0.3800705075263977), (5, 0.46683642268180847), (6, 0.42277634143829346), (7, 0.40876302123069763), (8, 0.44671279191970825), (9, 0.415507435798645), (0, 0.4423459768295288), (1, 0.3998350501060486), (2, 0.3962104320526123), (3, 0.41797083616256714), (4, 0.36463502049446106), (5, 0.43814364075660706), (6, 0.4335448741912842), (7, 0.4005691409111023), (8, 0.473684161901474), (9, 0.45913493633270264), (0, 0.3814855217933655), (1, 0.4006929099559784), (2, 0.4047442376613617), (3, 0.4168541729450226), (4, 0.4705328643321991), (5, 0.4155637323856354), (6, 0.3483847677707672), (7, 0.5028131604194641), (8, 0.4162379801273346), (9, 0.45751532912254333), (0, 0.41039741039276123), (1, 0.41683974862098694), (2, 0.4190003275871277), (3, 0.3836901783943176), (4, 0.4199540317058563), (5, 0.4183272123336792), (6, 0.4410867989063263), (7, 0.41395094990730286), (8, 0.42659804224967957), (9, 0.4603888690471649), (0, 0.3802527189254761), (1, 0.45098769664764404), (2, 0.39730167388916016), (3, 0.4244905412197113), (4, 0.463922381401062), (5, 0.44520801305770874), (6, 0.42371705174446106), (7, 0.3232955038547516), (8, 0.41644394397735596), (9, 0.47932514548301697), (0, 0.4363468885421753), (1, 0.43871647119522095), (2, 0.4021584689617157), (3, 0.4321575462818146), (4, 0.4128960371017456), (5, 0.38667306303977966), (6, 0.41836684942245483), (7, 0.4097346067428589), (8, 0.4019927680492401), (9, 0.4740561544895172), (0, 0.4575099050998688), (1, 0.4350365102291107), (2, 0.39557838439941406), (3, 0.44089603424072266), (4, 0.4120160639286041), (5, 0.4092826843261719), (6, 0.43865492939949036), (7, 0.3924013376235962), (8, 0.4013955295085907), (9, 0.3913764953613281), (0, 0.4795510768890381), (1, 0.41811415553092957), (2, 0.4263918399810791), (3, 0.4052170217037201), (4, 0.4019494652748108), (5, 0.40380263328552246), (6, 0.39530089497566223), (7, 0.39481040835380554), (8, 0.4246714115142822), (9, 0.4181082546710968), (0, 0.3916274905204773), (1, 0.4577184319496155), (2, 0.4201383590698242), (3, 0.4030330181121826), (4, 0.4168349504470825), (5, 0.5008346438407898), (6, 0.3772282898426056), (7, 0.40090739727020264), (8, 0.3872414529323578), (9, 0.42762836813926697), (0, 0.45263442397117615), (1, 0.43865767121315), (2, 0.38185328245162964), (3, 0.4226093292236328), (4, 0.3286511301994324), (5, 0.4128311574459076), (6, 0.4881666600704193), (7, 0.3721204698085785), (8, 0.47134771943092346), (9, 0.36130794882774353), (0, 0.3796153962612152), (1, 0.3969987630844116), (2, 0.4236736297607422), (3, 0.4501187205314636), (4, 0.3712194859981537), (5, 0.41276490688323975), (6, 0.3713003993034363), (7, 0.39158353209495544), (8, 0.4395264685153961), (9, 0.5625223517417908), (0, 0.4179157316684723), (1, 0.378418892621994), (2, 0.3794911205768585), (3, 0.4184759855270386), (4, 0.446605920791626), (5, 0.4372885227203369), (6, 0.3943561315536499), (7, 0.3733115792274475), (8, 0.45358267426490784), (9, 0.4388471245765686), (0, 0.423931360244751), (1, 0.41686946153640747), (2, 0.46688953042030334), (3, 0.3840954601764679), (4, 0.40088337659835815), (5, 0.3868910074234009), (6, 0.3887674808502197), (7, 0.4011684060096741), (8, 0.43348556756973267), (9, 0.40202948451042175), (0, 0.39375418424606323), (1, 0.4116153419017792), (2, 0.3936241865158081), (3, 0.47629913687705994), (4, 0.4134766757488251), (5, 0.38066455721855164), (6, 0.4037107229232788), (7, 0.4006931185722351), (8, 0.39687249064445496), (9, 0.47343727946281433), (0, 0.40156078338623047), (1, 0.4454074203968048), (2, 0.4268816411495209), (3, 0.38387614488601685), (4, 0.43520447611808777), (5, 0.3879344165325165), (6, 0.42395058274269104), (7, 0.39272427558898926), (8, 0.40614646673202515), (9, 0.3920031487941742), (0, 0.3999740481376648), (1, 0.3960566222667694), (2, 0.40135547518730164), (3, 0.4221595525741577), (4, 0.4546910226345062), (5, 0.4081934988498688), (6, 0.372238427400589), (7, 0.45348820090293884), (8, 0.4359220564365387), (9, 0.28058990836143494), (0, 0.4140356481075287), (1, 0.4039475917816162), (2, 0.43282362818717957), (3, 0.3533117175102234), (4, 0.4177325367927551), (5, 0.3999674320220947), (6, 0.4096682667732239), (7, 0.4074147045612335), (8, 0.4282204508781433), (9, 0.41714441776275635), (0, 0.33351990580558777), (1, 0.4067498445510864), (2, 0.5000993609428406), (3, 0.40328553318977356), (4, 0.4087543785572052), (5, 0.35565850138664246), (6, 0.4068079888820648), (7, 0.44242098927497864), (8, 0.4006366431713104), (9, 0.4352167844772339), (0, 0.466959685087204), (1, 0.3762132227420807), (2, 0.3830687403678894), (3, 0.4396555721759796), (4, 0.3746316134929657), (5, 0.4515060484409332), (6, 0.40031418204307556), (7, 0.43246209621429443), (8, 0.3844791054725647), (9, 0.3577525317668915), (0, 0.43769335746765137), (1, 0.41582003235816956), (2, 0.39719197154045105), (3, 0.4057362675666809), (4, 0.3997911810874939), (5, 0.3904184103012085), (6, 0.3831326365470886), (7, 0.39835628867149353), (8, 0.43124863505363464), (9, 0.42862361669540405), (0, 0.40120384097099304), (1, 0.38065001368522644), (2, 0.3518184423446655), (3, 0.4243319630622864), (4, 0.45665237307548523), (5, 0.39648282527923584), (6, 0.43897929787635803), (7, 0.3659609854221344), (8, 0.3862285614013672), (9, 0.5085710287094116), (0, 0.39765465259552), (1, 0.376510888338089), (2, 0.38910427689552307), (3, 0.4398953914642334), (4, 0.41074275970458984), (5, 0.48633089661598206), (6, 0.362916499376297), (7, 0.36549603939056396), (8, 0.4199552536010742), (9, 0.4383432865142822), (0, 0.3992658853530884), (1, 0.41423141956329346), (2, 0.38319844007492065), (3, 0.40158602595329285), (4, 0.40515831112861633), (5, 0.41498443484306335), (6, 0.4117518663406372), (7, 0.41349858045578003), (8, 0.40713638067245483), (9, 0.4124091863632202), (0, 0.4311411678791046), (1, 0.4000328779220581), (2, 0.39151081442832947), (3, 0.37359535694122314), (4, 0.39939114451408386), (5, 0.4173455536365509), (6, 0.4252421259880066), (7, 0.3463336229324341), (8, 0.38793429732322693), (9, 0.572040855884552), (0, 0.41654500365257263), (1, 0.430324524641037), (2, 0.4343065917491913), (3, 0.3801525831222534), (4, 0.47169286012649536), (5, 0.37086331844329834), (6, 0.38738715648651123), (7, 0.3777690529823303), (8, 0.40027177333831787), (9, 0.3956703245639801), (0, 0.37059324979782104), (1, 0.42755791544914246), (2, 0.42527487874031067), (3, 0.42190131545066833), (4, 0.36831313371658325), (5, 0.3746696412563324), (6, 0.4479769766330719), (7, 0.4080791175365448), (8, 0.3967078924179077), (9, 0.47505733370780945), (0, 0.3972126841545105), (1, 0.43730154633522034), (2, 0.40833577513694763), (3, 0.4098362624645233), (4, 0.3844508230686188), (5, 0.3992845416069031), (6, 0.45246970653533936), (7, 0.37228894233703613), (8, 0.4377409815788269), (9, 0.3262178897857666), (0, 0.4057284891605377), (1, 0.3934875428676605), (2, 0.41427090764045715), (3, 0.3980427086353302), (4, 0.398249089717865), (5, 0.3771575093269348), (6, 0.36975932121276855), (7, 0.4679343104362488), (8, 0.40271878242492676), (9, 0.4164484441280365), (0, 0.35041487216949463), (1, 0.413976788520813), (2, 0.45948195457458496), (3, 0.4049137830734253), (4, 0.39409905672073364), (5, 0.44391509890556335), (6, 0.3548000752925873), (7, 0.41651782393455505), (8, 0.38463184237480164), (9, 0.3990447521209717), (0, 0.3559703826904297), (1, 0.4221608340740204), (2, 0.4024597108364105), (3, 0.42359036207199097), (4, 0.4337892532348633), (5, 0.42698001861572266), (6, 0.4159829616546631), (7, 0.3652864396572113), (8, 0.3952237069606781), (9, 0.3526672124862671), (0, 0.41507309675216675), (1, 0.3811205327510834), (2, 0.4469286799430847), (3, 0.3829660713672638), (4, 0.42713087797164917), (5, 0.41131630539894104), (6, 0.40689799189567566), (7, 0.3710520565509796), (8, 0.38876959681510925), (9, 0.3977189362049103), (0, 0.44481009244918823), (1, 0.38021546602249146), (2, 0.43760859966278076), (3, 0.3840750753879547), (4, 0.38479357957839966), (5, 0.3337972164154053), (6, 0.43412140011787415), (7, 0.3616010248661041), (8, 0.42416372895240784), (9, 0.45087897777557373), (0, 0.41393977403640747), (1, 0.4111330509185791), (2, 0.38281017541885376), (3, 0.39188769459724426), (4, 0.40581321716308594), (5, 0.42411506175994873), (6, 0.40465953946113586), (7, 0.3844371438026428), (8, 0.4212200939655304), (9, 0.33593714237213135), (0, 0.3660382926464081), (1, 0.40050220489501953), (2, 0.3754240870475769), (3, 0.4153062701225281), (4, 0.3951755464076996), (5, 0.40103310346603394), (6, 0.475826233625412), (7, 0.40021395683288574), (8, 0.4045488238334656), (9, 0.36478039622306824), (0, 0.4428098201751709), (1, 0.3896127939224243), (2, 0.3908577859401703), (3, 0.4563978612422943), (4, 0.38124993443489075), (5, 0.39340096712112427), (6, 0.35823920369148254), (7, 0.4280959963798523), (8, 0.3834269046783447), (9, 0.33061057329177856), (0, 0.4182409346103668), (1, 0.3955645263195038), (2, 0.4222103953361511), (3, 0.38640934228897095), (4, 0.35832443833351135), (5, 0.4025312662124634), (6, 0.3798857629299164), (7, 0.3981297016143799), (8, 0.41983288526535034), (9, 0.3991039991378784), (0, 0.3711791932582855), (1, 0.35183846950531006), (2, 0.37354037165641785), (3, 0.4741821587085724), (4, 0.35359835624694824), (5, 0.40846961736679077), (6, 0.3934362828731537), (7, 0.4322218596935272), (8, 0.4161388874053955), (9, 0.39620593190193176), (0, 0.37181299924850464), (1, 0.3888401687145233), (2, 0.4104577600955963), (3, 0.4195096492767334), (4, 0.4172777831554413), (5, 0.4040687680244446), (6, 0.3671508729457855), (7, 0.4274479150772095), (8, 0.3918602764606476), (9, 0.3595985770225525), (0, 0.3553611636161804), (1, 0.42023754119873047), (2, 0.38121604919433594), (3, 0.3558131456375122), (4, 0.4785470962524414), (5, 0.42151397466659546), (6, 0.3771088421344757), (7, 0.4304296374320984), (8, 0.42650410532951355), (9, 0.3762073218822479), (0, 0.3842480480670929), (1, 0.41099488735198975), (2, 0.43538588285446167), (3, 0.36331045627593994), (4, 0.41814175248146057), (5, 0.43381422758102417), (6, 0.39906179904937744), (7, 0.3662806749343872), (8, 0.3853859305381775), (9, 0.42938533425331116), (0, 0.3724935054779053), (1, 0.3959476351737976), (2, 0.4122680723667145), (3, 0.3714877963066101), (4, 0.3979416787624359), (5, 0.4161314070224762), (6, 0.3997594714164734), (7, 0.3964962661266327), (8, 0.39253586530685425), (9, 0.42268913984298706), (0, 0.3919793963432312), (1, 0.371015727519989), (2, 0.4100372791290283), (3, 0.3393457531929016), (4, 0.41545891761779785), (5, 0.3609291911125183), (6, 0.44014331698417664), (7, 0.47057342529296875), (8, 0.3813236355781555), (9, 0.3626619577407837), (0, 0.4264146387577057), (1, 0.4279959201812744), (2, 0.4278368353843689), (3, 0.32979798316955566), (4, 0.46137356758117676), (5, 0.37917739152908325), (6, 0.38333624601364136), (7, 0.3816600739955902), (8, 0.35089558362960815), (9, 0.3660067617893219), (0, 0.4457447826862335), (1, 0.3898431062698364), (2, 0.38819095492362976), (3, 0.3741943836212158), (4, 0.36490193009376526), (5, 0.3745414614677429), (6, 0.34807494282722473), (7, 0.42770928144454956), (8, 0.4495374262332916), (9, 0.3955412805080414), (0, 0.4710752069950104), (1, 0.3842635452747345), (2, 0.31896016001701355), (3, 0.39740189909935), (4, 0.4358440041542053), (5, 0.4621289074420929), (6, 0.39930102229118347), (7, 0.34551385045051575), (8, 0.3841173052787781), (9, 0.34073665738105774), (0, 0.3638063669204712), (1, 0.4131823778152466), (2, 0.5432813763618469), (3, 0.3656797707080841), (4, 0.3327786922454834), (5, 0.3616073727607727), (6, 0.3820796608924866), (7, 0.4027896523475647), (8, 0.4332410395145416), (9, 0.39029815793037415), (0, 0.4117673635482788), (1, 0.41760823130607605), (2, 0.4349299967288971), (3, 0.41547608375549316), (4, 0.4190473258495331), (5, 0.38019031286239624), (6, 0.39347535371780396), (7, 0.33111894130706787), (8, 0.37360596656799316), (9, 0.3497895896434784), (0, 0.3884204924106598), (1, 0.38704001903533936), (2, 0.41239944100379944), (3, 0.3839343190193176), (4, 0.4137914776802063), (5, 0.4239703416824341), (6, 0.37411344051361084), (7, 0.3937147557735443), (8, 0.3590458631515503), (9, 0.3907441198825836), (0, 0.4199744760990143), (1, 0.38118964433670044), (2, 0.34643495082855225), (3, 0.3432253897190094), (4, 0.3893241584300995), (5, 0.39945220947265625), (6, 0.4110506474971771), (7, 0.40417948365211487), (8, 0.4338712990283966), (9, 0.38986727595329285), (0, 0.40928760170936584), (1, 0.4221164286136627), (2, 0.3848842680454254), (3, 0.3456941545009613), (4, 0.40842360258102417), (5, 0.3963775634765625), (6, 0.37431344389915466), (7, 0.35431966185569763), (8, 0.424703449010849), (9, 0.42231956124305725), (0, 0.4321364164352417), (1, 0.345102995634079), (2, 0.3516550362110138), (3, 0.36439308524131775), (4, 0.4349593222141266), (5, 0.4512597620487213), (6, 0.4123307168483734), (7, 0.36296534538269043), (8, 0.3932099938392639), (9, 0.39278101921081543), (0, 0.365325003862381), (1, 0.4412183463573456), (2, 0.40906745195388794), (3, 0.3767277002334595), (4, 0.4419950246810913), (5, 0.3658895492553711), (6, 0.3809051513671875), (7, 0.38674747943878174), (8, 0.3501243591308594), (9, 0.4154243469238281), (0, 0.3906136751174927), (1, 0.4319691061973572), (2, 0.4033147692680359), (3, 0.41875335574150085), (4, 0.3565000593662262), (5, 0.3719964921474457), (6, 0.42750731110572815), (7, 0.3631093204021454), (8, 0.3842480182647705), (9, 0.39827778935432434), (0, 0.38447943329811096), (1, 0.4384472966194153), (2, 0.40040209889411926), (3, 0.3655438721179962), (4, 0.37242308259010315), (5, 0.4058196544647217), (6, 0.3282751739025116), (7, 0.43899765610694885), (8, 0.3925303518772125), (9, 0.370319664478302), (0, 0.3628515601158142), (1, 0.3808565139770508), (2, 0.34742364287376404), (3, 0.3799666166305542), (4, 0.45130816102027893), (5, 0.3549515902996063), (6, 0.3942015469074249), (7, 0.4029744267463684), (8, 0.3794873356819153), (9, 0.5076090097427368), (0, 0.3810494542121887), (1, 0.3337603807449341), (2, 0.4478982090950012), (3, 0.4020262062549591), (4, 0.36947670578956604), (5, 0.385910302400589), (6, 0.3878883421421051), (7, 0.3728574514389038), (8, 0.4453083276748657), (9, 0.36963921785354614), (0, 0.4776779115200043), (1, 0.44257494807243347), (2, 0.35345667600631714), (3, 0.3561908006668091), (4, 0.3639095425605774), (5, 0.32168638706207275), (6, 0.37882378697395325), (7, 0.4502830505371094), (8, 0.3577127456665039), (9, 0.4432317316532135), (0, 0.3641808331012726), (1, 0.3542364835739136), (2, 0.3993168771266937), (3, 0.4438075125217438), (4, 0.3592461049556732), (5, 0.399614155292511), (6, 0.3640214800834656), (7, 0.387373149394989), (8, 0.45939019322395325), (9, 0.33967268466949463), (0, 0.3642113208770752), (1, 0.3888215124607086), (2, 0.37512287497520447), (3, 0.35358715057373047), (4, 0.42487284541130066), (5, 0.3955611288547516), (6, 0.4221605360507965), (7, 0.36894547939300537), (8, 0.42079517245292664), (9, 0.39995381236076355), (0, 0.3769911825656891), (1, 0.3435685336589813), (2, 0.3406780958175659), (3, 0.45283669233322144), (4, 0.41228604316711426), (5, 0.36538970470428467), (6, 0.4133222699165344), (7, 0.3688327372074127), (8, 0.42376670241355896), (9, 0.3824193477630615), (0, 0.3522682189941406), (1, 0.3619646728038788), (2, 0.40384864807128906), (3, 0.40725889801979065), (4, 0.43177786469459534), (5, 0.3745597004890442), (6, 0.4265908896923065), (7, 0.34404876828193665), (8, 0.42635834217071533), (9, 0.3032706677913666), (0, 0.36835533380508423), (1, 0.38941794633865356), (2, 0.39428383111953735), (3, 0.4086562395095825), (4, 0.3313835859298706), (5, 0.405348002910614), (6, 0.36323654651641846), (7, 0.39507973194122314), (8, 0.42363253235816956), (9, 0.4130355715751648), (0, 0.3724327087402344), (1, 0.4169764220714569), (2, 0.372652143239975), (3, 0.3571524918079376), (4, 0.3714612126350403), (5, 0.38413605093955994), (6, 0.39308109879493713), (7, 0.3990594744682312), (8, 0.3974602222442627), (9, 0.4331335127353668), (0, 0.3798230290412903), (1, 0.4136400520801544), (2, 0.4097099304199219), (3, 0.38834771513938904), (4, 0.35211074352264404), (5, 0.43979108333587646), (6, 0.3803418278694153), (7, 0.42724478244781494), (8, 0.39387980103492737), (9, 0.3164032995700836), (0, 0.41295158863067627), (1, 0.3800848126411438), (2, 0.3575934171676636), (3, 0.3867948055267334), (4, 0.47903862595558167), (5, 0.42857077717781067), (6, 0.4202860891819), (7, 0.3670058846473694), (8, 0.35468900203704834), (9, 0.31306159496307373), (0, 0.39533528685569763), (1, 0.3819509446620941), (2, 0.3921624720096588), (3, 0.45775049924850464), (4, 0.4037570059299469), (5, 0.3647037148475647), (6, 0.35658398270606995), (7, 0.3960965871810913), (8, 0.3491392135620117), (9, 0.37232720851898193), (0, 0.4318113327026367), (1, 0.3356066048145294), (2, 0.39185500144958496), (3, 0.35929709672927856), (4, 0.3610325753688812), (5, 0.4024558663368225), (6, 0.3975437879562378), (7, 0.4341067373752594), (8, 0.3416134715080261), (9, 0.4081093966960907), (0, 0.36421582102775574), (1, 0.3796904385089874), (2, 0.33578723669052124), (3, 0.40285107493400574), (4, 0.4099026620388031), (5, 0.40205883979797363), (6, 0.42144039273262024), (7, 0.33687248826026917), (8, 0.38355880975723267), (9, 0.4362635314464569), (0, 0.40210628509521484), (1, 0.409114271402359), (2, 0.37159374356269836), (3, 0.3878113627433777), (4, 0.3240589499473572), (5, 0.38204577565193176), (6, 0.3788089454174042), (7, 0.40091678500175476), (8, 0.4268817901611328), (9, 0.39380908012390137), (0, 0.46644774079322815), (1, 0.3816496729850769), (2, 0.3440209627151489), (3, 0.4474107623100281), (4, 0.4046217203140259), (5, 0.3653722405433655), (6, 0.35238757729530334), (7, 0.3717852532863617), (8, 0.34862220287323), (9, 0.3546609580516815), (0, 0.3952924311161041), (1, 0.41035762429237366), (2, 0.39880749583244324), (3, 0.4082847535610199), (4, 0.4027259945869446), (5, 0.3914601504802704), (6, 0.3633768558502197), (7, 0.35991576313972473), (8, 0.3783182203769684), (9, 0.38271981477737427), (0, 0.37820661067962646), (1, 0.3737027049064636), (2, 0.3940748870372772), (3, 0.38663250207901), (4, 0.3389154374599457), (5, 0.42854365706443787), (6, 0.3954397141933441), (7, 0.37897366285324097), (8, 0.4131337106227875), (9, 0.38942474126815796), (0, 0.3651459217071533), (1, 0.35684382915496826), (2, 0.308704674243927), (3, 0.3881109654903412), (4, 0.44840869307518005), (5, 0.3691847324371338), (6, 0.42413246631622314), (7, 0.442184716463089), (8, 0.3812691569328308), (9, 0.3426709771156311), (0, 0.4437078535556793), (1, 0.3687429130077362), (2, 0.43118780851364136), (3, 0.34657856822013855), (4, 0.38730064034461975), (5, 0.4115843176841736), (6, 0.3677433133125305), (7, 0.3377896249294281), (8, 0.3600517213344574), (9, 0.3432089686393738), (0, 0.4033242166042328), (1, 0.41330403089523315), (2, 0.3427961766719818), (3, 0.32618653774261475), (4, 0.41194045543670654), (5, 0.4109812080860138), (6, 0.3624539077281952), (7, 0.38229385018348694), (8, 0.4198247790336609), (9, 0.35678982734680176), (0, 0.37012210488319397), (1, 0.38419845700263977), (2, 0.45093223452568054), (3, 0.3717005252838135), (4, 0.4065362513065338), (5, 0.43934181332588196), (6, 0.3596758246421814), (7, 0.36827540397644043), (8, 0.3687223792076111), (9, 0.3987719416618347), (0, 0.39704787731170654), (1, 0.4121226966381073), (2, 0.4166085720062256), (3, 0.37550365924835205), (4, 0.3860974609851837), (5, 0.38172560930252075), (6, 0.3544747829437256), (7, 0.3926231265068054), (8, 0.3505571782588959), (9, 0.3793316185474396), (0, 0.34891900420188904), (1, 0.35028275847435), (2, 0.35140109062194824), (3, 0.41590335965156555), (4, 0.33931517601013184), (5, 0.4814259707927704), (6, 0.3662995398044586), (7, 0.3670697510242462), (8, 0.40795058012008667), (9, 0.42371365427970886)]