Model Setup for Uniformvirtual {PATIENT_GROUPS} Trained Network:

{NETWORK_TYPE} Network Architecture Parameters
Input channels=22
Hidden channels=128
Output channels=1

Training hyperparameters
Optimizer=AdamW (
Parameter Group 0
    amsgrad: False
    betas: (0.9, 0.999)
    capturable: False
    differentiable: False
    eps: 1e-08
    foreach: None
    fused: None
    lr: 0.001
    maximize: False
    weight_decay: 1e-06
)Training Iterations=10
Learning rate=0.001
Weight decay=1e-06
Optimizer reset frequency=None

Dropout probability (after initial linear layer before NCDE): 0
Training Data Selection Parameters
(If not virtual, the only important params are the groups and whether data was normalized/standardized)
Patient groups=['Control', 'MDD']
Augmentation strategy=Uniform
Noise Magnitude=0.05
Normalized/standardized=StandardizeAll
Number of virtual patients per real patient=100
Label smoothing factor=0
Test Patient Combinations:
Control: (12, 18, 34, 42, 21)
MDD: (4, 32, 48, 44, 31)
Training batch size=200
Training Results:
Runtime=0.8230750560760498
Loss over time=[(0, 0.6917467713356018), (1, 0.6769319772720337), (2, 0.669099748134613), (3, 0.657692015171051), (4, 0.6463802456855774), (5, 0.6321321725845337), (6, 0.6343371868133545), (7, 0.5793989300727844), (8, 0.5811506509780884), (9, 0.5687193870544434), (10, 0.5688474774360657), (11, 0.5633888244628906), (12, 0.5344548225402832), (13, 0.5149113535881042), (14, 0.5059893727302551), (15, 0.4907228350639343), (16, 0.4689888060092926), (17, 0.47050943970680237), (18, 0.42608708143234253), (19, 0.509507954120636), (20, 0.4369049072265625), (21, 0.4267456531524658), (22, 0.4292084574699402), (23, 0.4130603075027466), (24, 0.34176209568977356), (25, 0.4172988533973694), (26, 0.3905366063117981), (27, 0.38878899812698364), (28, 0.38043296337127686), (29, 0.35871684551239014), (30, 0.35149168968200684), (31, 0.3539624512195587), (32, 0.3023885488510132), (33, 0.29568225145339966), (34, 0.26796722412109375), (35, 0.3512779176235199), (36, 0.2907189428806305), (37, 0.304972380399704), (38, 0.31184765696525574), (39, 0.2784096598625183), (40, 0.25853782892227173), (41, 0.2407648116350174), (42, 0.22226348519325256), (43, 0.20152676105499268), (44, 0.20319704711437225), (45, 0.22296246886253357), (46, 0.20111192762851715), (47, 0.18777348101139069), (48, 0.20219306647777557), (0, 0.1704934686422348), (1, 0.18699230253696442), (2, 0.1631731390953064), (3, 0.1756674349308014), (4, 0.1641189008951187), (5, 0.142303004860878), (6, 0.14324377477169037), (7, 0.1322169154882431), (8, 0.17968489229679108), (9, 0.16448496282100677), (10, 0.16425757110118866), (11, 0.1401955634355545), (12, 0.21693313121795654), (13, 0.09744659066200256), (14, 0.09320119768381119), (15, 0.10386797040700912), (16, 0.13142919540405273), (17, 0.07964228838682175), (18, 0.12465711683034897), (19, 0.0863470807671547), (20, 0.06798944622278214), (21, 0.10072150826454163), (22, 0.08386535942554474), (23, 0.10174863040447235), (24, 0.07526490837335587), (25, 0.11801109462976456), (26, 0.07333657145500183), (27, 0.07545778155326843), (28, 0.04689077287912369), (29, 0.07924138009548187), (30, 0.039292775094509125), (31, 0.0691320076584816), (32, 0.04650842770934105), (33, 0.0832868292927742), (34, 0.053677722811698914), (35, 0.0855276882648468), (36, 0.07315196096897125), (37, 0.05882975459098816), (38, 0.12815600633621216), (39, 0.041461922228336334), (40, 0.06619025021791458), (41, 0.10702051222324371), (42, 0.032014306634664536), (43, 0.11158878356218338), (44, 0.039216548204422), (45, 0.03486727178096771), (46, 0.04417062923312187), (47, 0.13090850412845612), (48, 0.041738107800483704), (0, 0.12286809831857681), (1, 0.06362108886241913), (2, 0.031225290149450302), (3, 0.08164249360561371), (4, 0.0983954444527626), (5, 0.04284313693642616), (6, 0.03927536681294441), (7, 0.10242633521556854), (8, 0.044789597392082214), (9, 0.03213188797235489), (10, 0.06320904195308685), (11, 0.033545102924108505), (12, 0.04784967005252838), (13, 0.032679565250873566), (14, 0.03268292546272278), (15, 0.029684575274586678), (16, 0.04936870560050011), (17, 0.025563446804881096), (18, 0.04635213315486908), (19, 0.0325997993350029), (20, 0.03604280203580856), (21, 0.020572669804096222), (22, 0.04899975657463074), (23, 0.021745681762695312), (24, 0.020651986822485924), (25, 0.01835591159760952), (26, 0.02330535091459751), (27, 0.0151975704357028), (28, 0.018169695511460304), (29, 0.01935834065079689), (30, 0.01770063489675522), (31, 0.02024604007601738), (32, 0.008982876315712929), (33, 0.010784736834466457), (34, 0.017391402274370193), (35, 0.012905687093734741), (36, 0.012934603728353977), (37, 0.012367649003863335), (38, 0.010179940611124039), (39, 0.009959190152585506), (40, 0.017160644754767418), (41, 0.01060267724096775), (42, 0.006365510169416666), (43, 0.01340535655617714), (44, 0.00775319105014205), (45, 0.009704802185297012), (46, 0.006758144125342369), (47, 0.006176927592605352), (48, 0.008505498990416527), (0, 0.008137195371091366), (1, 0.005789461545646191), (2, 0.005497052799910307), (3, 0.0032203111331909895), (4, 0.009759570471942425), (5, 0.0029362058266997337), (6, 0.00615004962310195), (7, 0.007171835284680128), (8, 0.011819306761026382), (9, 0.010634434409439564), (10, 0.006274676416069269), (11, 0.003779118647798896), (12, 0.003061139490455389), (13, 0.004394846968352795), (14, 0.0037382226437330246), (15, 0.002329706447198987), (16, 0.002938466379418969), (17, 0.0022733365185558796), (18, 0.0033920584246516228), (19, 0.002755972556769848), (20, 0.003284111386165023), (21, 0.005147495307028294), (22, 0.002660226309671998), (23, 0.002645371248945594), (24, 0.004036269150674343), (25, 0.0025867975782603025), (26, 0.0022041399497538805), (27, 0.0019260847475379705), (28, 0.0029004209209233522), (29, 0.0021441576536744833), (30, 0.002219501417130232), (31, 0.0017095592338591814), (32, 0.0036511889193207026), (33, 0.0024979820009320974), (34, 0.0017981847049668431), (35, 0.003045829012989998), (36, 0.0012135999277234077), (37, 0.0021078898571431637), (38, 0.001154787722043693), (39, 0.0009045549668371677), (40, 0.0011902234982699156), (41, 0.0019897082820534706), (42, 0.0020768563263118267), (43, 0.0018741339445114136), (44, 0.0016496730968356133), (45, 0.001670483616180718), (46, 0.0010449123801663518), (47, 0.002920511644333601), (48, 0.0011072881752625108), (0, 0.0012154073920100927), (1, 0.0015481848968192935), (2, 0.002299237996339798), (3, 0.001729487325064838), (4, 0.0010347518837079406), (5, 0.001627397257834673), (6, 0.0012270263396203518), (7, 0.001984946196898818), (8, 0.0010254735825583339), (9, 0.0009870418580248952), (10, 0.0009073999244719744), (11, 0.0013367746723815799), (12, 0.0009954717243090272), (13, 0.0016794236144050956), (14, 0.0008031704346649349), (15, 0.001030194922350347), (16, 0.0010687463218346238), (17, 0.0012905709445476532), (18, 0.0008500386611558497), (19, 0.0013317371485754848), (20, 0.0015473185339942575), (21, 0.000557989755179733), (22, 0.0005506421439349651), (23, 0.0004794138949364424), (24, 0.0011168583296239376), (25, 0.0006396626122295856), (26, 0.0006502339383587241), (27, 0.0013106003170832992), (28, 0.0015462213195860386), (29, 0.001205525710247457), (30, 0.0008467758307233453), (31, 0.0006134347058832645), (32, 0.0009788167662918568), (33, 0.000558677886147052), (34, 0.0007098405039869249), (35, 0.000391247944207862), (36, 0.0013655242510139942), (37, 0.000988659681752324), (38, 0.0010953989112749696), (39, 0.0013375809649005532), (40, 0.0007763084722682834), (41, 0.0007425275398418307), (42, 0.000611926952842623), (43, 0.0007341214804910123), (44, 0.0006838616100139916), (45, 0.00046690739691257477), (46, 0.0005145408795215189), (47, 0.00043911635293625295), (48, 0.0011637648567557335), (0, 0.0006399634294211864), (1, 0.0009936956921592355), (2, 0.0005659778835251927), (3, 0.000645839492790401), (4, 0.0004741210723295808), (5, 0.0004456948081497103), (6, 0.000670245906803757), (7, 0.0006172198918648064), (8, 0.0005685292417183518), (9, 0.0006141134072095156), (10, 0.0007568469736725092), (11, 0.0005077004316262901), (12, 0.0005817043711431324), (13, 0.0005378333735279739), (14, 0.0006240529473870993), (15, 0.00060815061442554), (16, 0.00039605714846402407), (17, 0.0004441644705366343), (18, 0.0005237290752120316), (19, 0.00042136863339692354), (20, 0.000552468525711447), (21, 0.0004725082835648209), (22, 0.0004242055874783546), (23, 0.0004606239963322878), (24, 0.00030341112869791687), (25, 0.00046668079448863864), (26, 0.0003986874653492123), (27, 0.00027136446442455053), (28, 0.0003242529055569321), (29, 0.0005644212942570448), (30, 0.00032729870872572064), (31, 0.0007701639551669359), (32, 0.0004600424726959318), (33, 0.00044752605026587844), (34, 0.0005192200769670308), (35, 0.0004285236936993897), (36, 0.0003227014094591141), (37, 0.000566039583645761), (38, 0.0002698790922295302), (39, 0.00043125919182784855), (40, 0.0004043859662488103), (41, 0.0003788981703110039), (42, 0.0003974638821091503), (43, 0.00036435466608963907), (44, 0.000279242085525766), (45, 0.00043460101005621254), (46, 0.0006549320532940328), (47, 0.00023829721612855792), (48, 0.00036061392165720463), (0, 0.00035125392605550587), (1, 0.00039037567330524325), (2, 0.0003376106033101678), (3, 0.00023098963720258325), (4, 0.0002605220361147076), (5, 0.000407896819524467), (6, 0.00031119553023017943), (7, 0.00047137323417700827), (8, 0.0004584793059621006), (9, 0.0002799017820507288), (10, 0.0005044855643063784), (11, 0.00034481336479075253), (12, 0.00041814104770310223), (13, 0.0002603564353194088), (14, 0.0002519855333957821), (15, 0.00033661507768556476), (16, 0.0003551495901774615), (17, 0.0002505989104975015), (18, 0.000367484986782074), (19, 0.00029698264552280307), (20, 0.00022142940724734217), (21, 0.00024190083786379546), (22, 0.00028879012097604573), (23, 0.0003143027424812317), (24, 0.00021820496476721019), (25, 0.00025103005464188755), (26, 0.00017103520804084837), (27, 0.0002603198227006942), (28, 0.0003372478240635246), (29, 0.0003641489602159709), (30, 0.0002544787130318582), (31, 0.0002882055414374918), (32, 0.00032420962816104293), (33, 0.0003472456301096827), (34, 0.00032358692260459065), (35, 0.0002384672116022557), (36, 0.0002221965987700969), (37, 0.00023253732069861144), (38, 0.0002683029742911458), (39, 0.00024531225790269673), (40, 0.00017992060747928917), (41, 0.0001979633088922128), (42, 0.0002030395407928154), (43, 0.0001615253131603822), (44, 0.0002881406107917428), (45, 0.00018565721984487027), (46, 0.00023893226170912385), (47, 0.00024698954075574875), (48, 0.000167377496836707), (0, 0.00016139652871061116), (1, 0.00020536885131150484), (2, 0.0002873419434763491), (3, 0.00017970686894841492), (4, 0.00020683108596131206), (5, 0.0002229747478850186), (6, 0.00014683985500596464), (7, 0.0002548954216763377), (8, 0.0001753530523274094), (9, 0.00023566061281599104), (10, 0.00013308977941051126), (11, 0.00028354034293442965), (12, 0.00017336048767901957), (13, 0.00020065602438990027), (14, 0.00028232706245034933), (15, 0.00020040804520249367), (16, 0.0001779935701051727), (17, 0.0002454064378980547), (18, 0.000154798268340528), (19, 0.00019942423386964947), (20, 0.00016952045552898198), (21, 0.00023485579004045576), (22, 0.000312470190692693), (23, 0.00020485967979766428), (24, 0.00020976872474420816), (25, 0.0002337894547963515), (26, 0.0003697465290315449), (27, 0.0002729482075665146), (28, 0.00011865606211358681), (29, 0.00021872151410207152), (30, 0.000206882250495255), (31, 0.00016786687774583697), (32, 0.00016681478882674128), (33, 0.0002561122237239033), (34, 0.0001654905645409599), (35, 0.00015020986029412597), (36, 0.00017066251893993467), (37, 0.00020791210408788174), (38, 0.00022344848548527807), (39, 0.00013048978871665895), (40, 0.00016064003284554929), (41, 7.660338451387361e-05), (42, 0.00011721831833710894), (43, 0.00010700072743929923), (44, 0.00020228399080224335), (45, 0.00019985597464255989), (46, 0.0001152459008153528), (47, 0.00018320018716622144), (48, 0.0001574915077071637), (0, 8.295435691252351e-05), (1, 0.0002176605921704322), (2, 0.00014590345381293446), (3, 0.00018378693494014442), (4, 0.0001777910511009395), (5, 0.00018709985306486487), (6, 0.00011617610289249569), (7, 0.0001830887922551483), (8, 0.00024047501210588962), (9, 0.00014818225463386625), (10, 0.00013457411841955036), (11, 0.00013947531988378614), (12, 0.00020787758694496006), (13, 0.00011919610551558435), (14, 0.00015949751832522452), (15, 0.00015007925685495138), (16, 0.00023925703135319054), (17, 0.0001301132288062945), (18, 0.00014494670904241502), (19, 0.00011826022819150239), (20, 0.0001551858731545508), (21, 0.00016606936696916819), (22, 0.0001501130755059421), (23, 0.0002235076972283423), (24, 0.00011131326027680188), (25, 0.00012623380462173373), (26, 0.00012792179768439382), (27, 0.00018002744764089584), (28, 0.00010843249765457585), (29, 0.00014509889297187328), (30, 8.107757457764819e-05), (31, 0.00011753319995477796), (32, 0.0001132561665144749), (33, 0.00012060268636560068), (34, 0.00010284970630891621), (35, 0.00012770603643730283), (36, 9.521340689389035e-05), (37, 0.00017791322898119688), (38, 8.501049160258844e-05), (39, 0.0001235849631484598), (40, 0.00014583952724933624), (41, 0.00012827623868361115), (42, 0.0001541806705063209), (43, 0.0001442272332496941), (44, 9.820118430070579e-05), (45, 0.00012496009003371), (46, 8.58620333019644e-05), (47, 0.0001063107920344919), (48, 0.00011297364108031616), (0, 0.00010596856736810878), (1, 0.00014565391757059842), (2, 0.00010957683116430417), (3, 9.296810458181426e-05), (4, 0.00011662644101306796), (5, 0.0001342220202786848), (6, 0.0001264518650714308), (7, 0.00013432776904664934), (8, 9.25745625863783e-05), (9, 0.00017642042075749487), (10, 0.00010047089017461985), (11, 7.75457447161898e-05), (12, 0.00011058372183470055), (13, 0.00010411132825538516), (14, 0.00012459956633392721), (15, 0.00015514588449150324), (16, 0.00013473333092406392), (17, 8.497623639414087e-05), (18, 7.743859168840572e-05), (19, 0.00012799829710274935), (20, 8.303927461383864e-05), (21, 5.9764610341517255e-05), (22, 9.556164150126278e-05), (23, 0.00010086222755489871), (24, 8.746729145059362e-05), (25, 9.40311438171193e-05), (26, 0.00010190793545916677), (27, 0.00012541312025859952), (28, 0.00012135385622968897), (29, 0.00018139361054636538), (30, 9.868288179859519e-05), (31, 0.0001279418502235785), (32, 8.330772834597155e-05), (33, 0.00011878016084665433), (34, 7.868500688346103e-05), (35, 5.2945149946026504e-05), (36, 0.00011350530985509977), (37, 7.127788558136672e-05), (38, 6.529375241370872e-05), (39, 9.075319394469261e-05), (40, 0.00011551752686500549), (41, 7.3448900366202e-05), (42, 0.00011107933823950589), (43, 8.73430835781619e-05), (44, 9.012156806420535e-05), (45, 0.00011340908531565219), (46, 5.276792580843903e-05), (47, 7.18716109986417e-05), (48, 6.97744035278447e-05)]