Model Setup for Uniformvirtual {PATIENT_GROUPS} Trained Network:

{NETWORK_TYPE} Network Architecture Parameters
Input channels=22
Hidden channels=128
Output channels=1

Training hyperparameters
Optimizer=AdamW (
Parameter Group 0
    amsgrad: False
    betas: (0.9, 0.999)
    capturable: False
    differentiable: False
    eps: 1e-08
    foreach: None
    fused: None
    lr: 0.001
    maximize: False
    weight_decay: 1e-06
)Training Iterations=50
Learning rate=0.001
Weight decay=1e-06
Optimizer reset frequency=None

Dropout probability (after initial linear layer before NCDE): 0
Training Data Selection Parameters
(If not virtual, the only important params are the groups and whether data was normalized/standardized)
Patient groups=['Control', 'MDD']
Augmentation strategy=Uniform
Noise Magnitude=0.05
Normalized/standardized=StandardizeAll
Number of virtual patients per real patient=100
Label smoothing factor=0
Test Patient Combinations:
Control: (10, 5)
MDD: (27, 47, 13, 25, 5)
Training batch size=200
Training Results:
Runtime=4.368651866912842
Loss over time=[(0, 0.7124800086021423), (1, 0.6884987354278564), (2, 0.6912965178489685), (3, 0.6791970729827881), (4, 0.6576505899429321), (5, 0.6571663022041321), (6, 0.6633937954902649), (7, 0.6600143313407898), (8, 0.6505699753761292), (9, 0.6275405287742615), (10, 0.6109014749526978), (11, 0.5827043056488037), (12, 0.6179529428482056), (13, 0.5723358392715454), (14, 0.5620425939559937), (15, 0.562968909740448), (16, 0.5647838711738586), (17, 0.5577148199081421), (18, 0.49138331413269043), (19, 0.5326662063598633), (20, 0.47467145323753357), (21, 0.5019739270210266), (22, 0.5506342053413391), (23, 0.46330392360687256), (24, 0.49364063143730164), (25, 0.4628055691719055), (26, 0.41006630659103394), (27, 0.4757755398750305), (28, 0.42565831542015076), (29, 0.444144070148468), (30, 0.39749160408973694), (31, 0.4020109474658966), (32, 0.3886478841304779), (33, 0.3636837899684906), (34, 0.4115411043167114), (35, 0.3625638484954834), (36, 0.363821804523468), (37, 0.363168865442276), (38, 0.30687737464904785), (39, 0.32306885719299316), (40, 0.3133105933666229), (41, 0.32849007844924927), (42, 0.28529906272888184), (43, 0.29415440559387207), (44, 0.2908536195755005), (45, 0.2103576511144638), (46, 0.2927771806716919), (47, 0.24028252065181732), (48, 0.210696741938591), (49, 0.24691158533096313), (50, 0.15980054438114166), (0, 0.23055697977542877), (1, 0.20098979771137238), (2, 0.24720588326454163), (3, 0.16018515825271606), (4, 0.19660820066928864), (5, 0.15922681987285614), (6, 0.15235750377178192), (7, 0.1889016032218933), (8, 0.17687883973121643), (9, 0.19813232123851776), (10, 0.14712339639663696), (11, 0.09985855966806412), (12, 0.17898772656917572), (13, 0.1533227115869522), (14, 0.11959757655858994), (15, 0.08496230095624924), (16, 0.12464680522680283), (17, 0.10115483403205872), (18, 0.10896307229995728), (19, 0.09812682867050171), (20, 0.07312016934156418), (21, 0.13554054498672485), (22, 0.09930247068405151), (23, 0.06869002431631088), (24, 0.12139040231704712), (25, 0.11504731327295303), (26, 0.06800279021263123), (27, 0.07938731461763382), (28, 0.15317335724830627), (29, 0.09644381701946259), (30, 0.07874616980552673), (31, 0.08286444842815399), (32, 0.08342933654785156), (33, 0.05034909397363663), (34, 0.042214345186948776), (35, 0.07068847864866257), (36, 0.15689340233802795), (37, 0.05776481702923775), (38, 0.08042288571596146), (39, 0.0811082050204277), (40, 0.06905250996351242), (41, 0.035053424537181854), (42, 0.044264353811740875), (43, 0.07511381804943085), (44, 0.04275241866707802), (45, 0.08895301073789597), (46, 0.07320977747440338), (47, 0.03323705866932869), (48, 0.05549569055438042), (49, 0.10824345797300339), (50, 0.029400663450360298), (0, 0.03939148411154747), (1, 0.04705611616373062), (2, 0.021960582584142685), (3, 0.040638577193021774), (4, 0.03549095243215561), (5, 0.024724574759602547), (6, 0.036124564707279205), (7, 0.030952617526054382), (8, 0.05328163132071495), (9, 0.048761509358882904), (10, 0.029480185359716415), (11, 0.0324975922703743), (12, 0.03637661784887314), (13, 0.058985646814107895), (14, 0.02477310411632061), (15, 0.026064865291118622), (16, 0.02487846650183201), (17, 0.029002051800489426), (18, 0.022615332156419754), (19, 0.025714673101902008), (20, 0.03445061668753624), (21, 0.020776890218257904), (22, 0.009293212555348873), (23, 0.011931713670492172), (24, 0.02488096058368683), (25, 0.021913088858127594), (26, 0.010337403044104576), (27, 0.017970018088817596), (28, 0.016661085188388824), (29, 0.011587929911911488), (30, 0.03484278917312622), (31, 0.019256995990872383), (32, 0.01562424749135971), (33, 0.014894071035087109), (34, 0.015414892695844173), (35, 0.01610475964844227), (36, 0.033700089901685715), (37, 0.004674294497817755), (38, 0.017263585701584816), (39, 0.02006220817565918), (40, 0.012771956622600555), (41, 0.005493525415658951), (42, 0.027854500338435173), (43, 0.033027347177267075), (44, 0.00811024010181427), (45, 0.09041479229927063), (46, 0.00993252545595169), (47, 0.01404840499162674), (48, 0.02042716182768345), (49, 0.02266896888613701), (50, 0.03698242828249931), (0, 0.0146559439599514), (1, 0.05701204761862755), (2, 0.014151174575090408), (3, 0.005337915383279324), (4, 0.020865673199295998), (5, 0.02343885414302349), (6, 0.003880269592627883), (7, 0.004565675277262926), (8, 0.0039603495970368385), (9, 0.021975763142108917), (10, 0.008818195201456547), (11, 0.00804838165640831), (12, 0.01029533427208662), (13, 0.008177238516509533), (14, 0.006927673704922199), (15, 0.004165652208030224), (16, 0.006494577974081039), (17, 0.003701035864651203), (18, 0.0048989225178956985), (19, 0.0042969281785190105), (20, 0.004614189267158508), (21, 0.005746504291892052), (22, 0.007100168615579605), (23, 0.003396524116396904), (24, 0.006217378191649914), (25, 0.004453213885426521), (26, 0.002688079373911023), (27, 0.0023714450653642416), (28, 0.0037873375695198774), (29, 0.003537514479830861), (30, 0.00294052273966372), (31, 0.004161766730248928), (32, 0.002445433521643281), (33, 0.002307324670255184), (34, 0.0030469773337244987), (35, 0.002635754644870758), (36, 0.0010430653346702456), (37, 0.002528964541852474), (38, 0.002076126169413328), (39, 0.0019918770994991064), (40, 0.0018261512741446495), (41, 0.0020722670014947653), (42, 0.002764401724562049), (43, 0.0022327753249555826), (44, 0.0022071192506700754), (45, 0.002290220931172371), (46, 0.001425916445441544), (47, 0.0012648062547668815), (48, 0.0011683404445648193), (49, 0.001748465932905674), (50, 0.0016065272502601147), (0, 0.0015414772788062692), (1, 0.0016325062606483698), (2, 0.003019602969288826), (3, 0.00174287473782897), (4, 0.0018991164397448301), (5, 0.0012869766214862466), (6, 0.0014946189476177096), (7, 0.0016070842975750566), (8, 0.0013199575478211045), (9, 0.0015833043726161122), (10, 0.003818783676251769), (11, 0.0013052048161625862), (12, 0.002668561413884163), (13, 0.0021576848812401295), (14, 0.0010160229867324233), (15, 0.0007586527499370277), (16, 0.0012288916623219848), (17, 0.0011512622004374862), (18, 0.0012295879423618317), (19, 0.0009545672219246626), (20, 0.0016015628352761269), (21, 0.0014558159746229649), (22, 0.0013887245440855622), (23, 0.0016056797467172146), (24, 0.0009622210054658353), (25, 0.001487087458372116), (26, 0.0009962625335901976), (27, 0.001074732979759574), (28, 0.0016435817815363407), (29, 0.0008384607499465346), (30, 0.0007783269975334406), (31, 0.0006894934340380132), (32, 0.0007361392490565777), (33, 0.0018644252559170127), (34, 0.0010661345440894365), (35, 0.0007515822071582079), (36, 0.001115212100557983), (37, 0.0008427668362855911), (38, 0.0011560122948139906), (39, 0.000611056515481323), (40, 0.0006449534557759762), (41, 0.001000179792754352), (42, 0.0006774651119485497), (43, 0.0015755972126498818), (44, 0.0007818125304765999), (45, 0.0017847669078037143), (46, 0.0008292085840366781), (47, 0.001106334151700139), (48, 0.001528881024569273), (49, 0.0014380927896127105), (50, 0.0008042473345994949), (0, 0.0011364489328116179), (1, 0.0007718376582488418), (2, 0.000991974025964737), (3, 0.0014009918086230755), (4, 0.0008492264896631241), (5, 0.0005009591695852578), (6, 0.0012333826161921024), (7, 0.00116877187974751), (8, 0.0009420130518265069), (9, 0.00064430310158059), (10, 0.0013387951767072082), (11, 0.000871405703946948), (12, 0.0007270202040672302), (13, 0.0006853882223367691), (14, 0.0004512913874350488), (15, 0.0004710403736680746), (16, 0.0005145200993865728), (17, 0.0009689402650110424), (18, 0.0009188881376758218), (19, 0.0007773666293360293), (20, 0.0007758697611279786), (21, 0.0007355663692578673), (22, 0.0005691371043212712), (23, 0.0006313610356301069), (24, 0.0009615378803573549), (25, 0.0003910180239472538), (26, 0.0009063998586498201), (27, 0.0006783670396544039), (28, 0.0007603723788633943), (29, 0.000656795920804143), (30, 0.0006444703321903944), (31, 0.0002658038283698261), (32, 0.00040897048893384635), (33, 0.0006549004465341568), (34, 0.0006225242977961898), (35, 0.0005599941359832883), (36, 0.00043801203719340265), (37, 0.0008225967176258564), (38, 0.0003555557632353157), (39, 0.0005194371333345771), (40, 0.0005189848598092794), (41, 0.0004950021393597126), (42, 0.0009231886942870915), (43, 0.0004512674349825829), (44, 0.00031747252796776593), (45, 0.0002876825747080147), (46, 0.0004653700452763587), (47, 0.0006766936858184636), (48, 0.00032203056616708636), (49, 0.0004851376870647073), (50, 0.0006223819218575954), (0, 0.00031676198705099523), (1, 0.000433010165579617), (2, 0.00041582732228562236), (3, 0.0008906979346647859), (4, 0.0004458666662685573), (5, 0.00037332368083298206), (6, 0.0005772247677668929), (7, 0.0007064154488034546), (8, 0.00039060201379470527), (9, 0.0009125045035034418), (10, 0.000551779055967927), (11, 0.0005319924675859511), (12, 0.0005619701114483178), (13, 0.0002851542376447469), (14, 0.00029765121871605515), (15, 0.000371469184756279), (16, 0.00028075481532141566), (17, 0.0005952115170657635), (18, 0.0005068057216703892), (19, 0.00040586080285720527), (20, 0.0004398488672450185), (21, 0.0003450099320616573), (22, 0.00042704836232587695), (23, 0.0004258185508660972), (24, 0.000412787456298247), (25, 0.00031512233545072377), (26, 0.00039084895979613066), (27, 0.0005595078109763563), (28, 0.0004052755539305508), (29, 0.00038776389556005597), (30, 0.0002881689288187772), (31, 0.00017832324374467134), (32, 0.0003249321016483009), (33, 0.000327308545820415), (34, 0.00031357858097180724), (35, 0.0005940186092630029), (36, 0.00021011494391132146), (37, 0.0003243912651669234), (38, 0.0004734468529932201), (39, 0.00028046092484146357), (40, 0.0005903939018025994), (41, 0.0002284340444020927), (42, 0.00025522056967020035), (43, 0.0005043120472691953), (44, 0.00023513007909059525), (45, 0.0005652359104715288), (46, 0.00020655150001402944), (47, 0.000330085342284292), (48, 0.00021043226297479123), (49, 0.0004394204879645258), (50, 0.00013330865476746112), (0, 0.0005673984996974468), (1, 0.00021937990095466375), (2, 0.00022724430891685188), (3, 0.0001974488259293139), (4, 0.00022182728571351618), (5, 0.00028066858067177236), (6, 0.0002719345793593675), (7, 0.00023677966964896768), (8, 0.00014239674783311784), (9, 0.00019022534252144396), (10, 0.00036931419163011014), (11, 0.00027897657128050923), (12, 0.00030873477226123214), (13, 0.00028500010375864804), (14, 0.00039912378997541964), (15, 0.00032144933356903493), (16, 0.00029549203463830054), (17, 0.0002409582957625389), (18, 0.00028460248722694814), (19, 0.00032370342523790896), (20, 0.0001784488995326683), (21, 0.00029614067170768976), (22, 0.0002975191455334425), (23, 0.00023973628412932158), (24, 0.00024244336236733943), (25, 0.0004944172687828541), (26, 0.00039781705709174275), (27, 0.00023613568919245154), (28, 0.00017202738672494888), (29, 0.0003672112070489675), (30, 0.0004902037908323109), (31, 0.00018307598656974733), (32, 0.00024777400540187955), (33, 0.0001718480489216745), (34, 0.0003355551161803305), (35, 0.00032918620854616165), (36, 0.00028980604838579893), (37, 0.00024670292623341084), (38, 0.00022693295613862574), (39, 0.0002728875260800123), (40, 0.00024267946719191968), (41, 0.0003512788098305464), (42, 0.00019443657947704196), (43, 0.0002822369569912553), (44, 0.0001744518376654014), (45, 0.00032767426455393434), (46, 0.00019950341084040701), (47, 0.00015869009075686336), (48, 0.0002629505470395088), (49, 0.0003324287827126682), (50, 0.00040108629036694765), (0, 0.0002505886950530112), (1, 0.00018891885702032596), (2, 0.0003371591737959534), (3, 0.00022423597692977637), (4, 0.0004173034685663879), (5, 0.00021343784464988858), (6, 0.00018855949747376144), (7, 0.00026332837296649814), (8, 0.00012575431901495904), (9, 0.0002620021114125848), (10, 0.0001539808581583202), (11, 0.0001481242652516812), (12, 0.00019529722339939326), (13, 0.0003633635933510959), (14, 0.0002486711600795388), (15, 0.00021229386038612574), (16, 0.00013568997383117676), (17, 0.00023344712099060416), (18, 0.00017652699898462743), (19, 0.00018600717885419726), (20, 0.000198707653908059), (21, 0.0002613085671328008), (22, 0.00011445160635048524), (23, 0.00017260704771615565), (24, 0.0001291698426939547), (25, 0.00024796114303171635), (26, 0.00030677224276587367), (27, 0.00016374675033148378), (28, 0.0001506729458924383), (29, 0.00015816345694474876), (30, 0.00011426008131820709), (31, 0.0002455269277561456), (32, 9.928819781634957e-05), (33, 0.0001555591297801584), (34, 0.00014641591405961663), (35, 0.0002050559560302645), (36, 0.00016186560969799757), (37, 0.0002044223074335605), (38, 0.00029037665808573365), (39, 0.00014717274461872876), (40, 0.00015899920254014432), (41, 0.00013388773368205875), (42, 0.00018612839630804956), (43, 0.00012902202433906496), (44, 0.00023392583534587175), (45, 0.0001596565416548401), (46, 0.00015237569459713995), (47, 0.0001832679263316095), (48, 0.00027337740175426006), (49, 0.0003028930223081261), (50, 0.00013581897655967623), (0, 0.0004263820592314005), (1, 0.00020298981689848006), (2, 0.00021772463514935225), (3, 0.0002439010568195954), (4, 0.00015058164717629552), (5, 0.00019827690266538411), (6, 0.000151298227137886), (7, 0.00027625716757029295), (8, 0.00021009304327890277), (9, 0.00021836947416886687), (10, 0.00013336213305592537), (11, 0.00012919004075229168), (12, 0.00020118341490160674), (13, 0.00015910669753793627), (14, 0.00024768654839135706), (15, 0.00015065357729326934), (16, 0.00010977435886161402), (17, 0.00014095961523707956), (18, 0.00011994416126981378), (19, 0.00010904849477810785), (20, 8.968079782789573e-05), (21, 0.00010762245074147359), (22, 0.0002537391846999526), (23, 0.0001190450057038106), (24, 0.00014815249596722424), (25, 0.00017891127208713442), (26, 0.00016303019947372377), (27, 0.00011909167369594797), (28, 0.00014807468687649816), (29, 0.00012854493979830295), (30, 0.0003033929388038814), (31, 7.587335858261213e-05), (32, 0.00010962227679556236), (33, 0.0001606210134923458), (34, 7.657777314307168e-05), (35, 0.00010672481585061178), (36, 7.215284858830273e-05), (37, 0.00010319123248336837), (38, 0.0001029397826641798), (39, 8.72737800818868e-05), (40, 0.00014345422096084803), (41, 0.00014144340821076185), (42, 0.00011361589713487774), (43, 0.00015857847756706178), (44, 0.00011312901915516704), (45, 7.931323489174247e-05), (46, 0.00011871280730701983), (47, 0.0001682970323599875), (48, 0.00014541024575009942), (49, 0.0002685250074137002), (50, 7.227333844639361e-05), (0, 0.00020830519497394562), (1, 0.0001511068403488025), (2, 8.513472130289301e-05), (3, 0.00012849892664235085), (4, 7.488629489671439e-05), (5, 0.00011548052862053737), (6, 0.00014933879720047116), (7, 9.605033119441941e-05), (8, 0.00013337134441826493), (9, 0.00011441503738751635), (10, 0.0001327328063780442), (11, 5.819688885821961e-05), (12, 0.00012869045895058662), (13, 0.0001439271873096004), (14, 0.00021572643890976906), (15, 0.00010451079288031906), (16, 9.843747830018401e-05), (17, 6.860799476271495e-05), (18, 0.0002876830694731325), (19, 8.639639418106526e-05), (20, 0.0001391732948832214), (21, 0.0001343159965472296), (22, 0.00011094829096691683), (23, 0.00013855795259587467), (24, 0.00010754824324976653), (25, 9.311325993621722e-05), (26, 7.052144792396575e-05), (27, 0.0001426257222192362), (28, 0.00012633934966288507), (29, 0.0001362827606499195), (30, 7.021665805950761e-05), (31, 6.684243271593004e-05), (32, 7.870014087529853e-05), (33, 0.0001231486676260829), (34, 0.00013464485527947545), (35, 7.944245589897037e-05), (36, 0.00012311831233091652), (37, 0.00018811460176948458), (38, 8.397711644647643e-05), (39, 0.00010210654727416113), (40, 0.0001049520360538736), (41, 0.00010763424506876618), (42, 6.624674279009923e-05), (43, 0.00013976471382193267), (44, 7.482549699489027e-05), (45, 0.00010006037337007001), (46, 0.0001653968938626349), (47, 0.0001349060476059094), (48, 0.00020835573377553374), (49, 7.773347897455096e-05), (50, 0.0001768205256666988), (0, 7.243298023240641e-05), (1, 0.00017348103574477136), (2, 0.00010251835192320868), (3, 0.00011282885679975152), (4, 6.081992614781484e-05), (5, 9.818957187235355e-05), (6, 9.683161624707282e-05), (7, 0.0001613631466170773), (8, 0.00020398270862642676), (9, 0.00013230249169282615), (10, 7.173293852247298e-05), (11, 8.494123903801665e-05), (12, 6.797313108108938e-05), (13, 9.940096060745418e-05), (14, 0.0001247998879989609), (15, 9.468676580581814e-05), (16, 9.737103391671553e-05), (17, 0.00010417375597171485), (18, 7.937357440823689e-05), (19, 0.00013683205179404467), (20, 0.00014367119001690298), (21, 0.00010628347081365064), (22, 5.2695708291139454e-05), (23, 6.322571425698698e-05), (24, 0.00010455035953782499), (25, 0.00015871977666392922), (26, 0.00011201731831533834), (27, 7.021325291134417e-05), (28, 0.00010042684152722359), (29, 4.985892155673355e-05), (30, 0.00010786466009449214), (31, 8.404325490118936e-05), (32, 0.00022301006538327783), (33, 8.583760063629597e-05), (34, 9.122055053012446e-05), (35, 4.995576455257833e-05), (36, 7.595743227284402e-05), (37, 7.52759151509963e-05), (38, 7.02343531884253e-05), (39, 0.0001020963245537132), (40, 6.99754455126822e-05), (41, 6.724978447891772e-05), (42, 8.27072944957763e-05), (43, 7.851542613934726e-05), (44, 4.784610428032465e-05), (45, 6.303477130131796e-05), (46, 6.669859430985525e-05), (47, 5.350419814931229e-05), (48, 3.6983179597882554e-05), (49, 6.702567770844325e-05), (50, 8.977951802080497e-05), (0, 0.00014271214604377747), (1, 9.65636718319729e-05), (2, 4.2323135858168826e-05), (3, 0.0001481235958635807), (4, 4.653703945223242e-05), (5, 8.118026016745716e-05), (6, 6.200378993526101e-05), (7, 9.570386464474723e-05), (8, 7.949123391881585e-05), (9, 4.644857835955918e-05), (10, 0.00011825212277472019), (11, 0.00021113870025146753), (12, 0.00010323836613679305), (13, 4.246508615324274e-05), (14, 5.696340303984471e-05), (15, 5.36302977707237e-05), (16, 8.99720034794882e-05), (17, 6.912696699146181e-05), (18, 6.53783354209736e-05), (19, 5.729857730329968e-05), (20, 5.3161555115366355e-05), (21, 7.889369589975104e-05), (22, 6.42443192191422e-05), (23, 0.00011482991249067709), (24, 6.0519065300468355e-05), (25, 7.414510764647275e-05), (26, 6.448798376368359e-05), (27, 5.185872214497067e-05), (28, 9.320801473222673e-05), (29, 0.00011824683315353468), (30, 4.420792538439855e-05), (31, 6.886567280162126e-05), (32, 0.00012067149509675801), (33, 5.325716847437434e-05), (34, 0.00015038497804198414), (35, 7.432999700540677e-05), (36, 4.9069683882407844e-05), (37, 8.592475205659866e-05), (38, 4.729706415673718e-05), (39, 6.278105865931138e-05), (40, 5.4408526921179146e-05), (41, 5.179033541935496e-05), (42, 4.490052378969267e-05), (43, 4.109461951884441e-05), (44, 3.633911910583265e-05), (45, 6.969927926547825e-05), (46, 5.1309634727658704e-05), (47, 3.944025229429826e-05), (48, 3.903627293766476e-05), (49, 6.222953379619867e-05), (50, 2.529150151531212e-05), (0, 5.0675440434133634e-05), (1, 6.594558362849057e-05), (2, 4.85642121930141e-05), (3, 4.156878640060313e-05), (4, 5.852524554939009e-05), (5, 0.00010181603283854201), (6, 0.00011870594607898965), (7, 5.0884427764685825e-05), (8, 5.264675201033242e-05), (9, 3.364444637554698e-05), (10, 5.213225813349709e-05), (11, 3.5593002394307405e-05), (12, 6.109337118687108e-05), (13, 6.128747918410227e-05), (14, 6.0358601331245154e-05), (15, 7.518882193835452e-05), (16, 7.125570846255869e-05), (17, 2.5720795747474767e-05), (18, 0.00015913121751509607), (19, 4.0140737837646157e-05), (20, 0.00010224249126622453), (21, 6.905080954311416e-05), (22, 3.769958493649028e-05), (23, 4.3262389226583764e-05), (24, 5.039667303208262e-05), (25, 0.00011084847210440785), (26, 8.871166210155934e-05), (27, 7.805200584698468e-05), (28, 5.6610162573633716e-05), (29, 4.470794374356046e-05), (30, 2.6682102543418296e-05), (31, 3.5364751965971664e-05), (32, 3.8778696762165055e-05), (33, 6.822391151217744e-05), (34, 5.219682498136535e-05), (35, 4.8256584705086425e-05), (36, 4.490387800615281e-05), (37, 2.8605600164155476e-05), (38, 6.937389116501436e-05), (39, 0.00010328929056413472), (40, 7.935256871860474e-05), (41, 6.007259071338922e-05), (42, 3.696721978485584e-05), (43, 7.11804605089128e-05), (44, 8.329848787980154e-05), (45, 3.675370680866763e-05), (46, 6.319543172139674e-05), (47, 4.602484477800317e-05), (48, 4.9641021178103983e-05), (49, 4.973184331902303e-05), (50, 1.7461423340137117e-05), (0, 4.5290686102816835e-05), (1, 6.703293911414221e-05), (2, 6.785618461435661e-05), (3, 4.733954483526759e-05), (4, 5.273002170724794e-05), (5, 9.062387835001573e-05), (6, 5.221659375820309e-05), (7, 2.2065529265091754e-05), (8, 9.985603537643328e-05), (9, 3.84527156711556e-05), (10, 6.015330654918216e-05), (11, 7.024894875939935e-05), (12, 3.017769631696865e-05), (13, 3.6888999602524564e-05), (14, 4.5080170821165666e-05), (15, 3.2492869650013745e-05), (16, 3.0778021027799696e-05), (17, 4.0589013224234805e-05), (18, 4.983272810932249e-05), (19, 5.173558747628704e-05), (20, 7.314429240068421e-05), (21, 9.370496263727546e-05), (22, 5.016854629502632e-05), (23, 2.3325290385400876e-05), (24, 2.9935476050013676e-05), (25, 2.1563599148066714e-05), (26, 5.346684702089988e-05), (27, 7.393905980279669e-05), (28, 5.1547205657698214e-05), (29, 5.037974551669322e-05), (30, 8.388376591028646e-05), (31, 2.251640398753807e-05), (32, 3.055445267818868e-05), (33, 3.7366629840107635e-05), (34, 6.633643351960927e-05), (35, 5.194783807382919e-05), (36, 4.3096970330225304e-05), (37, 2.9199225537013263e-05), (38, 2.7990674425382167e-05), (39, 5.0236722017871216e-05), (40, 5.080150731373578e-05), (41, 4.489719867706299e-05), (42, 3.041172203666065e-05), (43, 7.451247074641287e-05), (44, 2.7670899726217613e-05), (45, 4.655137672671117e-05), (46, 6.166314415168017e-05), (47, 5.269488610792905e-05), (48, 3.080685928580351e-05), (49, 2.105348903569393e-05), (50, 5.5734668421791866e-05), (0, 2.6816342142410576e-05), (1, 3.7585588870570064e-05), (2, 3.204342283424921e-05), (3, 4.925631947116926e-05), (4, 3.556393858161755e-05), (5, 4.967077256878838e-05), (6, 2.1802210540045053e-05), (7, 4.233537401887588e-05), (8, 4.403441562317312e-05), (9, 6.561700865859166e-05), (10, 4.351600364316255e-05), (11, 4.414157592691481e-05), (12, 4.106084816157818e-05), (13, 2.0227869754307903e-05), (14, 3.2551775802858174e-05), (15, 4.338047801866196e-05), (16, 4.450241613085382e-05), (17, 3.452261444181204e-05), (18, 4.1126088035525754e-05), (19, 1.764448643370997e-05), (20, 3.238820136175491e-05), (21, 0.00012720125960186124), (22, 3.7540768971666694e-05), (23, 2.264604700030759e-05), (24, 3.77344767912291e-05), (25, 4.152351539232768e-05), (26, 2.5186298444168642e-05), (27, 6.874719838378951e-05), (28, 3.75034251192119e-05), (29, 3.8906051486264914e-05), (30, 4.66459896415472e-05), (31, 2.4692655642866157e-05), (32, 2.926514935097657e-05), (33, 4.876899402006529e-05), (34, 2.0646783013944514e-05), (35, 6.315286009339616e-05), (36, 3.125989678665064e-05), (37, 4.057706973981112e-05), (38, 2.8035943614668213e-05), (39, 2.958290497190319e-05), (40, 3.572068817447871e-05), (41, 4.9936519644688815e-05), (42, 4.420550976647064e-05), (43, 4.388880915939808e-05), (44, 1.9049333786824718e-05), (45, 3.485740307951346e-05), (46, 6.078787555452436e-05), (47, 4.62765310658142e-05), (48, 4.3179003114346415e-05), (49, 4.011084820376709e-05), (50, 3.204991662641987e-05), (0, 3.243048195145093e-05), (1, 2.955081254185643e-05), (2, 3.0027043976588175e-05), (3, 4.70287814096082e-05), (4, 5.604121906799264e-05), (5, 3.8831232814118266e-05), (6, 2.2315780370263383e-05), (7, 3.283144542365335e-05), (8, 2.7488476916914806e-05), (9, 2.3554694053018466e-05), (10, 2.0284182028262876e-05), (11, 1.696219260338694e-05), (12, 4.048675691592507e-05), (13, 4.4854721636511385e-05), (14, 2.421812678221613e-05), (15, 4.742853343486786e-05), (16, 3.4691627661231905e-05), (17, 2.027185109909624e-05), (18, 4.380325844977051e-05), (19, 2.15701074921526e-05), (20, 2.7893691367353313e-05), (21, 1.9190511011402123e-05), (22, 7.848245149943978e-05), (23, 4.1037834307644516e-05), (24, 2.1698735508834943e-05), (25, 3.202033622073941e-05), (26, 3.289517917437479e-05), (27, 7.00456730555743e-05), (28, 3.4165324905188754e-05), (29, 3.075150743825361e-05), (30, 2.2418107619159855e-05), (31, 1.3369560292630922e-05), (32, 4.795994027517736e-05), (33, 3.4645905543584377e-05), (34, 2.084283551084809e-05), (35, 2.29839079111116e-05), (36, 3.3914981031557545e-05), (37, 2.3411297661368735e-05), (38, 5.009404048905708e-05), (39, 1.2269720173208043e-05), (40, 5.52207711734809e-05), (41, 1.945206349773798e-05), (42, 5.724569200538099e-05), (43, 2.6702740797190927e-05), (44, 4.0931408875621855e-05), (45, 2.0312052583904006e-05), (46, 5.4550342611037195e-05), (47, 3.4770986530929804e-05), (48, 1.7625605323701166e-05), (49, 3.0474802770186216e-05), (50, 5.513565702131018e-05), (0, 3.957405351684429e-05), (1, 2.5492878194199875e-05), (2, 4.7125020500971004e-05), (3, 2.506307282601483e-05), (4, 3.208616180927493e-05), (5, 1.604732096893713e-05), (6, 4.9613536248216406e-05), (7, 2.1577681764028966e-05), (8, 2.5075330995605327e-05), (9, 2.3329239411395974e-05), (10, 3.179110717610456e-05), (11, 2.6613450245349668e-05), (12, 2.975663483084645e-05), (13, 1.9348846763023175e-05), (14, 2.963141923828516e-05), (15, 1.7780103007680736e-05), (16, 2.738564035098534e-05), (17, 6.545314681716263e-05), (18, 2.135550676030107e-05), (19, 2.212942490587011e-05), (20, 1.468574828322744e-05), (21, 2.3178281480795704e-05), (22, 2.335288627364207e-05), (23, 3.356672459631227e-05), (24, 1.8739874576567672e-05), (25, 4.795995482709259e-05), (26, 4.855992301600054e-05), (27, 1.7561700587975793e-05), (28, 3.730159005499445e-05), (29, 2.1608038878184743e-05), (30, 1.7764476069714874e-05), (31, 2.2019941752660088e-05), (32, 1.3806002243654802e-05), (33, 1.7548380128573626e-05), (34, 4.581631947075948e-05), (35, 1.7983846191782504e-05), (36, 2.7402875275583938e-05), (37, 2.7002481147064827e-05), (38, 2.7530961233424023e-05), (39, 2.856124956451822e-05), (40, 1.5535200873273425e-05), (41, 3.3850872569018975e-05), (42, 2.6344532670918852e-05), (43, 3.70182933693286e-05), (44, 6.183310324558988e-05), (45, 2.6423600502312183e-05), (46, 2.3347389287664555e-05), (47, 2.9287424695212394e-05), (48, 2.1197000023676082e-05), (49, 1.5628949768142775e-05), (50, 2.0986382878618315e-05), (0, 2.2132997401058674e-05), (1, 1.6306621546391398e-05), (2, 2.765993122011423e-05), (3, 6.691080488963053e-05), (4, 3.0170429454301484e-05), (5, 2.790529470075853e-05), (6, 2.4619352188892663e-05), (7, 2.7216965463594534e-05), (8, 2.687609776330646e-05), (9, 3.4714907087618485e-05), (10, 2.4992092221509665e-05), (11, 2.288585528731346e-05), (12, 2.4197881430154666e-05), (13, 2.993860289279837e-05), (14, 2.4781944375718012e-05), (15, 2.2721817003912292e-05), (16, 2.0244289771653712e-05), (17, 1.4460416423389688e-05), (18, 2.2950081984163262e-05), (19, 5.041087933932431e-05), (20, 2.8067088351235725e-05), (21, 1.9989929569419473e-05), (22, 1.5975638234522194e-05), (23, 1.5809651813469827e-05), (24, 1.360864371235948e-05), (25, 1.3295825738168787e-05), (26, 2.5272129278164357e-05), (27, 1.497853736509569e-05), (28, 1.8795901269186288e-05), (29, 3.629992716014385e-05), (30, 2.7547639547265135e-05), (31, 2.0591927750501782e-05), (32, 3.5577617381932214e-05), (33, 1.6390817108913325e-05), (34, 1.796345713955816e-05), (35, 2.5858576918835752e-05), (36, 2.6311470719520003e-05), (37, 3.396875399630517e-05), (38, 2.4356508220080286e-05), (39, 2.0511193724814802e-05), (40, 2.287426650582347e-05), (41, 1.7261103494092822e-05), (42, 1.8624945369083434e-05), (43, 2.3502077965531498e-05), (44, 1.406456340191653e-05), (45, 2.232238693977706e-05), (46, 1.4466037100646645e-05), (47, 2.3653399694012478e-05), (48, 7.238035323098302e-05), (49, 2.1845786250196397e-05), (50, 1.5333504052250646e-05), (0, 2.198776746809017e-05), (1, 1.588191298651509e-05), (2, 1.815453106246423e-05), (3, 2.591047450550832e-05), (4, 1.2361905646685045e-05), (5, 1.937180059030652e-05), (6, 1.4781606296310201e-05), (7, 1.9685056031448767e-05), (8, 4.7717410780023783e-05), (9, 1.0075563295686152e-05), (10, 1.6150399460457265e-05), (11, 4.023125802632421e-05), (12, 1.9061295461142436e-05), (13, 1.2714960575976875e-05), (14, 2.8102525902795605e-05), (15, 1.0958373422909062e-05), (16, 5.7821849622996524e-05), (17, 2.6637722839950584e-05), (18, 9.351339031127281e-06), (19, 1.8416214516037144e-05), (20, 3.83560145564843e-05), (21, 2.240114554297179e-05), (22, 1.973290454770904e-05), (23, 2.0338835383881815e-05), (24, 1.783748302841559e-05), (25, 1.4064546121517196e-05), (26, 2.1236641259747557e-05), (27, 2.4078795831883326e-05), (28, 1.3946548278909177e-05), (29, 2.8048109015799128e-05), (30, 2.138792297046166e-05), (31, 1.5262290617101826e-05), (32, 1.156927191914292e-05), (33, 1.3408732229436282e-05), (34, 2.7010286430595443e-05), (35, 2.3809721824363805e-05), (36, 1.0448135071783327e-05), (37, 1.6035875887610018e-05), (38, 1.2842775504395831e-05), (39, 1.6401121683884412e-05), (40, 1.2564884855237324e-05), (41, 1.6006530131562613e-05), (42, 1.0741629921540152e-05), (43, 3.0440309274126776e-05), (44, 2.433083500363864e-05), (45, 1.2493600479501765e-05), (46, 1.2529910236480646e-05), (47, 2.9443557650665753e-05), (48, 2.5258908863179386e-05), (49, 2.717971619858872e-05), (50, 8.791334948909935e-06), (0, 1.5366145817097276e-05), (1, 1.8245942555950023e-05), (2, 1.720596628729254e-05), (3, 1.1446954886196181e-05), (4, 6.272241080296226e-06), (5, 1.2044812137901317e-05), (6, 1.0569580808805767e-05), (7, 1.828158929129131e-05), (8, 4.443353464012034e-05), (9, 2.753467379079666e-05), (10, 2.117137955792714e-05), (11, 8.583760063629597e-06), (12, 1.2809020518034231e-05), (13, 1.735431760607753e-05), (14, 1.9430934116826393e-05), (15, 1.651776437938679e-05), (16, 3.6270215787226334e-05), (17, 1.693762169452384e-05), (18, 1.014839654089883e-05), (19, 1.2741902537527494e-05), (20, 4.4295069528743625e-05), (21, 1.4467062101175543e-05), (22, 2.0487314031925052e-05), (23, 7.912962246336974e-06), (24, 2.030093310168013e-05), (25, 1.7786900571081787e-05), (26, 1.2025375326629728e-05), (27, 2.3467306164093316e-05), (28, 1.444340705347713e-05), (29, 1.5341393009293824e-05), (30, 3.442875458858907e-05), (31, 1.5133963643165771e-05), (32, 2.5074436052818783e-05), (33, 2.311368916707579e-05), (34, 1.405794046149822e-05), (35, 1.8243961676489562e-05), (36, 1.3710147868550848e-05), (37, 1.1774205631809309e-05), (38, 9.027226951729972e-06), (39, 2.3735496142762713e-05), (40, 1.031707779475255e-05), (41, 2.0580011550919153e-05), (42, 1.797829827410169e-05), (43, 2.8453683626139536e-05), (44, 3.189082053722814e-05), (45, 1.2710998817055952e-05), (46, 1.3663995559909381e-05), (47, 1.7245274648303166e-05), (48, 1.312839776801411e-05), (49, 3.125937655568123e-05), (50, 6.795746685384074e-06), (0, 5.194310233491706e-06), (1, 1.4982713764766231e-05), (2, 5.991275429551024e-06), (3, 1.1261573490628507e-05), (4, 1.7421843949705362e-05), (5, 1.937819797603879e-05), (6, 1.3404238416114822e-05), (7, 2.301513268321287e-05), (8, 1.69304184964858e-05), (9, 2.3209999199025333e-05), (10, 1.9521268768585287e-05), (11, 1.1033924238290638e-05), (12, 2.785761171253398e-05), (13, 3.404420203878544e-05), (14, 1.1466706382634584e-05), (15, 1.596064248587936e-05), (16, 1.0178394404647406e-05), (17, 1.3429526916297618e-05), (18, 1.5299627193599008e-05), (19, 9.786937880562618e-06), (20, 2.603177199489437e-05), (21, 1.2311703358136583e-05), (22, 2.09911977435695e-05), (23, 1.0819748240464833e-05), (24, 2.260584369651042e-05), (25, 4.641771374735981e-05), (26, 1.312774111283943e-05), (27, 1.11935478344094e-05), (28, 1.4926295079931151e-05), (29, 1.2560007235151716e-05), (30, 1.102914939110633e-05), (31, 1.093136870622402e-05), (32, 1.5662719306419604e-05), (33, 1.3220808796177153e-05), (34, 1.5835803424124606e-05), (35, 1.2854105079895817e-05), (36, 1.7477339497418143e-05), (37, 1.3235697224445175e-05), (38, 1.0594962077448145e-05), (39, 4.179221377853537e-06), (40, 1.4871382518322207e-05), (41, 1.224611060024472e-05), (42, 1.5626537788193673e-05), (43, 1.7747574020177126e-05), (44, 1.2791678273060825e-05), (45, 8.334824997291435e-06), (46, 1.5113046174519695e-05), (47, 1.4138614460534882e-05), (48, 2.801148730213754e-05), (49, 1.855435039033182e-05), (50, 6.595009381271666e-06), (0, 1.1692355656123254e-05), (1, 2.020831743720919e-05), (2, 7.268934950843686e-06), (3, 1.545888517284766e-05), (4, 1.4855680092296097e-05), (5, 1.2614485058293212e-05), (6, 7.3135488491971046e-06), (7, 1.7048969311872497e-05), (8, 1.1733912288036663e-05), (9, 1.2896653061034158e-05), (10, 7.2228767749038525e-06), (11, 1.2064781913068146e-05), (12, 1.747907663229853e-05), (13, 8.75375098985387e-06), (14, 1.348844944004668e-05), (15, 2.573067285993602e-05), (16, 1.8729268049355596e-05), (17, 1.6914862499106675e-05), (18, 8.86387988430215e-06), (19, 1.160694591817446e-05), (20, 1.2905163202958647e-05), (21, 1.6001526091713458e-05), (22, 9.438878805667628e-06), (23, 3.214564640074968e-05), (24, 1.3952970220998395e-05), (25, 1.283283836528426e-05), (26, 7.017972166067921e-06), (27, 6.354141078190878e-06), (28, 7.196219939942239e-06), (29, 1.0764563739940058e-05), (30, 1.3303025298228022e-05), (31, 1.1980447197856847e-05), (32, 2.091886017296929e-05), (33, 7.94296011008555e-06), (34, 2.302513712493237e-05), (35, 1.2126349247409962e-05), (36, 1.0759087672340684e-05), (37, 3.483731779851951e-05), (38, 1.732599594106432e-05), (39, 1.58838156494312e-05), (40, 8.45989507070044e-06), (41, 1.0738098353613168e-05), (42, 1.0022289643529803e-05), (43, 1.0690906492527574e-05), (44, 1.2017706467304379e-05), (45, 2.1834688595845364e-05), (46, 9.771539225766901e-06), (47, 1.4547213140758686e-05), (48, 1.556779898237437e-05), (49, 1.6256304661510512e-05), (50, 1.2362203960947227e-05), (0, 1.1436995919211768e-05), (1, 1.091182366508292e-05), (2, 1.3560596016759519e-05), (3, 2.997607043653261e-05), (4, 1.1014710253220983e-05), (5, 2.832443169609178e-05), (6, 9.991628758143634e-06), (7, 6.01833880864433e-06), (8, 1.9352852177689783e-05), (9, 8.876533684087917e-06), (10, 1.3073356967652217e-05), (11, 1.3570443115895614e-05), (12, 7.805851964803878e-06), (13, 1.4850406842015218e-05), (14, 1.4746267879672814e-05), (15, 1.379788591293618e-05), (16, 9.751802281243727e-06), (17, 1.8114129488822073e-05), (18, 1.0984679647663143e-05), (19, 7.289695076906355e-06), (20, 8.103897926048376e-06), (21, 1.0608113370835781e-05), (22, 1.8609540347824804e-05), (23, 1.773661279003136e-05), (24, 5.27935571881244e-06), (25, 1.90020273294067e-05), (26, 1.677290492807515e-05), (27, 8.976780009106733e-06), (28, 7.089998689480126e-06), (29, 1.0849439604498912e-05), (30, 7.335489499382675e-06), (31, 1.561335739097558e-05), (32, 4.815307420358295e-06), (33, 2.112912443408277e-05), (34, 2.2866706785862334e-05), (35, 3.6549026845023036e-06), (36, 7.238959824462654e-06), (37, 9.422467883268837e-06), (38, 6.952728199394187e-06), (39, 8.327684554387815e-06), (40, 7.359668416029308e-06), (41, 6.726965693815146e-06), (42, 7.000840923865326e-06), (43, 1.2758687262248714e-05), (44, 1.614175198483281e-05), (45, 1.3596799362858292e-05), (46, 6.9963721216481645e-06), (47, 6.221393050509505e-06), (48, 1.743065149639733e-05), (49, 1.0162641046917997e-05), (50, 1.31941578729311e-05), (0, 8.023795999179129e-06), (1, 1.986935967579484e-05), (2, 1.1235733836656436e-05), (3, 8.144529601850081e-06), (4, 1.2710934242932126e-05), (5, 1.4922145965101663e-05), (6, 5.566776962950826e-06), (7, 1.1010513844667003e-05), (8, 1.1119988812424708e-05), (9, 1.975777377083432e-05), (10, 1.7053627743734978e-05), (11, 9.191102435579523e-06), (12, 8.597377927799243e-06), (13, 1.2725970009341836e-05), (14, 5.886332928639604e-06), (15, 9.165403753286228e-06), (16, 9.679994036559947e-06), (17, 4.781872576131718e-06), (18, 2.0621708245016634e-05), (19, 8.966224413597956e-06), (20, 8.548799996788148e-06), (21, 6.991960162849864e-06), (22, 9.229426723322831e-06), (23, 1.5527886716881767e-05), (24, 4.509800419327803e-06), (25, 1.2372315723041538e-05), (26, 9.963642696675379e-06), (27, 1.0945328540401533e-05), (28, 9.77960280579282e-06), (29, 9.528768714517355e-06), (30, 1.6337702618329786e-05), (31, 7.500615993194515e-06), (32, 7.780609848850872e-06), (33, 5.871404937352054e-06), (34, 5.858251824975014e-06), (35, 7.132683549571084e-06), (36, 1.1617024028964806e-05), (37, 1.9642513507278636e-05), (38, 7.047980943752918e-06), (39, 1.6074392988230102e-05), (40, 8.881917892722413e-06), (41, 7.3863416218955535e-06), (42, 1.1058079508075025e-05), (43, 7.918531991890632e-06), (44, 8.53811070555821e-06), (45, 7.701824870309792e-06), (46, 1.6360911104129627e-05), (47, 7.123878276615869e-06), (48, 1.2075225640728604e-05), (49, 8.10064739198424e-06), (50, 2.4071414372883737e-05), (0, 8.142650585796218e-06), (1, 2.9806082238792442e-05), (2, 1.0068752089864574e-05), (3, 7.898580406617839e-06), (4, 8.674044693179894e-06), (5, 8.802976481092628e-06), (6, 1.166576475952752e-05), (7, 9.693867468740791e-06), (8, 1.057714325725101e-05), (9, 6.623695753660286e-06), (10, 9.15546297619585e-06), (11, 1.8481012375559658e-05), (12, 1.3450950973492581e-05), (13, 1.8582804841571487e-05), (14, 1.436288221157156e-05), (15, 5.138594588061096e-06), (16, 1.0224105608358514e-05), (17, 1.0487525287317112e-05), (18, 7.612004992552102e-06), (19, 1.1957425158470869e-05), (20, 2.105662861140445e-05), (21, 8.736438758205622e-06), (22, 1.13654505184968e-05), (23, 1.1442351024015807e-05), (24, 8.280659130832646e-06), (25, 9.259295438823756e-06), (26, 7.94888001109939e-06), (27, 9.127525117946789e-06), (28, 7.107801138772629e-06), (29, 1.128482381318463e-05), (30, 1.0945775102300104e-05), (31, 8.098525540845003e-06), (32, 5.74395062358235e-06), (33, 1.0865267540793866e-05), (34, 1.2203968253743369e-05), (35, 8.310998055094387e-06), (36, 7.91906495578587e-06), (37, 6.0763745750591625e-06), (38, 1.0279917660227511e-05), (39, 1.0252499123453163e-05), (40, 5.115597105032066e-06), (41, 9.272998795495369e-06), (42, 5.839998266310431e-06), (43, 6.6344796323392075e-06), (44, 6.590360044356203e-06), (45, 5.222582331043668e-06), (46, 9.662809134169947e-06), (47, 5.672979114024201e-06), (48, 6.442010999307968e-06), (49, 5.8297869145462755e-06), (50, 5.390774276747834e-06), (0, 6.772203050786629e-06), (1, 6.876763563923305e-06), (2, 7.451546935044462e-06), (3, 1.6620626411167905e-05), (4, 1.842487654357683e-05), (5, 4.295762664696667e-06), (6, 6.97194127496914e-06), (7, 1.2231125765538309e-05), (8, 6.826907792856218e-06), (9, 7.800772436894476e-06), (10, 8.084698492893949e-06), (11, 8.371736839762889e-06), (12, 7.4948738983948715e-06), (13, 9.545726243231911e-06), (14, 1.829339817049913e-05), (15, 5.372938630898716e-06), (16, 2.304945155628957e-05), (17, 5.986310043226695e-06), (18, 9.169374607154168e-06), (19, 8.414391231781337e-06), (20, 1.0302624104951974e-05), (21, 5.1199522204115056e-06), (22, 1.4269382518250495e-05), (23, 6.7881837821914814e-06), (24, 8.071790034591686e-06), (25, 5.020332537242211e-06), (26, 1.183031690743519e-05), (27, 3.937509973184206e-06), (28, 5.834473540744511e-06), (29, 7.243337677209638e-06), (30, 6.057052360119997e-06), (31, 4.219057245791191e-06), (32, 8.342618457390927e-06), (33, 1.1784545677073766e-05), (34, 7.851196642150171e-06), (35, 1.1579631973290816e-05), (36, 8.796745532890782e-06), (37, 5.68974292036728e-06), (38, 6.120477792137535e-06), (39, 6.9771626840520184e-06), (40, 1.357819746772293e-05), (41, 5.755265647167107e-06), (42, 4.99444649904035e-06), (43, 8.161825462593697e-06), (44, 4.11340624850709e-06), (45, 8.486954357067589e-06), (46, 1.8628476027515717e-05), (47, 8.179755241144449e-06), (48, 7.240842023747973e-06), (49, 6.693240720778704e-06), (50, 4.172221451881342e-06), (0, 5.1271617849124596e-06), (1, 6.966963610466337e-06), (2, 8.272264494735282e-06), (3, 1.147630246123299e-05), (4, 7.223766260722186e-06), (5, 8.835053449729457e-06), (6, 1.0410654795123264e-05), (7, 1.1531170457601547e-05), (8, 8.032150617509615e-06), (9, 3.553176838977379e-06), (10, 1.0708580703067128e-05), (11, 5.669390702678356e-06), (12, 9.426133146916982e-06), (13, 3.4215422601846512e-06), (14, 5.417302418209147e-06), (15, 7.997499778866768e-06), (16, 5.67906226933701e-06), (17, 5.958917427051347e-06), (18, 5.989260898786597e-06), (19, 2.4446486349916086e-05), (20, 8.680304745212197e-06), (21, 7.402821665891679e-06), (22, 9.822392712521832e-06), (23, 5.914424036745913e-06), (24, 9.959064300346654e-06), (25, 3.9466062844439875e-06), (26, 1.191526280308608e-05), (27, 5.1743163567152806e-06), (28, 7.386339348158799e-06), (29, 3.732666073119617e-06), (30, 1.0198147720075212e-05), (31, 5.787261216028128e-06), (32, 5.78944764129119e-06), (33, 6.896278136991896e-06), (34, 1.2118236554670148e-05), (35, 4.786069439433049e-06), (36, 8.911209988582414e-06), (37, 6.757180017302744e-06), (38, 7.510249815823045e-06), (39, 4.321425421949243e-06), (40, 5.283128302835394e-06), (41, 7.173917765612714e-06), (42, 8.243800948548596e-06), (43, 8.240217539423611e-06), (44, 8.157559932442382e-06), (45, 1.1000273843819741e-05), (46, 6.521383966173744e-06), (47, 1.7236019630217925e-05), (48, 5.702390353690134e-06), (49, 5.763280569226481e-06), (50, 4.606913535099011e-06), (0, 7.230933988466859e-06), (1, 8.254166459664702e-06), (2, 6.963778105273377e-06), (3, 6.095572643971536e-06), (4, 4.884022473561345e-06), (5, 5.589480224443832e-06), (6, 7.130524409149075e-06), (7, 6.9695643105660565e-06), (8, 1.3611204849439673e-05), (9, 4.378666744742077e-06), (10, 6.217623194970656e-06), (11, 5.062660875410074e-06), (12, 8.726216037757695e-06), (13, 1.6619502275716513e-05), (14, 3.831949470622931e-06), (15, 4.234203970554518e-06), (16, 7.18774572305847e-06), (17, 5.425401468528435e-06), (18, 4.826623353437753e-06), (19, 7.546379947598325e-06), (20, 4.610455107467715e-06), (21, 8.064987923717126e-06), (22, 8.637680366518907e-06), (23, 4.621912012225948e-06), (24, 1.345734199276194e-05), (25, 2.0694829800049774e-05), (26, 1.2669162060774397e-05), (27, 1.1190476470801514e-05), (28, 4.297121449781116e-06), (29, 4.344964509073179e-06), (30, 3.425989689276321e-06), (31, 6.6452739702071995e-06), (32, 4.913904831482796e-06), (33, 5.947899353486719e-06), (34, 4.976405307388632e-06), (35, 5.352176231099293e-06), (36, 6.387657322193263e-06), (37, 3.791146355069941e-06), (38, 9.779159881873056e-06), (39, 1.0371561074862257e-05), (40, 7.549703695985954e-06), (41, 4.198037913738517e-06), (42, 6.173153451527469e-06), (43, 5.102252544020303e-06), (44, 5.562899332289817e-06), (45, 6.811485945945606e-06), (46, 5.004004833608633e-06), (47, 4.660065314965323e-06), (48, 2.8290594400459668e-06), (49, 5.1864526540157385e-06), (50, 5.798499387310585e-06), (0, 9.395806046086363e-06), (1, 6.838715762569336e-06), (2, 4.9082191253546625e-06), (3, 3.89313845516881e-06), (4, 6.93552419761545e-06), (5, 4.744699253933504e-06), (6, 4.011406417703256e-06), (7, 5.6689332268433645e-06), (8, 6.161271812743507e-06), (9, 3.938367171940627e-06), (10, 7.235856173792854e-06), (11, 4.040468411403708e-06), (12, 4.554948645818513e-06), (13, 5.896568382013356e-06), (14, 8.998593330034055e-06), (15, 7.385072422039229e-06), (16, 6.224980097613297e-06), (17, 4.810438440472353e-06), (18, 1.544894439575728e-05), (19, 5.2803015933022834e-06), (20, 9.148673598247115e-06), (21, 8.395346412726212e-06), (22, 5.175527803658042e-06), (23, 3.5435441532172263e-06), (24, 6.394077900040429e-06), (25, 7.346902748395223e-06), (26, 7.449907570844516e-06), (27, 5.772689291916322e-06), (28, 3.130978939225315e-06), (29, 1.1857586287078448e-05), (30, 6.45498585072346e-06), (31, 3.5830066735798027e-06), (32, 4.392799382912926e-06), (33, 8.137227268889546e-06), (34, 3.4301965570193715e-06), (35, 7.877453754190356e-06), (36, 6.5067420109699015e-06), (37, 5.521208095160546e-06), (38, 5.011285338696325e-06), (39, 6.063484306650935e-06), (40, 1.3754176507063676e-05), (41, 4.676895514421631e-06), (42, 6.664256034127902e-06), (43, 6.813795152993407e-06), (44, 4.194360826659249e-06), (45, 3.2565512810833752e-06), (46, 4.095752956345677e-06), (47, 5.5253399295907e-06), (48, 5.875238002772676e-06), (49, 4.826797976420494e-06), (50, 7.117879704310326e-06), (0, 9.336862603959162e-06), (1, 1.2607022654265165e-05), (2, 4.116256150155095e-06), (3, 3.3898011224664515e-06), (4, 4.447022092790576e-06), (5, 3.5528739772416884e-06), (6, 5.5250984587473795e-06), (7, 4.291477125661913e-06), (8, 5.7562010624678805e-06), (9, 4.540772806649329e-06), (10, 3.427806859690463e-06), (11, 3.033872872038046e-06), (12, 4.494582753977738e-06), (13, 5.160241471457994e-06), (14, 6.732291240041377e-06), (15, 3.375637106728391e-06), (16, 9.882217455015052e-06), (17, 4.71871908303001e-06), (18, 1.7493688574177213e-05), (19, 6.646321253356291e-06), (20, 4.980694029654842e-06), (21, 5.3132248467591126e-06), (22, 4.4122884901298676e-06), (23, 2.787568973872112e-06), (24, 8.592146514274646e-06), (25, 4.541184807749232e-06), (26, 6.884211870783474e-06), (27, 7.627567356394138e-06), (28, 5.9862109083042014e-06), (29, 5.1207734941272065e-06), (30, 6.215632765815826e-06), (31, 3.7225433970888844e-06), (32, 5.309552761900704e-06), (33, 4.335424364398932e-06), (34, 3.805522965194541e-06), (35, 6.444121027016081e-06), (36, 1.5846220776438713e-05), (37, 4.748250375996577e-06), (38, 3.3511760193505324e-06), (39, 2.6518534923525294e-06), (40, 5.173969384486554e-06), (41, 4.32134174843668e-06), (42, 6.571836820512544e-06), (43, 5.83476503379643e-06), (44, 3.882467808580259e-06), (45, 2.695119974305271e-06), (46, 3.4911229249701137e-06), (47, 5.370682174543617e-06), (48, 4.552210157271475e-06), (49, 9.355700967716984e-06), (50, 5.370327471609926e-06), (0, 2.637722900544759e-06), (1, 2.191952034991118e-06), (2, 4.6189070417312905e-06), (3, 4.654588792618597e-06), (4, 9.244093234883621e-06), (5, 1.931091901496984e-06), (6, 9.975587090593763e-06), (7, 9.585038242221344e-06), (8, 4.8439619604323525e-06), (9, 1.2551227882795502e-05), (10, 5.782052539871074e-06), (11, 2.9067875857435865e-06), (12, 6.510700131912017e-06), (13, 5.880598109797575e-06), (14, 6.7810983637173194e-06), (15, 5.588613021245692e-06), (16, 4.091331902600359e-06), (17, 2.377689725108212e-06), (18, 5.613540906779235e-06), (19, 4.053080829180544e-06), (20, 3.3099640859290957e-06), (21, 1.2655869795707986e-05), (22, 3.227203478672891e-06), (23, 3.1621664220438106e-06), (24, 6.34421076028957e-06), (25, 2.921453187809675e-06), (26, 6.179016054375097e-06), (27, 8.396538760280237e-06), (28, 4.3225136323599145e-06), (29, 6.1632536016986705e-06), (30, 4.7072003326320555e-06), (31, 3.3463504678366007e-06), (32, 4.4633648030867334e-06), (33, 6.246821158129023e-06), (34, 4.371392606117297e-06), (35, 3.60577428182296e-06), (36, 3.97107214666903e-06), (37, 5.629580755339703e-06), (38, 3.5973810099676484e-06), (39, 2.6159534627367975e-06), (40, 5.978729404887417e-06), (41, 3.957675289711915e-06), (42, 4.760414412885439e-06), (43, 6.068019956728676e-06), (44, 8.251221515820362e-06), (45, 4.751370397571009e-06), (46, 4.307340986997588e-06), (47, 3.2151740469998913e-06), (48, 6.3327270254376344e-06), (49, 4.70701797894435e-06), (50, 1.8313830878469162e-06), (0, 7.617299615958473e-06), (1, 5.335379228199599e-06), (2, 5.124764356878586e-06), (3, 7.050028216326609e-06), (4, 4.693268692790298e-06), (5, 2.022175294769113e-06), (6, 2.5776701022550697e-06), (7, 3.433647179917898e-06), (8, 1.5953566617099568e-05), (9, 3.9560991353937425e-06), (10, 3.4810789202310843e-06), (11, 4.8124888962775e-06), (12, 4.214848559058737e-06), (13, 3.601540583986207e-06), (14, 2.8631145596591523e-06), (15, 3.1647016385250026e-06), (16, 4.450929736776743e-06), (17, 2.186978008467122e-06), (18, 3.90097693525604e-06), (19, 4.8918377615336794e-06), (20, 4.048735718242824e-06), (21, 7.101417850208236e-06), (22, 2.645200311235385e-06), (23, 5.9318422245269176e-06), (24, 1.4072313206270337e-05), (25, 7.508945600420702e-06), (26, 2.153708010155242e-06), (27, 3.3045682812371524e-06), (28, 5.336017238732893e-06), (29, 3.5315151762915775e-06), (30, 4.331044237915194e-06), (31, 1.1095121408288833e-05), (32, 2.946782615254051e-06), (33, 7.04493959347019e-06), (34, 3.872108209179714e-06), (35, 2.984688535434543e-06), (36, 3.22669257002417e-06), (37, 3.96919449485722e-06), (38, 1.8149246443499578e-06), (39, 3.129616288788384e-06), (40, 3.08473272525589e-06), (41, 4.5835927267035e-06), (42, 5.465143658511806e-06), (43, 3.943118372262688e-06), (44, 7.3244796112703625e-06), (45, 2.2055910449125804e-06), (46, 3.8385587686207145e-06), (47, 6.103111445554532e-06), (48, 3.851005658361828e-06), (49, 4.256467491359217e-06), (50, 3.435541657381691e-06), (0, 2.108711214532377e-06), (1, 4.366056600701995e-06), (2, 3.496014869597275e-06), (3, 3.431294544498087e-06), (4, 3.9341211959254e-06), (5, 3.1585791475663427e-06), (6, 6.8754516178159975e-06), (7, 7.093209205777384e-06), (8, 3.0726566819794243e-06), (9, 6.072499218134908e-06), (10, 1.1151419130328577e-05), (11, 6.52758399155573e-06), (12, 5.11263397129369e-06), (13, 5.0868165999418125e-06), (14, 2.2363608422892867e-06), (15, 2.002698010983295e-06), (16, 2.069195943477098e-06), (17, 3.503491370793199e-06), (18, 7.272012680914486e-06), (19, 3.344627884871443e-06), (20, 3.950126028939849e-06), (21, 5.238876383373281e-06), (22, 4.533212177193491e-06), (23, 8.755675480642822e-06), (24, 3.996267423644895e-06), (25, 2.5788058337639086e-06), (26, 6.925379693711875e-06), (27, 2.9285779419296887e-06), (28, 2.230502559541492e-06), (29, 2.9070995424262946e-06), (30, 5.730849807150662e-06), (31, 4.080853159393882e-06), (32, 6.448774456657702e-06), (33, 3.253105433032033e-06), (34, 6.519613634736743e-06), (35, 3.6409944641491165e-06), (36, 1.4808446167080547e-06), (37, 3.913964519597357e-06), (38, 2.133075668098172e-06), (39, 2.7094438337371685e-06), (40, 3.374746256668004e-06), (41, 5.5894761317176744e-06), (42, 4.078005531482631e-06), (43, 5.086590590508422e-06), (44, 2.4581520392530365e-06), (45, 8.293105565826409e-06), (46, 5.14607063450967e-06), (47, 4.521051778283436e-06), (48, 4.162580808042549e-06), (49, 3.4473764571885113e-06), (50, 3.096447017014725e-06), (0, 4.227317731420044e-06), (1, 2.9819138944731094e-06), (2, 3.9986193769436795e-06), (3, 1.8056316548609175e-06), (4, 5.344657893147087e-06), (5, 2.595049409137573e-06), (6, 2.702498250073404e-06), (7, 1.0745966392278206e-05), (8, 2.4729677079449175e-06), (9, 5.049564606451895e-06), (10, 4.711699602921726e-06), (11, 2.5384715627296828e-06), (12, 3.4775957828969695e-06), (13, 8.447214895568322e-06), (14, 2.968373337353114e-06), (15, 3.4054360185109545e-06), (16, 4.000957233074587e-06), (17, 5.26782923770952e-06), (18, 2.489046664777561e-06), (19, 4.833125785808079e-06), (20, 3.110918896709336e-06), (21, 5.413260169007117e-06), (22, 2.9733218980254605e-06), (23, 2.986189429066144e-06), (24, 2.029235702138976e-06), (25, 4.55983581559849e-06), (26, 6.814587777626002e-06), (27, 4.166073267697357e-06), (28, 8.680402061145287e-06), (29, 7.28735312804929e-06), (30, 4.9138989197672345e-06), (31, 1.830258497648174e-06), (32, 5.0222065510752145e-06), (33, 4.012944827991305e-06), (34, 2.0468955881369766e-06), (35, 2.829488948918879e-06), (36, 4.139672000746941e-06), (37, 2.571456434452557e-06), (38, 6.995429430389777e-06), (39, 3.5556959119276144e-06), (40, 4.257185537426267e-06), (41, 4.1848625187412836e-06), (42, 3.544485934980912e-06), (43, 3.477920245131827e-06), (44, 2.1693010694434633e-06), (45, 2.9329860353755066e-06), (46, 4.134794380661333e-06), (47, 1.84035206984845e-06), (48, 4.693996288551716e-06), (49, 2.4347918952116743e-06), (50, 1.2872530987806385e-06), (0, 3.823211955022998e-06), (1, 3.0617707125202287e-06), (2, 2.5411948172404664e-06), (3, 3.2597315566817997e-06), (4, 2.6128591343876906e-06), (5, 3.0192195481504314e-06), (6, 4.5827750909666065e-06), (7, 3.382173645150033e-06), (8, 2.8837364425271517e-06), (9, 2.263163196403184e-06), (10, 3.6068297504243674e-06), (11, 2.9666841783182463e-06), (12, 2.6416798846184975e-06), (13, 3.802037781497347e-06), (14, 1.7985552176469355e-06), (15, 4.300992259231862e-06), (16, 5.260947091301205e-06), (17, 5.242437509878073e-06), (18, 4.118359356652945e-06), (19, 2.6669129056244856e-06), (20, 2.132195731974207e-06), (21, 5.399221663537901e-06), (22, 1.9456513200566405e-06), (23, 8.23358914203709e-06), (24, 4.029255705972901e-06), (25, 7.379936960205669e-06), (26, 5.4806750995339826e-06), (27, 3.669172656373121e-06), (28, 2.258503172924975e-06), (29, 5.715290171792731e-06), (30, 3.6081009966437705e-06), (31, 2.8295826268731616e-06), (32, 3.467334636297892e-06), (33, 2.746186510194093e-06), (34, 3.8953226066951174e-06), (35, 3.724883526956546e-06), (36, 2.6796233214554377e-06), (37, 1.91791104953154e-06), (38, 9.876907824946102e-06), (39, 4.631577212421689e-06), (40, 2.64873983724101e-06), (41, 1.7468746591475792e-06), (42, 3.379119334567804e-06), (43, 6.389109330484644e-06), (44, 3.230097718187608e-06), (45, 2.606219140943722e-06), (46, 2.5744834601937328e-06), (47, 4.565435119729955e-06), (48, 2.4517462406947743e-06), (49, 1.4888427131154458e-06), (50, 4.674039701058064e-06), (0, 3.446314849497867e-06), (1, 3.469311877779546e-06), (2, 3.90591731047607e-06), (3, 5.387414603319485e-06), (4, 2.999174739670707e-06), (5, 1.983454922083183e-06), (6, 3.947970071749296e-06), (7, 2.825030605890788e-06), (8, 3.000606966452324e-06), (9, 4.493749656830914e-06), (10, 2.267088575536036e-06), (11, 2.1846283289050916e-06), (12, 4.778410129802069e-06), (13, 1.0272180588799529e-05), (14, 2.352794354010257e-06), (15, 2.8797478535125265e-06), (16, 1.996665332626435e-06), (17, 2.8280558126425603e-06), (18, 2.893465534725692e-06), (19, 2.215462927779299e-06), (20, 2.7848589070345042e-06), (21, 1.948617637026473e-06), (22, 3.3997732771240408e-06), (23, 7.429996458085952e-06), (24, 4.069031547260238e-06), (25, 1.8382164626018493e-06), (26, 2.385832431173185e-06), (27, 4.8663118832337204e-06), (28, 9.98254199657822e-06), (29, 1.378014417241502e-06), (30, 2.5041954359039664e-06), (31, 2.3092156880011316e-06), (32, 2.322225782336318e-06), (33, 3.808947212746716e-06), (34, 3.83510905521689e-06), (35, 5.02275815961184e-06), (36, 6.017282885295572e-06), (37, 1.9398482891119784e-06), (38, 2.8361776003293926e-06), (39, 2.594267471067724e-06), (40, 1.719904844321718e-06), (41, 2.6949699076794786e-06), (42, 2.946790800706367e-06), (43, 2.527429614929133e-06), (44, 1.4894056903358432e-06), (45, 1.715863049867039e-06), (46, 5.120443347550463e-06), (47, 4.222826646582689e-06), (48, 4.401957085065078e-06), (49, 1.8818319631463964e-06), (50, 3.420501343498472e-06), (0, 2.5164852104353486e-06), (1, 2.846295501512941e-06), (2, 3.131342509732349e-06), (3, 2.091179112539976e-06), (4, 7.5103826020495035e-06), (5, 3.911372459697304e-06), (6, 1.7525652538097347e-06), (7, 1.5631572978236363e-06), (8, 1.877807108030538e-06), (9, 2.092015847665607e-06), (10, 2.8377319267747225e-06), (11, 7.372768777713645e-06), (12, 4.4478038034867495e-06), (13, 2.9318425731617026e-06), (14, 3.806767381320242e-06), (15, 4.88680552734877e-06), (16, 1.9943736333516426e-06), (17, 3.224201464036014e-06), (18, 3.5374648632569006e-06), (19, 2.228342509624781e-06), (20, 1.987238647416234e-06), (21, 3.936502253054641e-06), (22, 2.4926528112700908e-06), (23, 3.046769506909186e-06), (24, 1.4644060684076976e-06), (25, 4.747338152810698e-06), (26, 3.873060450132471e-06), (27, 2.1406056021078257e-06), (28, 1.6604229813310667e-06), (29, 2.9863876989111304e-06), (30, 1.6744373851906857e-06), (31, 2.401407300567371e-06), (32, 3.2511359222553438e-06), (33, 6.4654509515094105e-06), (34, 9.043647878570482e-06), (35, 1.251421508641215e-06), (36, 2.4592807221779367e-06), (37, 2.354941671001143e-06), (38, 2.867774355763686e-06), (39, 7.361373718595132e-06), (40, 2.3324860194406938e-06), (41, 1.8191587969340617e-06), (42, 1.5945296354402672e-06), (43, 2.87078000837937e-06), (44, 2.5781723707041238e-06), (45, 2.4984356059576385e-06), (46, 5.291397883411264e-06), (47, 3.19661603498389e-06), (48, 2.931941708084196e-06), (49, 3.5089415177935734e-06), (50, 2.696498313525808e-06), (0, 2.3407922071783105e-06), (1, 1.9518722638167674e-06), (2, 2.0249308363418095e-06), (3, 5.505352874024538e-06), (4, 2.59339594776975e-06), (5, 2.3753016193950316e-06), (6, 5.826052074553445e-06), (7, 3.5919981655752053e-06), (8, 4.04770753448247e-06), (9, 2.8081651635147864e-06), (10, 2.4126395601342665e-06), (11, 2.7583557766774902e-06), (12, 2.2156250452098902e-06), (13, 2.2290373635769356e-06), (14, 1.2644497928704368e-06), (15, 2.7923265406570863e-06), (16, 2.4915123049140675e-06), (17, 3.6562198602041462e-06), (18, 2.0316556401667185e-06), (19, 1.9544911538105225e-06), (20, 5.158052772458177e-06), (21, 3.398213948457851e-06), (22, 2.2704032289766474e-06), (23, 1.579037757437618e-06), (24, 2.511460706955404e-06), (25, 2.2159238142194226e-06), (26, 2.7664227673085406e-06), (27, 1.955166453626589e-06), (28, 1.559201450618275e-06), (29, 2.206965064033284e-06), (30, 3.797656290771556e-06), (31, 1.7787490378395887e-06), (32, 1.5420918089148472e-06), (33, 1.9321539639349794e-06), (34, 3.7912229799985653e-06), (35, 2.1610226212942507e-06), (36, 1.5226947880364605e-06), (37, 2.2949980120756663e-06), (38, 5.319006959325634e-06), (39, 4.059063030581456e-06), (40, 1.8362782157055335e-06), (41, 2.6371508283773437e-06), (42, 5.613536814053077e-06), (43, 5.533136572921649e-06), (44, 1.957684844455798e-06), (45, 7.3183236963814124e-06), (46, 3.82261259801453e-06), (47, 1.927507582877297e-06), (48, 2.3200443592941156e-06), (49, 2.1957678200124064e-06), (50, 1.5911505215626676e-06), (0, 1.9446786154730944e-06), (1, 3.474006689430098e-06), (2, 1.7682342559055542e-06), (3, 2.427407252980629e-06), (4, 2.4176838451239746e-06), (5, 1.886389668470656e-06), (6, 2.4638484319439158e-06), (7, 6.355199275276391e-06), (8, 3.1431764000444673e-06), (9, 2.2121516849438194e-06), (10, 1.7549821222928585e-06), (11, 2.0755301193275955e-06), (12, 7.300467132154154e-06), (13, 2.994680926349247e-06), (14, 2.1088992525619688e-06), (15, 1.5269386040017707e-06), (16, 2.433467216178542e-06), (17, 3.817936885752715e-06), (18, 3.78124013877823e-06), (19, 1.6219469216594007e-06), (20, 2.085701453324873e-06), (21, 1.8427699615131132e-06), (22, 1.7771629927665344e-06), (23, 2.027038362939493e-06), (24, 1.8000912405113922e-06), (25, 3.1330398542195326e-06), (26, 3.884771103912499e-06), (27, 1.7776579852579744e-06), (28, 2.7232515549258096e-06), (29, 1.6029247262849822e-06), (30, 3.3371857171005104e-06), (31, 1.8494284859116306e-06), (32, 2.2727574560121866e-06), (33, 1.8477701360097853e-06), (34, 2.255583694932284e-06), (35, 2.4508615297236247e-06), (36, 2.698792286537355e-06), (37, 1.527564108982915e-06), (38, 2.2916879061085638e-06), (39, 3.170718628098257e-06), (40, 1.6231407471423154e-06), (41, 2.6643597266229335e-06), (42, 6.27130975772161e-06), (43, 1.7826087059802376e-06), (44, 5.006751052860636e-06), (45, 5.044561021350091e-06), (46, 2.333500788154197e-06), (47, 2.116290033882251e-06), (48, 1.8141195141652133e-06), (49, 1.6077383406809531e-06), (50, 3.2603450108581455e-06), (0, 1.6748067537264433e-06), (1, 2.1699604531022487e-06), (2, 2.38035386246338e-06), (3, 1.4499103144771652e-06), (4, 1.868202048171952e-06), (5, 3.2439957067254e-06), (6, 2.182932576033636e-06), (7, 1.5588007045153063e-06), (8, 4.157352577749407e-06), (9, 1.9660210455185734e-06), (10, 1.691057150310371e-06), (11, 3.5681077861227095e-06), (12, 1.1509997648317949e-06), (13, 3.5414122976362705e-06), (14, 1.846686814133136e-06), (15, 1.3393761264524073e-06), (16, 1.8436924165143864e-06), (17, 1.1766086345232907e-06), (18, 5.959484951745253e-06), (19, 2.921783107012743e-06), (20, 2.3391851300402777e-06), (21, 1.4519812339131022e-06), (22, 2.509658543203841e-06), (23, 2.550052840888384e-06), (24, 1.5218959106277907e-06), (25, 2.102379767165985e-06), (26, 2.9916072890046053e-06), (27, 1.765776687534526e-06), (28, 5.028502073400887e-06), (29, 2.2164820165926358e-06), (30, 1.8087546322931303e-06), (31, 1.570106860526721e-06), (32, 1.1725273907359224e-06), (33, 2.7674357170326402e-06), (34, 1.6833323570608627e-06), (35, 3.3537851322762435e-06), (36, 3.294420594102121e-06), (37, 2.8760578061337583e-06), (38, 3.272876483606524e-06), (39, 9.406419394508703e-07), (40, 1.2647413996091927e-06), (41, 5.895743015571497e-06), (42, 2.845532662831829e-06), (43, 1.3420108189166058e-06), (44, 1.912334482767619e-06), (45, 3.1585730084771058e-06), (46, 5.0558314796944614e-06), (47, 3.6878459468425717e-06), (48, 3.996964551333804e-06), (49, 1.1544526614670758e-06), (50, 1.2742077615257585e-06), (0, 2.2926813016965752e-06), (1, 3.764740313272341e-06), (2, 2.6103027721546823e-06), (3, 5.414361567090964e-06), (4, 1.0774397196655627e-06), (5, 2.6734514904092066e-06), (6, 4.090085440111579e-06), (7, 2.3917223188618664e-06), (8, 1.042591634359269e-06), (9, 2.0023956039949553e-06), (10, 2.5211093088728376e-06), (11, 1.6971165450740955e-06), (12, 4.323313078202773e-06), (13, 1.912885409183218e-06), (14, 1.9105154933640733e-06), (15, 2.4343989935005084e-06), (16, 4.220501523377607e-06), (17, 1.8427062968839891e-06), (18, 3.965564701502444e-06), (19, 3.75294098375889e-06), (20, 1.551267018840008e-06), (21, 1.238734739672509e-06), (22, 2.629412620080984e-06), (23, 1.8272381794304238e-06), (24, 3.3928517950698733e-06), (25, 2.1795076463604346e-06), (26, 1.924871867231559e-06), (27, 1.5062995544212754e-06), (28, 1.2508265854194178e-06), (29, 1.5179507499851752e-06), (30, 1.0102785381604917e-06), (31, 1.742873450893967e-06), (32, 1.3934436537965667e-06), (33, 2.3770837742631556e-06), (34, 4.4717357923218515e-06), (35, 4.25124653702369e-06), (36, 2.0334716737124836e-06), (37, 1.2538300779851852e-06), (38, 1.76421667674731e-06), (39, 1.4891426189933554e-06), (40, 1.0323284413971123e-06), (41, 2.9169161734898807e-06), (42, 2.1903856577409897e-06), (43, 1.5765340322104748e-06), (44, 1.9686090126924682e-06), (45, 1.8811373365679174e-06), (46, 1.8956793610414024e-06), (47, 2.496044317013002e-06), (48, 1.5939009472276666e-06), (49, 1.941460368470871e-06), (50, 1.949814532054006e-06), (0, 1.34482286284765e-06), (1, 3.7704571695940103e-06), (2, 1.0918196267084568e-06), (3, 3.0127764603093965e-06), (4, 2.498411731721717e-06), (5, 3.2756890959717566e-06), (6, 4.773360615217825e-06), (7, 1.7286558886553394e-06), (8, 2.5277001896029105e-06), (9, 4.088522018719232e-06), (10, 2.092064050884801e-06), (11, 2.3623726974619785e-06), (12, 1.8824694052455015e-06), (13, 4.8771780711831525e-06), (14, 2.300674168509431e-06), (15, 1.1502106644911692e-06), (16, 1.1157092103530886e-06), (17, 1.611254560884845e-06), (18, 1.5218815860862378e-06), (19, 1.762827764650865e-06), (20, 4.0390009417023975e-06), (21, 2.0939100977557246e-06), (22, 1.925393007695675e-06), (23, 1.7911476106746704e-06), (24, 1.142384917329764e-06), (25, 1.6992235032375902e-06), (26, 1.413062591382186e-06), (27, 3.808963128903997e-06), (28, 2.1257483240333386e-06), (29, 1.76376011040702e-06), (30, 1.6984046169454814e-06), (31, 1.8518433080316754e-06), (32, 1.7749493963492569e-06), (33, 1.1709407772286795e-06), (34, 2.0532920643745456e-06), (35, 2.2722906578565016e-06), (36, 1.9238714230596088e-06), (37, 1.5207468777589384e-06), (38, 1.5291407180484384e-06), (39, 1.507460297034413e-06), (40, 1.3461212802212685e-06), (41, 1.3026723308939836e-06), (42, 1.5154575976339402e-06), (43, 1.5192598539215396e-06), (44, 1.2945333764946554e-06), (45, 1.5802372672624188e-06), (46, 1.108472474697919e-06), (47, 3.3190838166774483e-06), (48, 2.744522362263524e-06), (49, 3.47888362739468e-06), (50, 3.561694711606833e-06), (0, 4.860105491388822e-06), (1, 1.5421933312609326e-06), (2, 1.129981569647498e-06), (3, 1.7177300151161035e-06), (4, 2.8999734240642283e-06), (5, 1.4981801541580353e-06), (6, 3.0682754186273087e-06), (7, 1.5598700429109158e-06), (8, 1.682942638581153e-06), (9, 3.853288035315927e-06), (10, 1.6615884987913887e-06), (11, 4.467948656383669e-06), (12, 1.7319829339612625e-06), (13, 1.24743939977634e-06), (14, 1.6262309827652643e-06), (15, 1.4072902558837086e-06), (16, 3.1885103908280144e-06), (17, 1.8329205886402633e-06), (18, 1.5121057685973938e-06), (19, 2.553279045969248e-06), (20, 1.6752127294239472e-06), (21, 1.3491788877217914e-06), (22, 1.6522554915354704e-06), (23, 2.300118921993999e-06), (24, 1.666005459810549e-06), (25, 1.2510113265307155e-06), (26, 2.2561939658771735e-06), (27, 1.299642349295027e-06), (28, 2.608000386317144e-06), (29, 8.821687060844852e-07), (30, 3.0726018849236425e-06), (31, 1.5637060641893186e-06), (32, 1.9913504729629494e-06), (33, 2.575398866611067e-06), (34, 1.4615154668717878e-06), (35, 1.243260044248018e-06), (36, 1.5640341644029832e-06), (37, 1.7319180187769234e-06), (38, 9.056349767888605e-07), (39, 1.0590674719423987e-06), (40, 2.490284032319323e-06), (41, 8.403563924730406e-07), (42, 3.0026162676222157e-06), (43, 2.0675977339124074e-06), (44, 1.6412290051448508e-06), (45, 1.9700607936101733e-06), (46, 1.6822415318529238e-06), (47, 1.040737515722867e-06), (48, 1.2939384532728582e-06), (49, 2.03968465939397e-06), (50, 9.503384717390873e-06), (0, 7.859811148591689e-07), (1, 2.80666404250951e-06), (2, 1.4339632343762787e-06), (3, 1.7324163081866573e-06), (4, 1.2231004120621947e-06), (5, 1.3234646303317277e-06), (6, 4.530736532615265e-06), (7, 2.1065116015961394e-06), (8, 1.7761564095053473e-06), (9, 1.5315864629883436e-06), (10, 1.3025090765950154e-06), (11, 1.98876273316273e-06), (12, 2.298546633028309e-06), (13, 1.430414727110474e-06), (14, 7.27083886431501e-07), (15, 1.1252654985582922e-06), (16, 1.7689122842057259e-06), (17, 1.246117449227313e-06), (18, 2.220610213043983e-06), (19, 1.8804157662088983e-06), (20, 1.6547080576856388e-06), (21, 1.4882950836181408e-06), (22, 1.2336662393863662e-06), (23, 3.471788431852474e-06), (24, 1.600917585165007e-06), (25, 1.2493873100538622e-06), (26, 1.7005919517032453e-06), (27, 2.6242905732942745e-06), (28, 2.2204944798431825e-06), (29, 1.944463974723476e-06), (30, 1.5613301229677745e-06), (31, 1.983388074222603e-06), (32, 1.3206181392888539e-06), (33, 1.2730622529488755e-06), (34, 1.711699610495998e-06), (35, 1.2388991308398545e-06), (36, 1.7574535604580888e-06), (37, 3.6641754377342295e-06), (38, 1.430297857041296e-06), (39, 2.1706102870666655e-06), (40, 9.808624099605368e-07), (41, 1.7610648228583159e-06), (42, 1.3670817224920029e-06), (43, 1.0825222034327453e-06), (44, 2.319391114724567e-06), (45, 6.065988145564916e-06), (46, 1.7398020872860798e-06), (47, 1.915048642331385e-06), (48, 2.144091013178695e-06), (49, 2.282639343320625e-06), (50, 2.2417937088903273e-06), (0, 1.8579839888843708e-06), (1, 1.1509473551996052e-06), (2, 2.8556248707900522e-06), (3, 2.4970879621832864e-06), (4, 1.4549013940268196e-06), (5, 3.1964864319888875e-06), (6, 1.5429641280206852e-06), (7, 1.1452351600382826e-06), (8, 9.554480584483827e-07), (9, 2.141165396096767e-06), (10, 1.0154027449971181e-06), (11, 1.5215465509754722e-06), (12, 1.4069886447032331e-06), (13, 1.5185884194579558e-06), (14, 2.6444645300216507e-06), (15, 8.195636951313645e-07), (16, 2.0039449282194255e-06), (17, 1.4284714779932983e-06), (18, 1.3768425333182677e-06), (19, 2.071973312922637e-06), (20, 2.561638893894269e-06), (21, 1.4167100061968085e-06), (22, 2.129391759808641e-06), (23, 1.1561195378817501e-06), (24, 2.8324204777163686e-06), (25, 9.784645271793124e-07), (26, 1.3693221490029828e-06), (27, 1.085589246940799e-06), (28, 1.8492471554054646e-06), (29, 1.460375983697304e-06), (30, 1.9787682958849473e-06), (31, 1.9344176962476922e-06), (32, 1.7599545572011266e-06), (33, 3.353451347720693e-06), (34, 1.63460208568722e-06), (35, 1.3229639534984017e-06), (36, 1.255821416634717e-06), (37, 1.021814000523591e-06), (38, 1.2361400649751886e-06), (39, 5.565559149545152e-06), (40, 1.65208734870248e-06), (41, 1.8095303175869049e-06), (42, 1.027525968311238e-06), (43, 1.2017385415674653e-06), (44, 1.5025300399429398e-06), (45, 1.0970921948683099e-06), (46, 1.0311215419278597e-06), (47, 7.575093832201674e-07), (48, 4.044545676151756e-06), (49, 1.4969343737902818e-06), (50, 1.5000042594692786e-06), (0, 1.1293807347101392e-06), (1, 1.6200312984437915e-06), (2, 1.7696197573968675e-06), (3, 1.7410588952770922e-06), (4, 1.6878153701327392e-06), (5, 1.6143877701324527e-06), (6, 1.3180631412978983e-06), (7, 1.6943333775998326e-06), (8, 2.114603375957813e-06), (9, 1.4743386600457598e-06), (10, 1.3826289659846225e-06), (11, 2.31028957387025e-06), (12, 2.2647957393928664e-06), (13, 1.7261777429666836e-06), (14, 2.097811602652655e-06), (15, 8.51901575060765e-07), (16, 1.9797744243987836e-06), (17, 1.4508690355796716e-06), (18, 1.5060259102028795e-06), (19, 1.1744053836082458e-06), (20, 1.959407427420956e-06), (21, 1.765008960319392e-06), (22, 3.379922191015794e-06), (23, 1.4208137599780457e-06), (24, 2.291713599333889e-06), (25, 1.3477645097736968e-06), (26, 1.7769276610124507e-06), (27, 1.4678547586299828e-06), (28, 1.2954056956004933e-06), (29, 1.1323443231958663e-06), (30, 3.327651029394474e-06), (31, 5.672052907357283e-07), (32, 1.131019644162734e-06), (33, 3.314239393148455e-06), (34, 1.013295104712597e-06), (35, 4.326127054810058e-06), (36, 7.116757387848338e-07), (37, 1.092231173061009e-06), (38, 1.4365417655426427e-06), (39, 1.515639837634808e-06), (40, 2.201182269345736e-06), (41, 1.1389546443751897e-06), (42, 1.1240439334869734e-06), (43, 9.100222655433754e-07), (44, 9.802344038689625e-07), (45, 1.1227079994569067e-06), (46, 1.6033200154197402e-06), (47, 9.73828718997538e-07), (48, 1.167214463748678e-06), (49, 1.9937565411964897e-06), (50, 1.694474917712796e-06), (0, 8.346955837623682e-07), (1, 1.1723434454324888e-06), (2, 2.3750167201797012e-06), (3, 2.2185020043252734e-06), (4, 1.0317623946320964e-06), (5, 1.6615369986539008e-06), (6, 1.2249112160134246e-06), (7, 1.5049777175590862e-06), (8, 7.790290510456543e-07), (9, 1.590499778103549e-06), (10, 4.225627435516799e-06), (11, 9.325743235422124e-07), (12, 1.2432689118213602e-06), (13, 1.1759256040022592e-06), (14, 1.4285293445936986e-06), (15, 2.13863540921011e-06), (16, 1.4988382872616057e-06), (17, 2.557944299041992e-06), (18, 1.1447485803728341e-06), (19, 1.8647579054231755e-06), (20, 1.3750857306149555e-06), (21, 8.011334102775436e-07), (22, 1.18416721761605e-06), (23, 1.7164575183414854e-06), (24, 1.3069253554931493e-06), (25, 1.0544737278905814e-06), (26, 8.45808528993075e-07), (27, 8.473478487758257e-07), (28, 1.229511440214992e-06), (29, 1.4924798961146735e-06), (30, 9.519199579699489e-07), (31, 6.629600193264196e-07), (32, 9.327866337116575e-07), (33, 1.5189939404081088e-06), (34, 1.2144191714469343e-06), (35, 1.0150656635232735e-06), (36, 1.4168733741826145e-06), (37, 1.5114683264982887e-06), (38, 9.35521370593051e-07), (39, 1.062708861354622e-06), (40, 2.8018632747262018e-06), (41, 1.7401321201759856e-06), (42, 1.7045178992702859e-06), (43, 1.046335682985955e-06), (44, 6.745751193193428e-07), (45, 4.416409865370952e-06), (46, 4.182286829745863e-06), (47, 1.3630996136271278e-06), (48, 1.6396820683439728e-06), (49, 1.2312978014961118e-06), (50, 1.8148357412428595e-06), (0, 1.2842789374190033e-06), (1, 9.987960538637708e-07), (2, 8.007290830391867e-07), (3, 2.638243586261524e-06), (4, 2.3951138246047776e-06), (5, 1.271638893740601e-06), (6, 1.165824414783856e-06), (7, 9.093498647416709e-07), (8, 9.67099026638607e-07), (9, 1.6906240034586517e-06), (10, 9.792544233278022e-07), (11, 1.0520092246224522e-06), (12, 9.146008892457758e-07), (13, 1.85813621556008e-06), (14, 1.0605808711261488e-06), (15, 1.2022030659863958e-06), (16, 1.9911058188881725e-06), (17, 1.1548611382750096e-06), (18, 2.695403054531198e-06), (19, 1.210876575896691e-06), (20, 1.002217004497652e-06), (21, 9.337943538412219e-07), (22, 9.250723564946384e-07), (23, 9.63379079621518e-07), (24, 1.2596055967151187e-06), (25, 3.3457854442531243e-06), (26, 9.761506589711644e-07), (27, 1.6211211004701909e-06), (28, 2.0642628442146815e-06), (29, 9.120521440308949e-07), (30, 8.863163429850829e-07), (31, 1.1814885283456533e-06), (32, 1.616159238437831e-06), (33, 1.1944390507778735e-06), (34, 2.173445409425767e-06), (35, 1.0839012247743085e-06), (36, 1.225209530275606e-06), (37, 1.6828558955239714e-06), (38, 1.614232019164774e-06), (39, 1.108095943891385e-06), (40, 2.0390466488606762e-06), (41, 1.815459540921438e-06), (42, 1.3642481917486293e-06), (43, 1.4580749621018185e-06), (44, 9.126667350756179e-07), (45, 2.280166881973855e-06), (46, 9.280476547246508e-07), (47, 2.1722134988522157e-06), (48, 1.0325949233447318e-06), (49, 2.035886609519366e-06), (50, 1.7826882867666427e-06), (0, 9.616454690331011e-07), (1, 1.4724723769177217e-06), (2, 1.0682801985240076e-06), (3, 1.399249867972685e-06), (4, 2.653201818247908e-06), (5, 1.5428248616444762e-06), (6, 3.249239625802147e-06), (7, 1.5918276403681375e-06), (8, 1.200990482175257e-06), (9, 7.717392804806877e-07), (10, 1.1134978876725654e-06), (11, 6.000134362693643e-07), (12, 1.3730679029322346e-06), (13, 5.591035119323351e-07), (14, 1.2613548960871412e-06), (15, 8.805465654404543e-07), (16, 1.2354437330941437e-06), (17, 1.3063244068689528e-06), (18, 7.491686915273021e-07), (19, 1.2958449815414497e-06), (20, 9.339481721326592e-07), (21, 1.0000555903388886e-06), (22, 2.48663513957581e-06), (23, 1.1412811318223248e-06), (24, 7.518754046031972e-07), (25, 1.4058487067813985e-06), (26, 3.0763640097575262e-06), (27, 1.3518468904294423e-06), (28, 8.412343390773458e-07), (29, 1.935831960508949e-06), (30, 1.055409029504517e-06), (31, 9.355828183288395e-07), (32, 1.658642759139184e-06), (33, 2.8731697057082783e-06), (34, 8.101541766336595e-07), (35, 1.51075471421791e-06), (36, 1.5986375956345e-06), (37, 1.0815198265845538e-06), (38, 2.0115905954298796e-06), (39, 8.365103099094995e-07), (40, 1.828167114581447e-06), (41, 8.708283871783351e-07), (42, 3.411840907574515e-06), (43, 7.132660471143026e-07), (44, 1.1908979331565206e-06), (45, 1.991910949072917e-06), (46, 1.0289379588357406e-06), (47, 1.4028184978087666e-06), (48, 8.310850034831674e-07), (49, 7.741840022390534e-07), (50, 1.631633608667471e-06)]