Model Setup for {PATIENT_GROUPS} Trained Network:

RNN Network Architecture Parameters
Input channels=1
Hidden channels=64
Output channels=1

Training hyperparameters
Optimizer=AdamW (
Parameter Group 0
    amsgrad: False
    betas: (0.9, 0.999)
    capturable: False
    differentiable: False
    eps: 1e-08
    foreach: None
    fused: None
    lr: 0.001
    maximize: False
    weight_decay: 0.0
)Training Iterations=1900
Learning rate=0.001
Weight decay=0.0
Optimizer reset frequency=1000

Dropout probability (after initial linear layer before NCDE): 0.0
Training Data Selection Parameters
(If not virtual, the only important params are the groups and whether data was normalized/standardized)
Patient groups=['Control']
Augmentation strategy=Uniform
Noise Magnitude=0.0
Normalized/standardized=None
Number of virtual patients per real patient=100
Label smoothing factor=0
Test Patient Combinations:
Control: None
MDD: None
Training batch size=1
Training Results:
Runtime=17982.694577932358
Loss over time=[(0, 15.070158341766183), (0, 13.685905545793894), (0, 12.778276688341686), (0, 11.092592107289589), (0, 7.613761490795238), (0, 3.5589587880343525), (0, 1.6415700958041757), (0, 1.2637904771850952), (0, 1.210556596687776), (0, 1.182563323604079), (0, 1.141924457579177), (0, 1.086016474650061), (0, 1.0164194098694435), (0, 0.9672456012227317), (0, 0.884999157143188), (0, 0.8325324183398588), (0, 0.777139227941486), (0, 0.7206999181662339), (0, 0.6648917711934694), (0, 0.6106074132608691), (0, 0.5623742123821477), (0, 0.5261857441966865), (0, 0.5091421531936136), (0, 0.5162412996828809), (0, 0.5302192479481792), (0, 0.5200536317679284), (0, 0.48929985745139143), (0, 0.5224839879085804), (0, 0.45992136200998096), (0, 0.4652017849964474), (0, 0.470430123606441), (0, 0.47355409442485735), (0, 0.47425463284777053), (0, 0.47265344648232727), (0, 0.4691177836093969), (0, 0.4640992048390507), (0, 0.45802607524729716), (0, 0.45126162847195633), (0, 0.4441038687351659), (0, 0.4367913040341816), (0, 0.42949830858087185), (0, 0.4223328846132062), (0, 0.4153572759021795), (0, 0.40863274288491364), (0, 0.40227088986994586), (0, 0.3964907085543725), (0, 0.39173837583955234), (0, 0.3889949430700748), (0, 0.3902274138648946), (0, 0.3963956906870591), (0, 0.39821721051800524), (0, 0.39292497803527787), (0, 0.38976908545140915), (0, 0.38929175202750216), (0, 0.38989562851819426), (0, 0.3906304744388356), (0, 0.39120311995227547), (0, 0.39147618033980747), (0, 0.3914267522242538), (0, 0.39108212828044225), (0, 0.39048776274246816), (0, 0.38965580651955345), (0, 0.38859728845496466), (0, 0.3874130143381144), (0, 0.38641577551057615), (0, 0.38596935991162035), (0, 0.3852939046508443), (0, 0.38384547074337627), (0, 0.3811625389747005), (0, 0.3719281738433078), (0, 0.3540401080278813), (0, 0.3479610974734518), (0, 0.3685915712848946), (0, 0.33799614902854297), (0, 0.3671041024021053), (0, 0.3506359836554766), (0, 0.35228103054323495), (0, 0.3334223613837816), (0, 0.3466281755802146), (0, 0.35511723150972957), (0, 0.3663396947150417), (0, 0.5097081802967337), (0, 0.4112660859407578), (0, 0.45216531212325056), (0, 0.49790538158900893), (0, 0.49578757779814775), (0, 0.5214567663063191), (0, 0.4776457004733947), (0, 0.5028955262285224), (0, 0.5097714876253924), (0, 0.5544887423433728), (0, 0.5528092894066801), (0, 0.5237099058042566), (0, 0.4850552899391503), (0, 0.4617386719602856), (0, 0.4600891909750253), (0, 0.45926495082715446), (0, 0.4547711290358007), (0, 0.4518632875572157), (0, 0.4502059660515004), (0, 0.4461746688994394), (0, 0.4343507155744186), (0, 0.4607185878260287), (0, 0.43336600904727285), (0, 0.42580483287579823), (0, 0.4226984878784838), (0, 0.42004907218528187), (0, 0.41711267642985167), (0, 0.41372421843942137), (0, 0.40989099239552546), (0, 0.4056786967603072), (0, 0.4045547027945721), (0, 0.4026598711078377), (0, 0.40010916790723566), (0, 0.39705053936541757), (0, 0.3936703398936771), (0, 0.39028218348426186), (0, 0.3871558921226934), (0, 0.3846143910250839), (0, 0.38276944206364644), (0, 0.38142850026731584), (0, 0.380373919866044), (0, 0.37933433080049483), (0, 0.37823993064803113), (0, 0.37703887061348723), (0, 0.37573414240133496), (0, 0.3743538135096382), (0, 0.3728761166728063), (0, 0.37132037519434186), (0, 0.3696845739866757), (0, 0.3679702710581066), (0, 0.3661874285561309), (0, 0.3643596805161877), (0, 0.3625130581794282), (0, 0.36072490414252273), (0, 0.35893726150844224), (0, 0.357281984274286), (0, 0.3556055869600445), (0, 0.35397804807299765), (0, 0.3523594012929641), (0, 0.3508230659261224), (0, 0.34929152277953573), (0, 0.34768573937306707), (0, 0.3460778062961465), (0, 0.34550768430045276), (0, 0.3577956150727533), (0, 0.357896344350285), (0, 0.3642755851794768), (0, 0.3754495455687798), (0, 0.3861202843416886), (0, 0.40030649173809146), (0, 0.40554242675459523), (0, 0.45688713777253814), (0, 0.6318257832591355), (0, 0.47287093297573296), (0, 0.6923399223790372), (0, 0.722752120959265), (0, 0.6365754726406337), (0, 0.7286081519271067), (0, 0.6111012700445403), (0, 0.6224639448455457), (0, 0.663415674797225), (0, 0.6405483366512057), (0, 0.5999900890169877), (0, 0.5186782257686738), (0, 0.5450747803333885), (0, 0.5542063575133879), (0, 0.5371722421739186), (0, 0.5107914300574342), (0, 0.48780894789183193), (0, 0.46211159507366345), (0, 0.43713279654957665), (0, 0.4284791042971583), (0, 0.42853191433690085), (0, 0.4247132411240219), (0, 0.45588633517661054), (0, 0.47597004395264664), (0, 0.4939444502661321), (0, 0.5643395081316154), (0, 0.5735465338394036), (0, 0.6200936120231865), (0, 0.6335468125338541), (0, 0.7410258351282145), (0, 0.6769700098138222), (0, 0.7580485520736375), (0, 0.6622884522238497), (0, 0.7087971890343661), (0, 0.7337094464706189), (0, 0.8108027044056803), (0, 0.8700819502822035), (0, 0.8082425872025073), (0, 0.6866601054994707), (0, 0.6399457629921134), (0, 0.7041115799696329), (0, 0.7730950866703837), (0, 0.834054563702114), (0, 0.8567089865306894), (0, 0.8607036426485345), (0, 0.8505926021998319), (0, 0.8197607757322154), (0, 0.7881931582637381), (0, 0.7688786770198807), (0, 0.756845304544942), (0, 0.7442298746183823), (0, 0.7346255278683208), (0, 0.7318107859698296), (0, 0.7360397165191698), (0, 0.7435031205136085), (0, 0.7462116843208024), (0, 0.7450738694099518), (0, 0.7393511074782414), (0, 0.7319410459790575), (0, 0.7286430502893312), (0, 0.72678592904435), (0, 0.7256851447474083), (0, 0.7259131176315727), (0, 0.7520722505651715), (0, 0.8102918782813747), (0, 0.8339868546267791), (0, 0.8172477795431292), (0, 0.8044302330856584), (0, 0.8112149872203561), (0, 0.7747370616365173), (0, 0.7158157278401562), (0, 0.6903547464386701), (0, 0.752545261727715), (0, 0.7785588706383187), (0, 0.8230679247555773), (0, 0.8307633306979575), (0, 0.8142049384283346), (0, 0.79334289917299), (0, 0.7874361834435474), (0, 0.7854771594030937), (0, 0.7850586131746905), (0, 0.7711863897546779), (0, 0.7590534276858215), (0, 0.7657960073861837), (0, 0.7519726343579222), (0, 0.754825573228105), (0, 0.7553123610499205), (0, 0.7470389184833267), (0, 0.7480036549580719), (0, 0.7475692907430139), (0, 0.7327192087062927), (0, 0.7135020720631781), (0, 0.7701522783686761), (0, 0.7723160211261558), (0, 0.7627401347519901), (0, 0.7458569906074074), (0, 0.7238042513813587), (0, 0.7103892934038027), (0, 0.7244306437740798), (0, 0.7216561886552046), (0, 0.7077223711555968), (0, 0.7104488560035781), (0, 0.7125410228525358), (0, 0.7105110104322278), (0, 0.7057218610140407), (0, 0.7086477198324189), (0, 0.7112333085539483), (0, 0.7019640936564993), (0, 0.7014343699694038), (0, 0.703768376234499), (0, 0.703189408338211), (0, 0.7000234398049434), (0, 0.69575091492303), (0, 0.6978207814474819), (0, 0.6974905516221436), (0, 0.6913144759534265), (0, 0.6925871928079328), (0, 0.6937540106123873), (0, 0.6924372854352489), (0, 0.68925495091472), (0, 0.6873441492905378), (0, 0.6886950760449659), (0, 0.6851985236779029), (0, 0.6843119884643057), (0, 0.6848760571664575), (0, 0.6838711509363388), (0, 0.681462370001282), (0, 0.6800824913218069), (0, 0.6803430281604849), (0, 0.6780003969051439), (0, 0.6775092041521972), (0, 0.6772153379435263), (0, 0.6756759794505198), (0, 0.6740591272659747), (0, 0.6739271555146346), (0, 0.6725051913127276), (0, 0.6713801316798363), (0, 0.6710144614915232), (0, 0.6698817175612232), (0, 0.668414899612164), (0, 0.6679538601061972), (0, 0.6668045653325025), (0, 0.6657347370632606), (0, 0.6651655130102819), (0, 0.6640617315518088), (0, 0.6942734409755124), (0, 0.6860172438544088), (0, 0.7057010108112411), (0, 0.7145350608294653), (0, 0.6978734265974335), (0, 0.707190923132709), (0, 0.7138937700644631), (0, 0.7093887512045347), (0, 0.7056548588462387), (0, 0.7088046757286209), (0, 0.7133182820607434), (0, 0.7123016503572298), (0, 0.7062364915146925), (0, 0.7008121239547128), (0, 0.7000597673237577), (0, 0.700853053669228), (0, 0.7012145599706218), (0, 0.7009089744583159), (0, 0.6998257621129039), (0, 0.6979692049616416), (0, 0.6953774869509212), (0, 0.6922070714503059), (0, 0.6899473302706681), (0, 0.689124405869627), (0, 0.6891203304311296), (0, 0.688432825493262), (0, 0.6865668403289812), (0, 0.6843701721737334), (0, 0.6828142538799861), (0, 0.6820478329351541), (0, 0.6813459169661589), (0, 0.6800768407580491), (0, 0.6782508121422809), (0, 0.6764069368461579), (0, 0.6750009760324884), (0, 0.6738779544503021), (0, 0.6725539366259881), (0, 0.6773964388398123), (0, 0.6746729682750662), (0, 0.671351674007207), (0, 0.6698327490543804), (0, 0.6674135036232638), (0, 0.6666550655336932), (0, 0.6658406716416151), (0, 0.6646474610386149), (0, 0.6628938317082703), (0, 0.6608173314059179), (0, 0.6587999153532714), (0, 0.6574157440355171), (0, 0.6563508450399939), (0, 0.6547967406772889), (0, 0.6533454506897183), (0, 0.659395465236397), (0, 0.6578980365476363), (0, 0.6540094324475946), (0, 0.6499920577912972), (0, 0.6536916812644279), (0, 0.6407377137765515), (0, 0.6251404057169724), (0, 0.6145334237826243), (0, 0.6015414878989173), (0, 0.5984183299712765), (0, 0.6424683140529109), (0, 0.6486783725118501), (0, 0.6470588582645901), (0, 0.6674455104143647), (0, 0.6754663556267372), (0, 0.6708407860931379), (0, 0.6905594482927802), (0, 0.7062690498195869), (0, 0.713131985151731), (0, 0.719876920057088), (0, 0.7207050269497407), (0, 0.7212992699171604), (0, 0.7179550819910617), (0, 0.7136796988082006), (0, 0.7058591192961913), (0, 0.6930962377921248), (0, 0.6777392538062393), (0, 0.6753113280783062), (0, 0.677250852711481), (0, 0.6787079514780617), (0, 0.6865063679349878), (0, 0.6858805963846195), (0, 0.677193328095843), (0, 0.669260136397173), (0, 0.6691796969398897), (0, 0.6681737060228178), (0, 0.6668685943080997), (0, 0.6669116038301719), (0, 0.668696421425071), (0, 0.6700906861392909), (0, 0.6708987199422896), (0, 0.6768330667063799), (0, 0.678957582809376), (0, 0.6783586540250034), (0, 0.6650803629989883), (0, 0.6621844514867535), (0, 0.6781413176910304), (0, 0.6909048382001045), (0, 0.6908735970505063), (0, 0.6868864086338227), (0, 0.6804862428192323), (0, 0.6761652386914033), (0, 0.677089545859806), (0, 0.6730957987468296), (0, 0.6578579924505594), (0, 0.6344992022508699), (0, 0.6187101441556014), (0, 0.6172080360572255), (0, 0.6227447247133154), (0, 0.6165250870371096), (0, 0.6639253654870886), (0, 0.6266574958106674), (0, 0.6738123301087634), (0, 0.6332536453036419), (0, 0.6345155599714798), (0, 0.605964440282545), (0, 0.5986283477379243), (0, 0.5495882054470346), (0, 0.5434695379286518), (0, 0.571034549680495), (0, 0.6688901588100618), (0, 0.6463912851077387), (0, 0.6645608507407784), (0, 0.6511661707154014), (0, 0.6302218974517407), (0, 15.468887607173286), (0, 0.6901747742560825), (0, 0.7083804254719402), (0, 0.7071669164966908), (0, 0.7007057524037212), (0, 0.6948824764550864), (0, 0.6922322223175481), (0, 0.6904137449875648), (0, 0.6881691268058803), (0, 0.6856562630322323), (0, 0.683238578737444), (0, 0.6805865445224738), (0, 0.6783579986902444), (0, 0.6891525177845296), (0, 0.6611591989113934), (0, 0.635209289760649), (0, 0.6118783880702114), (0, 0.5930662932420223), (0, 0.6031514850432802), (0, 0.619075099078595), (0, 0.6169977026892318), (0, 0.6164728731014005), (0, 0.6171657640900999), (0, 0.6212904913475565), (0, 0.6241867655954828), (0, 0.6221644539335828), (0, 0.6151107180595052), (0, 0.6045896584129997), (0, 0.595034012083626), (0, 0.5881654489304351), (0, 0.5830957333909865), (0, 0.5787431830159654), (0, 0.5769086840484686), (0, 0.575596719324674), (0, 0.5715821618379932), (0, 0.5637337330003005), (0, 0.5518029908798936), (0, 0.5402908592660113), (0, 0.5364815371258086), (0, 0.537184809991289), (0, 0.5380063362496378), (0, 0.5385094888712842), (0, 0.5381508889445007), (0, 0.536980252522378), (0, 0.5352007353555471), (0, 0.533710037087825), (0, 0.5324133991900345), (0, 0.5315863235652121), (0, 0.5312572421405782), (0, 0.5310694060429085), (0, 0.5307015494999366), (0, 0.5300181278256234), (0, 0.5291621686992525), (0, 0.5283619996001349), (0, 0.5277961299212114), (0, 0.5275891871065749), (0, 0.5274502173559964), (0, 0.5273597537139701), (0, 0.5271541768092245), (0, 0.5267964539445337), (0, 0.5263419015894657), (0, 0.5258938227418413), (0, 0.5255124411903498), (0, 0.5252699844981142), (0, 0.5250652281425674), (0, 0.5248193584975498), (0, 0.5244860672955239), (0, 0.524092970741326), (0, 0.5236956851434773), (0, 0.5233361460342948), (0, 0.5230902040980533), (0, 0.522871484307611), (0, 0.52272105749842), (0, 0.5224904260005369), (0, 0.5221421768539706), (0, 0.521714539630854), (0, 0.5212896850467165), (0, 0.5209034975573518), (0, 0.52064434599597), (0, 0.5204066727851473), (0, 0.5201574454985686), (0, 0.5198666822199766), (0, 0.5195374857917185), (0, 0.5191982978733695), (0, 0.5188766389618255), (0, 0.523439615218866), (0, 0.6129376289848926), (0, 0.625598042682956), (0, 0.5593385148083997), (0, 0.6622560620654406), (0, 0.6304971970155757), (0, 0.5954677266858038), (0, 0.6301462927550044), (0, 0.7473255200782106), (0, 0.6952305176554402), (0, 0.593791046548548), (0, 0.6079268177563127), (0, 0.6483587137998652), (0, 0.6556504675108138), (0, 0.6276011550021702), (0, 0.6207882822571053), (0, 0.596670371555528), (0, 0.5871591362665995), (0, 0.6012855774053065), (0, 0.6104200819646225), (0, 0.6006434055875961), (0, 0.5903476521692036), (0, 0.5986410327327419), (0, 0.6131567811705172), (0, 0.6323999035914081), (0, 0.6449895545174413), (0, 0.6516136732822879), (0, 0.6549735407303333), (0, 0.6560610278528819), (0, 0.654744337916971), (0, 0.6516901371686202), (0, 0.6476403304045538), (0, 0.6435126829467533), (0, 0.6387902617369259), (0, 0.6329886631470413), (0, 0.6250057143867426), (0, 0.7114677914105433), (0, 0.6803845666556924), (0, 0.6412664434839426), (0, 0.6172354340509697), (0, 0.6750839698372103), (0, 0.7877453271088507), (0, 0.6893806721739337), (0, 0.7025427817936186), (0, 0.7192510985002546), (0, 0.8269586249827022), (0, 0.8254645090315869), (0, 0.8777772144283095), (0, 0.8998744385187423), (0, 0.9677923493427985), (0, 1.0480189703247207), (0, 1.0635200209151143), (0, 1.0766965551144068), (0, 1.1058621937575117), (0, 1.1128452559825526), (0, 1.1562695237200507), (0, 1.1994530143024595), (0, 1.2276522846025966), (0, 1.237950003684192), (0, 1.2361023877074764), (0, 1.2236965755506648), (0, 1.1975241003013004), (0, 1.1967174386841009), (0, 1.202139649090706), (0, 1.1968445578704774), (0, 1.1874824109000424), (0, 1.1774455275728577), (0, 1.1674908432990347), (0, 1.1578455634457556), (0, 1.1485296633436428), (0, 1.1395753347885216), (0, 1.1310254920353355), (0, 1.1230366851174447), (0, 1.1152893412240463), (0, 1.1091249205533757), (0, 1.1004634525333936), (0, 1.0976373169446672), (0, 1.0894340968410898), (0, 1.0830274863778804), (0, 1.0760088182144882), (0, 1.06962524399567), (0, 1.0651637078285856), (0, 1.0609365179273718), (0, 1.056622253207146), (0, 1.054550507739905), (0, 1.137427194075186), (0, 1.1379554529468836), (0, 1.1311406382734595), (0, 1.1243062033612174), (0, 1.110610489757294), (0, 1.0876572605698163), (0, 1.066393634798854), (0, 1.055295389103631), (0, 1.03641165956192), (0, 1.0024442013241945), (0, 0.9771118315552677), (0, 0.9783786115107255), (0, 0.9552957459932907), (0, 0.9169917938701174), (0, 0.8878068311950945), (0, 0.8886218829090818), (0, 0.8914829835476682), (0, 0.8871963178340513), (0, 0.8796952151966861), (0, 0.8754593254312817), (0, 0.872911523230994), (0, 0.8712733163962149), (0, 0.8694618307074572), (0, 0.8685107100742898), (0, 0.8680490664395041), (0, 0.8681568035131185), (0, 0.8677981972577125), (0, 0.8665675808868043), (0, 0.863993688046616), (0, 0.8604528378143094), (0, 0.8567392848378358), (0, 0.8532569151740148), (0, 0.8504860427734097), (0, 0.8481498010814624), (0, 0.8462448658179936), (0, 0.8444489436107396), (0, 0.8426946609333221), (0, 0.8409659212835998), (0, 0.8391169104616845), (0, 0.8372989253877187), (0, 0.8354350814188537), (0, 0.8335383987800008), (0, 0.8317171443554027), (0, 0.8298368050264902), (0, 0.8279932995398861), (0, 0.8261479972670714), (0, 0.8243158617423676), (0, 0.8225148237187546), (0, 0.8207335261250552), (0, 0.818940694525237), (0, 0.8171762842676676), (0, 0.8154363419463057), (0, 0.8136904762840991), (0, 0.8119540147823606), (0, 0.8102382468813661), (0, 0.8085387607833461), (0, 0.8068486181050282), (0, 0.8051589298925302), (0, 0.8034803888017762), (0, 0.8018111965816086), (0, 0.8001547820784168), (0, 0.7985100587515603), (0, 0.7968784773842525), (0, 0.7952633626836182), (0, 0.7936909154290941), (0, 0.792223184141749), (0, 0.7914357732778404), (0, 0.7890311550116578), (0, 0.7873347594698812), (0, 0.7857596195594101), (0, 0.7842321930642115), (0, 0.7827774836912132), (0, 0.7814035941669731), (0, 0.7805255192208933), (0, 0.7782278407294284), (0, 0.776673622039271), (0, 0.7767287632148779), (0, 0.8739224253199062), (0, 1.017024093615248), (0, 0.8199048313019363), (0, 0.8055540032600312), (0, 0.8273684166669875), (0, 0.8919465677399101), (0, 0.9525997847106952), (0, 0.9368238901310583), (0, 0.894265393410734), (0, 0.8760229101948505), (0, 0.8540133832295123), (0, 0.8072659544968711), (0, 0.8042285971286048), (0, 0.7869211521323999), (0, 0.7832078453259054), (0, 0.828448238650012), (0, 0.8553160552658358), (0, 0.8563580798377921), (0, 0.8487764960010589), (0, 0.8214645529282651), (0, 0.8347124434133512), (0, 0.8356483839522556), (0, 0.8319243781689579), (0, 0.8249921169822697), (0, 0.8307897229352776), (0, 0.8347838533354327), (0, 0.8264921613208368), (0, 0.8257675515644282), (0, 0.8277695834682696), (0, 0.8241697160840883), (0, 0.8311052012005827), (0, 0.8292389403838546), (0, 0.8203877975031522), (0, 0.8194886397821762), (0, 0.8221780575460628), (0, 0.8210198563416621), (0, 0.8165004825350444), (0, 0.8112260973870109), (0, 0.8120087013372198), (0, 0.8123938579776429), (0, 0.8073536099837679), (0, 0.8053707300134629), (0, 0.8056107611376477), (0, 0.8044395099250342), (0, 0.8007516579399098), (0, 0.7988453348019369), (0, 0.7990286440231351), (0, 0.7972703867140551), (0, 0.794343283419258), (0, 0.7935107423635248), (0, 0.7715989701112594), (0, 0.785048911365933), (0, 0.8266000595011437), (0, 0.815818713100306), (0, 0.8315562056061182), (0, 0.8669158730408245), (0, 0.8756983229820875), (0, 0.8731465950168543), (0, 0.8634609419440777), (0, 0.85500502621514), (0, 0.8483880704720895), (0, 0.8450151176145866), (0, 0.840951586379162), (0, 0.8325084789344905), (0, 0.8207057520451543), (0, 0.8102035128213086), (0, 0.8033599747756517), (0, 0.7952160824938508), (0, 0.7822709678121654), (0, 0.7654853431421421), (0, 0.7514736401787118), (0, 0.7989246424496935), (0, 0.8313074219563125), (0, 0.8340227671216672), (0, 0.8440489102519978), (0, 0.8541011920722547), (0, 0.8471932821284773), (0, 0.8177365223805682), (0, 0.7799159830298077), (0, 0.7743312420860438), (0, 0.7875658296418101), (0, 0.803155347332651), (0, 0.8104317184369055), (0, 0.8084470622776955), (0, 0.8038393453532718), (0, 0.8005360046807993), (0, 0.8016554638865209), (0, 0.8027258474648497), (0, 0.8022743383291866), (0, 0.8031860132800074), (0, 0.8035258991331163), (0, 0.8037498455141184), (0, 0.804547021692862), (0, 0.8045330043799025), (0, 0.8048482508744392), (0, 0.8042835951806534), (0, 0.8035494438241368), (0, 0.802606521134641), (0, 0.8011395540888375), (0, 0.8000329038333144), (0, 0.7987026850592357), (0, 0.7973718312549907), (0, 0.7964547038394935), (0, 0.7954529338664537), (0, 0.7942499864769242), (0, 0.7932962720751409), (0, 0.7925366282291244), (0, 0.7916822914613278), (0, 0.7908670331773574), (0, 0.7898113686366793), (0, 0.788864769413085), (0, 0.7879849909531341), (0, 0.7872680075653725), (0, 0.78671236951378), (0, 0.786414369670389), (0, 0.7863727959735), (0, 0.7868735768515349), (0, 0.7883042239223471), (0, 0.7852447331124978), (0, 0.7872967989179452), (0, 0.7855197954522999), (0, 0.7840472322396953), (0, 0.7840849656011896), (0, 0.7834027760396013), (0, 0.7828501547846557), (0, 0.7826566659467744), (0, 0.7820542005201815), (0, 0.7819700187575345), (0, 0.781078054897372), (0, 0.7813315741633161), (0, 0.7812013278551385), (0, 0.7814285741659214), (0, 0.7815365535606683), (0, 0.7814879508507803), (0, 0.7817833598667453), (0, 0.7816683591957788), (0, 0.7818476692066367), (0, 0.7829620051885747), (0, 0.7010800007021216), (0, 0.6547394034521146), (0, 0.7468404507304639), (0, 0.9349709698040317), (0, 0.6481140717362541), (0, 0.8435830245082792), (0, 0.7664633876827486), (0, 0.5330456130381279), (0, 0.6760111943878289), (0, 0.8151483481262788), (0, 0.8475629350861507), (0, 0.8540189288169957), (0, 0.8138448829003138), (0, 0.7290199775149414), (0, 0.5903404821339258), (0, 0.5762679321986598), (0, 0.6844841652598159), (0, 0.7569120679202296), (0, 0.6905024749988361), (0, 0.6348615618428405), (0, 0.7166718059829361), (0, 0.6586657356483361), (0, 0.7187969271767051), (0, 0.718706346180404), (0, 0.7184110655752934), (0, 0.7181263937096839), (0, 0.7179565940058855), (0, 0.7174764493755723), (0, 0.7172674495958429), (0, 0.7158193598218426), (0, 0.7147160052782162), (0, 0.7143097355841951), (0, 0.7139549228308035), (0, 0.7130398410701183), (0, 0.71243176187145), (0, 0.7121659536170651), (0, 0.7115654026612478), (0, 0.710633473257967), (0, 0.7096288171709135), (0, 0.7085117936017254), (0, 0.7075891146004252), (0, 0.7080324929249852), (0, 0.7030497962725399), (0, 0.8530892955574413), (0, 0.8488849265178512), (0, 0.8462630584401135), (0, 0.8446677691262964), (0, 0.8405332085545226), (0, 0.8361641140790286), (0, 0.8320646358482859), (0, 0.8270027954236744), (0, 0.8227827013795849), (0, 0.8181377072115192), (0, 0.812948274791614), (0, 0.8080727860470976), (0, 0.8026457535038102), (0, 0.7932746066174108), (0, 0.7702751459738796), (0, 0.7399129693006863), (0, 0.7276955239189588), (0, 0.7222108731302855), (0, 0.7192324186992263), (0, 0.7160683725736647), (0, 0.7134337999457698), (0, 0.7114891754750331), (0, 0.7089811815121023), (0, 0.7073451514456678), (0, 0.706400236795142), (0, 0.7044116616901839), (0, 0.7024875163584284), (0, 0.701468966386659), (0, 0.6996880843442904), (0, 0.6978284484943109), (0, 0.6969646020738414), (0, 0.6949703960477676), (0, 0.6932838376038396), (0, 0.6928835183559822), (0, 0.6911928231738962), (0, 0.6901384686626105), (0, 0.6898797568548511), (0, 0.6886041204082937), (0, 0.6879780740364447), (0, 0.6878568258220441), (0, 0.6868109757729576), (0, 0.6858706924890647), (0, 0.6852634244935903), (0, 0.6849550098537834), (0, 0.6860228551857351), (0, 0.6832482724154668), (0, 0.6820882486124682), (0, 0.6816037463948722), (0, 0.6813282856385315), (0, 0.6810135609543041), (0, 0.6796395385085322), (0, 0.6785604035928476), (0, 0.6780177106280436), (0, 0.677829189742405), (0, 0.6780841567598541), (0, 0.6760466962289119), (0, 0.6747542918298516), (0, 0.6737866740611776), (0, 0.6730770815277878), (0, 0.672721964728097), (0, 0.6724467922677343), (0, 0.6736936464117459), (0, 0.6696652258426262), (0, 0.670199767882013), (0, 0.6706932508632772), (0, 0.6672919627306898), (0, 0.6681300218109237), (0, 0.6657671604799441), (0, 0.6660298024878294), (0, 0.663919795305047), (0, 0.6637931790735926), (0, 0.6619340528256715), (0, 0.661575596609956), (0, 0.6598741604898534), (0, 0.6598681437470827), (0, 0.65868044903073), (0, 0.6571322123751039), (0, 0.6567735329313248), (0, 0.6546079727752095), (0, 0.6542940487913992), (0, 0.6523838259570656), (0, 0.6517751528952974), (0, 0.650215861969174), (0, 0.6486788458624666), (0, 0.6485055941779426), (0, 0.6488612931794512), (0, 0.6448442360242287), (0, 0.6450203632420196), (0, 0.6456105278500167), (0, 0.6409726527189791), (0, 0.6421968848028548), (0, 0.6384802595185385), (0, 0.6387618126496795), (0, 0.6358668815633309), (0, 0.634895658407444), (0, 0.6331861391354667), (0, 0.6310739448238415), (0, 0.6296115079753314), (0, 0.6269929948821096), (0, 0.625807647916939), (0, 0.625590063557963), (0, 0.6214265707927481), (0, 0.6227448586669744), (0, 0.6186762977211843), (0, 0.6168229781140083), (0, 0.6158486622233837), (0, 0.6140126739665949), (0, 0.6113882835957875), (0, 0.6120362743843989), (0, 0.6099772312962531), (0, 0.6099975169402312), (0, 0.608754351486075), (0, 0.6068066934413469), (0, 0.6043784658458679), (0, 0.6024089524035187), (0, 0.5999724770667144), (0, 0.5967366298095972), (0, 0.6026296171180924), (0, 0.5924386489588462), (0, 0.5920633116722845), (0, 0.5904791954961085), (0, 0.587621730329875), (0, 0.5845929145378143), (0, 0.5814972729669813), (0, 0.5799093803997875), (0, 0.5796632603081139), (0, 0.5768999049966452), (0, 0.5743787321251305), (0, 0.572624790490803), (0, 0.5811846843911529), (0, 0.5665313264431087), (0, 0.5637969899359331), (0, 0.5954666922790791), (0, 0.5959658740697085), (0, 0.5949236150445667), (0, 0.5857315165762501), (0, 0.5785752557488817), (0, 0.5765458769731123), (0, 0.5763169121668595), (0, 0.5745080064611258), (0, 0.5706365375812543), (0, 0.5671864414427563), (0, 0.5661653492699822), (0, 0.5663842363296361), (0, 0.5652536356190673), (0, 0.5624564427826627), (0, 0.5597420504748999), (0, 0.558188646666602), (0, 0.7644113673860818), (0, 0.8241233044544596), (0, 0.6622493762281936), (0, 0.8567280241634935), (0, 0.6369053270420139), (0, 0.6105869750702584), (0, 0.7168263551742976), (0, 0.6457580669826313), (0, 0.6296787954772152), (0, 0.7057674471758011), (0, 0.6757060933195543), (0, 0.5422527200792558), (0, 0.47795631131912586), (0, 0.49953219866089366), (0, 0.5299944175798077), (0, 0.5912724690104486), (0, 0.5903254154414613), (0, 0.5619886072915609), (0, 0.5473235928488777), (0, 0.5390175233461997), (0, 0.5220630262035012), (0, 0.4969454830184879), (0, 0.4758704922024884), (0, 0.4655204856000886), (0, 0.4537068763907426), (0, 0.450466116922684), (0, 0.4409779769513406), (0, 0.43257235927691645), (0, 0.4235255199747441), (0, 0.41276109773258596), (0, 0.41110279785799636), (0, 0.42521951740639524), (0, 0.4359966768993491), (0, 0.41432313960524003), (0, 0.384719370779751), (0, 0.36959200750621496), (0, 0.36325799506714856), (0, 0.39328113462010905), (0, 0.40992903112089896), (0, 0.3990241458827947), (0, 0.3933265122076635), (0, 0.3903650775846033), (0, 0.389670935507779), (0, 0.378997715561249), (0, 0.3691674876567142), (0, 0.38113566389506026), (0, 0.3932504805885955), (0, 0.3905400233892391), (0, 0.38729247364555525), (0, 0.3993361667590834), (0, 0.40758654949850226), (0, 0.41503406124243286), (0, 0.4203295996354177), (0, 0.42369356936185015), (0, 0.4252835226513438), (0, 0.42123631390872146), (0, 0.4155012272181413), (0, 0.4128625264195723), (0, 0.4052279431592886), (0, 0.3980703981289185), (0, 0.4029188008779479), (0, 0.4263938440093276), (0, 0.4260250275526057), (0, 0.4060370938349312), (0, 1.350313456720098), (0, 0.4046297042212013), (0, 0.4430849016347858), (0, 0.4315415105421183), (0, 0.43138810702006875), (0, 0.43357401176113314), (0, 0.48769104985349315), (0, 0.4507118912020087), (0, 0.3745812267560256), (0, 0.3638739858576585), (0, 0.42519349851972005), (0, 0.5165079677839965), (0, 0.5840623650662096), (0, 0.5985234658268311), (0, 0.5943713020967328), (0, 0.5664727589721169), (0, 0.5456198154460403), (0, 0.5300606408132613), (0, 0.5205495193358223), (0, 0.5113442985038334), (0, 0.5098202242540163), (0, 0.516225341630641), (0, 0.5247518811620454), (0, 0.53781717946035), (0, 0.5590029523184182), (0, 0.5817934173320914), (0, 0.6018960796225222), (0, 0.622322521396136), (0, 0.6432205042983801), (0, 0.6646470929621721), (0, 0.6861783903797337), (0, 0.7026647460625455), (0, 0.7156111820068728), (0, 0.7297061742362225), (0, 0.7450956337433814), (0, 0.7591702836839236), (0, 0.7724168230900746), (0, 0.7832954860915015), (0, 0.8904388258053814), (0, 0.8971365440325171), (0, 0.8993005706761718), (0, 0.8985621167131103), (0, 0.896138804244932), (0, 0.8927561578676283), (0, 0.8890332311002886), (0, 0.8851527273025916), (0, 0.8814232697657696), (0, 0.877809253414935), (0, 0.8745429215249567), (0, 0.8717537436468813), (0, 0.8705990154228043), (0, 0.8729304625843498), (0, 0.8766376048369576), (0, 0.8728675834655263), (0, 0.8696033445607969), (0, 0.8711000360973872), (0, 0.8744481456451846), (0, 0.8773125443671846), (0, 0.8786900879555827), (0, 0.8779477872694591), (0, 0.8757862428249364), (0, 0.8730366590677071), (0, 0.8708788192962493), (0, 0.8704751791300653), (0, 0.8715556750205121), (0, 0.8709529152162473), (0, 0.8687546649607616), (0, 0.8677285942986351), (0, 0.8672678113711241), (0, 0.8666703629101998), (0, 0.8665173797955448), (0, 0.8678709835615354), (0, 0.865883066512017), (0, 0.8654946854916764), (0, 0.8647674622361977), (0, 0.8643321656120951), (0, 0.8641358943489351), (0, 0.8638589287750026), (0, 0.8632268184995219), (0, 0.8623919735772579), (0, 0.8617096755607027), (0, 0.8612456433630911), (0, 0.8607766146961772), (0, 0.860285879712122), (0, 0.8596571655028762), (0, 0.8590112747686581), (0, 0.8583407337719305), (0, 0.8578886287386153), (0, 0.8572562768282097), (0, 0.8563301389746415), (0, 0.8556219310937756), (0, 0.8551570111965119), (0, 0.8544823146553799), (0, 0.8535670580234832), (0, 0.8527709420365251), (0, 0.852520025200041), (0, 0.8514900120856389), (0, 0.8504920295476541), (0, 0.8495221223277594), (0, 0.8486196743399641), (0, 0.8474000147524281), (0, 0.8461393604395228), (0, 0.8450458535848114), (0, 0.843809223018057), (0, 0.8424461573893343), (0, 0.8411926534374491), (0, 0.8390685108415412), (0, 0.8369314488462228), (0, 0.8344817490530957), (0, 0.8320957411464388), (0, 0.8297189930452697), (0, 0.8273626035261333), (0, 0.8248504853676187), (0, 0.8225992470941081), (0, 0.8206091527302166), (0, 0.818768630344362), (0, 0.8168734083593714), (0, 0.8148285603794596), (0, 0.8127728079054996), (0, 0.8105705963276959), (0, 0.8083996725694945), (0, 0.8060264279007571), (0, 0.8036810463256354), (0, 0.8012845680109993), (0, 0.7988386891693309), (0, 0.7964501248068073), (0, 0.7940569693842979), (0, 0.7916930369075845), (0, 0.7894201888209772), (0, 0.7873714689073218), (0, 0.7851760679810514), (0, 0.7832192810845298), (0, 0.7813346354788812), (0, 0.7795148441993479), (0, 0.7777930694784386), (0, 0.7762913564968325), (0, 0.7756786528765333), (0, 0.7764987431453118), (0, 0.7799593243126838), (0, 0.7703401445592012), (0, 0.7719459571318968), (0, 0.7667414540303111), (0, 0.766960775073883), (0, 0.7661550692178757), (0, 0.763280913969076), (0, 0.7614326209725846), (0, 0.7613916661796688), (0, 0.7593377935183931), (0, 0.7580522674087723), (0, 0.7571931689221364), (0, 0.7560974934637422), (0, 0.7547675338049394), (0, 0.7537187331958314), (0, 0.7529156892138138), (0, 0.7516533743236583), (0, 0.7503668435687157), (0, 0.7919513963614001), (0, 0.6546432486005428), (0, 0.756392645433897), (0, 0.8573000184400992), (0, 0.8857711899678629), (0, 0.8241704395057025), (0, 0.8230259503617273), (0, 0.7482900707073433), (0, 0.6584141107057794), (0, 0.6610499865949523), (0, 0.7748589225282766), (0, 0.7805397467542868), (0, 0.7851660562367978), (0, 0.7888553728058846), (0, 0.7919407307528082), (0, 0.7945151998798935), (0, 0.7965666814798871), (0, 0.7982311987685549), (0, 0.7996394753148143), (0, 0.8007377895296527), (0, 0.8015199563099141), (0, 0.8020507656777965), (0, 0.8021537874489586), (0, 0.8025509664305638), (0, 0.8026034173082423), (0, 0.8032634082362501), (0, 0.8035635080678706), (0, 0.8036223911767401), (0, 0.8034967978189567), (0, 0.8031162187985084), (0, 0.8023243626715083), (0, 0.8009172119830937), (0, 0.8078984042789229), (0, 0.8015099201809138), (0, 0.8028982195761247), (0, 0.8033664615732068), (0, 0.8035003506213396), (0, 0.8034705812588087), (0, 0.8033644478295042), (0, 0.8031495814973675), (0, 0.8029292691642285), (0, 0.8026570542261293), (0, 0.8022784880630258), (0, 0.8021264737080024), (0, 0.8016597844398526), (0, 0.8013274859766465), (0, 0.8010351317927432), (0, 0.8006063247918255), (0, 0.8001538185702449), (0, 0.7996869382383731), (0, 0.7991120460521866), (0, 0.7979768733466712), (0, 0.7979879020103727), (0, 0.7973253324632114), (0, 0.7963145586469151), (0, 0.7968288577818902), (0, 0.7948099390778903), (0, 0.79569591815684), (0, 0.7956759643252788), (0, 0.7955457012123596), (0, 0.7926738306648895), (0, 0.7920953283636148), (0, 0.7915506997321399), (0, 0.789694828822685), (0, 0.7864728708929616), (0, 0.7826980674946734), (0, 0.7807331335311662), (0, 0.783262531896594), (0, 0.7800217465538414), (0, 0.7784300555619018), (0, 0.7800262675847666), (0, 0.7776088010066059), (0, 0.777496815061926), (0, 0.7763227362666959), (0, 0.7755150673306468), (0, 0.7732368904001947), (0, 0.772694913364834), (0, 0.7716467233673364), (0, 0.7702634839004389), (0, 0.7635513377864142), (0, 0.7875735015026445), (0, 0.797377535445782), (0, 0.7978947223060189), (0, 0.785772494549145), (0, 0.788206697185266), (0, 0.7864083929775898), (0, 0.7852813511565172), (0, 0.7805809277787773), (0, 0.7741551630339235), (0, 0.7701623288065776), (0, 0.7667708717290359), (0, 0.7617263817516781), (0, 0.755818814874885), (0, 0.7524284884925198), (0, 0.7634918583693153), (0, 0.7470911115270181), (0, 0.7457296607498821), (0, 0.7455489936359192), (0, 0.7444446907681969), (0, 0.7414590591377852), (0, 0.7361956162695472), (0, 0.7297660911852949), (0, 0.7222747089345986), (0, 0.7154695997326529), (0, 0.7140374446718964), (0, 0.7086006566580957), (0, 0.6987755830504007), (0, 0.695121992736349), (0, 0.6889839920453945), (0, 0.6792729611002067), (0, 0.6677823072477365), (0, 0.6603256209522745), (0, 0.6495901114785866), (0, 0.6416471839617067), (0, 0.636520084770677), (0, 0.6306472283588692), (0, 0.6256985501490421), (0, 0.6237055448218874), (0, 0.6232264691068155), (0, 0.6216539801020575), (0, 0.6209482101220793), (0, 0.6216331667826662), (0, 0.6222044860567407), (0, 0.6221825408139492), (0, 0.6219046557881358), (0, 0.6217606127076913), (0, 0.6216950571017109), (0, 0.6212400502274489), (0, 0.5154240850999491), (0, 0.6222812674314795), (0, 0.6233301061208667), (0, 0.6243524466497886), (0, 0.6255032240492044), (0, 0.6261254928930868), (0, 0.6262927264745614), (0, 0.62601036009007), (0, 0.6253566357559421), (0, 0.6244848608967782), (0, 0.6235724687728592), (0, 0.6227557511077303), (0, 0.6221103734645065), (0, 0.621621172535657), (0, 0.6212542135298444), (0, 0.6209562390670246), (0, 0.6206921821263361), (0, 0.6204458346519096), (0, 0.6201993990620798), (0, 0.619947974145639), (0, 0.61966800592055), (0, 0.5133457105255782), (0, 0.5360922616129562), (0, 0.531747191678452), (0, 0.528900254549416), (0, 0.6191863287090099), (0, 0.6195775861284637), (0, 0.6198686226946166), (0, 0.620147858320189), (0, 0.6204554195617366), (0, 0.620801354409395), (0, 0.6211638416125468), (0, 0.6214991785816789), (0, 0.6217590213190095), (0, 0.6219061286264481), (0, 0.6219210334498818), (0, 0.6218009824340647), (0, 0.6215580336858667), (0, 0.6212132726011302), (0, 0.6207850332045958), (0, 0.6202693232347906), (0, 0.6195707050988297), (0, 0.6179783705759262), (0, 0.8276501019298163), (0, 0.8270834872665688), (0, 0.8267086418444166), (0, 0.8264010722131361), (0, 0.8261048380793795), (0, 0.8257987863078106), (0, 0.8254728895329072), (0, 0.8251227170504509), (0, 0.8247490582314251), (0, 0.8243531011937183), (0, 0.8239383876131313), (0, 0.8235071377087261), (0, 0.8230611639054977), (0, 0.8226031259830143), (0, 0.8221325688285143), (0, 0.8216508144034238), (0, 0.8211567646893451), (0, 0.820650796968723), (0, 0.8201343747115475), (0, 0.8196088081569001), (0, 0.8190788285126168), (0, 0.8185476757770327), (0, 0.8180205693323441), (0, 0.8175037905126928), (0, 0.8170040265139216), (0, 0.8165306247860258), (0, 0.81609220979001), (0, 0.8156941659920719), (0, 0.8153428640045933), (0, 0.8150876098007463), (0, 0.815093861500471), (0, 0.8171527328774483), (0, 0.8154383301295919), (0, 0.8184580805469572), (0, 0.8133276433041975), (0, 0.8269543160517023), (0, 0.8615638986631549), (0, 0.8826817435201799), (0, 0.8865452509732984), (0, 0.885937447243248), (0, 0.8805573226830431), (0, 0.8747964640483099), (0, 0.8683151644107264), (0, 0.8589385398079387), (0, 0.8503138400813398), (0, 0.840502948259859), (0, 0.8304266785873935), (0, 0.8209161350964287), (0, 0.8132911682681317), (0, 0.8278282399272582), (0, 0.8204069927614254), (0, 0.8125835059679467), (0, 0.8144127385368417), (0, 0.8154976211008913), (0, 0.8158413174698166), (0, 0.8151005778927365), (0, 0.8128093132852511), (0, 0.8105783839339527), (0, 0.8702472722464476), (0, 0.8673179616609229), (0, 0.8635845864945924), (0, 0.8582016472802421), (0, 0.8512027836254369), (0, 0.8447664679243511), (0, 0.8377525573108197), (0, 0.8306411677674865), (0, 0.8245846701678413), (0, 0.8191647734527024), (0, 0.8160442957480569), (0, 0.8177030713761907), (0, 0.8157527785583433), (0, 0.8136031578833208), (0, 0.8122444424625925), (0, 0.8116602679099114), (0, 0.8115706166870408), (0, 0.8112629873359118), (0, 0.8108132518821473), (0, 0.8102948738382446), (0, 0.8094621364004958), (0, 0.8085917737012087), (0, 0.8082265278879047), (0, 0.8082171781134534), (0, 0.8076539261194197), (0, 0.8071033020844504), (0, 0.8064537317181966), (0, 0.8057816507016926), (0, 0.8051241205888711), (0, 0.8046688794272928), (0, 0.8042716291715757), (0, 0.8036553482494834), (0, 0.8029878915800787), (0, 0.8025031729119426), (0, 0.8020772724851493), (0, 0.8015599047233138), (0, 0.800990095139085), (0, 0.8004258327066204), (0, 0.7998871898088157), (0, 0.7994834203056779), (0, 0.7990317151026419), (0, 0.7984724236491957), (0, 0.7979962402983439), (0, 0.7975568085994601), (0, 0.7971048618291233), (0, 0.7966301354052687), (0, 0.7961702487019285), (0, 0.7957075160220519), (0, 0.7952227589648143), (0, 0.7947450037854947), (0, 0.7942737011314297), (0, 0.7937908260560476), (0, 0.7933102008591163), (0, 0.7928550050832387), (0, 0.7923849904041621), (0, 0.7919019554127842), (0, 0.7914258412186221), (0, 0.7909372079668026), (0, 0.7904376197751851), (0, 0.7899551171119317), (0, 0.7894667532984165), (0, 0.7889360816067578), (0, 0.7884152558680902), (0, 0.7878852994071236), (0, 0.7873578413219793), (0, 0.7868541819184252), (0, 0.7869351064635018), (0, 0.7854832759139367), (0, 0.7846098412204167), (0, 0.7838022872125544), (0, 0.7830115114917863), (0, 0.782909589787705), (0, 0.7975703257680138), (0, 0.7991253138030107), (0, 0.7941124007860147), (0, 0.7921886892896781), (0, 0.7937285223962508), (0, 0.7950194076881899), (0, 0.7952441745252751), (0, 0.7951750454440097), (0, 0.7957095525261395), (0, 0.7946963561578553), (0, 0.7940307351296395), (0, 0.7925968308067328), (0, 0.7904570593850608), (0, 0.7884736655112968), (0, 0.7863529467006275), (0, 0.7842745852668244), (0, 0.7829967707357447), (0, 0.7826521030128344), (0, 0.7828188336849431), (0, 0.7829722160649837), (0, 0.7820927318687289), (0, 0.7809260552708505), (0, 0.7803912403806953), (0, 0.7802647915985433), (0, 0.7798410730035727), (0, 0.7792456037875706), (0, 0.7786616398299034), (0, 0.7780565341548651), (0, 0.7775886187412651), (0, 0.7773433581152435), (0, 0.7769782477797164), (0, 0.7764425969535655), (0, 0.7759612747358927), (0, 0.7754647064626629), (0, 0.775012862485405), (0, 0.7747542012114979), (0, 0.7745001043669454), (0, 0.774096969534818), (0, 0.773658237020793), (0, 0.7732230197934479), (0, 0.7727749526108519), (0, 0.7724004430522943), (0, 0.7720899698534055), (0, 0.771709100859075), (0, 0.7712722251697306), (0, 0.7708748587671699), (0, 0.7704976683665326), (0, 0.770113126618763), (0, 0.7697487291296964), (0, 0.7693828850724872), (0, 0.7689873269082641), (0, 0.7685857513928135), (0, 0.7681840566967523), (0, 0.7677657412130602), (0, 0.7673594295431695), (0, 0.7669667590072792), (0, 0.7665404299953308), (0, 0.7660942140021193), (0, 0.7656668742184186), (0, 0.7652426691871375), (0, 0.7647933070513463), (0, 0.7643458360395657), (0, 0.7639037555353406), (0, 0.7634324812541449), (0, 0.7629545559697125), (0, 0.7624701949865895), (0, 0.761966994335093), (0, 0.7614535547317979), (0, 0.7612116164768423), (0, 0.7602991555441522), (0, 0.7596886282118301), (0, 0.7670970113458044), (0, 0.7619677871559909), (0, 0.7606535934476929), (0, 0.7599335542097477), (0, 0.7593077389071728), (0, 0.7598250011260327), (0, 0.7592299062955625), (0, 0.7577700590344056), (0, 0.7572708393543262), (0, 0.7572863025205113), (0, 0.7570545773704014), (0, 0.7587408925718383), (0, 0.7916298446466344), (0, 0.7685223664963431), (0, 0.7745020653777283), (0, 0.7718870016084288), (0, 0.7734371862938719), (0, 0.7729597497449431), (0, 0.7710544799518843), (0, 0.7673609285443064), (0, 0.766979474181723), (0, 0.7682578157164208), (0, 0.7670328934228143), (0, 0.7660984765716495), (0, 0.7666662451567338), (0, 0.765915918549006), (0, 0.7640708620385905), (0, 0.7632142511462909), (0, 0.7626304149723104), (0, 0.7616170030043269), (0, 0.7608203295885412), (0, 0.760506946465623), (0, 0.7599881926145602), (0, 0.759180127575022), (0, 0.7585779295154583), (0, 0.7580856531860567), (0, 0.7572647539455772), (0, 0.7562420611049149), (0, 0.7553584175633813), (0, 0.7544840710657325), (0, 0.7534497471048892), (0, 0.7524624847717479), (0, 0.7515333725582377), (0, 0.7506232734661905), (0, 0.7498655143127921), (0, 0.7489465437370922), (0, 0.7481893676488491), (0, 0.7478152359617245), (0, 0.7489235043515686), (0, 0.7887509322675162), (0, 0.7832709961089025), (0, 0.7665386433027), (0, 0.755491301755869), (0, 0.7744910350593095), (0, 0.7606295028551372), (0, 0.7546865092275149), (0, 0.7627152087643396), (0, 0.7694874753941626), (0, 0.7725471032877698), (0, 0.7725670278737994), (0, 0.7698762087885084), (0, 0.7647463984627428), (0, 0.7586741120015059), (0, 0.7543877948689076), (0, 0.7568318196280369), (0, 0.7600734858035202), (0, 0.7504180493735336), (0, 0.7503791819390137), (0, 0.7519711160802216), (0, 0.7531805297055607), (0, 0.7525250768896221), (0, 0.7493546858058747), (0, 0.746110632949688), (0, 0.7468284741835273), (0, 0.7479941673763438), (0, 0.7458479986761439), (0, 0.7450156277193901), (0, 0.7445404760213199), (0, 0.7444427049947319), (0, 0.744708654309315), (0, 0.7443930961024822), (0, 0.7431409388314205), (0, 0.7419226721370545), (0, 0.7417082522540852), (0, 0.7420219718131617), (0, 0.7416941236869027), (0, 0.7407133410958361), (0, 0.7399677514684234), (0, 0.7398881068562901), (0, 0.7400095480757812), (0, 0.7396815879033026), (0, 0.7389257592530721), (0, 0.7382973139899569), (0, 0.7380834232243826), (0, 0.7379920630274883), (0, 0.7376480250232492), (0, 0.7370929690404938), (0, 0.7366410894045426), (0, 0.7364208008601577), (0, 0.7362431985279398), (0, 0.7359028641083029), (0, 0.7354408911433142), (0, 0.7350316969621223), (0, 0.7347391039937318), (0, 0.7344824642306219), (0, 0.734162927953851), (0, 0.7337656406346094), (0, 0.7333677906760475), (0, 0.7330289529508954), (0, 0.7327071345754771), (0, 0.7323527277793579), (0, 0.7319664199681637), (0, 0.7315912130481982), (0, 0.7312574585413256), (0, 0.7309395081506223), (0, 0.7305982952646799), (0, 0.7302750392110564), (0, 0.7299596818569207), (0, 0.7298183478510328), (0, 0.7292287982069311), (0, 0.7298357865469245), (0, 0.7301295587511775), (0, 0.7308764198931254), (0, 0.7305917313956211), (0, 0.7297123413714685), (0, 0.7287793944555091), (0, 0.7285884502740837), (0, 0.7286748353165861), (0, 0.727964066653497), (0, 0.7275181959930693), (0, 0.7270728593121487), (0, 0.7268059557994704), (0, 0.7266057760220814), (0, 0.7260915463590463), (0, 0.725548501882248), (0, 0.7252836293864302), (0, 0.7250350894337395), (0, 0.7245870953601085), (0, 0.7240889363956192), (0, 0.7236539153305898), (0, 0.7231451792240339), (0, 0.7221177526885277), (0, 0.7277995633486057), (0, 0.7237524521553554), (0, 0.724140629289999), (0, 0.7236154904339408), (0, 0.7237809166744628), (0, 0.7237747948023251), (0, 0.72311142573127), (0, 0.7221806159885039), (0, 0.7214213728711879), (0, 0.7207909555804504), (0, 0.7200515761479697), (0, 0.7190689645607738), (0, 0.7188623406306206), (0, 0.7189112468168165), (0, 0.718306621514055), (0, 0.7179472257267135), (0, 0.7179485704935119), (0, 0.7164980973124977), (0, 0.7169208501494957), (0, 0.7168156151835611), (0, 0.7332364629787348), (0, 0.7157166023500885), (0, 0.7196524586241182), (0, 0.7236131795442794), (0, 0.7261148967869814), (0, 0.7180452700995174), (0, 0.7146222494086906), (0, 0.7180705543982174), (0, 0.7143862396266633), (0, 0.715844318113211), (0, 0.7159782062230501), (0, 0.715717460253216), (0, 0.7147321068762252), (0, 0.713477151729261), (0, 0.7138662042715063), (0, 0.7134303443896127), (0, 0.712729742111034), (0, 0.712777079165091), (0, 0.7123150346426502), (0, 0.7118325173612828), (0, 0.7112911795794213), (0, 0.7111312760136498), (0, 0.7116217256850718), (0, 0.7106003787612379), (0, 0.7096362855742452), (0, 0.7093629249795029), (0, 0.7099765861941411), (0, 0.7126235104866189), (0, 0.7083058810842816), (0, 0.712766079490951), (0, 0.7085712739782958), (0, 0.7105855551994326), (0, 0.7083912241665796), (0, 0.7086612634171735), (0, 0.706898673656242), (0, 0.7084826202125653), (0, 0.7072228201487532), (0, 0.7067514306357485), (0, 0.7057617865874933), (0, 0.7053746486346739), (0, 0.7053949961264361), (0, 0.7037641077566973), (0, 0.7042610923298444), (0, 0.7024948930861442), (0, 0.7027200005564467), (0, 0.7014874502535017), (0, 0.7018114603264061), (0, 0.6998136393890791), (0, 0.7000751243404016), (0, 0.6987668195017992), (0, 0.6988533847058173), (0, 0.6981852599782679), (0, 0.697126221524976), (0, 0.698042861855963), (0, 0.6977255065191638), (0, 0.6956776319441985), (0, 0.6984241107428734), (0, 0.6949659500661641), (0, 0.6953394463949939), (0, 0.6934883650158268), (0, 0.6930498846927731), (0, 0.6932234186609536), (0, 0.6991588499457952), (0, 0.7639347974078996), (0, 0.7519342746902784), (0, 170.85994242165154), (0, 0.7677733106152465), (0, 0.8449344678638404), (0, 0.9161430093886967), (0, 0.7957112072580799), (0, 0.7878621148991409), (0, 0.7908051120024314), (0, 0.8128346272844497), (0, 0.9103958312066794), (0, 1.3437558067096562), (0, 1.2153926774404356), (0, 0.8577719251060271), (0, 0.8813211941332271), (0, 1.57609376531948), (0, 0.887765671485779), (0, 0.908583771064802), (0, 0.9398714117637574), (0, 0.941499108928446), (0, 0.9664402028019086), (0, 1.1090353798273709), (0, 0.9726562007257215), (0, 0.9741473643149896), (0, 1.007179443982167), (0, 0.9370990006426525), (0, 0.928634090660669), (0, 0.9418920055976973), (0, 0.9321374157101495), (0, 0.9192283861734939), (0, 0.9544830030814193), (0, 0.907929286612673), (0, 0.9546594996629364), (0, 0.9344479841584538), (0, 10.364328304644745), (0, 1.1416990939710596), (0, 4.637338250485556), (0, 1.2895793835896983), (0, 1.3247492829802974), (0, 1.3151326602245035), (0, 1.3030817948097728), (0, 1.303202728423785), (0, 1.325131544486238), (0, 1.3422904377939442), (0, 1.3546406669529023), (0, 1.3695121640907082), (0, 1.3836258868324576), (0, 1.3923243492303257), (0, 1.4000908521429087), (0, 1.4101335538639923), (0, 1.4188222693447126), (0, 1.4253811157748126), (0, 1.4323657369845162), (0, 1.441203157489526), (0, 1.4503023812333538), (0, 1.4572451840144538), (0, 1.4610333769001098), (0, 1.462567978084925), (0, 1.4637255915908467), (0, 1.4658424701477852), (0, 1.4687124936096534), (0, 1.4711965044924844), (0, 1.4728096078535338), (0, 1.4741225716562398), (0, 1.4757400419851787), (0, 1.4776049536849982), (0, 1.4792855778555427), (0, 1.4805363138153342), (0, 1.4814949152494499), (0, 1.482451118286041), (0, 1.4834876764827112), (0, 1.4843757297013649), (0, 1.4848478090265316), (0, 1.4849189896566015), (0, 1.4848652123158324), (0, 1.4849380204483316), (0, 1.4851785219660687), (0, 1.4854707961691629), (0, 1.4856975287611738), (0, 1.4858315441062946), (0, 1.4859158750056718), (0, 1.485991222210627)]