Model Setup for {PATIENT_GROUPS} Trained Network:

RNN Network Architecture Parameters
Input channels=1
Hidden channels=64
Output channels=1

Training hyperparameters
Optimizer=AdamW (
Parameter Group 0
    amsgrad: False
    betas: (0.9, 0.999)
    capturable: False
    differentiable: False
    eps: 1e-08
    foreach: None
    fused: None
    lr: 0.0001
    maximize: False
    weight_decay: 0.0
)Training Iterations=500
Learning rate=0.0001
Weight decay=0.0
Optimizer reset frequency=None

Dropout probability (after initial linear layer before NCDE): 0.0
Training Data Selection Parameters
(If not virtual, the only important params are the groups and whether data was normalized/standardized)
Patient groups=['Control']
Augmentation strategy=Uniform
Noise Magnitude=0.0
Normalized/standardized=None
Number of virtual patients per real patient=1
Label smoothing factor=0
Test Patient Combinations:
Control: None
MDD: None
Training batch size=1
Training Results:
Runtime=74.93573927879333
Loss over time=[(0, 31.924829483032227), (0, 31.86441993713379), (0, 31.806955337524414), (0, 31.752090454101562), (0, 31.699310302734375), (0, 31.648117065429688), (0, 31.59814453125), (0, 31.549026489257812), (0, 31.500320434570312), (0, 31.450899124145508), (0, 31.39928436279297), (0, 31.343225479125977), (0, 31.285268783569336), (0, 31.22581672668457), (0, 31.164466857910156), (0, 31.10150146484375), (0, 31.03672981262207), (0, 30.969858169555664), (0, 30.898767471313477), (0, 30.82404136657715), (0, 30.745223999023438), (0, 30.661596298217773), (0, 30.572296142578125), (0, 30.476354598999023), (0, 30.371915817260742), (0, 30.25745391845703), (0, 30.133180618286133), (0, 29.999086380004883), (0, 29.85540008544922), (0, 29.702659606933594), (0, 29.541725158691406), (0, 29.37378692626953), (0, 29.200376510620117), (0, 29.022722244262695), (0, 28.84307861328125), (0, 28.66283416748047), (0, 28.485023498535156), (0, 28.31184196472168), (0, 28.14496612548828), (0, 27.98541259765625), (0, 27.833389282226562), (0, 27.688369750976562), (0, 27.549209594726562), (0, 27.414403915405273), (0, 27.282434463500977), (0, 27.15199851989746), (0, 27.022188186645508), (0, 26.89251708984375), (0, 26.762842178344727), (0, 26.631616592407227), (0, 26.500272750854492), (0, 26.369665145874023), (0, 26.240646362304688), (0, 26.114015579223633), (0, 25.98841094970703), (0, 25.865516662597656), (0, 25.745956420898438), (0, 25.629961013793945), (0, 25.51744842529297), (0, 25.408050537109375), (0, 25.301172256469727), (0, 25.196043014526367), (0, 25.091772079467773), (0, 24.987449645996094), (0, 24.882253646850586), (0, 24.775476455688477), (0, 24.666555404663086), (0, 24.555994033813477), (0, 24.444486618041992), (0, 24.332902908325195), (0, 24.222116470336914), (0, 24.11273765563965), (0, 24.00538444519043), (0, 23.900625228881836), (0, 23.79880714416504), (0, 23.700143814086914), (0, 23.60474395751953), (0, 23.51262855529785), (0, 23.42372703552246), (0, 23.337905883789062), (0, 23.254974365234375), (0, 23.174734115600586), (0, 23.09694480895996), (0, 23.021345138549805), (0, 22.947587966918945), (0, 22.875259399414062), (0, 22.803842544555664), (0, 22.732770919799805), (0, 22.66145896911621), (0, 22.589387893676758), (0, 22.516157150268555), (0, 22.44157600402832), (0, 22.365707397460938), (0, 22.288909912109375), (0, 22.21184730529785), (0, 22.13541603088379), (0, 22.060598373413086), (0, 21.988317489624023), (0, 21.91927146911621), (0, 21.85383415222168), (0, 21.79204559326172), (0, 21.733673095703125), (0, 21.67828941345215), (0, 21.6253662109375), (0, 21.57436180114746), (0, 21.52473258972168), (0, 21.475976943969727), (0, 21.427640914916992), (0, 21.379289627075195), (0, 21.330537796020508), (0, 21.281034469604492), (0, 21.230478286743164), (0, 21.178647994995117), (0, 21.125396728515625), (0, 21.070701599121094), (0, 21.014673233032227), (0, 20.957563400268555), (0, 20.899751663208008), (0, 20.841753005981445), (0, 20.784135818481445), (0, 20.727195739746094), (0, 20.669416427612305), (0, 20.612234115600586), (0, 20.55634880065918), (0, 20.50214958190918), (0, 20.449810028076172), (0, 20.39935874938965), (0, 20.350717544555664), (0, 20.30375099182129), (0, 20.258291244506836), (0, 20.21416473388672), (0, 20.17120933532715), (0, 20.1292724609375), (0, 20.088220596313477), (0, 20.047941207885742), (0, 20.008333206176758), (0, 19.96931266784668), (0, 19.930816650390625), (0, 19.892784118652344), (0, 19.855165481567383), (0, 19.817916870117188), (0, 19.781003952026367), (0, 19.74439811706543), (0, 19.70807456970215), (0, 19.67193031311035), (0, 19.633821487426758), (0, 19.595727920532227), (0, 19.558486938476562), (0, 19.52256965637207), (0, 19.487972259521484), (0, 19.45417022705078), (0, 19.420400619506836), (0, 19.38616371154785), (0, 19.35142707824707), (0, 19.316431045532227), (0, 19.28150749206543), (0, 19.246917724609375), (0, 19.21280288696289), (0, 19.17914390563965), (0, 19.14579963684082), (0, 19.112577438354492), (0, 19.07931137084961), (0, 19.045944213867188), (0, 19.012514114379883), (0, 18.97910499572754), (0, 18.945837020874023), (0, 18.91278839111328), (0, 18.879995346069336), (0, 18.84743309020996), (0, 18.81504249572754), (0, 18.782766342163086), (0, 18.750558853149414), (0, 18.71842384338379), (0, 18.686403274536133), (0, 18.654542922973633), (0, 18.622894287109375), (0, 18.591489791870117), (0, 18.560338973999023), (0, 18.52942657470703), (0, 18.498741149902344), (0, 18.468263626098633), (0, 18.437997817993164), (0, 18.40795135498047), (0, 18.378149032592773), (0, 18.34861183166504), (0, 18.319355010986328), (0, 18.290376663208008), (0, 18.26167106628418), (0, 18.233217239379883), (0, 18.20501136779785), (0, 18.177038192749023), (0, 18.149295806884766), (0, 18.121789932250977), (0, 18.09452247619629), (0, 18.06749153137207), (0, 18.040693283081055), (0, 18.01412010192871), (0, 17.987764358520508), (0, 17.961618423461914), (0, 17.935680389404297), (0, 17.909944534301758), (0, 17.884418487548828), (0, 17.859100341796875), (0, 17.833993911743164), (0, 17.80909538269043), (0, 17.784399032592773), (0, 17.75990867614746), (0, 17.735618591308594), (0, 17.71152687072754), (0, 17.687639236450195), (0, 17.6639461517334), (0, 17.640459060668945), (0, 17.617162704467773), (0, 17.594057083129883), (0, 17.571134567260742), (0, 17.54838752746582), (0, 17.525808334350586), (0, 17.503385543823242), (0, 17.481103897094727), (0, 17.458948135375977), (0, 17.4368953704834), (0, 17.4149227142334), (0, 17.39298439025879), (0, 17.371042251586914), (0, 17.349023818969727), (0, 17.32684898376465), (0, 17.30442237854004), (0, 17.2816162109375), (0, 17.25824737548828), (0, 17.234033584594727), (0, 17.208829879760742), (0, 17.18330955505371), (0, 17.162813186645508), (0, 17.178133010864258), (0, 17.135202407836914), (0, 17.146629333496094), (0, 17.13759422302246), (0, 17.12119483947754), (0, 17.10272216796875), (0, 17.083650588989258), (0, 17.06022834777832), (0, 17.034955978393555), (0, 17.009265899658203), (0, 16.98499298095703), (0, 16.963106155395508), (0, 16.942668914794922), (0, 16.921056747436523), (0, 16.896753311157227), (0, 16.872957229614258), (0, 16.860410690307617), (0, 16.856529235839844), (0, 16.828176498413086), (0, 16.802276611328125), (0, 16.785829544067383), (0, 16.768922805786133), (0, 16.7497615814209), (0, 16.728029251098633), (0, 16.703107833862305), (0, 16.675853729248047), (0, 16.659385681152344), (0, 16.646799087524414), (0, 16.61482810974121), (0, 16.60546112060547), (0, 16.57813835144043), (0, 16.56450843811035), (0, 16.53217315673828), (0, 16.507951736450195), (0, 16.528165817260742), (0, 16.565326690673828), (0, 16.59819221496582), (0, 16.587617874145508), (0, 16.560182571411133), (0, 16.514793395996094), (0, 16.428438186645508), (0, 16.449251174926758), (0, 16.3961181640625), (0, 16.374767303466797), (0, 16.392305374145508), (0, 16.381275177001953), (0, 16.34611701965332), (0, 16.311567306518555), (0, 16.331357955932617), (0, 16.299489974975586), (0, 16.262588500976562), (0, 16.259777069091797), (0, 16.238319396972656), (0, 16.20015525817871), (0, 16.212034225463867), (0, 16.15839195251465), (0, 16.155744552612305), (0, 16.115970611572266), (0, 16.15492057800293), (0, 16.11180305480957), (0, 16.076894760131836), (0, 16.1201114654541), (0, 16.134986877441406), (0, 16.19361114501953), (0, 16.176511764526367), (0, 16.11202621459961), (0, 15.966670989990234), (0, 16.00838279724121), (0, 16.059490203857422), (0, 15.92947006225586), (0, 15.956817626953125), (0, 15.981976509094238), (0, 15.964104652404785), (0, 15.919133186340332), (0, 15.8964204788208), (0, 15.862162590026855), (0, 15.884005546569824), (0, 15.88825511932373), (0, 15.823356628417969), (0, 15.800326347351074), (0, 15.802501678466797), (0, 15.797515869140625), (0, 15.773262977600098), (0, 15.736042022705078), (0, 15.710613250732422), (0, 15.709148406982422), (0, 15.672553062438965), (0, 15.628165245056152), (0, 15.613116264343262), (0, 15.591649055480957), (0, 15.550858497619629), (0, 15.52506160736084), (0, 15.52221965789795), (0, 15.471529960632324), (0, 15.4644775390625), (0, 15.422892570495605), (0, 15.41664981842041), (0, 15.37441635131836), (0, 15.355103492736816), (0, 15.345161437988281), (0, 15.333313941955566), (0, 15.3262357711792), (0, 15.515609741210938), (0, 15.400137901306152), (0, 15.446414947509766), (0, 15.639278411865234), (0, 15.787224769592285), (0, 15.7181978225708), (0, 15.662373542785645), (0, 15.63494873046875), (0, 15.621528625488281), (0, 15.610225677490234), (0, 15.595301628112793), (0, 15.575739860534668), (0, 15.553359031677246), (0, 15.531041145324707), (0, 15.510689735412598), (0, 15.49489974975586), (0, 15.479779243469238), (0, 15.460713386535645), (0, 15.438682556152344), (0, 15.417550086975098), (0, 15.39920425415039), (0, 15.382880210876465), (0, 15.366874694824219), (0, 15.34997844696045), (0, 15.331889152526855), (0, 15.313054084777832), (0, 15.294272422790527), (0, 15.276298522949219), (0, 15.259507179260254), (0, 15.243743896484375), (0, 15.22847843170166), (0, 15.213183403015137), (0, 15.197669982910156), (0, 15.182141304016113), (0, 15.1669282913208), (0, 15.152255058288574), (0, 15.138130187988281), (0, 15.1243896484375), (0, 15.110379219055176), (0, 15.092206001281738), (0, 15.072074890136719), (0, 15.050655364990234), (0, 15.028465270996094), (0, 15.005932807922363), (0, 14.983409881591797), (0, 14.961166381835938), (0, 14.93939208984375), (0, 14.918231010437012), (0, 14.8977689743042), (0, 14.878087043762207), (0, 14.859217643737793), (0, 14.841156005859375), (0, 14.823859214782715), (0, 14.8072509765625), (0, 14.791236877441406), (0, 14.77573299407959), (0, 14.760673522949219), (0, 14.746027946472168), (0, 14.731765747070312), (0, 14.717880249023438), (0, 14.704353332519531), (0, 14.691154479980469), (0, 14.678256034851074), (0, 14.665627479553223), (0, 14.653239250183105), (0, 14.641077995300293), (0, 14.629135131835938), (0, 14.617403984069824), (0, 14.605877876281738), (0, 14.594535827636719), (0, 14.583361625671387), (0, 14.57233715057373), (0, 14.561444282531738), (0, 14.550677299499512), (0, 14.540024757385254), (0, 14.52949047088623), (0, 14.519068717956543), (0, 14.508753776550293), (0, 14.498538970947266), (0, 14.488425254821777), (0, 14.478397369384766), (0, 14.468456268310547), (0, 14.458598136901855), (0, 14.448819160461426), (0, 14.43912410736084), (0, 14.429505348205566), (0, 14.419962882995605), (0, 14.410491943359375), (0, 14.401091575622559), (0, 14.391761779785156), (0, 14.382494926452637), (0, 14.373295783996582), (0, 14.364163398742676), (0, 14.355091094970703), (0, 14.346081733703613), (0, 14.33713436126709), (0, 14.328242301940918), (0, 14.31940746307373), (0, 14.310630798339844), (0, 14.301913261413574), (0, 14.293246269226074), (0, 14.284637451171875), (0, 14.27608585357666), (0, 14.267590522766113), (0, 14.259151458740234), (0, 14.250774383544922), (0, 14.24245548248291), (0, 14.234200477600098), (0, 14.226012229919434), (0, 14.217891693115234), (0, 14.209839820861816), (0, 14.201863288879395), (0, 14.19395923614502), (0, 14.186138153076172), (0, 14.178398132324219), (0, 14.170738220214844), (0, 14.163162231445312), (0, 14.15567684173584), (0, 14.148273468017578), (0, 14.140959739685059), (0, 14.13372802734375), (0, 14.126575469970703), (0, 14.119503021240234), (0, 14.112504005432129), (0, 14.105571746826172), (0, 14.098702430725098), (0, 14.091887474060059), (0, 14.08512020111084), (0, 14.078396797180176), (0, 14.071709632873535), (0, 14.06505298614502), (0, 14.058425903320312), (0, 14.052777290344238), (0, 14.046107292175293), (0, 14.039402961730957), (0, 14.032694816589355), (0, 14.02600383758545), (0, 14.019331932067871), (0, 14.012677192687988), (0, 14.006037712097168), (0, 13.99942398071289), (0, 13.992840766906738), (0, 13.986309051513672), (0, 13.979825019836426), (0, 13.973395347595215), (0, 13.967007637023926), (0, 13.96065616607666), (0, 13.954337120056152), (0, 13.948047637939453), (0, 13.941786766052246), (0, 13.93555736541748), (0, 13.929356575012207), (0, 13.923182487487793), (0, 13.917025566101074), (0, 13.910883903503418), (0, 13.90475845336914), (0, 13.898639678955078), (0, 13.892531394958496), (0, 13.886433601379395), (0, 13.88034439086914), (0, 13.874262809753418), (0, 13.868184089660645), (0, 13.862107276916504), (0, 13.856033325195312), (0, 13.849956512451172)]