Model Setup for Uniformvirtual {PATIENT_GROUPS} Trained Network:

{NETWORK_TYPE} Network Architecture Parameters
Input channels=22
Hidden channels=128
Output channels=1

Training hyperparameters
Optimizer=AdamW (
Parameter Group 0
    amsgrad: False
    betas: (0.9, 0.999)
    capturable: False
    differentiable: False
    eps: 1e-08
    foreach: None
    fused: None
    lr: 0.001
    maximize: False
    weight_decay: 1e-06
)Training Iterations=10
Learning rate=0.001
Weight decay=1e-06
Optimizer reset frequency=None

Dropout probability (after initial linear layer before NCDE): 0
Training Data Selection Parameters
(If not virtual, the only important params are the groups and whether data was normalized/standardized)
Patient groups=['Control', 'MDD']
Augmentation strategy=Uniform
Noise Magnitude=0.05
Normalized/standardized=StandardizeAll
Number of virtual patients per real patient=100
Label smoothing factor=0
Test Patient Combinations:
Control: (12, 18, 34, 42, 21)
MDD: (27, 47, 13, 25, 5)
Training batch size=200
Training Results:
Runtime=0.8529348373413086
Loss over time=[(0, 0.7012563943862915), (1, 0.6885005235671997), (2, 0.6784676909446716), (3, 0.6723330616950989), (4, 0.6547225117683411), (5, 0.6498222351074219), (6, 0.6308613419532776), (7, 0.6095054745674133), (8, 0.6551552414894104), (9, 0.5958273410797119), (10, 0.5806674957275391), (11, 0.6044788956642151), (12, 0.5674474239349365), (13, 0.5532923340797424), (14, 0.5387433171272278), (15, 0.47304126620292664), (16, 0.5425388216972351), (17, 0.4897008240222931), (18, 0.5092335939407349), (19, 0.5163271427154541), (20, 0.4484632611274719), (21, 0.4831022620201111), (22, 0.43758586049079895), (23, 0.4352058470249176), (24, 0.4394870102405548), (25, 0.3774091601371765), (26, 0.488883376121521), (27, 0.4846542477607727), (28, 0.43205973505973816), (29, 0.4212454855442047), (30, 0.46387210488319397), (31, 0.37218520045280457), (32, 0.3624323904514313), (33, 0.3544430136680603), (34, 0.3881705105304718), (35, 0.3401256203651428), (36, 0.3318265974521637), (37, 0.3144303262233734), (38, 0.3403736352920532), (39, 0.3231496810913086), (40, 0.3440670371055603), (41, 0.26123568415641785), (42, 0.3731420934200287), (43, 0.2849443554878235), (44, 0.2633501887321472), (45, 0.2685909867286682), (46, 0.2999202609062195), (47, 0.22973030805587769), (48, 0.2239852100610733), (0, 0.260655015707016), (1, 0.18635499477386475), (2, 0.26798394322395325), (3, 0.18388931453227997), (4, 0.19371023774147034), (5, 0.1939622461795807), (6, 0.19583265483379364), (7, 0.12961405515670776), (8, 0.15255695581436157), (9, 0.136759415268898), (10, 0.17197240889072418), (11, 0.1464868038892746), (12, 0.146322563290596), (13, 0.14550793170928955), (14, 0.13152624666690826), (15, 0.09399055689573288), (16, 0.13102172315120697), (17, 0.11612426489591599), (18, 0.12384822219610214), (19, 0.12338472157716751), (20, 0.1011800542473793), (21, 0.16521508991718292), (22, 0.10817930102348328), (23, 0.20537710189819336), (24, 0.19722972810268402), (25, 0.10612642019987106), (26, 0.20773091912269592), (27, 0.11705861985683441), (28, 0.12132645398378372), (29, 0.1608370840549469), (30, 0.19164684414863586), (31, 0.0823451429605484), (32, 0.091752789914608), (33, 0.1357877105474472), (34, 0.11848777532577515), (35, 0.10158418864011765), (36, 0.12665580213069916), (37, 0.06720555573701859), (38, 0.11686462163925171), (39, 0.11069009453058243), (40, 0.10951655358076096), (41, 0.1347094178199768), (42, 0.07284325361251831), (43, 0.0955638661980629), (44, 0.0671544298529625), (45, 0.08672907203435898), (46, 0.09926033765077591), (47, 0.12138975411653519), (48, 0.09635080397129059), (0, 0.07530330121517181), (1, 0.1569993942975998), (2, 0.06843370944261551), (3, 0.07581084966659546), (4, 0.1682012677192688), (5, 0.12667156755924225), (6, 0.041336286813020706), (7, 0.09130311012268066), (8, 0.21347317099571228), (9, 0.10893678665161133), (10, 0.08618885278701782), (11, 0.1314270943403244), (12, 0.08533371239900589), (13, 0.1092764288187027), (14, 0.07994036376476288), (15, 0.09365461021661758), (16, 0.08860050141811371), (17, 0.08868203312158585), (18, 0.05767092853784561), (19, 0.0982493981719017), (20, 0.05457231029868126), (21, 0.07631326466798782), (22, 0.07903128862380981), (23, 0.07266557216644287), (24, 0.05442769452929497), (25, 0.06010760739445686), (26, 0.05555900186300278), (27, 0.056568413972854614), (28, 0.05180628225207329), (29, 0.04336865246295929), (30, 0.05653306841850281), (31, 0.053890347480773926), (32, 0.04644971340894699), (33, 0.043112460523843765), (34, 0.04384814202785492), (35, 0.030750613659620285), (36, 0.031308986246585846), (37, 0.05534449219703674), (38, 0.03888667747378349), (39, 0.0281552504748106), (40, 0.024051561951637268), (41, 0.027457350865006447), (42, 0.0398426279425621), (43, 0.04630807414650917), (44, 0.025368910282850266), (45, 0.02553955279290676), (46, 0.03892754763364792), (47, 0.023972244933247566), (48, 0.06366746127605438), (0, 0.04025665670633316), (1, 0.030589241534471512), (2, 0.03510959446430206), (3, 0.023456908762454987), (4, 0.05024739354848862), (5, 0.03943764790892601), (6, 0.012781834229826927), (7, 0.018895747140049934), (8, 0.016598649322986603), (9, 0.01951625756919384), (10, 0.01997244730591774), (11, 0.01750239171087742), (12, 0.0217563696205616), (13, 0.01883580908179283), (14, 0.029556937515735626), (15, 0.020113831385970116), (16, 0.027029477059841156), (17, 0.02912718802690506), (18, 0.025601845234632492), (19, 0.048168621957302094), (20, 0.019892379641532898), (21, 0.010199984535574913), (22, 0.035022810101509094), (23, 0.014676311053335667), (24, 0.020960869267582893), (25, 0.01727217622101307), (26, 0.014117665588855743), (27, 0.02543816715478897), (28, 0.01774119958281517), (29, 0.02562914416193962), (30, 0.008045094087719917), (31, 0.015650957822799683), (32, 0.02527013048529625), (33, 0.017589062452316284), (34, 0.019215991720557213), (35, 0.01514628529548645), (36, 0.006564700976014137), (37, 0.020045384764671326), (38, 0.015604477375745773), (39, 0.016851142048835754), (40, 0.010985646396875381), (41, 0.014764872379601002), (42, 0.013469748198986053), (43, 0.008607763797044754), (44, 0.004832117352634668), (45, 0.017293350771069527), (46, 0.005784696899354458), (47, 0.0033067050389945507), (48, 0.017761431634426117), (0, 0.0071586440317332745), (1, 0.005463777109980583), (2, 0.003724249079823494), (3, 0.0031497615855187178), (4, 0.0044768452644348145), (5, 0.030895531177520752), (6, 0.0026812267024070024), (7, 0.015459300018846989), (8, 0.020000522956252098), (9, 0.0077620213851332664), (10, 0.0032643142621964216), (11, 0.015876999124884605), (12, 0.03578532114624977), (13, 0.0054642874747514725), (14, 0.0410202294588089), (15, 0.036904457956552505), (16, 0.012578380294144154), (17, 0.0251940730959177), (18, 0.01682630181312561), (19, 0.012681485153734684), (20, 0.024833418428897858), (21, 0.0070442031137645245), (22, 0.0126078762114048), (23, 0.039751674979925156), (24, 0.019328681752085686), (25, 0.007261666003614664), (26, 0.022675853222608566), (27, 0.0027444902807474136), (28, 0.013897393830120564), (29, 0.0145108662545681), (30, 0.004978932905942202), (31, 0.0057118977420032024), (32, 0.0074695684015750885), (33, 0.018370918929576874), (34, 0.009807486087083817), (35, 0.0034874638076871634), (36, 0.0025146901607513428), (37, 0.0031306406017392874), (38, 0.0027588892262429), (39, 0.05782679095864296), (40, 0.004191956017166376), (41, 0.007245619315654039), (42, 0.041429124772548676), (43, 0.014723522588610649), (44, 0.0030523815657943487), (45, 0.008185682818293571), (46, 0.02768048085272312), (47, 0.01662079431116581), (48, 0.0032118952367454767), (0, 0.0031998595222830772), (1, 0.015588256530463696), (2, 0.014021412469446659), (3, 0.008878040127456188), (4, 0.0027121338061988354), (5, 0.00507707241922617), (6, 0.002756913658231497), (7, 0.04158094525337219), (8, 0.007925000041723251), (9, 0.002160030649974942), (10, 0.0035346969962120056), (11, 0.046306487172842026), (12, 0.021066298708319664), (13, 0.0024208934046328068), (14, 0.004790009930729866), (15, 0.10352512449026108), (16, 0.005340979900211096), (17, 0.005176188889890909), (18, 0.06810175627470016), (19, 0.05717204511165619), (20, 0.0030574232805520296), (21, 0.0068019479513168335), (22, 0.03136547654867172), (23, 0.037529584020376205), (24, 0.03797335922718048), (25, 0.0026824742089957), (26, 0.0043250275775790215), (27, 0.008165099658071995), (28, 0.009577658958733082), (29, 0.015798356384038925), (30, 0.0076176137663424015), (31, 0.003693948034197092), (32, 0.0018583375494927168), (33, 0.0032685270998626947), (34, 0.0071699656546115875), (35, 0.012053367681801319), (36, 0.014641883783042431), (37, 0.005852432455867529), (38, 0.001950897159986198), (39, 0.002318559680134058), (40, 0.005964319221675396), (41, 0.011613794602453709), (42, 0.0047992197796702385), (43, 0.0023447575513273478), (44, 0.0017568847397342324), (45, 0.001428157789632678), (46, 0.0016927600372582674), (47, 0.0017230570083484054), (48, 0.0017719524912536144), (0, 0.0016382350586354733), (1, 0.0017410018481314182), (2, 0.0010856518056243658), (3, 0.0021464363671839237), (4, 0.0020380376372486353), (5, 0.0017548373434692621), (6, 0.0016097335610538721), (7, 0.0011646040948107839), (8, 0.00152729416731745), (9, 0.0009591755224391818), (10, 0.0006751609616912901), (11, 0.0012338218512013555), (12, 0.0008956100791692734), (13, 0.0005659206071868539), (14, 0.0015044969040900469), (15, 0.0008745524100959301), (16, 0.0005351297440938652), (17, 0.001060069422237575), (18, 0.0009246564586646855), (19, 0.0007843383937142789), (20, 0.0009026354528032243), (21, 0.0006130048423074186), (22, 0.0006549646495841444), (23, 0.0006474116235040128), (24, 0.0004973619361408055), (25, 0.0008238375885412097), (26, 0.00044180426630191505), (27, 0.000468259968329221), (28, 0.00048322087968699634), (29, 0.0004862552450504154), (30, 0.0003092547704000026), (31, 0.0005026579601690173), (32, 0.0005105981254018843), (33, 0.0006705393898300827), (34, 0.00029158906545490026), (35, 0.000741631374694407), (36, 0.0005138571723364294), (37, 0.000382708793040365), (38, 0.00047842098865658045), (39, 0.00041584056452848017), (40, 0.00035195943200960755), (41, 0.00031854500412009656), (42, 0.0003710514574777335), (43, 0.0003463203029241413), (44, 0.0002710139087866992), (45, 0.00045186010538600385), (46, 0.00047868312685750425), (47, 0.00033279627677984536), (48, 0.00038422219222411513), (0, 0.00030830714968033135), (1, 0.00046093444689176977), (2, 0.00026875254116021097), (3, 0.00022552310838364065), (4, 0.00038680198485963047), (5, 0.0003322974662296474), (6, 0.0005027483566664159), (7, 0.0003858666168525815), (8, 0.00034559727646410465), (9, 0.0003556220617610961), (10, 0.0002681320474948734), (11, 0.00022366820485331118), (12, 0.00021127845684532076), (13, 0.0002979618438985199), (14, 0.0002937964163720608), (15, 0.00028822862077504396), (16, 0.0002539379056543112), (17, 0.0001104881230276078), (18, 0.0003457500715740025), (19, 0.0003489454975351691), (20, 0.00028908465174026787), (21, 0.00021318210929166526), (22, 0.0002165885962313041), (23, 0.0005014540511183441), (24, 0.000222665723413229), (25, 0.0002574677928350866), (26, 0.0002729517873376608), (27, 0.00034540481283329427), (28, 0.00032805767841637135), (29, 0.0003102314076386392), (30, 0.00025725149316713214), (31, 0.00023058813530951738), (32, 0.0002727556275203824), (33, 0.00018776525394059718), (34, 0.00015025025641079992), (35, 0.00018099740555044264), (36, 0.0003416458785068244), (37, 0.00020084378775209188), (38, 0.0001333489635726437), (39, 0.00020044950360897928), (40, 0.00017012354510370642), (41, 0.00014898815425112844), (42, 0.000342488317983225), (43, 0.00015257252380251884), (44, 0.0004969513393007219), (45, 0.00025712422211654484), (46, 0.00018481440201867372), (47, 0.0003563015488907695), (48, 9.802971180761233e-05), (0, 0.00023282738402485847), (1, 0.00028896640287712216), (2, 0.00011805352551164106), (3, 0.00023046568094287068), (4, 0.00035740065504796803), (5, 0.00015172107669059187), (6, 0.0003587845712900162), (7, 0.00011580227146623656), (8, 0.00015969981905072927), (9, 0.00014287774683907628), (10, 0.0001981035602511838), (11, 0.00022275379160419106), (12, 0.0001975487539311871), (13, 0.00024092363310046494), (14, 0.0001645597949391231), (15, 0.00015868617629166692), (16, 0.00010726574691943824), (17, 0.00020625621255021542), (18, 0.00013230596960056573), (19, 0.00020964811847079545), (20, 0.000145920246723108), (21, 0.00022091162099968642), (22, 7.784819172229618e-05), (23, 0.00025557546177878976), (24, 0.00022668781457468867), (25, 0.00017854204634204507), (26, 0.0001073200473911129), (27, 0.00021291765733622015), (28, 0.00010316314001102), (29, 0.00010655960068106651), (30, 0.00014423257380258292), (31, 7.46493024053052e-05), (32, 0.00013615233183372766), (33, 0.00013137231871951371), (34, 0.00012053781392751262), (35, 8.048657036852092e-05), (36, 0.00019352837989572436), (37, 0.00016650170437060297), (38, 0.00016854042769409716), (39, 0.00010063505033031106), (40, 0.00018912905943579972), (41, 0.0001522370585007593), (42, 7.051506690913811e-05), (43, 0.00026613243971951306), (44, 0.0001589063904248178), (45, 0.0001168788512586616), (46, 8.554988744435832e-05), (47, 0.00013063062215223908), (48, 7.288360211532563e-05), (0, 4.566774805425666e-05), (1, 0.00020916076027788222), (2, 0.00014748949615750462), (3, 9.615442104404792e-05), (4, 9.66424704529345e-05), (5, 0.0001459368650102988), (6, 8.790082210907713e-05), (7, 7.578627992188558e-05), (8, 8.481165423290804e-05), (9, 0.00016772295930422843), (10, 0.0001410191471222788), (11, 6.423346349038184e-05), (12, 0.00014377114712260664), (13, 0.00010972518794005737), (14, 8.678222366143018e-05), (15, 8.014971535885707e-05), (16, 7.599316450068727e-05), (17, 5.846109343110584e-05), (18, 0.00015490441001020372), (19, 0.00019244822033215314), (20, 7.533902680734172e-05), (21, 0.0001039090784615837), (22, 9.013706585392356e-05), (23, 9.431091166334227e-05), (24, 8.889248420018703e-05), (25, 0.00011638677096925676), (26, 0.00012665624672081321), (27, 5.010803579352796e-05), (28, 0.00021763928816653788), (29, 0.00014758940960746258), (30, 0.0001087695563910529), (31, 5.7569290220271796e-05), (32, 0.00010720377758843824), (33, 6.900033622514457e-05), (34, 7.135194027796388e-05), (35, 8.908905874704942e-05), (36, 7.763606845401227e-05), (37, 7.17375150998123e-05), (38, 6.60281439195387e-05), (39, 7.56731242290698e-05), (40, 0.00011154278763569891), (41, 5.2499239245662466e-05), (42, 5.687872544513084e-05), (43, 5.139585482538678e-05), (44, 7.195632497314364e-05), (45, 5.5862376029836014e-05), (46, 6.623756053159013e-05), (47, 0.00012260251969564706), (48, 9.07263602130115e-05)]